    0.050   -63.006
    0.100   -62.956
    0.150   -62.866
    0.200   -63.095
    0.250   -63.314
    0.300   -63.569
    0.350   -63.739
    0.400   -63.830
    0.450   -63.964
    0.500   -64.061
    0.550   -63.970
    0.600   -64.204
    0.650   -64.625
    0.700   -64.774
    0.750   -64.720
    0.800   -64.343
    0.850   -64.388
    0.900   -64.355
    0.950   -64.371
    1.000   -64.347
    1.050   -63.993
    1.100   -63.881
    1.150   -63.878
    1.200   -63.937
    1.250   -64.203
    1.300   -63.973
    1.350   -63.918
    1.400   -64.111
    1.450   -64.341
    1.500   -64.396
    1.550   -64.407
    1.600   -64.423
    1.650   -64.223
    1.700   -64.028
    1.750   -63.995
    1.800   -64.113
    1.850   -64.036
    1.900   -64.005
    1.950   -64.062
    2.000   -64.163
    2.050   -64.019
    2.100   -64.268
    2.150   -64.236
    2.200   -64.061
    2.250   -64.076
    2.300   -64.222
    2.350   -64.331
    2.400   -64.140
    2.450   -63.956
    2.500   -64.249
    2.550   -64.454
    2.600   -64.556
    2.650   -64.328
    2.700   -64.121
    2.750   -63.722
    2.800   -63.883
    2.850   -63.818
    2.900   -63.936
    2.950   -64.033
    3.000   -63.901
    3.050   -64.076
    3.100   -64.171
    3.150   -64.096
    3.200   -64.460
    3.250   -64.431
    3.300   -64.673
    3.350   -64.680
    3.400   -64.472
    3.450   -64.402
    3.500   -64.208
    3.550   -64.345
    3.600   -64.225
    3.650   -64.152
    3.700   -64.245
    3.750   -64.213
    3.800   -64.292
    3.850   -64.337
    3.900   -64.337
    3.950   -64.310
    4.000   -64.193
    4.050   -64.013
    4.100   -63.998
    4.150   -63.666
    4.200   -63.727
    4.250   -63.668
    4.300   -63.658
    4.350   -63.778
    4.400   -63.824
    4.450   -63.713
    4.500   -63.904
    4.550   -64.103
    4.600   -63.946
    4.650   -63.983
    4.700   -63.752
    4.750   -63.972
    4.800   -63.867
    4.850   -63.704
    4.900   -63.712
    4.950   -63.798
    5.000   -63.615
    5.050   -63.401
    5.100   -63.320
    5.150   -63.336
    5.200   -63.280
    5.250   -63.170
    5.300   -62.990
    5.350   -62.967
    5.400   -62.838
    5.450   -62.671
    5.500   -62.453
    5.550   -62.121
    5.600   -61.953
    5.650   -62.010
    5.700   -61.810
    5.750   -61.674
    5.800   -61.852
    5.850   -61.836
    5.900   -61.563
    5.950   -61.341
    6.000   -60.933
    6.050   -61.131
    6.100   -60.979
    6.150   -60.912
    6.200   -61.067
    6.250   -61.130
    6.300   -61.118
    6.350   -60.985
    6.400   -61.038
    6.450   -60.932
    6.500   -61.200
    6.550   -61.126
    6.600   -61.076
    6.650   -61.159
    6.700   -61.366
    6.750   -61.008
    6.800   -60.933
    6.850   -60.682
    6.900   -60.964
    6.950   -61.117
    7.000   -60.854
    7.050   -60.745
    7.100   -60.890
    7.150   -61.033
    7.200   -60.965
    7.250   -60.975
    7.300   -60.610
    7.350   -60.427
    7.400   -60.461
    7.450   -60.442
    7.500   -59.860
    7.550   -59.443
    7.600   -59.282
    7.650   -59.328
    7.700   -59.449
    7.750   -59.644
    7.800   -59.659
    7.850   -59.188
    7.900   -59.045
    7.950   -59.242
    8.000   -59.347
    8.050   -59.378
    8.100   -59.532
    8.150   -59.607
    8.200   -59.209
    8.250   -59.499
    8.300   -59.401
    8.350   -59.006
    8.400   -58.985
    8.450   -59.013
    8.500   -59.156
    8.550   -59.024
    8.600   -58.908
    8.650   -59.331
    8.700   -59.290
    8.750   -59.444
    8.800   -59.162
    8.850   -59.104
    8.900   -59.159
    8.950   -59.203
    9.000   -59.403
    9.050   -59.531
    9.100   -59.667
    9.150   -59.708
    9.200   -59.762
    9.250   -59.761
    9.300   -59.804
    9.350   -59.850
    9.400   -59.753
    9.450   -59.579
    9.500   -59.526
    9.550   -59.316
    9.600   -58.995
    9.650   -59.032
    9.700   -59.231
    9.750   -59.309
    9.800   -59.030
    9.850   -58.909
    9.900   -59.044
    9.950   -58.845
   10.000   -58.879
   10.050   -58.554
   10.100   -58.697
   10.150   -58.466
   10.200   -58.213
   10.250   -58.377
   10.300   -58.402
   10.350   -58.439
   10.400   -58.436
   10.450   -58.428
   10.500   -58.851
   10.550   -58.794
   10.600   -58.543
   10.650   -58.642
   10.700   -58.624
   10.750   -58.669
   10.800   -58.603
   10.850   -58.676
   10.900   -58.872
   10.950   -58.482
   11.000   -58.514
   11.050   -58.458
   11.100   -58.336
   11.150   -58.302
   11.200   -58.109
   11.250   -57.917
   11.300   -58.052
   11.350   -57.901
   11.400   -57.834
   11.450   -57.606
   11.500   -57.566
   11.550   -57.195
   11.600   -57.302
   11.650   -57.170
   11.700   -57.275
   11.750   -57.077
   11.800   -56.973
   11.850   -57.000
   11.900   -57.123
   11.950   -57.228
   12.000   -57.070
   12.050   -57.055
   12.100   -56.746
   12.150   -56.770
   12.200   -56.747
   12.250   -56.714
   12.300   -56.548
   12.350   -56.423
   12.400   -56.434
   12.450   -56.355
   12.500   -56.312
   12.550   -56.248
   12.600   -56.429
   12.650   -56.466
   12.700   -56.427
   12.750   -56.236
   12.800   -56.163
   12.850   -56.082
   12.900   -56.058
   12.950   -55.899
   13.000   -55.885
   13.050   -56.036
   13.100   -56.092
   13.150   -55.882
   13.200   -55.943
   13.250   -56.108
   13.300   -55.754
   13.350   -55.802
   13.400   -55.666
   13.450   -55.612
   13.500   -55.575
   13.550   -56.091
   13.600   -56.140
   13.650   -55.954
   13.700   -56.053
   13.750   -55.856
   13.800   -56.054
   13.850   -55.939
   13.900   -55.726
   13.950   -55.524
   14.000   -55.393
   14.050   -55.729
   14.100   -55.610
   14.150   -55.395
   14.200   -55.256
   14.250   -54.911
   14.300   -54.695
   14.350   -54.827
   14.400   -54.605
   14.450   -54.417
   14.500   -54.559
   14.550   -54.168
   14.600   -54.171
   14.650   -54.216
   14.700   -54.195
   14.750   -54.080
   14.800   -53.832
   14.850   -53.566
   14.900   -53.500
   14.950   -52.979
   15.000   -53.057
   15.050   -53.033
   15.100   -52.812
   15.150   -52.296
   15.200   -51.872
   15.250   -51.062
   15.300   -50.060
   15.350   -47.836
   15.400   -44.228
   15.450   -39.421
   15.500   -33.927
   15.550   -28.228
   15.600   -22.511
   15.650   -17.749
   15.700   -13.467
   15.750    -9.124
   15.800    -5.464
   15.850    -2.031
   15.900     0.805
   15.950     3.029
   16.000     5.105
   16.050     6.648
   16.100     7.984
   16.150     9.172
   16.200     9.894
   16.250    10.305
   16.300    10.203
   16.350    10.103
   16.400     9.492
   16.450     9.022
   16.500     8.445
   16.550     7.469
   16.600     6.271
   16.650     4.976
   16.700     3.684
   16.750     2.208
   16.800     0.388
   16.850    -1.357
   16.900    -3.386
   16.950    -5.202
   17.000    -7.351
   17.050    -9.669
   17.100   -11.727
   17.150   -13.566
   17.200   -15.439
   17.250   -17.218
   17.300   -19.463
   17.350   -21.618
   17.400   -23.404
   17.450   -24.968
   17.500   -26.581
   17.550   -28.544
   17.600   -29.957
   17.650   -31.551
   17.700   -33.240
   17.750   -34.637
   17.800   -35.974
   17.850   -37.168
   17.900   -38.386
   17.950   -39.450
   18.000   -40.524
   18.050   -41.586
   18.100   -42.559
   18.150   -43.505
   18.200   -44.502
   18.250   -45.025
   18.300   -46.094
   18.350   -46.640
   18.400   -47.479
   18.450   -47.951
   18.500   -48.504
   18.550   -49.377
   18.600   -50.055
   18.650   -50.777
   18.700   -51.249
   18.750   -51.702
   18.800   -51.632
   18.850   -52.089
   18.900   -52.355
   18.950   -52.855
   19.000   -53.332
   19.050   -53.736
   19.100   -54.211
   19.150   -54.638
   19.200   -54.933
   19.250   -55.242
   19.300   -55.520
   19.350   -55.921
   19.400   -56.131
   19.450   -56.736
   19.500   -56.993
   19.550   -57.008
   19.600   -57.498
   19.650   -58.036
   19.700   -58.288
   19.750   -58.728
   19.800   -58.947
   19.850   -59.270
   19.900   -59.267
   19.950   -59.192
   20.000   -59.828
   20.050   -59.879
   20.100   -60.075
   20.150   -60.171
   20.200   -60.283
   20.250   -60.773
   20.300   -61.141
   20.350   -61.486
   20.400   -61.637
   20.450   -61.753
   20.500   -61.855
   20.550   -61.919
   20.600   -61.960
   20.650   -61.786
   20.700   -61.732
   20.750   -61.967
   20.800   -61.954
   20.850   -61.945
   20.900   -61.822
   20.950   -61.969
   21.000   -62.082
   21.050   -62.302
   21.100   -62.621
   21.150   -62.535
   21.200   -62.732
   21.250   -62.478
   21.300   -62.609
   21.350   -62.986
   21.400   -63.177
   21.450   -63.394
   21.500   -63.447
   21.550   -63.628
   21.600   -63.626
   21.650   -63.642
   21.700   -63.520
   21.750   -63.539
   21.800   -63.502
   21.850   -63.755
   21.900   -63.356
   21.950   -63.489
   22.000   -63.589
   22.050   -63.355
   22.100   -63.217
   22.150   -63.243
   22.200   -62.994
   22.250   -63.056
   22.300   -62.917
   22.350   -62.861
   22.400   -62.920
   22.450   -63.174
   22.500   -63.377
   22.550   -63.377
   22.600   -63.449
   22.650   -63.709
   22.700   -63.823
   22.750   -63.907
   22.800   -63.874
   22.850   -63.736
   22.900   -63.723
   22.950   -63.879
   23.000   -63.867
   23.050   -64.093
   23.100   -63.992
   23.150   -64.218
   23.200   -64.436
   23.250   -64.745
   23.300   -64.842
   23.350   -64.909
   23.400   -65.062
   23.450   -65.203
   23.500   -65.166
   23.550   -64.801
   23.600   -64.905
   23.650   -64.752
   23.700   -64.739
   23.750   -64.923
   23.800   -64.541
   23.850   -64.499
   23.900   -64.831
   23.950   -64.604
   24.000   -64.523
   24.050   -64.406
   24.100   -64.229
   24.150   -64.057
   24.200   -63.732
   24.250   -63.403
   24.300   -63.250
   24.350   -63.248
   24.400   -63.492
   24.450   -63.706
   24.500   -63.899
   24.550   -64.001
   24.600   -64.054
   24.650   -63.912
   24.700   -63.738
   24.750   -64.093
   24.800   -64.027
   24.850   -63.473
   24.900   -63.078
   24.950   -63.051
   25.000   -63.215
   25.050   -63.085
   25.100   -63.088
   25.150   -63.061
   25.200   -63.168
   25.250   -62.767
   25.300   -62.904
   25.350   -62.821
   25.400   -62.680
   25.450   -62.756
   25.500   -62.836
   25.550   -62.583
   25.600   -62.478
   25.650   -62.204
   25.700   -62.234
   25.750   -62.509
   25.800   -62.515
   25.850   -62.564
   25.900   -62.329
   25.950   -62.635
   26.000   -62.642
   26.050   -62.278
   26.100   -62.317
   26.150   -62.498
   26.200   -62.670
   26.250   -62.601
   26.300   -62.378
   26.350   -62.541
   26.400   -62.615
   26.450   -62.419
   26.500   -62.148
   26.550   -62.209
   26.600   -62.323
   26.650   -62.247
   26.700   -62.102
   26.750   -62.203
   26.800   -62.334
   26.850   -62.499
   26.900   -62.577
   26.950   -62.220
   27.000   -62.326
   27.050   -62.268
   27.100   -62.071
   27.150   -62.330
   27.200   -62.370
   27.250   -62.249
   27.300   -62.395
   27.350   -62.407
   27.400   -62.605
   27.450   -62.910
   27.500   -62.909
   27.550   -63.059
   27.600   -63.189
   27.650   -62.801
   27.700   -62.881
   27.750   -62.752
   27.800   -62.838
   27.850   -62.792
   27.900   -62.559
   27.950   -62.992
   28.000   -62.949
   28.050   -62.792
   28.100   -62.808
   28.150   -62.518
   28.200   -62.529
   28.250   -62.809
   28.300   -62.914
   28.350   -63.228
   28.400   -63.024
   28.450   -63.130
   28.500   -63.125
   28.550   -63.346
   28.600   -63.174
   28.650   -63.094
   28.700   -62.811
   28.750   -62.875
   28.800   -62.889
   28.850   -62.815
   28.900   -62.931
   28.950   -62.841
   29.000   -63.046
   29.050   -62.552
   29.100   -62.473
   29.150   -62.456
   29.200   -62.490
   29.250   -62.185
   29.300   -62.316
   29.350   -62.033
   29.400   -62.058
   29.450   -62.225
   29.500   -61.936
   29.550   -62.433
   29.600   -62.316
   29.650   -62.246
   29.700   -62.160
   29.750   -62.138
   29.800   -62.131
   29.850   -62.165
   29.900   -62.359
   29.950   -62.503
   30.000   -62.383
   30.050   -62.420
   30.100   -62.215
   30.150   -62.155
   30.200   -62.151
   30.250   -62.268
   30.300   -62.032
   30.350   -62.065
   30.400   -62.057
   30.450   -61.884
   30.500   -61.836
   30.550   -61.851
   30.600   -61.754
   30.650   -61.750
   30.700   -61.750
   30.750   -61.498
   30.800   -61.230
   30.850   -60.936
   30.900   -61.126
   30.950   -60.901
   31.000   -61.058
   31.050   -61.031
   31.100   -61.059
   31.150   -61.003
   31.200   -61.045
   31.250   -61.123
   31.300   -61.171
   31.350   -61.137
   31.400   -61.075
   31.450   -61.178
   31.500   -61.094
   31.550   -60.993
   31.600   -61.081
   31.650   -61.185
   31.700   -61.267
   31.750   -61.358
   31.800   -61.611
   31.850   -61.508
   31.900   -61.603
   31.950   -61.631
   32.000   -61.505
   32.050   -61.112
   32.100   -61.027
   32.150   -61.006
   32.200   -61.288
   32.250   -60.882
   32.300   -60.889
   32.350   -60.937
   32.400   -61.000
   32.450   -61.071
   32.500   -61.223
   32.550   -61.371
   32.600   -61.060
   32.650   -61.067
   32.700   -61.082
   32.750   -61.099
   32.800   -61.070
   32.850   -60.905
   32.900   -60.745
   32.950   -60.745
   33.000   -60.630
   33.050   -60.801
   33.100   -60.857
   33.150   -60.963
   33.200   -60.752
   33.250   -60.674
   33.300   -60.735
   33.350   -60.370
   33.400   -60.378
   33.450   -60.312
   33.500   -60.160
   33.550   -60.015
   33.600   -60.012
   33.650   -59.996
   33.700   -60.152
   33.750   -60.210
   33.800   -60.388
   33.850   -60.568
   33.900   -60.310
   33.950   -60.186
   34.000   -60.031
   34.050   -60.148
   34.100   -59.811
   34.150   -59.896
   34.200   -59.834
   34.250   -59.957
   34.300   -60.173
   34.350   -60.103
   34.400   -60.200
   34.450   -60.291
   34.500   -60.149
   34.550   -60.005
   34.600   -60.069
   34.650   -60.079
   34.700   -60.101
   34.750   -60.354
   34.800   -60.104
   34.850   -60.113
   34.900   -59.968
   34.950   -59.680
   35.000   -59.711
   35.050   -59.763
   35.100   -59.625
   35.150   -59.460
   35.200   -59.314
   35.250   -59.064
   35.300   -59.263
   35.350   -59.336
   35.400   -59.339
   35.450   -59.448
   35.500   -59.429
   35.550   -59.365
   35.600   -59.507
   35.650   -59.564
   35.700   -59.548
   35.750   -59.314
   35.800   -59.337
   35.850   -59.371
   35.900   -59.487
   35.950   -59.609
   36.000   -59.771
   36.050   -59.744
   36.100   -59.803
   36.150   -59.748
   36.200   -59.727
   36.250   -59.945
   36.300   -59.882
   36.350   -60.003
   36.400   -60.069
   36.450   -60.165
   36.500   -60.051
   36.550   -59.937
   36.600   -59.782
   36.650   -59.701
   36.700   -59.709
   36.750   -59.669
   36.800   -59.972
   36.850   -60.377
   36.900   -60.440
   36.950   -60.298
   37.000   -60.219
   37.050   -59.980
   37.100   -59.940
   37.150   -60.093
   37.200   -60.119
   37.250   -60.001
   37.300   -60.081
   37.350   -59.989
   37.400   -59.779
   37.450   -59.822
   37.500   -60.005
   37.550   -60.309
   37.600   -60.553
   37.650   -60.440
   37.700   -60.385
   37.750   -60.142
   37.800   -59.982
   37.850   -59.876
   37.900   -59.967
   37.950   -59.745
   38.000   -59.739
   38.050   -59.641
   38.100   -59.417
   38.150   -59.644
   38.200   -59.900
   38.250   -59.776
   38.300   -59.751
   38.350   -59.757
   38.400   -59.804
   38.450   -59.535
   38.500   -59.749
   38.550   -59.526
   38.600   -59.401
   38.650   -59.214
   38.700   -59.344
   38.750   -59.526
   38.800   -59.854
   38.850   -60.057
   38.900   -60.225
   38.950   -60.503
   39.000   -60.491
   39.050   -60.413
   39.100   -60.335
   39.150   -60.194
   39.200   -60.326
   39.250   -60.401
   39.300   -60.274
   39.350   -60.216
   39.400   -60.149
   39.450   -60.146
   39.500   -60.199
   39.550   -60.307
   39.600   -60.178
   39.650   -60.196
   39.700   -60.244
   39.750   -60.389
   39.800   -60.291
   39.850   -60.344
   39.900   -60.522
   39.950   -60.489
   40.000   -60.356
   40.050   -60.338
   40.100   -59.990
   40.150   -59.950
   40.200   -59.871
   40.250   -59.741
   40.300   -59.812
   40.350   -60.005
   40.400   -60.053
   40.450   -60.072
   40.500   -60.185
   40.550   -59.867
   40.600   -59.781
   40.650   -59.946
   40.700   -59.952
   40.750   -59.769
   40.800   -59.867
   40.850   -60.152
   40.900   -60.189
   40.950   -60.325
   41.000   -60.514
   41.050   -60.574
   41.100   -60.588
   41.150   -60.470
   41.200   -60.746
   41.250   -60.363
   41.300   -60.224
   41.350   -60.252
   41.400   -60.338
   41.450   -60.263
   41.500   -59.936
   41.550   -60.029
   41.600   -59.939
   41.650   -59.744
   41.700   -59.810
   41.750   -59.689
   41.800   -59.472
   41.850   -59.384
   41.900   -59.304
   41.950   -59.166
   42.000   -59.067
   42.050   -59.204
   42.100   -59.143
   42.150   -59.374
   42.200   -59.221
   42.250   -59.565
   42.300   -59.993
   42.350   -59.758
   42.400   -59.738
   42.450   -59.360
   42.500   -59.412
   42.550   -59.521
   42.600   -59.273
   42.650   -59.295
   42.700   -59.093
   42.750   -59.083
   42.800   -58.875
   42.850   -58.836
   42.900   -58.914
   42.950   -59.199
   43.000   -59.010
   43.050   -59.051
   43.100   -58.746
   43.150   -58.558
   43.200   -58.381
   43.250   -58.235
   43.300   -58.127
   43.350   -58.055
   43.400   -57.931
   43.450   -58.266
   43.500   -58.164
   43.550   -58.508
   43.600   -58.554
   43.650   -58.454
   43.700   -58.439
   43.750   -58.170
   43.800   -58.150
   43.850   -58.015
   43.900   -57.873
   43.950   -57.684
   44.000   -57.710
   44.050   -57.401
   44.100   -57.355
   44.150   -57.140
   44.200   -57.455
   44.250   -57.315
   44.300   -57.253
   44.350   -57.104
   44.400   -57.322
   44.450   -57.321
   44.500   -57.367
   44.550   -57.122
   44.600   -56.862
   44.650   -57.025
   44.700   -57.281
   44.750   -57.293
   44.800   -57.063
   44.850   -56.942
   44.900   -56.822
   44.950   -56.765
   45.000   -56.852
   45.050   -56.755
   45.100   -56.877
   45.150   -56.714
   45.200   -56.931
   45.250   -56.791
   45.300   -56.639
   45.350   -56.545
   45.400   -56.435
   45.450   -56.285
   45.500   -56.146
   45.550   -55.997
   45.600   -55.756
   45.650   -55.696
   45.700   -55.364
   45.750   -55.195
   45.800   -54.853
   45.850   -54.758
   45.900   -54.699
   45.950   -54.684
   46.000   -54.600
   46.050   -54.415
   46.100   -54.299
   46.150   -54.391
   46.200   -54.633
   46.250   -54.459
   46.300   -54.462
   46.350   -54.464
   46.400   -54.385
   46.450   -54.521
   46.500   -54.654
   46.550   -54.439
   46.600   -54.192
   46.650   -53.981
   46.700   -53.782
   46.750   -53.498
   46.800   -53.309
   46.850   -52.689
   46.900   -52.113
   46.950   -51.528
   47.000   -50.797
   47.050   -49.568
   47.100   -47.062
   47.150   -42.837
   47.200   -37.571
   47.250   -32.278
   47.300   -26.625
   47.350   -21.412
   47.400   -16.196
   47.450   -11.640
   47.500    -7.465
   47.550    -3.687
   47.600    -0.443
   47.650     2.312
   47.700     4.531
   47.750     6.401
   47.800     7.597
   47.850     8.622
   47.900     9.641
   47.950    10.165
   48.000    10.443
   48.050    10.465
   48.100    10.255
   48.150     9.763
   48.200     9.179
   48.250     8.273
   48.300     7.199
   48.350     5.852
   48.400     4.505
   48.450     2.916
   48.500     1.184
   48.550    -0.619
   48.600    -2.207
   48.650    -4.281
   48.700    -6.375
   48.750    -8.329
   48.800   -10.461
   48.850   -12.442
   48.900   -14.223
   48.950   -16.289
   49.000   -18.435
   49.050   -20.368
   49.100   -22.217
   49.150   -24.021
   49.200   -26.023
   49.250   -27.909
   49.300   -29.389
   49.350   -30.885
   49.400   -32.244
   49.450   -33.718
   49.500   -34.725
   49.550   -36.015
   49.600   -37.448
   49.650   -38.716
   49.700   -39.590
   49.750   -40.721
   49.800   -41.521
   49.850   -42.663
   49.900   -43.681
   49.950   -44.551
   50.000   -45.272
   50.050   -45.970
   50.100   -46.766
   50.150   -47.662
   50.200   -48.404
   50.250   -48.753
   50.300   -49.179
   50.350   -49.928
   50.400   -50.247
   50.450   -50.819
   50.500   -51.110
   50.550   -51.739
   50.600   -52.164
   50.650   -52.876
   50.700   -53.213
   50.750   -53.763
   50.800   -54.286
   50.850   -54.605
   50.900   -55.118
   50.950   -55.587
   51.000   -55.690
   51.050   -56.387
   51.100   -56.845
   51.150   -56.994
   51.200   -57.275
   51.250   -57.383
   51.300   -57.329
   51.350   -57.667
   51.400   -57.999
   51.450   -58.174
   51.500   -58.554
   51.550   -58.773
   51.600   -58.952
   51.650   -59.151
   51.700   -59.388
   51.750   -59.631
   51.800   -59.885
   51.850   -59.850
   51.900   -59.968
   51.950   -60.054
   52.000   -60.139
   52.050   -60.541
   52.100   -60.578
   52.150   -60.791
   52.200   -61.289
   52.250   -61.100
   52.300   -60.899
   52.350   -60.950
   52.400   -61.162
   52.450   -61.088
   52.500   -61.578
   52.550   -61.647
   52.600   -61.683
   52.650   -61.677
   52.700   -62.006
   52.750   -62.067
   52.800   -62.025
   52.850   -61.830
   52.900   -61.850
   52.950   -61.692
   53.000   -61.801
   53.050   -61.584
   53.100   -61.503
   53.150   -61.257
   53.200   -61.529
   53.250   -61.668
   53.300   -61.826
   53.350   -61.849
   53.400   -61.994
   53.450   -61.993
   53.500   -62.246
   53.550   -62.418
   53.600   -62.553
   53.650   -62.788
   53.700   -62.890
   53.750   -63.137
   53.800   -63.202
   53.850   -63.062
   53.900   -63.210
   53.950   -63.456
   54.000   -63.531
   54.050   -63.368
   54.100   -63.477
   54.150   -63.526
   54.200   -63.494
   54.250   -63.115
   54.300   -63.084
   54.350   -63.250
   54.400   -63.122
   54.450   -63.241
   54.500   -63.019
   54.550   -62.923
   54.600   -62.983
   54.650   -62.649
   54.700   -62.895
   54.750   -63.028
   54.800   -63.152
   54.850   -63.399
   54.900   -63.364
   54.950   -63.403
   55.000   -63.377
   55.050   -63.585
   55.100   -63.462
   55.150   -63.238
   55.200   -63.357
   55.250   -63.203
   55.300   -63.088
   55.350   -63.316
   55.400   -63.313
   55.450   -63.648
   55.500   -63.285
   55.550   -63.427
   55.600   -63.238
   55.650   -63.345
   55.700   -63.325
   55.750   -63.381
   55.800   -63.203
   55.850   -63.349
   55.900   -63.162
   55.950   -63.425
   56.000   -63.254
   56.050   -63.306
   56.100   -63.380
   56.150   -63.263
   56.200   -63.004
   56.250   -62.549
   56.300   -62.612
   56.350   -62.733
   56.400   -62.750
   56.450   -62.775
   56.500   -62.532
   56.550   -62.184
   56.600   -62.078
   56.650   -62.040
   56.700   -62.253
   56.750   -62.579
   56.800   -62.513
   56.850   -62.270
   56.900   -62.007
   56.950   -61.723
   57.000   -61.381
   57.050   -61.073
   57.100   -61.311
   57.150   -61.337
   57.200   -61.364
   57.250   -61.642
   57.300   -61.620
   57.350   -61.771
   57.400   -61.889
   57.450   -62.218
   57.500   -62.085
   57.550   -62.270
   57.600   -62.471
   57.650   -62.346
   57.700   -62.315
   57.750   -62.434
   57.800   -62.297
   57.850   -62.416
   57.900   -62.335
   57.950   -62.290
   58.000   -62.508
   58.050   -62.380
   58.100   -62.163
   58.150   -62.220
   58.200   -62.285
   58.250   -62.026
   58.300   -62.026
   58.350   -62.044
   58.400   -62.235
   58.450   -62.286
   58.500   -62.474
   58.550   -62.302
   58.600   -62.197
   58.650   -62.152
   58.700   -62.183
   58.750   -62.444
   58.800   -62.456
   58.850   -62.466
   58.900   -62.442
   58.950   -62.411
   59.000   -62.497
   59.050   -62.948
   59.100   -62.765
   59.150   -63.106
   59.200   -62.798
   59.250   -63.114
   59.300   -62.998
   59.350   -62.700
   59.400   -62.775
   59.450   -62.824
   59.500   -62.641
   59.550   -62.512
   59.600   -62.653
   59.650   -62.816
   59.700   -63.099
   59.750   -63.149
   59.800   -62.801
   59.850   -62.702
   59.900   -62.552
   59.950   -62.592
   60.000   -62.322
   60.050   -62.061
   60.100   -62.028
   60.150   -62.172
   60.200   -62.278
   60.250   -62.404
   60.300   -62.127
   60.350   -62.080
   60.400   -62.383
   60.450   -62.360
   60.500   -62.310
   60.550   -61.911
   60.600   -62.037
   60.650   -61.890
   60.700   -62.164
   60.750   -62.264
   60.800   -62.387
   60.850   -62.438
   60.900   -62.350
   60.950   -62.105
   61.000   -62.057
   61.050   -61.957
   61.100   -61.765
   61.150   -61.692
   61.200   -61.541
   61.250   -61.555
   61.300   -61.643
   61.350   -61.484
   61.400   -61.611
   61.450   -61.487
   61.500   -61.375
   61.550   -61.387
   61.600   -61.147
   61.650   -61.131
   61.700   -60.979
   61.750   -60.667
   61.800   -60.622
   61.850   -60.518
   61.900   -60.558
   61.950   -60.489
   62.000   -60.832
   62.050   -60.925
   62.100   -60.845
   62.150   -60.995
   62.200   -60.844
   62.250   -60.892
   62.300   -60.733
   62.350   -60.591
   62.400   -60.521
   62.450   -60.495
   62.500   -60.456
   62.550   -60.434
   62.600   -60.462
   62.650   -60.495
   62.700   -60.218
   62.750   -60.058
   62.800   -60.156
   62.850   -59.979
   62.900   -59.923
   62.950   -59.882
   63.000   -59.995
   63.050   -60.032
   63.100   -59.952
   63.150   -60.143
   63.200   -59.996
   63.250   -59.745
   63.300   -60.035
   63.350   -59.626
   63.400   -59.645
   63.450   -59.697
   63.500   -59.836
   63.550   -59.848
   63.600   -59.896
   63.650   -59.943
   63.700   -59.922
   63.750   -59.917
   63.800   -59.892
   63.850   -59.780
   63.900   -59.543
   63.950   -59.764
   64.000   -60.045
   64.050   -60.305
   64.100   -60.189
   64.150   -60.132
   64.200   -59.665
   64.250   -59.538
   64.300   -59.243
   64.350   -59.469
   64.400   -59.601
   64.450   -59.768
   64.500   -59.858
   64.550   -59.854
   64.600   -59.692
   64.650   -59.508
   64.700   -59.767
   64.750   -59.384
   64.800   -59.128
   64.850   -59.346
   64.900   -59.520
   64.950   -59.556
   65.000   -59.154
   65.050   -58.912
   65.100   -58.816
   65.150   -59.074
   65.200   -58.845
   65.250   -58.749
   65.300   -58.575
   65.350   -58.613
   65.400   -58.547
   65.450   -58.364
   65.500   -58.154
   65.550   -58.080
   65.600   -57.899
   65.650   -58.210
   65.700   -58.032
   65.750   -57.755
   65.800   -57.572
   65.850   -57.586
   65.900   -57.607
   65.950   -57.519
   66.000   -57.091
   66.050   -56.952
   66.100   -57.168
   66.150   -57.030
   66.200   -56.997
   66.250   -57.113
   66.300   -57.052
   66.350   -57.193
   66.400   -57.248
   66.450   -56.975
   66.500   -56.650
   66.550   -56.705
   66.600   -56.448
   66.650   -56.595
   66.700   -56.651
   66.750   -56.486
   66.800   -56.297
   66.850   -56.299
   66.900   -56.242
   66.950   -56.376
   67.000   -56.194
   67.050   -56.106
   67.100   -56.021
   67.150   -56.370
   67.200   -56.455
   67.250   -56.700
   67.300   -56.520
   67.350   -56.494
   67.400   -56.529
   67.450   -56.585
   67.500   -56.731
   67.550   -56.588
   67.600   -56.422
   67.650   -56.356
   67.700   -56.467
   67.750   -56.543
   67.800   -56.487
   67.850   -56.658
   67.900   -56.287
   67.950   -56.695
   68.000   -56.967
   68.050   -56.916
   68.100   -56.875
   68.150   -56.796
   68.200   -57.060
   68.250   -56.964
   68.300   -56.753
   68.350   -56.815
   68.400   -56.676
   68.450   -56.715
   68.500   -56.881
   68.550   -56.981
   68.600   -56.875
   68.650   -57.125
   68.700   -57.037
   68.750   -57.320
   68.800   -57.371
   68.850   -57.155
   68.900   -57.308
   68.950   -57.350
   69.000   -57.515
   69.050   -57.388
   69.100   -57.687
   69.150   -57.618
   69.200   -57.453
   69.250   -57.416
   69.300   -57.259
   69.350   -57.603
   69.400   -57.651
   69.450   -57.642
   69.500   -57.805
   69.550   -57.787
   69.600   -57.538
   69.650   -57.442
   69.700   -57.405
   69.750   -57.389
   69.800   -57.409
   69.850   -57.600
   69.900   -57.648
   69.950   -57.902
   70.000   -57.899
   70.050   -58.042
   70.100   -57.761
   70.150   -57.631
   70.200   -57.661
   70.250   -57.672
   70.300   -57.201
   70.350   -56.884
   70.400   -56.772
   70.450   -56.730
   70.500   -56.640
   70.550   -56.502
   70.600   -56.406
   70.650   -56.060
   70.700   -55.897
   70.750   -55.895
   70.800   -56.360
   70.850   -56.219
   70.900   -56.014
   70.950   -56.377
   71.000   -56.517
   71.050   -56.540
   71.100   -56.734
   71.150   -56.753
   71.200   -56.937
   71.250   -57.173
   71.300   -57.084
   71.350   -57.121
   71.400   -57.372
   71.450   -56.998
   71.500   -57.276
   71.550   -57.126
   71.600   -57.100
   71.650   -57.049
   71.700   -56.843
   71.750   -56.646
   71.800   -56.940
   71.850   -57.068
   71.900   -56.830
   71.950   -56.925
   72.000   -56.975
   72.050   -57.010
   72.100   -56.973
   72.150   -57.145
   72.200   -57.192
   72.250   -56.971
   72.300   -57.240
   72.350   -57.264
   72.400   -57.397
   72.450   -57.432
   72.500   -57.541
   72.550   -57.449
   72.600   -57.416
   72.650   -57.401
   72.700   -57.313
   72.750   -57.614
   72.800   -57.519
   72.850   -57.606
   72.900   -57.453
   72.950   -57.594
   73.000   -57.644
   73.050   -57.609
   73.100   -57.514
   73.150   -57.282
   73.200   -57.315
   73.250   -57.473
   73.300   -57.469
   73.350   -57.407
   73.400   -57.619
   73.450   -57.418
   73.500   -57.711
   73.550   -57.548
   73.600   -57.440
   73.650   -57.156
   73.700   -57.249
   73.750   -57.164
   73.800   -57.073
   73.850   -57.277
   73.900   -57.323
   73.950   -57.358
   74.000   -57.430
   74.050   -57.308
   74.100   -57.237
   74.150   -57.441
   74.200   -57.448
   74.250   -57.533
   74.300   -57.543
   74.350   -57.619
   74.400   -57.598
   74.450   -57.514
   74.500   -57.504
   74.550   -57.263
   74.600   -57.019
   74.650   -57.226
   74.700   -57.085
   74.750   -57.123
   74.800   -57.377
   74.850   -56.908
   74.900   -56.616
   74.950   -56.722
   75.000   -56.808
   75.050   -56.715
   75.100   -56.694
   75.150   -56.631
   75.200   -56.592
   75.250   -56.646
   75.300   -56.592
   75.350   -56.692
   75.400   -56.587
   75.450   -56.509
   75.500   -56.329
   75.550   -56.096
   75.600   -55.996
   75.650   -55.995
   75.700   -56.059
   75.750   -56.160
   75.800   -56.219
   75.850   -56.200
   75.900   -56.174
   75.950   -55.837
   76.000   -55.666
   76.050   -55.543
   76.100   -55.780
   76.150   -55.757
   76.200   -55.721
   76.250   -55.599
   76.300   -55.826
   76.350   -55.862
   76.400   -55.941
   76.450   -55.911
   76.500   -55.996
   76.550   -56.071
   76.600   -55.977
   76.650   -55.821
   76.700   -55.658
   76.750   -55.367
   76.800   -55.239
   76.850   -55.079
   76.900   -55.073
   76.950   -54.994
   77.000   -55.056
   77.050   -55.076
   77.100   -55.132
   77.150   -55.257
   77.200   -55.103
   77.250   -55.041
   77.300   -55.081
   77.350   -55.014
   77.400   -55.014
   77.450   -54.664
   77.500   -54.641
   77.550   -54.765
   77.600   -54.391
   77.650   -54.482
   77.700   -54.449
   77.750   -54.358
   77.800   -54.254
   77.850   -54.415
   77.900   -54.217
   77.950   -54.251
   78.000   -54.357
   78.050   -54.355
   78.100   -54.163
   78.150   -53.931
   78.200   -53.779
   78.250   -53.449
   78.300   -53.323
   78.350   -53.171
   78.400   -52.959
   78.450   -52.529
   78.500   -52.121
   78.550   -51.321
   78.600   -50.259
   78.650   -48.618
   78.700   -45.497
   78.750   -40.885
   78.800   -35.752
   78.850   -30.070
   78.900   -24.742
   78.950   -19.537
   79.000   -14.839
   79.050   -10.872
   79.100    -7.221
   79.150    -3.504
   79.200    -0.660
   79.250     1.786
   79.300     4.056
   79.350     5.790
   79.400     7.298
   79.450     8.669
   79.500     9.489
   79.550    10.014
   79.600    10.207
   79.650    10.405
   79.700    10.606
   79.750    10.003
   79.800     9.349
   79.850     8.367
   79.900     7.545
   79.950     6.744
   80.000     5.607
   80.050     4.009
   80.100     2.450
   80.150     0.552
   80.200    -1.158
   80.250    -2.910
   80.300    -4.946
   80.350    -6.925
   80.400    -8.877
   80.450   -11.008
   80.500   -12.707
   80.550   -14.764
   80.600   -16.665
   80.650   -18.721
   80.700   -20.553
   80.750   -22.336
   80.800   -23.953
   80.850   -25.627
   80.900   -27.137
   80.950   -28.711
   81.000   -30.208
   81.050   -31.650
   81.100   -33.348
   81.150   -34.883
   81.200   -36.302
   81.250   -37.394
   81.300   -38.526
   81.350   -39.526
   81.400   -40.259
   81.450   -41.537
   81.500   -42.246
   81.550   -43.017
   81.600   -43.942
   81.650   -44.476
   81.700   -45.900
   81.750   -46.710
   81.800   -47.291
   81.850   -48.231
   81.900   -48.649
   81.950   -49.227
   82.000   -49.718
   82.050   -50.587
   82.100   -51.319
   82.150   -51.747
   82.200   -52.274
   82.250   -53.043
   82.300   -53.253
   82.350   -53.850
   82.400   -54.143
   82.450   -54.809
   82.500   -55.037
   82.550   -55.670
   82.600   -56.260
   82.650   -56.783
   82.700   -57.316
   82.750   -57.700
   82.800   -58.071
   82.850   -58.191
   82.900   -58.817
   82.950   -59.008
   83.000   -59.272
   83.050   -59.589
   83.100   -59.855
   83.150   -60.138
   83.200   -60.483
   83.250   -60.609
   83.300   -60.594
   83.350   -60.853
   83.400   -60.998
   83.450   -61.295
   83.500   -61.463
   83.550   -61.629
   83.600   -61.739
   83.650   -61.931
   83.700   -61.465
   83.750   -61.640
   83.800   -61.751
   83.850   -61.934
   83.900   -62.384
   83.950   -62.518
   84.000   -62.480
   84.050   -62.382
   84.100   -62.258
   84.150   -62.222
   84.200   -62.551
   84.250   -62.562
   84.300   -62.415
   84.350   -62.999
   84.400   -63.192
   84.450   -63.192
   84.500   -62.880
   84.550   -63.006
   84.600   -63.364
   84.650   -63.490
   84.700   -63.471
   84.750   -63.358
   84.800   -63.446
   84.850   -63.658
   84.900   -63.890
   84.950   -63.989
   85.000   -64.063
   85.050   -64.039
   85.100   -63.949
   85.150   -64.120
   85.200   -64.031
   85.250   -64.070
   85.300   -63.924
   85.350   -64.160
   85.400   -64.404
   85.450   -64.648
   85.500   -64.785
   85.550   -64.912
   85.600   -64.785
   85.650   -64.592
   85.700   -64.514
   85.750   -64.700
   85.800   -65.059
   85.850   -64.958
   85.900   -64.830
   85.950   -64.843
   86.000   -65.018
   86.050   -64.848
   86.100   -64.726
   86.150   -64.826
   86.200   -64.529
   86.250   -64.372
   86.300   -64.781
   86.350   -64.795
   86.400   -65.020
   86.450   -65.158
   86.500   -65.367
   86.550   -65.410
   86.600   -65.595
   86.650   -65.298
   86.700   -65.441
   86.750   -65.451
   86.800   -65.496
   86.850   -65.290
   86.900   -65.272
   86.950   -65.254
   87.000   -65.003
   87.050   -65.031
   87.100   -65.020
   87.150   -65.210
   87.200   -65.033
   87.250   -65.157
   87.300   -65.365
   87.350   -65.485
   87.400   -65.581
   87.450   -65.737
   87.500   -65.415
   87.550   -65.216
   87.600   -65.552
   87.650   -65.512
   87.700   -65.637
   87.750   -65.828
   87.800   -65.673
   87.850   -65.724
   87.900   -66.010
   87.950   -65.919
   88.000   -65.896
   88.050   -66.194
   88.100   -66.199
   88.150   -65.980
   88.200   -65.750
   88.250   -65.690
   88.300   -65.627
   88.350   -65.588
   88.400   -65.792
   88.450   -65.301
   88.500   -65.309
   88.550   -65.567
   88.600   -65.579
   88.650   -65.816
   88.700   -65.708
   88.750   -65.663
   88.800   -65.538
   88.850   -65.761
   88.900   -65.392
   88.950   -65.519
   89.000   -65.487
   89.050   -65.520
   89.100   -65.487
   89.150   -65.383
   89.200   -65.337
   89.250   -65.308
   89.300   -65.260
   89.350   -65.417
   89.400   -65.346
   89.450   -65.151
   89.500   -64.921
   89.550   -64.644
   89.600   -64.725
   89.650   -64.703
   89.700   -64.631
   89.750   -64.603
   89.800   -64.657
   89.850   -64.270
   89.900   -64.191
   89.950   -64.426
   90.000   -64.037
   90.050   -63.810
   90.100   -63.810
   90.150   -63.900
   90.200   -63.777
   90.250   -63.890
   90.300   -63.831
   90.350   -63.733
   90.400   -63.842
   90.450   -63.650
   90.500   -63.239
   90.550   -63.079
   90.600   -62.997
   90.650   -62.792
   90.700   -62.889
   90.750   -62.643
   90.800   -62.467
   90.850   -62.195
   90.900   -62.316
   90.950   -62.592
   91.000   -62.572
   91.050   -62.837
   91.100   -62.529
   91.150   -62.283
   91.200   -62.486
   91.250   -62.326
   91.300   -62.256
   91.350   -62.469
   91.400   -62.154
   91.450   -62.140
   91.500   -61.786
   91.550   -61.907
   91.600   -61.916
   91.650   -61.973
   91.700   -61.795
   91.750   -61.832
   91.800   -62.080
   91.850   -61.891
   91.900   -62.107
   91.950   -61.914
   92.000   -61.952
   92.050   -62.125
   92.100   -62.421
   92.150   -62.585
   92.200   -62.627
   92.250   -62.890
   92.300   -62.972
   92.350   -63.103
   92.400   -62.999
   92.450   -63.250
   92.500   -63.167
   92.550   -63.214
   92.600   -63.083
   92.650   -62.912
   92.700   -62.771
   92.750   -62.503
   92.800   -62.293
   92.850   -62.206
   92.900   -62.365
   92.950   -62.259
   93.000   -62.385
   93.050   -62.329
   93.100   -62.070
   93.150   -61.746
   93.200   -61.613
   93.250   -61.807
   93.300   -61.419
   93.350   -61.512
   93.400   -61.874
   93.450   -61.912
   93.500   -61.915
   93.550   -61.909
   93.600   -61.494
   93.650   -61.512
   93.700   -61.343
   93.750   -61.267
   93.800   -61.504
   93.850   -61.300
   93.900   -60.854
   93.950   -60.914
   94.000   -61.151
   94.050   -61.104
   94.100   -61.049
   94.150   -60.881
   94.200   -60.704
   94.250   -60.723
   94.300   -61.094
   94.350   -60.844
   94.400   -60.771
   94.450   -60.603
   94.500   -60.521
   94.550   -60.343
   94.600   -60.481
   94.650   -60.764
   94.700   -60.698
   94.750   -60.823
   94.800   -60.667
   94.850   -60.769
   94.900   -61.169
   94.950   -61.165
   95.000   -61.073
   95.050   -61.142
   95.100   -60.746
   95.150   -60.645
   95.200   -60.722
   95.250   -60.602
   95.300   -60.779
   95.350   -61.039
   95.400   -60.915
   95.450   -60.871
   95.500   -60.622
   95.550   -60.789
   95.600   -61.088
   95.650   -61.148
   95.700   -61.249
   95.750   -61.415
   95.800   -61.334
   95.850   -61.025
   95.900   -60.796
   95.950   -60.867
   96.000   -60.843
   96.050   -60.923
   96.100   -60.912
   96.150   -61.110
   96.200   -60.991
   96.250   -61.188
   96.300   -61.386
   96.350   -61.490
   96.400   -61.690
   96.450   -61.607
   96.500   -61.490
   96.550   -61.674
   96.600   -61.807
   96.650   -61.754
   96.700   -61.761
   96.750   -61.757
   96.800   -61.528
   96.850   -61.820
   96.900   -61.845
   96.950   -61.857
   97.000   -61.714
   97.050   -61.682
   97.100   -61.701
   97.150   -61.833
   97.200   -61.990
   97.250   -61.929
   97.300   -61.977
   97.350   -61.965
   97.400   -62.049
   97.450   -62.041
   97.500   -61.875
   97.550   -61.782
   97.600   -61.687
   97.650   -61.803
   97.700   -61.679
   97.750   -61.613
   97.800   -61.708
   97.850   -61.555
   97.900   -61.665
   97.950   -61.673
   98.000   -61.644
   98.050   -61.404
   98.100   -61.335
   98.150   -61.354
   98.200   -61.036
   98.250   -60.998
   98.300   -61.023
   98.350   -61.035
   98.400   -60.754
   98.450   -60.802
   98.500   -60.780
   98.550   -60.839
   98.600   -60.922
   98.650   -60.742
   98.700   -60.760
   98.750   -60.437
   98.800   -60.297
   98.850   -60.221
   98.900   -60.241
   98.950   -60.403
   99.000   -60.619
   99.050   -60.568
   99.100   -60.368
   99.150   -60.240
   99.200   -60.187
   99.250   -60.096
   99.300   -60.073
   99.350   -60.166
   99.400   -59.988
   99.450   -59.935
   99.500   -59.952
   99.550   -59.872
   99.600   -60.064
   99.650   -59.960
   99.700   -60.141
   99.750   -60.344
   99.800   -59.999
   99.850   -60.026
   99.900   -59.941
   99.950   -59.714
  100.000   -59.552
  100.050   -59.645
  100.100   -59.644
  100.150   -59.980
  100.200   -59.888
  100.250   -59.362
  100.300   -59.374
  100.350   -59.419
  100.400   -59.228
  100.450   -59.424
  100.500   -59.396
  100.550   -59.170
  100.600   -59.089
  100.650   -58.967
  100.700   -59.232
  100.750   -59.192
  100.800   -59.115
  100.850   -59.005
  100.900   -58.841
  100.950   -58.578
  101.000   -58.489
  101.050   -58.220
  101.100   -58.305
  101.150   -58.534
  101.200   -58.679
  101.250   -58.777
  101.300   -59.033
  101.350   -58.786
  101.400   -59.101
  101.450   -59.141
  101.500   -59.372
  101.550   -59.319
  101.600   -59.395
  101.650   -59.318
  101.700   -58.998
  101.750   -58.822
  101.800   -58.778
  101.850   -58.894
  101.900   -58.974
  101.950   -59.029
  102.000   -59.346
  102.050   -59.173
  102.100   -59.016
  102.150   -58.791
  102.200   -59.020
  102.250   -59.325
  102.300   -59.333
  102.350   -59.086
  102.400   -59.069
  102.450   -59.352
  102.500   -59.486
  102.550   -59.382
  102.600   -59.401
  102.650   -59.372
  102.700   -59.544
  102.750   -59.510
  102.800   -59.657
  102.850   -59.779
  102.900   -59.497
  102.950   -59.663
  103.000   -59.679
  103.050   -59.676
  103.100   -59.394
  103.150   -59.382
  103.200   -59.403
  103.250   -59.133
  103.300   -59.123
  103.350   -59.181
  103.400   -59.169
  103.450   -59.176
  103.500   -59.061
  103.550   -59.048
  103.600   -58.696
  103.650   -58.753
  103.700   -58.983
  103.750   -58.551
  103.800   -58.637
  103.850   -58.403
  103.900   -57.988
  103.950   -58.056
  104.000   -58.230
  104.050   -58.133
  104.100   -58.064
  104.150   -58.298
  104.200   -58.223
  104.250   -58.492
  104.300   -58.667
  104.350   -58.653
  104.400   -58.694
  104.450   -58.795
  104.500   -58.693
  104.550   -58.595
  104.600   -58.678
  104.650   -58.605
  104.700   -58.414
  104.750   -58.354
  104.800   -58.126
  104.850   -58.188
  104.900   -57.947
  104.950   -58.002
  105.000   -57.926
  105.050   -58.087
  105.100   -57.992
  105.150   -58.146
  105.200   -57.899
  105.250   -58.205
  105.300   -58.182
  105.350   -58.313
  105.400   -58.386
  105.450   -58.212
  105.500   -58.313
  105.550   -58.198
  105.600   -58.202
  105.650   -57.812
  105.700   -57.669
  105.750   -57.883
  105.800   -58.035
  105.850   -58.279
  105.900   -57.900
  105.950   -57.781
  106.000   -57.955
  106.050   -58.147
  106.100   -58.023
  106.150   -58.193
  106.200   -58.067
  106.250   -58.243
  106.300   -58.393
  106.350   -58.042
  106.400   -57.808
  106.450   -57.842
  106.500   -57.727
  106.550   -57.970
  106.600   -58.331
  106.650   -58.326
  106.700   -58.308
  106.750   -58.071
  106.800   -58.068
  106.850   -58.129
  106.900   -58.136
  106.950   -58.046
  107.000   -58.076
  107.050   -58.281
  107.100   -58.427
  107.150   -58.182
  107.200   -58.405
  107.250   -58.615
  107.300   -58.846
  107.350   -58.724
  107.400   -58.862
  107.450   -59.079
  107.500   -58.776
  107.550   -58.800
  107.600   -58.741
  107.650   -58.748
  107.700   -58.538
  107.750   -58.394
  107.800   -58.680
  107.850   -58.504
  107.900   -58.457
  107.950   -58.549
  108.000   -58.378
  108.050   -58.263
  108.100   -58.378
  108.150   -58.472
  108.200   -58.907
  108.250   -58.913
  108.300   -59.032
  108.350   -59.113
  108.400   -59.139
  108.450   -59.131
  108.500   -59.136
  108.550   -59.273
  108.600   -59.493
  108.650   -59.578
  108.700   -59.644
  108.750   -59.272
  108.800   -59.168
  108.850   -59.203
  108.900   -58.890
  108.950   -58.853
  109.000   -58.773
  109.050   -59.118
  109.100   -59.085
  109.150   -59.355
  109.200   -59.651
  109.250   -59.700
  109.300   -59.984
  109.350   -60.093
  109.400   -60.300
  109.450   -60.361
  109.500   -60.057
  109.550   -60.192
  109.600   -60.313
  109.650   -60.313
  109.700   -60.258
  109.750   -60.062
  109.800   -59.908
  109.850   -60.091
  109.900   -59.768
  109.950   -59.898
  110.000   -59.800
  110.050   -59.998
  110.100   -59.923
  110.150   -60.039
  110.200   -59.978
  110.250   -60.057
  110.300   -60.044
  110.350   -60.131
  110.400   -59.949
  110.450   -59.871
  110.500   -59.703
  110.550   -59.836
  110.600   -59.755
  110.650   -59.768
  110.700   -59.934
  110.750   -60.077
  110.800   -60.208
  110.850   -59.991
  110.900   -59.965
  110.950   -60.189
  111.000   -60.155
  111.050   -60.055
  111.100   -60.129
  111.150   -60.108
  111.200   -59.966
  111.250   -60.118
  111.300   -60.115
  111.350   -60.267
  111.400   -60.180
  111.450   -60.244
  111.500   -60.224
  111.550   -60.431
  111.600   -60.442
  111.650   -60.526
  111.700   -60.403
  111.750   -60.411
  111.800   -60.368
  111.850   -60.088
  111.900   -60.145
  111.950   -60.104
  112.000   -60.285
  112.050   -60.259
  112.100   -60.379
  112.150   -60.231
  112.200   -60.177
  112.250   -60.100
  112.300   -60.044
  112.350   -59.603
  112.400   -59.569
  112.450   -59.773
  112.500   -59.719
  112.550   -59.688
  112.600   -59.563
  112.650   -59.503
  112.700   -59.404
  112.750   -59.527
  112.800   -59.605
  112.850   -59.643
  112.900   -59.478
  112.950   -59.615
  113.000   -59.510
  113.050   -59.628
  113.100   -59.971
  113.150   -60.150
  113.200   -60.316
  113.250   -60.285
  113.300   -60.462
  113.350   -60.533
  113.400   -60.533
  113.450   -60.670
  113.500   -60.523
  113.550   -60.543
  113.600   -60.609
  113.650   -60.571
  113.700   -60.609
  113.750   -60.399
  113.800   -60.619
  113.850   -60.917
  113.900   -60.820
  113.950   -60.868
  114.000   -60.768
  114.050   -60.789
  114.100   -60.886
  114.150   -60.893
  114.200   -60.996
  114.250   -60.836
  114.300   -61.119
  114.350   -60.697
  114.400   -60.993
  114.450   -61.000
  114.500   -61.043
  114.550   -60.961
  114.600   -60.621
  114.650   -60.705
  114.700   -60.303
  114.750   -60.515
  114.800   -60.455
  114.850   -60.390
  114.900   -60.407
  114.950   -60.078
  115.000   -60.038
  115.050   -59.817
  115.100   -59.819
  115.150   -59.640
  115.200   -59.343
  115.250   -59.197
  115.300   -59.188
  115.350   -59.257
  115.400   -59.258
  115.450   -59.370
  115.500   -59.825
  115.550   -59.836
  115.600   -59.896
  115.650   -59.932
  115.700   -59.651
  115.750   -59.760
  115.800   -59.820
  115.850   -59.884
  115.900   -59.858
  115.950   -59.499
  116.000   -59.379
  116.050   -59.003
  116.100   -59.081
  116.150   -59.084
  116.200   -58.891
  116.250   -59.051
  116.300   -59.065
  116.350   -58.948
  116.400   -58.680
  116.450   -58.501
  116.500   -58.517
  116.550   -58.707
  116.600   -58.518
  116.650   -58.381
  116.700   -58.289
  116.750   -58.339
  116.800   -58.633
  116.850   -58.848
  116.900   -58.545
  116.950   -58.474
  117.000   -58.573
  117.050   -58.630
  117.100   -58.381
  117.150   -58.334
  117.200   -58.302
  117.250   -58.459
  117.300   -58.332
  117.350   -58.334
  117.400   -58.262
  117.450   -57.867
  117.500   -57.824
  117.550   -58.004
  117.600   -58.051
  117.650   -58.104
  117.700   -57.956
  117.750   -57.995
  117.800   -58.062
  117.850   -57.874
  117.900   -57.958
  117.950   -58.206
  118.000   -58.344
  118.050   -58.166
  118.100   -58.435
  118.150   -58.494
  118.200   -58.445
  118.250   -58.347
  118.300   -58.217
  118.350   -58.144
  118.400   -58.044
  118.450   -57.958
  118.500   -58.100
  118.550   -58.164
  118.600   -58.368
  118.650   -58.321
  118.700   -58.079
  118.750   -58.230
  118.800   -58.270
  118.850   -58.295
  118.900   -58.075
  118.950   -58.025
  119.000   -57.870
  119.050   -57.865
  119.100   -57.801
  119.150   -58.022
  119.200   -57.916
  119.250   -58.182
  119.300   -58.118
  119.350   -58.102
  119.400   -58.097
  119.450   -58.192
  119.500   -58.296
  119.550   -58.083
  119.600   -58.067
  119.650   -58.393
  119.700   -58.337
  119.750   -58.337
  119.800   -58.302
  119.850   -58.087
  119.900   -58.311
  119.950   -58.186
  120.000   -57.921
  120.050   -57.866
  120.100   -57.852
  120.150   -57.524
  120.200   -57.507
  120.250   -57.426
  120.300   -57.284
  120.350   -57.228
  120.400   -57.340
  120.450   -57.141
  120.500   -57.090
  120.550   -56.943
  120.600   -56.912
  120.650   -56.664
  120.700   -56.588
  120.750   -56.501
  120.800   -56.591
  120.850   -56.347
  120.900   -56.218
  120.950   -56.265
  121.000   -56.049
  121.050   -55.967
  121.100   -55.952
  121.150   -55.780
  121.200   -55.993
  121.250   -56.058
  121.300   -56.306
  121.350   -56.518
  121.400   -56.608
  121.450   -56.238
  121.500   -56.179
  121.550   -56.152
  121.600   -55.956
  121.650   -56.025
  121.700   -56.001
  121.750   -55.748
  121.800   -55.650
  121.850   -55.506
  121.900   -55.294
  121.950   -55.367
  122.000   -55.446
  122.050   -55.315
  122.100   -55.211
  122.150   -55.048
  122.200   -54.941
  122.250   -54.986
  122.300   -54.884
  122.350   -54.933
  122.400   -55.059
  122.450   -55.148
  122.500   -55.143
  122.550   -55.316
  122.600   -55.153
  122.650   -54.925
  122.700   -54.690
  122.750   -54.627
  122.800   -54.687
  122.850   -54.760
  122.900   -54.464
  122.950   -54.600
  123.000   -54.312
  123.050   -54.248
  123.100   -54.080
  123.150   -54.066
  123.200   -54.069
  123.250   -53.889
  123.300   -53.981
  123.350   -53.894
  123.400   -53.762
  123.450   -53.292
  123.500   -53.226
  123.550   -53.228
  123.600   -52.872
  123.650   -52.210
  123.700   -51.723
  123.750   -50.806
  123.800   -49.401
  123.850   -47.007
  123.900   -42.814
  123.950   -37.758
  124.000   -32.403
  124.050   -26.999
  124.100   -21.835
  124.150   -16.747
  124.200   -12.059
  124.250    -7.600
  124.300    -4.118
  124.350    -1.079
  124.400     1.453
  124.450     3.678
  124.500     5.682
  124.550     7.295
  124.600     8.399
  124.650     9.695
  124.700    10.585
  124.750    10.554
  124.800    10.622
  124.850    10.640
  124.900    10.597
  124.950    10.234
  125.000     9.477
  125.050     8.510
  125.100     7.331
  125.150     5.723
  125.200     4.396
  125.250     2.593
  125.300     0.880
  125.350    -0.681
  125.400    -2.521
  125.450    -4.630
  125.500    -6.878
  125.550    -8.929
  125.600   -10.837
  125.650   -12.863
  125.700   -14.882
  125.750   -16.885
  125.800   -18.802
  125.850   -20.655
  125.900   -22.610
  125.950   -24.748
  126.000   -26.287
  126.050   -27.625
  126.100   -29.073
  126.150   -30.669
  126.200   -32.116
  126.250   -33.554
  126.300   -34.907
  126.350   -36.112
  126.400   -37.091
  126.450   -38.219
  126.500   -39.495
  126.550   -40.371
  126.600   -41.054
  126.650   -42.188
  126.700   -43.119
  126.750   -43.722
  126.800   -44.759
  126.850   -45.516
  126.900   -46.284
  126.950   -47.071
  127.000   -47.488
  127.050   -48.198
  127.100   -49.087
  127.150   -49.495
  127.200   -50.075
  127.250   -50.450
  127.300   -51.063
  127.350   -51.689
  127.400   -51.992
  127.450   -52.151
  127.500   -52.626
  127.550   -53.048
  127.600   -53.464
  127.650   -53.660
  127.700   -54.188
  127.750   -54.684
  127.800   -54.972
  127.850   -55.634
  127.900   -55.920
  127.950   -56.305
  128.000   -56.833
  128.050   -56.800
  128.100   -56.895
  128.150   -57.373
  128.200   -57.357
  128.250   -57.448
  128.300   -57.754
  128.350   -58.259
  128.400   -58.319
  128.450   -58.317
  128.500   -58.233
  128.550   -58.364
  128.600   -58.555
  128.650   -58.788
  128.700   -58.889
  128.750   -59.063
  128.800   -59.375
  128.850   -59.572
  128.900   -59.840
  128.950   -59.936
  129.000   -59.860
  129.050   -59.925
  129.100   -60.127
  129.150   -60.360
  129.200   -60.463
  129.250   -60.351
  129.300   -60.436
  129.350   -60.537
  129.400   -61.106
  129.450   -61.173
  129.500   -61.237
  129.550   -61.490
  129.600   -61.385
  129.650   -61.289
  129.700   -61.480
  129.750   -61.643
  129.800   -61.868
  129.850   -62.044
  129.900   -62.199
  129.950   -62.099
  130.000   -62.101
  130.050   -62.273
  130.100   -62.217
  130.150   -62.392
  130.200   -62.498
  130.250   -62.415
  130.300   -62.405
  130.350   -62.675
  130.400   -62.797
  130.450   -62.784
  130.500   -62.694
  130.550   -62.747
  130.600   -62.730
  130.650   -62.749
  130.700   -62.882
  130.750   -63.003
  130.800   -62.946
  130.850   -63.158
  130.900   -63.306
  130.950   -63.422
  131.000   -63.541
  131.050   -63.464
  131.100   -63.373
  131.150   -63.228
  131.200   -63.103
  131.250   -63.202
  131.300   -63.256
  131.350   -63.271
  131.400   -63.564
  131.450   -63.601
  131.500   -63.846
  131.550   -63.792
  131.600   -63.876
  131.650   -63.695
  131.700   -63.777
  131.750   -64.011
  131.800   -64.086
  131.850   -64.172
  131.900   -64.179
  131.950   -64.332
  132.000   -64.322
  132.050   -64.499
  132.100   -64.537
  132.150   -64.549
  132.200   -64.370
  132.250   -64.238
  132.300   -64.371
  132.350   -64.467
  132.400   -64.318
  132.450   -64.442
  132.500   -64.518
  132.550   -64.407
  132.600   -64.280
  132.650   -64.424
  132.700   -64.486
  132.750   -64.683
  132.800   -64.512
  132.850   -64.515
  132.900   -64.770
  132.950   -64.972
  133.000   -64.953
  133.050   -65.116
  133.100   -65.102
  133.150   -65.220
  133.200   -65.090
  133.250   -65.168
  133.300   -65.104
  133.350   -65.200
  133.400   -65.327
  133.450   -65.699
  133.500   -65.627
  133.550   -65.498
  133.600   -65.573
  133.650   -65.458
  133.700   -65.630
  133.750   -65.553
  133.800   -65.667
  133.850   -65.910
  133.900   -65.762
  133.950   -65.555
  134.000   -65.420
  134.050   -65.331
  134.100   -65.680
  134.150   -66.046
  134.200   -65.617
  134.250   -65.632
  134.300   -65.785
  134.350   -65.766
  134.400   -65.582
  134.450   -65.375
  134.500   -65.626
  134.550   -65.612
  134.600   -65.549
  134.650   -65.569
  134.700   -65.544
  134.750   -65.495
  134.800   -65.363
  134.850   -65.234
  134.900   -65.227
  134.950   -65.461
  135.000   -65.320
  135.050   -65.318
  135.100   -65.356
  135.150   -65.345
  135.200   -65.311
  135.250   -65.537
  135.300   -65.569
  135.350   -65.546
  135.400   -65.558
  135.450   -65.701
  135.500   -65.629
  135.550   -65.693
  135.600   -65.402
  135.650   -65.485
  135.700   -65.375
  135.750   -65.614
  135.800   -65.636
  135.850   -65.761
  135.900   -65.588
  135.950   -65.459
  136.000   -65.484
  136.050   -65.516
  136.100   -65.399
  136.150   -65.256
  136.200   -65.429
  136.250   -65.368
  136.300   -65.543
  136.350   -65.345
  136.400   -65.308
  136.450   -65.339
  136.500   -65.240
  136.550   -65.299
  136.600   -65.298
  136.650   -65.432
  136.700   -65.427
  136.750   -65.401
  136.800   -65.414
  136.850   -65.251
  136.900   -65.127
  136.950   -65.322
  137.000   -65.249
  137.050   -64.971
  137.100   -64.764
  137.150   -64.567
  137.200   -64.541
  137.250   -64.339
  137.300   -64.402
  137.350   -64.345
  137.400   -64.148
  137.450   -63.933
  137.500   -63.888
  137.550   -64.060
  137.600   -63.986
  137.650   -64.034
  137.700   -64.087
  137.750   -64.191
  137.800   -64.040
  137.850   -64.272
  137.900   -63.974
  137.950   -64.169
  138.000   -64.039
  138.050   -63.690
  138.100   -63.702
  138.150   -64.034
  138.200   -63.918
  138.250   -64.054
  138.300   -64.094
  138.350   -64.178
  138.400   -64.301
  138.450   -64.218
  138.500   -64.638
  138.550   -64.363
  138.600   -64.247
  138.650   -64.259
  138.700   -64.172
  138.750   -64.079
  138.800   -63.978
  138.850   -64.092
  138.900   -64.002
  138.950   -63.991
  139.000   -64.418
  139.050   -64.342
  139.100   -63.999
  139.150   -64.083
  139.200   -63.959
  139.250   -63.950
  139.300   -63.984
  139.350   -64.012
  139.400   -63.988
  139.450   -63.973
  139.500   -63.967
  139.550   -63.807
  139.600   -63.834
  139.650   -64.102
  139.700   -64.134
  139.750   -64.217
  139.800   -63.902
  139.850   -64.076
  139.900   -63.943
  139.950   -63.661
  140.000   -63.717
  140.050   -63.976
  140.100   -63.826
  140.150   -63.926
  140.200   -63.444
  140.250   -63.414
  140.300   -63.715
  140.350   -63.498
  140.400   -63.523
  140.450   -63.597
  140.500   -63.511
  140.550   -63.258
  140.600   -63.194
  140.650   -63.189
  140.700   -63.074
  140.750   -63.112
  140.800   -63.199
  140.850   -62.977
  140.900   -62.981
  140.950   -62.716
  141.000   -62.607
  141.050   -62.733
  141.100   -62.814
  141.150   -62.581
  141.200   -62.588
  141.250   -62.610
  141.300   -62.678
  141.350   -62.688
  141.400   -62.777
  141.450   -62.643
  141.500   -62.451
  141.550   -62.403
  141.600   -62.693
  141.650   -62.679
  141.700   -62.579
  141.750   -62.825
  141.800   -63.073
  141.850   -63.056
  141.900   -63.085
  141.950   -62.941
  142.000   -62.923
  142.050   -63.125
  142.100   -62.850
  142.150   -62.737
  142.200   -62.733
  142.250   -62.784
  142.300   -63.002
  142.350   -62.814
  142.400   -62.751
  142.450   -62.601
  142.500   -62.477
  142.550   -62.441
  142.600   -62.340
  142.650   -62.517
  142.700   -62.499
  142.750   -62.662
  142.800   -62.689
  142.850   -62.663
  142.900   -62.381
  142.950   -62.337
  143.000   -62.289
  143.050   -62.550
  143.100   -62.432
  143.150   -62.597
  143.200   -62.524
  143.250   -62.275
  143.300   -61.945
  143.350   -61.976
  143.400   -61.828
  143.450   -61.735
  143.500   -61.845
  143.550   -61.539
  143.600   -61.449
  143.650   -61.551
  143.700   -61.686
  143.750   -61.656
  143.800   -61.858
  143.850   -61.947
  143.900   -62.257
  143.950   -62.608
  144.000   -62.369
  144.050   -62.480
  144.100   -62.548
  144.150   -62.484
  144.200   -62.514
  144.250   -62.052
  144.300   -61.973
  144.350   -62.036
  144.400   -62.127
  144.450   -61.863
  144.500   -61.810
  144.550   -61.977
  144.600   -61.963
  144.650   -61.815
  144.700   -62.081
  144.750   -62.137
  144.800   -62.121
  144.850   -62.064
  144.900   -61.897
  144.950   -62.024
  145.000   -62.343
  145.050   -62.418
  145.100   -62.514
  145.150   -62.483
  145.200   -62.492
  145.250   -62.719
  145.300   -62.620
  145.350   -62.582
  145.400   -62.396
  145.450   -62.396
  145.500   -62.350
  145.550   -62.241
  145.600   -62.441
  145.650   -62.313
  145.700   -62.526
  145.750   -62.403
  145.800   -62.270
  145.850   -62.221
  145.900   -62.240
  145.950   -62.141
  146.000   -62.251
  146.050   -62.340
  146.100   -62.468
  146.150   -62.624
  146.200   -62.522
  146.250   -62.628
  146.300   -62.550
  146.350   -62.599
  146.400   -62.480
  146.450   -62.055
  146.500   -62.055
  146.550   -62.061
  146.600   -62.190
  146.650   -62.453
  146.700   -62.180
  146.750   -62.214
  146.800   -62.123
  146.850   -61.899
  146.900   -62.075
  146.950   -62.075
  147.000   -62.205
  147.050   -62.404
  147.100   -62.525
  147.150   -62.367
  147.200   -62.399
  147.250   -62.338
  147.300   -62.424
  147.350   -62.268
  147.400   -62.261
  147.450   -62.446
  147.500   -62.527
  147.550   -62.234
  147.600   -61.935
  147.650   -61.663
  147.700   -61.517
  147.750   -61.627
  147.800   -61.655
  147.850   -61.448
  147.900   -61.533
  147.950   -61.446
  148.000   -61.313
  148.050   -61.044
  148.100   -61.042
  148.150   -61.040
  148.200   -60.704
  148.250   -60.568
  148.300   -60.328
  148.350   -59.978
  148.400   -60.287
  148.450   -60.368
  148.500   -60.520
  148.550   -60.412
  148.600   -60.474
  148.650   -60.596
  148.700   -60.815
  148.750   -61.036
  148.800   -61.054
  148.850   -61.173
  148.900   -61.002
  148.950   -60.650
  149.000   -60.633
  149.050   -60.663
  149.100   -60.587
  149.150   -60.317
  149.200   -60.487
  149.250   -60.380
  149.300   -60.481
  149.350   -60.354
  149.400   -60.424
  149.450   -60.441
  149.500   -60.326
  149.550   -60.496
  149.600   -60.510
  149.650   -60.566
  149.700   -60.498
  149.750   -60.545
  149.800   -60.830
  149.850   -60.692
  149.900   -60.623
  149.950   -60.517
  150.000   -60.357
  150.050   -60.170
  150.100   -60.069
  150.150   -59.962
  150.200   -60.293
  150.250   -60.341
  150.300   -60.206
  150.350   -59.992
  150.400   -59.985
  150.450   -60.017
  150.500   -59.802
  150.550   -59.897
  150.600   -59.795
  150.650   -59.679
  150.700   -59.516
  150.750   -59.447
  150.800   -59.538
  150.850   -59.759
  150.900   -59.896
  150.950   -59.815
  151.000   -59.943
  151.050   -59.919
  151.100   -59.868
  151.150   -60.126
  151.200   -59.971
  151.250   -59.819
  151.300   -59.896
  151.350   -60.089
  151.400   -60.024
  151.450   -60.019
  151.500   -59.760
  151.550   -59.858
  151.600   -60.134
  151.650   -60.256
  151.700   -60.286
  151.750   -60.282
  151.800   -60.317
  151.850   -60.455
  151.900   -60.352
  151.950   -60.203
  152.000   -59.966
  152.050   -60.192
  152.100   -60.436
  152.150   -60.366
  152.200   -60.406
  152.250   -60.163
  152.300   -60.169
  152.350   -59.999
  152.400   -59.714
  152.450   -59.426
  152.500   -59.371
  152.550   -59.212
  152.600   -59.322
  152.650   -59.206
  152.700   -59.172
  152.750   -59.119
  152.800   -59.138
  152.850   -59.091
  152.900   -58.934
  152.950   -58.829
  153.000   -59.071
  153.050   -59.119
  153.100   -59.297
  153.150   -59.266
  153.200   -59.506
  153.250   -59.363
  153.300   -59.673
  153.350   -59.531
  153.400   -59.463
  153.450   -59.556
  153.500   -59.629
  153.550   -59.955
  153.600   -59.961
  153.650   -59.691
  153.700   -59.727
  153.750   -59.882
  153.800   -60.039
  153.850   -60.054
  153.900   -60.019
  153.950   -60.088
  154.000   -60.009
  154.050   -60.013
  154.100   -59.991
  154.150   -60.009
  154.200   -60.061
  154.250   -60.253
  154.300   -60.239
  154.350   -60.115
  154.400   -60.068
  154.450   -60.115
  154.500   -59.681
  154.550   -59.826
  154.600   -59.808
  154.650   -59.704
  154.700   -59.602
  154.750   -59.377
  154.800   -59.651
  154.850   -59.655
  154.900   -59.819
  154.950   -59.537
  155.000   -59.468
  155.050   -59.425
  155.100   -59.211
  155.150   -59.280
  155.200   -59.234
  155.250   -59.014
  155.300   -59.098
  155.350   -58.732
  155.400   -58.836
  155.450   -58.769
  155.500   -58.762
  155.550   -58.778
  155.600   -58.810
  155.650   -58.976
  155.700   -59.067
  155.750   -59.094
  155.800   -59.140
  155.850   -59.330
  155.900   -59.322
  155.950   -59.649
  156.000   -59.534
  156.050   -59.663
  156.100   -60.013
  156.150   -59.896
  156.200   -59.727
  156.250   -59.813
  156.300   -60.078
  156.350   -60.057
  156.400   -60.129
  156.450   -60.300
  156.500   -60.300
  156.550   -60.743
  156.600   -60.851
  156.650   -60.728
  156.700   -60.993
  156.750   -61.087
  156.800   -61.345
  156.850   -61.244
  156.900   -61.306
  156.950   -61.400
  157.000   -61.285
  157.050   -61.242
  157.100   -61.372
  157.150   -61.213
  157.200   -61.160
  157.250   -60.740
  157.300   -60.548
  157.350   -60.700
  157.400   -60.653
  157.450   -60.609
  157.500   -60.678
  157.550   -60.613
  157.600   -60.472
  157.650   -60.310
  157.700   -60.450
  157.750   -60.255
  157.800   -59.874
  157.850   -59.819
  157.900   -59.586
  157.950   -59.654
  158.000   -59.714
  158.050   -59.679
  158.100   -59.783
  158.150   -59.616
  158.200   -59.622
  158.250   -59.542
  158.300   -59.234
  158.350   -59.149
  158.400   -59.142
  158.450   -59.143
  158.500   -59.238
  158.550   -59.063
  158.600   -58.999
  158.650   -58.875
  158.700   -59.011
  158.750   -59.029
  158.800   -59.172
  158.850   -59.069
  158.900   -59.245
  158.950   -59.382
  159.000   -59.253
  159.050   -59.311
  159.100   -59.491
  159.150   -59.699
  159.200   -59.662
  159.250   -59.722
  159.300   -59.951
  159.350   -60.015
  159.400   -59.913
  159.450   -59.872
  159.500   -59.844
  159.550   -59.459
  159.600   -59.303
  159.650   -59.345
  159.700   -59.352
  159.750   -59.247
  159.800   -59.178
  159.850   -59.300
  159.900   -59.363
  159.950   -59.183
  160.000   -59.118
  160.050   -59.131
  160.100   -59.163
  160.150   -59.352
  160.200   -59.400
  160.250   -59.304
  160.300   -59.389
  160.350   -59.504
  160.400   -59.725
  160.450   -59.717
  160.500   -59.702
  160.550   -59.558
  160.600   -59.536
  160.650   -59.686
  160.700   -59.997
  160.750   -60.106
  160.800   -60.018
  160.850   -59.958
  160.900   -60.054
  160.950   -59.930
  161.000   -59.909
  161.050   -59.709
  161.100   -59.634
  161.150   -60.095
  161.200   -60.105
  161.250   -59.965
  161.300   -59.893
  161.350   -59.893
  161.400   -59.648
  161.450   -59.537
  161.500   -59.303
  161.550   -59.370
  161.600   -59.328
  161.650   -59.280
  161.700   -59.159
  161.750   -59.134
  161.800   -59.028
  161.850   -59.192
  161.900   -59.170
  161.950   -59.134
  162.000   -58.766
  162.050   -58.728
  162.100   -58.743
  162.150   -58.884
  162.200   -59.145
  162.250   -59.335
  162.300   -59.456
  162.350   -59.892
  162.400   -59.653
  162.450   -59.755
  162.500   -59.732
  162.550   -59.832
  162.600   -59.786
  162.650   -59.635
  162.700   -59.663
  162.750   -59.935
  162.800   -59.864
  162.850   -60.048
  162.900   -60.391
  162.950   -60.166
  163.000   -60.097
  163.050   -60.153
  163.100   -60.378
  163.150   -60.393
  163.200   -60.295
  163.250   -60.225
  163.300   -60.373
  163.350   -60.296
  163.400   -60.276
  163.450   -59.986
  163.500   -59.630
  163.550   -59.360
  163.600   -59.554
  163.650   -59.520
  163.700   -59.447
  163.750   -59.481
  163.800   -59.413
  163.850   -59.163
  163.900   -58.936
  163.950   -58.562
  164.000   -58.568
  164.050   -58.478
  164.100   -58.482
  164.150   -58.668
  164.200   -58.555
  164.250   -58.512
  164.300   -58.598
  164.350   -58.282
  164.400   -58.346
  164.450   -58.381
  164.500   -58.479
  164.550   -58.472
  164.600   -58.163
  164.650   -58.408
  164.700   -58.333
  164.750   -58.269
  164.800   -58.369
  164.850   -58.365
  164.900   -58.197
  164.950   -58.013
  165.000   -58.009
  165.050   -58.096
  165.100   -58.017
  165.150   -57.958
  165.200   -57.903
  165.250   -57.922
  165.300   -58.132
  165.350   -58.155
  165.400   -58.384
  165.450   -58.417
  165.500   -58.252
  165.550   -58.670
  165.600   -58.873
  165.650   -58.665
  165.700   -58.735
  165.750   -58.708
  165.800   -58.680
  165.850   -58.746
  165.900   -58.610
  165.950   -58.542
  166.000   -58.745
  166.050   -58.665
  166.100   -58.741
  166.150   -58.922
  166.200   -58.845
  166.250   -58.584
  166.300   -58.608
  166.350   -58.640
  166.400   -58.417
  166.450   -58.480
  166.500   -58.765
  166.550   -58.698
  166.600   -58.678
  166.650   -58.615
  166.700   -58.645
  166.750   -58.578
  166.800   -58.352
  166.850   -58.229
  166.900   -58.273
  166.950   -58.397
  167.000   -58.703
  167.050   -58.951
  167.100   -58.853
  167.150   -59.109
  167.200   -58.839
  167.250   -58.963
  167.300   -58.770
  167.350   -58.834
  167.400   -58.805
  167.450   -58.841
  167.500   -58.839
  167.550   -58.902
  167.600   -59.102
  167.650   -58.933
  167.700   -58.969
  167.750   -58.775
  167.800   -58.849
  167.850   -58.651
  167.900   -58.702
  167.950   -58.477
  168.000   -58.332
  168.050   -58.230
  168.100   -58.258
  168.150   -58.328
  168.200   -58.158
  168.250   -57.951
  168.300   -57.979
  168.350   -58.261
  168.400   -58.606
  168.450   -58.702
  168.500   -58.838
  168.550   -58.953
  168.600   -58.848
  168.650   -58.821
  168.700   -58.577
  168.750   -58.386
  168.800   -58.245
  168.850   -58.257
  168.900   -58.374
  168.950   -58.517
  169.000   -58.677
  169.050   -58.533
  169.100   -58.637
  169.150   -58.467
  169.200   -58.539
  169.250   -58.424
  169.300   -58.308
  169.350   -58.418
  169.400   -58.245
  169.450   -58.279
  169.500   -58.276
  169.550   -58.220
  169.600   -58.062
  169.650   -58.357
  169.700   -58.311
  169.750   -58.215
  169.800   -58.268
  169.850   -57.823
  169.900   -57.968
  169.950   -57.840
  170.000   -57.973
  170.050   -57.835
  170.100   -57.947
  170.150   -57.991
  170.200   -57.966
  170.250   -57.973
  170.300   -57.810
  170.350   -57.606
  170.400   -57.587
  170.450   -57.316
  170.500   -57.391
  170.550   -57.544
  170.600   -57.428
  170.650   -57.062
  170.700   -57.202
  170.750   -56.920
  170.800   -56.839
  170.850   -56.881
  170.900   -57.122
  170.950   -57.197
  171.000   -57.147
  171.050   -57.263
  171.100   -57.254
  171.150   -56.932
  171.200   -57.108
  171.250   -56.710
  171.300   -56.621
  171.350   -56.702
  171.400   -56.543
  171.450   -56.492
  171.500   -56.488
  171.550   -56.510
  171.600   -56.344
  171.650   -56.181
  171.700   -56.450
  171.750   -56.139
  171.800   -56.135
  171.850   -56.118
  171.900   -56.059
  171.950   -55.920
  172.000   -55.552
  172.050   -55.594
  172.100   -55.295
  172.150   -55.404
  172.200   -55.463
  172.250   -55.230
  172.300   -55.412
  172.350   -55.505
  172.400   -55.523
  172.450   -55.449
  172.500   -55.252
  172.550   -55.170
  172.600   -55.125
  172.650   -55.066
  172.700   -55.093
  172.750   -54.818
  172.800   -54.906
  172.850   -54.876
  172.900   -54.773
  172.950   -54.958
  173.000   -54.860
  173.050   -54.569
  173.100   -54.541
  173.150   -54.154
  173.200   -53.959
  173.250   -54.048
  173.300   -53.787
  173.350   -53.733
  173.400   -53.528
  173.450   -53.096
  173.500   -53.000
  173.550   -52.551
  173.600   -52.111
  173.650   -51.448
  173.700   -50.699
  173.750   -49.213
  173.800   -46.427
  173.850   -42.013
  173.900   -36.813
  173.950   -31.455
  174.000   -26.107
  174.050   -20.742
  174.100   -15.617
  174.150   -11.022
  174.200    -6.971
  174.250    -3.544
  174.300    -0.253
  174.350     2.630
  174.400     4.915
  174.450     6.508
  174.500     7.742
  174.550     8.924
  174.600     9.829
  174.650    10.187
  174.700    10.513
  174.750    10.438
  174.800    10.356
  174.850    10.063
  174.900     9.374
  174.950     8.609
  175.000     7.938
  175.050     6.921
  175.100     5.317
  175.150     3.569
  175.200     2.311
  175.250     0.267
  175.300    -1.484
  175.350    -3.282
  175.400    -5.259
  175.450    -7.158
  175.500    -9.499
  175.550   -11.641
  175.600   -13.438
  175.650   -15.245
  175.700   -17.139
  175.750   -18.844
  175.800   -20.872
  175.850   -22.888
  175.900   -24.734
  175.950   -26.195
  176.000   -27.857
  176.050   -29.156
  176.100   -30.525
  176.150   -31.913
  176.200   -33.263
  176.250   -34.539
  176.300   -35.618
  176.350   -36.880
  176.400   -37.979
  176.450   -39.328
  176.500   -40.260
  176.550   -41.236
  176.600   -42.154
  176.650   -43.056
  176.700   -43.751
  176.750   -44.558
  176.800   -45.076
  176.850   -45.889
  176.900   -46.739
  176.950   -47.387
  177.000   -48.241
  177.050   -48.437
  177.100   -48.992
  177.150   -49.395
  177.200   -49.869
  177.250   -50.572
  177.300   -51.073
  177.350   -51.902
  177.400   -52.050
  177.450   -52.276
  177.500   -52.723
  177.550   -53.299
  177.600   -53.786
  177.650   -54.276
  177.700   -54.505
  177.750   -55.036
  177.800   -55.206
  177.850   -55.411
  177.900   -55.823
  177.950   -55.868
  178.000   -56.059
  178.050   -56.103
  178.100   -56.344
  178.150   -56.580
  178.200   -56.675
  178.250   -56.806
  178.300   -57.231
  178.350   -57.315
  178.400   -57.228
  178.450   -57.336
  178.500   -57.476
  178.550   -57.699
  178.600   -57.677
  178.650   -57.941
  178.700   -58.146
  178.750   -58.301
  178.800   -58.508
  178.850   -58.558
  178.900   -58.923
  178.950   -58.948
  179.000   -58.866
  179.050   -58.983
  179.100   -59.281
  179.150   -59.415
  179.200   -59.588
  179.250   -59.628
  179.300   -59.686
  179.350   -59.699
  179.400   -59.731
  179.450   -60.112
  179.500   -60.411
  179.550   -60.625
  179.600   -60.793
  179.650   -60.848
  179.700   -61.075
  179.750   -61.427
  179.800   -61.574
  179.850   -61.757
  179.900   -61.711
  179.950   -61.597
  180.000   -61.678
  180.050   -62.009
  180.100   -62.258
  180.150   -62.385
  180.200   -62.426
  180.250   -62.630
  180.300   -62.633
  180.350   -62.481
  180.400   -62.334
  180.450   -62.418
  180.500   -62.601
  180.550   -62.697
  180.600   -62.839
  180.650   -62.867
  180.700   -62.939
  180.750   -63.193
  180.800   -63.440
  180.850   -63.082
  180.900   -62.986
  180.950   -63.229
  181.000   -63.229
  181.050   -63.396
  181.100   -63.372
  181.150   -63.407
  181.200   -63.522
  181.250   -63.759
  181.300   -63.820
  181.350   -63.622
  181.400   -63.748
  181.450   -63.781
  181.500   -63.645
  181.550   -63.515
  181.600   -63.388
  181.650   -63.487
  181.700   -63.596
  181.750   -63.612
  181.800   -63.960
  181.850   -64.149
  181.900   -63.684
  181.950   -63.687
  182.000   -63.725
  182.050   -63.654
  182.100   -63.456
  182.150   -63.753
  182.200   -64.290
  182.250   -64.382
  182.300   -64.745
  182.350   -64.525
  182.400   -64.505
  182.450   -64.459
  182.500   -64.466
  182.550   -64.579
  182.600   -64.645
  182.650   -64.354
  182.700   -64.069
  182.750   -64.047
  182.800   -64.031
  182.850   -64.260
  182.900   -64.107
  182.950   -64.145
  183.000   -63.868
  183.050   -64.108
  183.100   -63.973
  183.150   -63.742
  183.200   -63.602
  183.250   -63.430
  183.300   -63.275
  183.350   -63.313
  183.400   -63.226
  183.450   -63.040
  183.500   -62.861
  183.550   -62.645
  183.600   -62.679
  183.650   -62.734
  183.700   -62.680
  183.750   -62.857
  183.800   -62.937
  183.850   -62.675
  183.900   -62.942
  183.950   -62.862
  184.000   -63.038
  184.050   -62.691
  184.100   -63.011
  184.150   -62.666
  184.200   -62.664
  184.250   -62.301
  184.300   -62.288
  184.350   -62.093
  184.400   -62.060
  184.450   -62.392
  184.500   -62.263
  184.550   -62.224
  184.600   -62.375
  184.650   -62.236
  184.700   -62.452
  184.750   -62.636
  184.800   -62.555
  184.850   -62.523
  184.900   -62.635
  184.950   -62.440
  185.000   -62.145
  185.050   -61.859
  185.100   -61.827
  185.150   -61.739
  185.200   -61.851
  185.250   -61.903
  185.300   -61.821
  185.350   -61.864
  185.400   -61.749
  185.450   -61.680
  185.500   -61.592
  185.550   -61.553
  185.600   -61.567
  185.650   -61.297
  185.700   -61.045
  185.750   -61.064
  185.800   -60.981
  185.850   -60.859
  185.900   -60.794
  185.950   -60.732
  186.000   -60.419
  186.050   -60.362
  186.100   -60.268
  186.150   -60.113
  186.200   -60.277
  186.250   -60.411
  186.300   -60.146
  186.350   -60.409
  186.400   -60.352
  186.450   -60.277
  186.500   -60.301
  186.550   -60.155
  186.600   -60.349
  186.650   -59.909
  186.700   -59.762
  186.750   -59.597
  186.800   -59.439
  186.850   -59.597
  186.900   -59.623
  186.950   -59.600
  187.000   -59.451
  187.050   -59.519
  187.100   -59.338
  187.150   -59.120
  187.200   -59.146
  187.250   -59.034
  187.300   -59.101
  187.350   -59.114
  187.400   -59.191
  187.450   -59.470
  187.500   -59.210
  187.550   -59.058
  187.600   -59.239
  187.650   -59.216
  187.700   -58.968
  187.750   -59.281
  187.800   -59.044
  187.850   -59.205
  187.900   -59.484
  187.950   -59.806
  188.000   -59.774
  188.050   -59.788
  188.100   -59.792
  188.150   -59.665
  188.200   -59.465
  188.250   -59.500
  188.300   -59.332
  188.350   -59.378
  188.400   -59.118
  188.450   -58.747
  188.500   -58.476
  188.550   -58.506
  188.600   -58.602
  188.650   -58.811
  188.700   -58.666
  188.750   -58.777
  188.800   -58.724
  188.850   -58.801
  188.900   -59.033
  188.950   -58.918
  189.000   -59.092
  189.050   -58.941
  189.100   -59.045
  189.150   -58.981
  189.200   -59.058
  189.250   -58.877
  189.300   -59.170
  189.350   -59.166
  189.400   -59.196
  189.450   -59.313
  189.500   -59.208
  189.550   -58.985
  189.600   -58.778
  189.650   -58.846
  189.700   -59.086
  189.750   -59.200
  189.800   -59.156
  189.850   -59.260
  189.900   -59.070
  189.950   -58.987
  190.000   -59.056
  190.050   -59.178
  190.100   -59.645
  190.150   -59.709
  190.200   -59.650
  190.250   -59.681
  190.300   -59.460
  190.350   -59.425
  190.400   -59.344
  190.450   -59.457
  190.500   -59.456
  190.550   -59.330
  190.600   -59.573
  190.650   -59.509
  190.700   -59.304
  190.750   -59.298
  190.800   -59.497
  190.850   -59.510
  190.900   -59.487
  190.950   -59.533
  191.000   -59.194
  191.050   -59.358
  191.100   -59.260
  191.150   -59.201
  191.200   -59.013
  191.250   -58.862
  191.300   -58.753
  191.350   -58.838
  191.400   -58.841
  191.450   -58.531
  191.500   -58.507
  191.550   -58.556
  191.600   -58.369
  191.650   -58.167
  191.700   -58.242
  191.750   -58.136
  191.800   -58.350
  191.850   -58.378
  191.900   -58.442
  191.950   -58.297
  192.000   -58.409
  192.050   -58.077
  192.100   -57.856
  192.150   -57.712
  192.200   -57.631
  192.250   -57.554
  192.300   -57.636
  192.350   -57.790
  192.400   -57.952
  192.450   -58.139
  192.500   -58.296
  192.550   -58.359
  192.600   -58.381
  192.650   -58.583
  192.700   -58.178
  192.750   -58.070
  192.800   -58.134
  192.850   -57.869
  192.900   -57.710
  192.950   -57.641
  193.000   -57.874
  193.050   -58.179
  193.100   -57.976
  193.150   -57.840
  193.200   -57.868
  193.250   -57.418
  193.300   -57.225
  193.350   -56.930
  193.400   -56.909
  193.450   -56.845
  193.500   -56.714
  193.550   -56.749
  193.600   -56.558
  193.650   -56.610
  193.700   -56.261
  193.750   -56.296
  193.800   -56.212
  193.850   -56.018
  193.900   -55.753
  193.950   -56.002
  194.000   -56.360
  194.050   -56.276
  194.100   -56.345
  194.150   -56.396
  194.200   -56.579
  194.250   -56.866
  194.300   -56.883
  194.350   -57.031
  194.400   -57.143
  194.450   -56.922
  194.500   -56.866
  194.550   -56.818
  194.600   -57.152
  194.650   -57.102
  194.700   -57.086
  194.750   -57.132
  194.800   -57.239
  194.850   -56.986
  194.900   -57.015
  194.950   -56.799
  195.000   -56.938
  195.050   -56.649
  195.100   -56.962
  195.150   -56.741
  195.200   -56.778
  195.250   -57.307
  195.300   -57.519
  195.350   -57.527
  195.400   -57.387
  195.450   -57.382
  195.500   -57.344
  195.550   -57.204
  195.600   -57.139
  195.650   -57.161
  195.700   -57.270
  195.750   -57.295
  195.800   -56.856
  195.850   -57.076
  195.900   -56.951
  195.950   -57.021
  196.000   -57.216
  196.050   -57.355
  196.100   -57.674
  196.150   -57.763
  196.200   -57.566
  196.250   -57.740
  196.300   -57.587
  196.350   -57.686
  196.400   -57.710
  196.450   -57.567
  196.500   -57.437
  196.550   -57.532
  196.600   -57.543
  196.650   -57.663
  196.700   -57.727
  196.750   -57.465
  196.800   -57.179
  196.850   -56.956
  196.900   -57.062
  196.950   -56.758
  197.000   -56.803
  197.050   -56.798
  197.100   -56.960
  197.150   -57.246
  197.200   -57.239
  197.250   -57.266
  197.300   -57.170
  197.350   -57.157
  197.400   -57.031
  197.450   -57.103
  197.500   -56.844
  197.550   -56.496
  197.600   -56.380
  197.650   -56.358
  197.700   -56.422
  197.750   -56.470
  197.800   -56.481
  197.850   -56.557
  197.900   -56.540
  197.950   -56.346
  198.000   -56.180
  198.050   -56.180
  198.100   -56.183
  198.150   -56.194
  198.200   -56.274
  198.250   -56.494
  198.300   -56.439
  198.350   -56.506
  198.400   -56.366
  198.450   -56.326
  198.500   -56.090
  198.550   -56.039
  198.600   -56.118
  198.650   -56.154
  198.700   -55.975
  198.750   -56.182
  198.800   -55.901
  198.850   -55.777
  198.900   -56.021
  198.950   -56.177
  199.000   -56.207
  199.050   -56.388
  199.100   -56.420
  199.150   -56.514
  199.200   -56.528
  199.250   -56.319
  199.300   -56.021
  199.350   -55.902
  199.400   -55.713
  199.450   -55.324
  199.500   -55.062
  199.550   -55.065
  199.600   -55.334
  199.650   -55.389
  199.700   -55.210
  199.750   -55.190
  199.800   -55.062
  199.850   -54.810
  199.900   -54.688
  199.950   -55.017
  200.000   -55.011
  200.050   -55.169
  200.100   -54.932
  200.150   -54.842
  200.200   -54.650
  200.250   -54.287
  200.300   -54.038
  200.350   -54.171
  200.400   -54.169
  200.450   -54.244
  200.500   -54.004
  200.550   -54.274
  200.600   -54.029
  200.650   -53.825
  200.700   -53.798
  200.750   -53.671
  200.800   -53.310
  200.850   -53.327
  200.900   -53.076
  200.950   -52.641
  201.000   -52.353
  201.050   -51.947
  201.100   -51.455
  201.150   -50.639
  201.200   -48.786
  201.250   -45.864
  201.300   -41.309
  201.350   -36.082
  201.400   -30.306
  201.450   -24.913
  201.500   -19.852
  201.550   -15.339
  201.600   -11.057
  201.650    -7.406
  201.700    -3.980
  201.750    -0.982
  201.800     1.244
  201.850     3.589
  201.900     5.424
  201.950     6.910
  202.000     8.265
  202.050     9.287
  202.100     9.630
  202.150     9.765
  202.200     9.630
  202.250     9.614
  202.300     8.951
  202.350     8.374
  202.400     7.488
  202.450     6.464
  202.500     5.552
  202.550     4.450
  202.600     3.135
  202.650     1.788
  202.700     0.026
  202.750    -1.883
  202.800    -4.053
  202.850    -6.232
  202.900    -8.284
  202.950   -10.143
  203.000   -11.902
  203.050   -14.134
  203.100   -15.981
  203.150   -18.073
  203.200   -19.646
  203.250   -21.054
  203.300   -23.109
  203.350   -24.636
  203.400   -26.592
  203.450   -27.946
  203.500   -29.578
  203.550   -31.458
  203.600   -32.441
  203.650   -33.418
  203.700   -34.567
  203.750   -35.627
  203.800   -36.909
  203.850   -38.030
  203.900   -38.972
  203.950   -40.016
  204.000   -41.107
  204.050   -42.017
  204.100   -42.825
  204.150   -43.375
  204.200   -44.195
  204.250   -45.016
  204.300   -45.797
  204.350   -46.440
  204.400   -47.442
  204.450   -48.104
  204.500   -48.479
  204.550   -49.191
  204.600   -49.673
  204.650   -50.317
  204.700   -50.878
  204.750   -51.329
  204.800   -51.949
  204.850   -52.434
  204.900   -53.075
  204.950   -53.674
  205.000   -54.190
  205.050   -54.310
  205.100   -54.259
  205.150   -54.755
  205.200   -55.061
  205.250   -55.590
  205.300   -56.000
  205.350   -56.040
  205.400   -56.274
  205.450   -56.405
  205.500   -56.680
  205.550   -56.754
  205.600   -56.917
  205.650   -57.021
  205.700   -57.361
  205.750   -57.738
  205.800   -57.890
  205.850   -57.949
  205.900   -58.131
  205.950   -58.042
  206.000   -58.234
  206.050   -58.667
  206.100   -58.959
  206.150   -59.083
  206.200   -59.263
  206.250   -59.428
  206.300   -59.699
  206.350   -59.757
  206.400   -59.899
  206.450   -59.977
  206.500   -60.268
  206.550   -60.424
  206.600   -60.511
  206.650   -60.764
  206.700   -61.036
  206.750   -61.237
  206.800   -61.385
  206.850   -61.580
  206.900   -61.817
  206.950   -61.756
  207.000   -61.666
  207.050   -61.891
  207.100   -62.063
  207.150   -62.287
  207.200   -62.395
  207.250   -62.349
  207.300   -62.351
  207.350   -62.245
  207.400   -62.187
  207.450   -62.006
  207.500   -61.832
  207.550   -61.903
  207.600   -62.032
  207.650   -62.220
  207.700   -62.129
  207.750   -62.154
  207.800   -62.044
  207.850   -62.182
  207.900   -62.155
  207.950   -62.192
  208.000   -62.260
  208.050   -62.342
  208.100   -62.356
  208.150   -62.263
  208.200   -62.123
  208.250   -62.252
  208.300   -62.420
  208.350   -62.300
  208.400   -62.365
  208.450   -62.236
  208.500   -61.992
  208.550   -61.849
  208.600   -62.047
  208.650   -61.975
  208.700   -62.278
  208.750   -62.312
  208.800   -62.405
  208.850   -62.418
  208.900   -62.180
  208.950   -62.383
  209.000   -62.500
  209.050   -62.562
  209.100   -62.728
  209.150   -62.695
  209.200   -62.915
  209.250   -62.651
  209.300   -62.715
  209.350   -62.673
  209.400   -62.584
  209.450   -63.076
  209.500   -63.395
  209.550   -63.084
  209.600   -63.389
  209.650   -63.385
  209.700   -63.209
  209.750   -63.011
  209.800   -62.916
  209.850   -62.815
  209.900   -62.777
  209.950   -62.940
  210.000   -63.124
  210.050   -63.185
  210.100   -63.125
  210.150   -62.915
  210.200   -62.673
  210.250   -62.691
  210.300   -62.853
  210.350   -62.678
  210.400   -62.667
  210.450   -62.936
  210.500   -62.876
  210.550   -62.672
  210.600   -62.473
  210.650   -62.259
  210.700   -62.304
  210.750   -62.651
  210.800   -62.722
  210.850   -62.723
  210.900   -62.723
  210.950   -62.618
  211.000   -62.494
  211.050   -62.589
  211.100   -62.430
  211.150   -62.422
  211.200   -62.537
  211.250   -62.743
  211.300   -62.838
  211.350   -62.715
  211.400   -62.884
  211.450   -62.971
  211.500   -62.884
  211.550   -63.012
  211.600   -62.858
  211.650   -62.671
  211.700   -62.527
  211.750   -62.549
  211.800   -62.620
  211.850   -62.510
  211.900   -62.236
  211.950   -62.194
  212.000   -62.305
  212.050   -62.235
  212.100   -62.343
  212.150   -62.321
  212.200   -62.310
  212.250   -62.099
  212.300   -62.219
  212.350   -62.132
  212.400   -61.924
  212.450   -61.953
  212.500   -61.870
  212.550   -62.094
  212.600   -61.884
  212.650   -61.800
  212.700   -61.752
  212.750   -61.679
  212.800   -61.268
  212.850   -61.252
  212.900   -61.149
  212.950   -60.950
  213.000   -61.330
  213.050   -61.433
  213.100   -61.755
  213.150   -61.880
  213.200   -62.187
  213.250   -62.095
  213.300   -61.626
  213.350   -61.757
  213.400   -61.795
  213.450   -61.807
  213.500   -61.756
  213.550   -61.709
  213.600   -61.561
  213.650   -61.375
  213.700   -61.485
  213.750   -61.649
  213.800   -61.708
  213.850   -61.507
  213.900   -61.703
  213.950   -61.703
  214.000   -61.765
  214.050   -61.477
  214.100   -61.560
  214.150   -61.550
  214.200   -61.465
  214.250   -61.375
  214.300   -61.394
  214.350   -61.484
  214.400   -61.188
  214.450   -61.349
  214.500   -61.206
  214.550   -61.632
  214.600   -61.494
  214.650   -61.125
  214.700   -61.377
  214.750   -61.099
  214.800   -61.082
  214.850   -61.136
  214.900   -61.027
  214.950   -60.977
  215.000   -60.889
  215.050   -61.133
  215.100   -61.109
  215.150   -61.015
  215.200   -60.976
  215.250   -60.926
  215.300   -60.873
  215.350   -60.642
  215.400   -60.613
  215.450   -60.440
  215.500   -60.366
  215.550   -60.367
  215.600   -60.134
  215.650   -60.215
  215.700   -60.201
  215.750   -60.300
  215.800   -60.274
  215.850   -60.224
  215.900   -60.170
  215.950   -60.000
  216.000   -60.225
  216.050   -60.074
  216.100   -60.082
  216.150   -60.314
  216.200   -60.485
  216.250   -60.435
  216.300   -60.507
  216.350   -60.323
  216.400   -60.338
  216.450   -60.239
  216.500   -60.323
  216.550   -60.128
  216.600   -60.100
  216.650   -60.251
  216.700   -60.195
  216.750   -60.173
  216.800   -60.277
  216.850   -60.495
  216.900   -60.335
  216.950   -60.350
  217.000   -60.300
  217.050   -60.390
  217.100   -60.224
  217.150   -60.065
  217.200   -59.748
  217.250   -60.017
  217.300   -60.025
  217.350   -60.149
  217.400   -60.297
  217.450   -60.350
  217.500   -60.368
  217.550   -60.227
  217.600   -60.330
  217.650   -60.135
  217.700   -60.323
  217.750   -60.326
  217.800   -60.565
  217.850   -60.594
  217.900   -60.630
  217.950   -60.548
  218.000   -60.471
  218.050   -60.495
  218.100   -60.362
  218.150   -60.429
  218.200   -60.423
  218.250   -60.515
  218.300   -60.631
  218.350   -60.625
  218.400   -60.604
  218.450   -60.544
  218.500   -60.482
  218.550   -60.224
  218.600   -60.011
  218.650   -60.106
  218.700   -60.111
  218.750   -59.983
  218.800   -60.049
  218.850   -60.249
  218.900   -60.084
  218.950   -59.979
  219.000   -60.030
  219.050   -60.225
  219.100   -60.218
  219.150   -60.602
  219.200   -60.539
  219.250   -60.575
  219.300   -60.514
  219.350   -60.488
  219.400   -60.340
  219.450   -60.308
  219.500   -60.062
  219.550   -60.112
  219.600   -60.044
  219.650   -60.182
  219.700   -60.016
  219.750   -59.745
  219.800   -59.966
  219.850   -60.003
  219.900   -59.892
  219.950   -59.758
