    0.050   -65.110
    0.100   -65.057
    0.150   -65.134
    0.200   -65.309
    0.250   -65.453
    0.300   -65.506
    0.350   -65.389
    0.400   -65.363
    0.450   -65.028
    0.500   -65.239
    0.550   -65.242
    0.600   -65.158
    0.650   -64.917
    0.700   -65.007
    0.750   -65.065
    0.800   -65.186
    0.850   -64.965
    0.900   -65.284
    0.950   -65.064
    1.000   -65.312
    1.050   -65.564
    1.100   -65.292
    1.150   -65.733
    1.200   -65.736
    1.250   -65.435
    1.300   -65.446
    1.350   -65.542
    1.400   -65.624
    1.450   -65.652
    1.500   -65.373
    1.550   -65.252
    1.600   -65.297
    1.650   -65.286
    1.700   -64.876
    1.750   -64.870
    1.800   -64.985
    1.850   -64.844
    1.900   -65.003
    1.950   -64.989
    2.000   -64.756
    2.050   -64.897
    2.100   -65.568
    2.150   -65.885
    2.200   -65.982
    2.250   -65.655
    2.300   -65.698
    2.350   -65.666
    2.400   -65.510
    2.450   -65.709
    2.500   -65.693
    2.550   -65.538
    2.600   -65.430
    2.650   -65.355
    2.700   -65.427
    2.750   -65.543
    2.800   -65.414
    2.850   -65.416
    2.900   -65.348
    2.950   -65.443
    3.000   -65.337
    3.050   -65.363
    3.100   -65.551
    3.150   -65.405
    3.200   -65.133
    3.250   -65.141
    3.300   -65.034
    3.350   -65.271
    3.400   -65.404
    3.450   -65.416
    3.500   -65.505
    3.550   -65.305
    3.600   -65.348
    3.650   -65.211
    3.700   -65.290
    3.750   -65.422
    3.800   -65.507
    3.850   -65.663
    3.900   -65.599
    3.950   -65.720
    4.000   -65.641
    4.050   -65.549
    4.100   -65.371
    4.150   -65.346
    4.200   -65.510
    4.250   -65.584
    4.300   -65.507
    4.350   -65.478
    4.400   -65.506
    4.450   -65.515
    4.500   -65.519
    4.550   -65.586
    4.600   -65.746
    4.650   -65.380
    4.700   -65.397
    4.750   -65.560
    4.800   -65.426
    4.850   -65.700
    4.900   -65.869
    4.950   -65.862
    5.000   -65.684
    5.050   -65.289
    5.100   -65.312
    5.150   -65.247
    5.200   -65.204
    5.250   -65.192
    5.300   -65.079
    5.350   -65.145
    5.400   -64.852
    5.450   -64.885
    5.500   -64.932
    5.550   -64.818
    5.600   -64.924
    5.650   -64.909
    5.700   -65.063
    5.750   -65.050
    5.800   -65.171
    5.850   -65.070
    5.900   -65.032
    5.950   -64.937
    6.000   -64.994
    6.050   -64.723
    6.100   -64.681
    6.150   -64.831
    6.200   -64.608
    6.250   -64.608
    6.300   -64.362
    6.350   -64.256
    6.400   -64.319
    6.450   -64.114
    6.500   -64.182
    6.550   -63.971
    6.600   -64.258
    6.650   -64.349
    6.700   -64.492
    6.750   -64.588
    6.800   -64.494
    6.850   -64.731
    6.900   -64.818
    6.950   -64.670
    7.000   -64.293
    7.050   -64.424
    7.100   -64.242
    7.150   -64.169
    7.200   -64.173
    7.250   -64.215
    7.300   -63.841
    7.350   -63.593
    7.400   -63.689
    7.450   -63.820
    7.500   -64.012
    7.550   -64.060
    7.600   -63.762
    7.650   -63.414
    7.700   -63.461
    7.750   -63.174
    7.800   -63.308
    7.850   -63.094
    7.900   -62.951
    7.950   -62.951
    8.000   -63.002
    8.050   -63.004
    8.100   -62.811
    8.150   -62.528
    8.200   -62.212
    8.250   -62.057
    8.300   -61.891
    8.350   -62.125
    8.400   -61.997
    8.450   -61.994
    8.500   -61.900
    8.550   -61.842
    8.600   -61.761
    8.650   -61.806
    8.700   -61.987
    8.750   -62.184
    8.800   -62.130
    8.850   -62.074
    8.900   -62.192
    8.950   -62.333
    9.000   -62.627
    9.050   -62.393
    9.100   -62.202
    9.150   -62.118
    9.200   -62.164
    9.250   -62.276
    9.300   -62.333
    9.350   -62.424
    9.400   -62.350
    9.450   -62.405
    9.500   -62.202
    9.550   -62.016
    9.600   -62.043
    9.650   -61.913
    9.700   -62.037
    9.750   -62.032
    9.800   -62.132
    9.850   -62.101
    9.900   -61.845
    9.950   -61.627
   10.000   -61.813
   10.050   -61.970
   10.100   -62.035
   10.150   -61.979
   10.200   -62.037
   10.250   -62.246
   10.300   -62.196
   10.350   -62.310
   10.400   -62.492
   10.450   -62.491
   10.500   -62.938
   10.550   -62.839
   10.600   -62.643
   10.650   -62.593
   10.700   -62.492
   10.750   -62.430
   10.800   -62.704
   10.850   -62.561
   10.900   -62.651
   10.950   -62.659
   11.000   -62.396
   11.050   -62.377
   11.100   -62.654
   11.150   -62.448
   11.200   -62.475
   11.250   -62.364
   11.300   -62.421
   11.350   -62.733
   11.400   -62.722
   11.450   -63.023
   11.500   -62.964
   11.550   -62.938
   11.600   -62.963
   11.650   -62.796
   11.700   -62.850
   11.750   -62.823
   11.800   -63.014
   11.850   -63.142
   11.900   -63.199
   11.950   -63.148
   12.000   -62.733
   12.050   -62.448
   12.100   -62.510
   12.150   -62.567
   12.200   -62.502
   12.250   -62.791
   12.300   -62.678
   12.350   -62.455
   12.400   -62.466
   12.450   -62.299
   12.500   -62.272
   12.550   -62.481
   12.600   -62.391
   12.650   -62.260
   12.700   -62.033
   12.750   -61.952
   12.800   -61.873
   12.850   -61.813
   12.900   -61.397
   12.950   -61.247
   13.000   -61.273
   13.050   -61.387
   13.100   -61.412
   13.150   -61.429
   13.200   -61.380
   13.250   -61.529
   13.300   -61.539
   13.350   -61.466
   13.400   -61.424
   13.450   -61.257
   13.500   -61.271
   13.550   -61.210
   13.600   -61.404
   13.650   -61.247
   13.700   -61.306
   13.750   -61.529
   13.800   -61.449
   13.850   -61.608
   13.900   -61.512
   13.950   -61.541
   14.000   -61.453
   14.050   -61.600
   14.100   -61.674
   14.150   -61.497
   14.200   -61.646
   14.250   -61.361
   14.300   -61.025
   14.350   -61.022
   14.400   -60.849
   14.450   -61.163
   14.500   -60.986
   14.550   -61.091
   14.600   -61.152
   14.650   -60.924
   14.700   -60.670
   14.750   -60.547
   14.800   -60.510
   14.850   -60.434
   14.900   -60.132
   14.950   -59.876
   15.000   -60.028
   15.050   -60.027
   15.100   -59.934
   15.150   -59.847
   15.200   -60.035
   15.250   -59.962
   15.300   -59.877
   15.350   -59.572
   15.400   -59.644
   15.450   -59.614
   15.500   -59.767
   15.550   -59.821
   15.600   -59.814
   15.650   -59.859
   15.700   -59.565
   15.750   -59.465
   15.800   -59.486
   15.850   -59.367
   15.900   -59.217
   15.950   -59.092
   16.000   -59.195
   16.050   -59.024
   16.100   -58.968
   16.150   -58.976
   16.200   -58.770
   16.250   -58.597
   16.300   -58.340
   16.350   -58.420
   16.400   -58.343
   16.450   -58.051
   16.500   -58.028
   16.550   -57.906
   16.600   -58.102
   16.650   -58.094
   16.700   -57.970
   16.750   -58.146
   16.800   -57.946
   16.850   -58.087
   16.900   -58.146
   16.950   -58.104
   17.000   -58.310
   17.050   -58.449
   17.100   -58.470
   17.150   -58.489
   17.200   -58.476
   17.250   -58.246
   17.300   -58.295
   17.350   -58.476
   17.400   -58.308
   17.450   -58.115
   17.500   -58.057
   17.550   -57.868
   17.600   -57.866
   17.650   -57.927
   17.700   -58.106
   17.750   -58.039
   17.800   -57.945
   17.850   -57.988
   17.900   -57.908
   17.950   -58.138
   18.000   -58.019
   18.050   -58.206
   18.100   -58.284
   18.150   -57.976
   18.200   -58.010
   18.250   -58.204
   18.300   -58.218
   18.350   -57.907
   18.400   -57.988
   18.450   -57.833
   18.500   -57.751
   18.550   -57.788
   18.600   -57.994
   18.650   -58.210
   18.700   -57.900
   18.750   -57.550
   18.800   -57.546
   18.850   -57.532
   18.900   -57.564
   18.950   -57.207
   19.000   -57.268
   19.050   -57.171
   19.100   -57.099
   19.150   -57.006
   19.200   -57.227
   19.250   -57.069
   19.300   -57.154
   19.350   -57.172
   19.400   -57.145
   19.450   -57.513
   19.500   -57.349
   19.550   -57.340
   19.600   -57.167
   19.650   -57.353
   19.700   -57.336
   19.750   -57.141
   19.800   -57.110
   19.850   -57.117
   19.900   -57.144
   19.950   -57.127
   20.000   -57.318
   20.050   -57.232
   20.100   -57.141
   20.150   -57.011
   20.200   -56.818
   20.250   -56.942
   20.300   -56.811
   20.350   -56.786
   20.400   -56.989
   20.450   -57.317
   20.500   -57.416
   20.550   -57.239
   20.600   -57.243
   20.650   -57.050
   20.700   -57.173
   20.750   -57.453
   20.800   -57.508
   20.850   -57.522
   20.900   -57.512
   20.950   -57.335
   21.000   -57.174
   21.050   -57.154
   21.100   -57.132
   21.150   -56.973
   21.200   -56.686
   21.250   -56.950
   21.300   -57.128
   21.350   -57.007
   21.400   -56.737
   21.450   -56.801
   21.500   -56.932
   21.550   -56.918
   21.600   -56.980
   21.650   -56.991
   21.700   -56.793
   21.750   -56.583
   21.800   -56.467
   21.850   -56.505
   21.900   -56.526
   21.950   -56.424
   22.000   -56.151
   22.050   -56.140
   22.100   -55.982
   22.150   -55.958
   22.200   -55.985
   22.250   -55.788
   22.300   -55.756
   22.350   -55.270
   22.400   -55.446
   22.450   -55.048
   22.500   -55.078
   22.550   -55.330
   22.600   -55.535
   22.650   -55.278
   22.700   -55.235
   22.750   -55.284
   22.800   -55.432
   22.850   -55.214
   22.900   -55.628
   22.950   -55.578
   23.000   -55.626
   23.050   -55.732
   23.100   -55.562
   23.150   -55.637
   23.200   -55.554
   23.250   -55.307
   23.300   -55.301
   23.350   -55.012
   23.400   -54.865
   23.450   -54.702
   23.500   -54.790
   23.550   -54.781
   23.600   -54.780
   23.650   -54.667
   23.700   -54.401
   23.750   -54.247
   23.800   -54.191
   23.850   -53.967
   23.900   -53.980
   23.950   -53.726
   24.000   -53.814
   24.050   -53.594
   24.100   -53.325
   24.150   -53.128
   24.200   -52.819
   24.250   -52.550
   24.300   -52.183
   24.350   -51.442
   24.400   -50.705
   24.450   -49.042
   24.500   -46.076
   24.550   -41.785
   24.600   -36.850
   24.650   -31.270
   24.700   -25.818
   24.750   -20.608
   24.800   -15.853
   24.850   -11.352
   24.900    -7.389
   24.950    -3.748
   25.000    -0.709
   25.050     1.902
   25.100     3.962
   25.150     5.770
   25.200     7.284
   25.250     8.229
   25.300     8.980
   25.350     9.565
   25.400    10.083
   25.450    10.294
   25.500    10.371
   25.550     9.863
   25.600     9.220
   25.650     8.395
   25.700     7.105
   25.750     5.882
   25.800     4.642
   25.850     3.451
   25.900     2.124
   25.950     0.509
   26.000    -1.520
   26.050    -3.597
   26.100    -5.606
   26.150    -7.693
   26.200    -9.523
   26.250   -11.337
   26.300   -13.338
   26.350   -15.242
   26.400   -17.407
   26.450   -19.271
   26.500   -20.959
   26.550   -22.946
   26.600   -24.511
   26.650   -26.446
   26.700   -27.934
   26.750   -29.342
   26.800   -30.857
   26.850   -32.491
   26.900   -34.100
   26.950   -35.272
   27.000   -36.449
   27.050   -37.598
   27.100   -38.554
   27.150   -39.778
   27.200   -40.654
   27.250   -41.619
   27.300   -42.802
   27.350   -43.916
   27.400   -44.611
   27.450   -45.359
   27.500   -45.959
   27.550   -46.619
   27.600   -47.575
   27.650   -48.040
   27.700   -48.393
   27.750   -49.145
   27.800   -49.759
   27.850   -50.066
   27.900   -50.662
   27.950   -51.071
   28.000   -51.720
   28.050   -52.324
   28.100   -52.765
   28.150   -53.058
   28.200   -53.574
   28.250   -54.146
   28.300   -54.431
   28.350   -55.089
   28.400   -55.468
   28.450   -55.418
   28.500   -55.774
   28.550   -56.119
   28.600   -56.485
   28.650   -56.864
   28.700   -57.244
   28.750   -57.696
   28.800   -58.044
   28.850   -58.419
   28.900   -58.969
   28.950   -58.903
   29.000   -58.898
   29.050   -59.257
   29.100   -59.575
   29.150   -59.934
   29.200   -60.355
   29.250   -60.484
   29.300   -60.739
   29.350   -60.539
   29.400   -61.073
   29.450   -61.040
   29.500   -61.251
   29.550   -61.230
   29.600   -61.403
   29.650   -61.361
   29.700   -61.705
   29.750   -62.016
   29.800   -62.055
   29.850   -62.091
   29.900   -62.063
   29.950   -62.488
   30.000   -62.717
   30.050   -63.073
   30.100   -63.293
   30.150   -63.592
   30.200   -63.396
   30.250   -63.596
   30.300   -64.052
   30.350   -64.076
   30.400   -64.117
   30.450   -64.311
   30.500   -64.267
   30.550   -64.514
   30.600   -64.490
   30.650   -64.641
   30.700   -64.834
   30.750   -64.894
   30.800   -64.952
   30.850   -64.950
   30.900   -64.781
   30.950   -64.661
   31.000   -64.758
   31.050   -64.779
   31.100   -64.544
   31.150   -64.529
   31.200   -64.610
   31.250   -64.642
   31.300   -64.646
   31.350   -64.478
   31.400   -64.627
   31.450   -64.352
   31.500   -64.262
   31.550   -64.488
   31.600   -64.482
   31.650   -64.398
   31.700   -64.551
   31.750   -64.461
   31.800   -64.179
   31.850   -63.975
   31.900   -64.048
   31.950   -63.982
   32.000   -63.807
   32.050   -64.015
   32.100   -64.204
   32.150   -64.427
   32.200   -64.575
   32.250   -64.725
   32.300   -64.637
   32.350   -64.633
   32.400   -64.781
   32.450   -65.104
   32.500   -64.914
   32.550   -65.037
   32.600   -65.131
   32.650   -65.309
   32.700   -65.345
   32.750   -65.511
   32.800   -65.860
   32.850   -65.822
   32.900   -65.449
   32.950   -65.501
   33.000   -65.388
   33.050   -65.200
   33.100   -65.375
   33.150   -65.716
   33.200   -65.578
   33.250   -65.660
   33.300   -65.695
   33.350   -65.805
   33.400   -65.709
   33.450   -65.504
   33.500   -65.345
   33.550   -65.249
   33.600   -65.136
   33.650   -65.414
   33.700   -65.427
   33.750   -65.323
   33.800   -65.242
   33.850   -65.149
   33.900   -65.478
   33.950   -65.260
   34.000   -65.168
   34.050   -65.248
   34.100   -65.047
   34.150   -65.019
   34.200   -64.907
   34.250   -64.653
   34.300   -64.634
   34.350   -64.629
   34.400   -64.405
   34.450   -64.539
   34.500   -64.548
   34.550   -64.557
   34.600   -64.464
   34.650   -64.253
   34.700   -64.243
   34.750   -64.340
   34.800   -64.304
   34.850   -64.350
   34.900   -64.654
   34.950   -64.507
   35.000   -64.756
   35.050   -64.670
   35.100   -65.003
   35.150   -64.865
   35.200   -65.107
   35.250   -65.195
   35.300   -65.496
   35.350   -65.389
   35.400   -65.436
   35.450   -65.211
   35.500   -65.068
   35.550   -64.676
   35.600   -64.875
   35.650   -64.959
   35.700   -65.027
   35.750   -64.982
   35.800   -64.706
   35.850   -64.576
   35.900   -64.452
   35.950   -64.491
   36.000   -64.697
   36.050   -64.547
   36.100   -64.633
   36.150   -64.695
   36.200   -64.703
   36.250   -64.845
   36.300   -64.802
   36.350   -64.999
   36.400   -64.734
   36.450   -64.795
   36.500   -64.717
   36.550   -64.859
   36.600   -64.786
   36.650   -64.845
   36.700   -65.011
   36.750   -64.960
   36.800   -64.882
   36.850   -64.913
   36.900   -64.759
   36.950   -64.920
   37.000   -64.847
   37.050   -64.804
   37.100   -65.041
   37.150   -64.959
   37.200   -65.026
   37.250   -64.810
   37.300   -64.859
   37.350   -64.657
   37.400   -64.692
   37.450   -64.461
   37.500   -64.465
   37.550   -64.378
   37.600   -64.513
   37.650   -64.540
   37.700   -64.369
   37.750   -64.151
   37.800   -64.403
   37.850   -64.516
   37.900   -64.423
   37.950   -64.251
   38.000   -64.383
   38.050   -64.379
   38.100   -64.482
   38.150   -64.656
   38.200   -64.617
   38.250   -64.530
   38.300   -64.713
   38.350   -64.455
   38.400   -64.417
   38.450   -64.567
   38.500   -64.489
   38.550   -64.409
   38.600   -64.662
   38.650   -64.836
   38.700   -64.757
   38.750   -64.549
   38.800   -64.412
   38.850   -64.282
   38.900   -64.405
   38.950   -64.647
   39.000   -64.972
   39.050   -65.128
   39.100   -65.014
   39.150   -65.009
   39.200   -65.147
   39.250   -64.922
   39.300   -64.844
   39.350   -64.821
   39.400   -64.632
   39.450   -64.412
   39.500   -64.324
   39.550   -64.291
   39.600   -64.406
   39.650   -64.675
   39.700   -64.540
   39.750   -64.337
   39.800   -64.314
   39.850   -63.981
   39.900   -64.202
   39.950   -64.251
   40.000   -64.225
   40.050   -64.197
   40.100   -64.099
   40.150   -64.055
   40.200   -64.131
   40.250   -64.444
   40.300   -64.466
   40.350   -64.211
   40.400   -64.342
   40.450   -64.085
   40.500   -64.049
   40.550   -64.127
   40.600   -64.067
   40.650   -64.140
   40.700   -63.985
   40.750   -63.938
   40.800   -64.059
   40.850   -63.928
   40.900   -63.556
   40.950   -63.499
   41.000   -63.433
   41.050   -63.553
   41.100   -63.373
   41.150   -63.288
   41.200   -63.333
   41.250   -63.353
   41.300   -63.442
   41.350   -63.533
   41.400   -63.135
   41.450   -62.974
   41.500   -63.001
   41.550   -62.781
   41.600   -62.414
   41.650   -62.284
   41.700   -62.476
   41.750   -62.132
   41.800   -62.275
   41.850   -62.471
   41.900   -62.186
   41.950   -61.647
   42.000   -61.626
   42.050   -61.542
   42.100   -61.619
   42.150   -61.261
   42.200   -61.253
   42.250   -61.098
   42.300   -61.111
   42.350   -61.073
   42.400   -61.064
   42.450   -60.806
   42.500   -60.607
   42.550   -60.430
   42.600   -60.510
   42.650   -60.427
   42.700   -60.290
   42.750   -59.866
   42.800   -59.798
   42.850   -59.891
   42.900   -60.110
   42.950   -60.160
   43.000   -60.139
   43.050   -60.003
   43.100   -59.848
   43.150   -59.981
   43.200   -60.242
   43.250   -59.870
   43.300   -59.795
   43.350   -59.818
   43.400   -59.624
   43.450   -59.453
   43.500   -59.402
   43.550   -59.573
   43.600   -59.507
   43.650   -59.486
   43.700   -59.610
   43.750   -59.644
   43.800   -59.829
   43.850   -59.856
   43.900   -59.872
   43.950   -59.911
   44.000   -59.984
   44.050   -59.791
   44.100   -59.833
   44.150   -60.042
   44.200   -59.718
   44.250   -59.689
   44.300   -59.573
   44.350   -59.630
   44.400   -59.648
   44.450   -59.735
   44.500   -59.292
   44.550   -59.290
   44.600   -58.835
   44.650   -59.034
   44.700   -59.250
   44.750   -59.131
   44.800   -58.736
   44.850   -58.925
   44.900   -58.825
   44.950   -58.730
   45.000   -58.539
   45.050   -58.511
   45.100   -58.544
   45.150   -58.330
   45.200   -58.407
   45.250   -58.497
   45.300   -58.579
   45.350   -58.244
   45.400   -58.235
   45.450   -58.357
   45.500   -58.523
   45.550   -58.578
   45.600   -58.808
   45.650   -58.846
   45.700   -58.863
   45.750   -58.982
   45.800   -58.901
   45.850   -58.816
   45.900   -58.856
   45.950   -58.825
   46.000   -59.016
   46.050   -59.191
   46.100   -58.990
   46.150   -58.949
   46.200   -58.950
   46.250   -59.206
   46.300   -59.351
   46.350   -59.583
   46.400   -59.656
   46.450   -59.387
   46.500   -59.614
   46.550   -59.774
   46.600   -59.933
   46.650   -59.739
   46.700   -59.893
   46.750   -59.960
   46.800   -59.930
   46.850   -59.911
   46.900   -59.798
   46.950   -59.784
   47.000   -59.854
   47.050   -59.746
   47.100   -59.766
   47.150   -59.823
   47.200   -60.124
   47.250   -60.190
   47.300   -59.968
   47.350   -59.883
   47.400   -59.644
   47.450   -59.667
   47.500   -59.428
   47.550   -59.316
   47.600   -59.114
   47.650   -59.086
   47.700   -59.089
   47.750   -59.007
   47.800   -59.219
   47.850   -59.098
   47.900   -59.296
   47.950   -59.220
   48.000   -59.200
   48.050   -58.958
   48.100   -59.142
   48.150   -59.269
   48.200   -59.196
   48.250   -59.113
   48.300   -59.144
   48.350   -58.983
   48.400   -58.805
   48.450   -58.766
   48.500   -58.622
   48.550   -58.599
   48.600   -58.586
   48.650   -59.032
   48.700   -58.936
   48.750   -58.904
   48.800   -58.957
   48.850   -58.892
   48.900   -58.960
   48.950   -58.831
   49.000   -58.698
   49.050   -58.861
   49.100   -58.836
   49.150   -58.797
   49.200   -58.948
   49.250   -58.689
   49.300   -58.579
   49.350   -58.394
   49.400   -58.278
   49.450   -58.326
   49.500   -58.316
   49.550   -58.574
   49.600   -58.800
   49.650   -58.752
   49.700   -58.558
   49.750   -58.552
   49.800   -58.508
   49.850   -58.557
   49.900   -58.317
   49.950   -58.290
   50.000   -58.541
   50.050   -58.851
   50.100   -58.897
   50.150   -58.817
   50.200   -58.816
   50.250   -59.228
   50.300   -59.179
   50.350   -59.195
   50.400   -59.496
   50.450   -59.512
   50.500   -59.402
   50.550   -59.378
   50.600   -59.142
   50.650   -59.158
   50.700   -59.372
   50.750   -59.528
   50.800   -59.501
   50.850   -59.410
   50.900   -59.254
   50.950   -58.921
   51.000   -59.211
   51.050   -59.129
   51.100   -59.159
   51.150   -59.276
   51.200   -59.195
   51.250   -59.127
   51.300   -59.427
   51.350   -59.516
   51.400   -59.522
   51.450   -59.366
   51.500   -59.265
   51.550   -59.319
   51.600   -59.056
   51.650   -59.274
   51.700   -59.352
   51.750   -59.424
   51.800   -59.462
   51.850   -59.551
   51.900   -59.596
   51.950   -59.526
   52.000   -59.409
   52.050   -59.176
   52.100   -59.179
   52.150   -59.336
   52.200   -58.882
   52.250   -58.675
   52.300   -58.245
   52.350   -58.096
   52.400   -58.093
   52.450   -58.330
   52.500   -58.420
   52.550   -58.294
   52.600   -58.420
   52.650   -58.473
   52.700   -58.659
   52.750   -58.549
   52.800   -58.737
   52.850   -58.950
   52.900   -58.822
   52.950   -58.834
   53.000   -58.696
   53.050   -58.718
   53.100   -58.883
   53.150   -58.716
   53.200   -58.945
   53.250   -58.994
   53.300   -59.084
   53.350   -59.018
   53.400   -58.769
   53.450   -58.567
   53.500   -58.497
   53.550   -58.220
   53.600   -58.156
   53.650   -57.976
   53.700   -58.036
   53.750   -58.180
   53.800   -58.569
   53.850   -58.274
   53.900   -58.239
   53.950   -58.114
   54.000   -58.101
   54.050   -58.127
   54.100   -58.057
   54.150   -57.891
   54.200   -57.801
   54.250   -57.613
   54.300   -57.424
   54.350   -57.414
   54.400   -57.523
   54.450   -57.442
   54.500   -57.532
   54.550   -57.364
   54.600   -57.380
   54.650   -57.237
   54.700   -57.120
   54.750   -56.991
   54.800   -56.844
   54.850   -56.772
   54.900   -56.589
   54.950   -56.365
   55.000   -56.466
   55.050   -56.374
   55.100   -56.497
   55.150   -56.614
   55.200   -56.677
   55.250   -56.190
   55.300   -55.944
   55.350   -55.817
   55.400   -55.679
   55.450   -55.635
   55.500   -55.620
   55.550   -55.463
   55.600   -55.610
   55.650   -55.548
   55.700   -55.858
   55.750   -55.589
   55.800   -55.237
   55.850   -55.243
   55.900   -55.264
   55.950   -55.220
   56.000   -55.027
   56.050   -55.156
   56.100   -55.084
   56.150   -55.061
   56.200   -54.522
   56.250   -54.515
   56.300   -54.471
   56.350   -54.350
   56.400   -53.856
   56.450   -53.865
   56.500   -53.785
   56.550   -53.594
   56.600   -53.421
   56.650   -53.220
   56.700   -53.022
   56.750   -52.768
   56.800   -52.415
   56.850   -52.010
   56.900   -51.231
   56.950   -49.985
   57.000   -47.833
   57.050   -44.283
   57.100   -39.227
   57.150   -33.687
   57.200   -28.160
   57.250   -22.957
   57.300   -17.719
   57.350   -13.111
   57.400    -8.991
   57.450    -5.505
   57.500    -2.140
   57.550     0.774
   57.600     3.303
   57.650     5.192
   57.700     7.096
   57.750     8.292
   57.800     9.161
   57.850     9.901
   57.900    10.133
   57.950    10.064
   58.000    10.206
   58.050     9.994
   58.100     9.444
   58.150     8.647
   58.200     7.553
   58.250     6.369
   58.300     5.047
   58.350     3.509
   58.400     2.083
   58.450     0.321
   58.500    -1.225
   58.550    -3.423
   58.600    -5.321
   58.650    -7.524
   58.700    -9.440
   58.750   -11.512
   58.800   -13.653
   58.850   -15.791
   58.900   -17.947
   58.950   -19.878
   59.000   -21.502
   59.050   -23.226
   59.100   -25.132
   59.150   -27.264
   59.200   -28.951
   59.250   -30.460
   59.300   -31.809
   59.350   -33.439
   59.400   -34.470
   59.450   -35.714
   59.500   -36.976
   59.550   -38.120
   59.600   -39.446
   59.650   -40.271
   59.700   -41.365
   59.750   -42.355
   59.800   -43.142
   59.850   -44.234
   59.900   -45.232
   59.950   -45.866
   60.000   -46.718
   60.050   -47.520
   60.100   -48.480
   60.150   -48.964
   60.200   -49.544
   60.250   -50.364
   60.300   -51.209
   60.350   -51.379
   60.400   -51.998
   60.450   -52.428
   60.500   -52.973
   60.550   -53.307
   60.600   -53.665
   60.650   -54.100
   60.700   -54.636
   60.750   -54.937
   60.800   -55.356
   60.850   -55.629
   60.900   -56.307
   60.950   -56.512
   61.000   -56.738
   61.050   -57.248
   61.100   -57.367
   61.150   -57.670
   61.200   -57.933
   61.250   -58.334
   61.300   -58.563
   61.350   -58.891
   61.400   -59.153
   61.450   -59.052
   61.500   -59.289
   61.550   -59.550
   61.600   -59.705
   61.650   -60.057
   61.700   -60.388
   61.750   -60.647
   61.800   -60.899
   61.850   -60.859
   61.900   -61.043
   61.950   -61.236
   62.000   -61.260
   62.050   -61.510
   62.100   -61.575
   62.150   -61.967
   62.200   -62.143
   62.250   -62.175
   62.300   -62.028
   62.350   -62.168
   62.400   -62.445
   62.450   -62.721
   62.500   -62.597
   62.550   -62.643
   62.600   -62.808
   62.650   -62.842
   62.700   -62.791
   62.750   -62.965
   62.800   -63.109
   62.850   -63.125
   62.900   -63.437
   62.950   -63.355
   63.000   -63.403
   63.050   -63.243
   63.100   -63.284
   63.150   -63.194
   63.200   -63.266
   63.250   -63.451
   63.300   -63.499
   63.350   -63.255
   63.400   -63.296
   63.450   -63.690
   63.500   -63.936
   63.550   -63.818
   63.600   -63.744
   63.650   -63.659
   63.700   -63.948
   63.750   -63.913
   63.800   -64.041
   63.850   -64.140
   63.900   -64.135
   63.950   -64.205
   64.000   -64.443
   64.050   -64.454
   64.100   -64.472
   64.150   -64.716
   64.200   -64.753
   64.250   -64.545
   64.300   -64.707
   64.350   -64.400
   64.400   -64.506
   64.450   -64.618
   64.500   -64.586
   64.550   -64.273
   64.600   -64.493
   64.650   -64.517
   64.700   -64.664
   64.750   -64.577
   64.800   -64.629
   64.850   -64.868
   64.900   -64.926
   64.950   -64.878
   65.000   -64.695
   65.050   -64.577
   65.100   -64.327
   65.150   -64.220
   65.200   -64.344
   65.250   -64.439
   65.300   -64.616
   65.350   -64.971
   65.400   -64.744
   65.450   -64.677
   65.500   -64.583
   65.550   -64.748
   65.600   -64.752
   65.650   -64.950
   65.700   -64.960
   65.750   -64.915
   65.800   -64.870
   65.850   -64.937
   65.900   -65.152
   65.950   -65.238
   66.000   -65.579
   66.050   -65.516
   66.100   -65.351
   66.150   -65.155
   66.200   -65.233
   66.250   -65.405
   66.300   -65.293
   66.350   -65.385
   66.400   -65.281
   66.450   -65.426
   66.500   -65.259
   66.550   -65.451
   66.600   -65.186
   66.650   -65.048
   66.700   -64.961
   66.750   -64.764
   66.800   -64.725
   66.850   -64.751
   66.900   -64.565
   66.950   -64.820
   67.000   -64.757
   67.050   -64.716
   67.100   -64.753
   67.150   -64.765
   67.200   -65.147
   67.250   -65.328
   67.300   -65.213
   67.350   -65.209
   67.400   -65.364
   67.450   -65.400
   67.500   -65.682
   67.550   -65.378
   67.600   -65.384
   67.650   -65.270
   67.700   -65.338
   67.750   -65.599
   67.800   -65.623
   67.850   -65.420
   67.900   -65.452
   67.950   -65.411
   68.000   -65.249
   68.050   -64.965
   68.100   -64.934
   68.150   -64.894
   68.200   -64.630
   68.250   -64.411
   68.300   -64.502
   68.350   -64.509
   68.400   -64.408
   68.450   -64.261
   68.500   -64.012
   68.550   -63.776
   68.600   -63.822
   68.650   -63.853
   68.700   -64.168
   68.750   -64.461
   68.800   -64.357
   68.850   -64.554
   68.900   -64.444
   68.950   -64.700
   69.000   -64.762
   69.050   -64.969
   69.100   -64.889
   69.150   -64.576
   69.200   -64.536
   69.250   -64.421
   69.300   -64.496
   69.350   -64.053
   69.400   -63.724
   69.450   -63.187
   69.500   -63.088
   69.550   -62.965
   69.600   -63.080
   69.650   -62.937
   69.700   -62.541
   69.750   -62.624
   69.800   -62.667
   69.850   -62.596
   69.900   -62.938
   69.950   -62.991
   70.000   -62.932
   70.050   -62.764
   70.100   -62.862
   70.150   -62.671
   70.200   -62.656
   70.250   -62.608
   70.300   -62.814
   70.350   -62.905
   70.400   -62.928
   70.450   -62.979
   70.500   -62.959
   70.550   -63.168
   70.600   -63.087
   70.650   -63.397
   70.700   -63.228
   70.750   -62.957
   70.800   -62.974
   70.850   -63.059
   70.900   -62.663
   70.950   -62.520
   71.000   -62.484
   71.050   -62.367
   71.100   -62.214
   71.150   -62.017
   71.200   -62.056
   71.250   -61.998
   71.300   -61.972
   71.350   -61.704
   71.400   -61.614
   71.450   -61.842
   71.500   -61.743
   71.550   -61.528
   71.600   -61.313
   71.650   -61.274
   71.700   -61.154
   71.750   -61.064
   71.800   -61.065
   71.850   -61.018
   71.900   -61.008
   71.950   -61.092
   72.000   -60.840
   72.050   -60.969
   72.100   -60.755
   72.150   -60.554
   72.200   -60.657
   72.250   -60.814
   72.300   -60.813
   72.350   -60.903
   72.400   -60.839
   72.450   -60.560
   72.500   -60.320
   72.550   -60.220
   72.600   -60.237
   72.650   -60.060
   72.700   -60.137
   72.750   -60.228
   72.800   -60.234
   72.850   -60.230
   72.900   -60.011
   72.950   -60.188
   73.000   -60.656
   73.050   -60.848
   73.100   -60.960
   73.150   -60.927
   73.200   -60.777
   73.250   -60.826
   73.300   -60.801
   73.350   -60.991
   73.400   -60.769
   73.450   -60.531
   73.500   -60.431
   73.550   -60.422
   73.600   -60.532
   73.650   -60.283
   73.700   -60.357
   73.750   -60.177
   73.800   -60.207
   73.850   -60.438
   73.900   -60.376
   73.950   -60.180
   74.000   -60.381
   74.050   -60.479
   74.100   -60.213
   74.150   -60.070
   74.200   -60.160
   74.250   -60.195
   74.300   -60.314
   74.350   -60.345
   74.400   -60.367
   74.450   -60.089
   74.500   -60.341
   74.550   -60.193
   74.600   -60.254
   74.650   -60.537
   74.700   -60.384
   74.750   -60.345
   74.800   -60.256
   74.850   -60.372
   74.900   -60.277
   74.950   -60.230
   75.000   -60.397
   75.050   -60.476
   75.100   -60.627
   75.150   -60.447
   75.200   -60.530
   75.250   -60.690
   75.300   -60.233
   75.350   -59.855
   75.400   -59.789
   75.450   -59.463
   75.500   -59.425
   75.550   -59.370
   75.600   -59.233
   75.650   -58.762
   75.700   -58.890
   75.750   -58.914
   75.800   -58.880
   75.850   -59.163
   75.900   -59.347
   75.950   -59.476
   76.000   -59.282
   76.050   -59.268
   76.100   -59.426
   76.150   -59.515
   76.200   -59.398
   76.250   -59.317
   76.300   -59.256
   76.350   -59.092
   76.400   -59.032
   76.450   -58.985
   76.500   -59.082
   76.550   -59.070
   76.600   -59.257
   76.650   -59.080
   76.700   -59.075
   76.750   -58.894
   76.800   -58.610
   76.850   -58.573
   76.900   -58.372
   76.950   -58.262
   77.000   -58.061
   77.050   -57.945
   77.100   -58.278
   77.150   -57.967
   77.200   -57.893
   77.250   -57.972
   77.300   -57.799
   77.350   -57.483
   77.400   -57.406
   77.450   -57.279
   77.500   -57.254
   77.550   -57.221
   77.600   -57.147
   77.650   -57.364
   77.700   -57.371
   77.750   -57.431
   77.800   -57.531
   77.850   -57.618
   77.900   -57.505
   77.950   -57.570
   78.000   -57.338
   78.050   -57.152
   78.100   -56.777
   78.150   -56.537
   78.200   -56.888
   78.250   -56.845
   78.300   -56.922
   78.350   -57.150
   78.400   -56.910
   78.450   -56.909
   78.500   -56.995
   78.550   -57.174
   78.600   -57.654
   78.650   -57.294
   78.700   -57.431
   78.750   -57.402
   78.800   -57.315
   78.850   -57.295
   78.900   -57.420
   78.950   -57.355
   79.000   -57.384
   79.050   -57.456
   79.100   -57.615
   79.150   -57.722
   79.200   -57.687
   79.250   -58.010
   79.300   -58.113
   79.350   -57.937
   79.400   -57.951
   79.450   -57.817
   79.500   -57.859
   79.550   -57.918
   79.600   -57.766
   79.650   -57.697
   79.700   -57.815
   79.750   -57.916
   79.800   -57.826
   79.850   -58.070
   79.900   -58.008
   79.950   -57.966
   80.000   -57.875
   80.050   -58.035
   80.100   -58.213
   80.150   -58.201
   80.200   -58.295
   80.250   -58.339
   80.300   -58.268
   80.350   -57.923
   80.400   -57.871
   80.450   -57.736
   80.500   -57.816
   80.550   -57.694
   80.600   -57.948
   80.650   -58.177
   80.700   -57.902
   80.750   -58.068
   80.800   -57.975
   80.850   -57.903
   80.900   -58.126
   80.950   -58.143
   81.000   -58.316
   81.050   -58.332
   81.100   -58.264
   81.150   -58.249
   81.200   -58.450
   81.250   -58.313
   81.300   -58.335
   81.350   -58.501
   81.400   -58.400
   81.450   -58.579
   81.500   -58.566
   81.550   -58.397
   81.600   -58.481
   81.650   -58.491
   81.700   -58.433
   81.750   -58.373
   81.800   -58.363
   81.850   -58.543
   81.900   -58.366
   81.950   -58.375
   82.000   -58.459
   82.050   -58.647
   82.100   -58.947
   82.150   -58.833
   82.200   -58.882
   82.250   -58.641
   82.300   -58.620
   82.350   -58.499
   82.400   -58.528
   82.450   -58.579
   82.500   -58.332
   82.550   -57.960
   82.600   -57.926
   82.650   -57.825
   82.700   -57.878
   82.750   -57.962
   82.800   -57.942
   82.850   -58.033
   82.900   -57.941
   82.950   -58.128
   83.000   -57.840
   83.050   -57.888
   83.100   -57.662
   83.150   -57.705
   83.200   -57.801
   83.250   -57.726
   83.300   -57.948
   83.350   -57.951
   83.400   -57.664
   83.450   -57.755
   83.500   -57.755
   83.550   -57.718
   83.600   -57.642
   83.650   -57.605
   83.700   -57.201
   83.750   -56.722
   83.800   -56.518
   83.850   -56.646
   83.900   -56.482
   83.950   -56.373
   84.000   -56.559
   84.050   -56.757
   84.100   -56.650
   84.150   -56.656
   84.200   -56.532
   84.250   -56.888
   84.300   -57.140
   84.350   -56.943
   84.400   -57.059
   84.450   -56.611
   84.500   -56.416
   84.550   -56.414
   84.600   -56.181
   84.650   -56.348
   84.700   -56.112
   84.750   -56.176
   84.800   -56.351
   84.850   -56.170
   84.900   -56.314
   84.950   -56.355
   85.000   -56.304
   85.050   -56.741
   85.100   -57.028
   85.150   -57.239
   85.200   -57.154
   85.250   -57.227
   85.300   -57.129
   85.350   -56.963
   85.400   -56.942
   85.450   -57.082
   85.500   -56.754
   85.550   -56.894
   85.600   -56.753
   85.650   -56.761
   85.700   -56.654
   85.750   -56.636
   85.800   -56.391
   85.850   -56.538
   85.900   -56.738
   85.950   -56.812
   86.000   -56.535
   86.050   -56.441
   86.100   -56.437
   86.150   -56.266
   86.200   -56.270
   86.250   -56.216
   86.300   -56.060
   86.350   -56.059
   86.400   -56.044
   86.450   -56.049
   86.500   -56.140
   86.550   -56.128
   86.600   -56.006
   86.650   -55.979
   86.700   -56.053
   86.750   -55.998
   86.800   -55.996
   86.850   -55.864
   86.900   -55.871
   86.950   -55.721
   87.000   -55.963
   87.050   -56.303
   87.100   -55.685
   87.150   -55.711
   87.200   -56.298
   87.250   -56.368
   87.300   -56.471
   87.350   -56.351
   87.400   -56.373
   87.450   -56.524
   87.500   -56.404
   87.550   -56.618
   87.600   -56.769
   87.650   -56.600
   87.700   -56.544
   87.750   -56.517
   87.800   -56.574
   87.850   -56.662
   87.900   -56.395
   87.950   -56.434
   88.000   -56.562
   88.050   -56.721
   88.100   -56.674
   88.150   -56.684
   88.200   -56.603
   88.250   -56.395
   88.300   -56.530
   88.350   -56.635
   88.400   -56.644
   88.450   -56.711
   88.500   -56.812
   88.550   -57.078
   88.600   -56.912
   88.650   -56.643
   88.700   -56.795
   88.750   -56.871
   88.800   -56.848
   88.850   -56.804
   88.900   -56.802
   88.950   -57.008
   89.000   -57.199
   89.050   -57.069
   89.100   -57.057
   89.150   -57.072
   89.200   -57.349
   89.250   -57.433
   89.300   -58.061
   89.350   -58.114
   89.400   -58.036
   89.450   -58.098
   89.500   -58.262
   89.550   -58.044
   89.600   -58.071
   89.650   -57.809
   89.700   -57.720
   89.750   -57.645
   89.800   -57.574
   89.850   -57.664
   89.900   -57.733
   89.950   -57.741
   90.000   -57.511
   90.050   -57.537
   90.100   -57.596
   90.150   -57.569
   90.200   -57.064
   90.250   -57.047
   90.300   -57.186
   90.350   -57.067
   90.400   -57.079
   90.450   -57.001
   90.500   -56.832
   90.550   -57.025
   90.600   -57.233
   90.650   -56.872
   90.700   -56.955
   90.750   -56.876
   90.800   -56.866
   90.850   -56.755
   90.900   -56.651
   90.950   -56.344
   91.000   -56.282
   91.050   -56.387
   91.100   -56.333
   91.150   -56.432
   91.200   -56.529
   91.250   -56.206
   91.300   -56.421
   91.350   -56.521
   91.400   -56.692
   91.450   -56.863
   91.500   -57.034
   91.550   -57.205
   91.600   -57.441
   91.650   -57.352
   91.700   -57.545
   91.750   -57.612
   91.800   -57.365
   91.850   -57.228
   91.900   -57.023
   91.950   -56.915
   92.000   -57.224
   92.050   -57.085
   92.100   -56.822
   92.150   -56.817
   92.200   -56.563
   92.250   -56.505
   92.300   -56.377
   92.350   -56.210
   92.400   -56.184
   92.450   -56.119
   92.500   -56.098
   92.550   -56.141
   92.600   -55.984
   92.650   -56.030
   92.700   -55.758
   92.750   -55.949
   92.800   -55.892
   92.850   -55.742
   92.900   -55.726
   92.950   -55.905
   93.000   -56.132
   93.050   -55.893
   93.100   -55.641
   93.150   -55.858
   93.200   -56.004
   93.250   -56.266
   93.300   -56.355
   93.350   -56.367
   93.400   -56.104
   93.450   -55.862
   93.500   -56.121
   93.550   -55.996
   93.600   -56.187
   93.650   -56.110
   93.700   -56.360
   93.750   -56.200
   93.800   -56.120
   93.850   -56.182
   93.900   -56.052
   93.950   -55.945
   94.000   -55.833
   94.050   -55.748
   94.100   -55.471
   94.150   -55.388
   94.200   -55.413
   94.250   -55.297
   94.300   -55.379
   94.350   -55.654
   94.400   -55.823
   94.450   -55.891
   94.500   -55.866
   94.550   -55.903
   94.600   -55.638
   94.650   -55.463
   94.700   -55.310
   94.750   -55.162
   94.800   -55.456
   94.850   -55.320
   94.900   -55.183
   94.950   -55.476
   95.000   -55.534
   95.050   -55.422
   95.100   -55.507
   95.150   -55.352
   95.200   -55.274
   95.250   -55.186
   95.300   -54.924
   95.350   -54.696
   95.400   -54.915
   95.450   -54.758
   95.500   -54.430
   95.550   -54.207
   95.600   -54.141
   95.650   -54.005
   95.700   -53.922
   95.750   -53.885
   95.800   -53.663
   95.850   -53.433
   95.900   -53.321
   95.950   -52.848
   96.000   -52.600
   96.050   -52.281
   96.100   -51.481
   96.150   -50.727
   96.200   -49.268
   96.250   -46.314
   96.300   -42.268
   96.350   -37.397
   96.400   -31.850
   96.450   -26.271
   96.500   -21.105
   96.550   -16.185
   96.600   -11.888
   96.650    -7.855
   96.700    -4.358
   96.750    -1.037
   96.800     1.767
   96.850     3.966
   96.900     6.052
   96.950     7.319
   97.000     8.640
   97.050     9.755
   97.100    10.346
   97.150    10.644
   97.200    10.716
   97.250    10.563
   97.300    10.444
   97.350    10.057
   97.400     9.262
   97.450     8.228
   97.500     7.264
   97.550     5.861
   97.600     4.022
   97.650     2.233
   97.700     0.368
   97.750    -1.197
   97.800    -2.801
   97.850    -4.617
   97.900    -6.790
   97.950    -8.927
   98.000   -11.130
   98.050   -12.755
   98.100   -14.765
   98.150   -16.428
   98.200   -17.994
   98.250   -19.724
   98.300   -21.531
   98.350   -23.491
   98.400   -24.846
   98.450   -26.309
   98.500   -27.847
   98.550   -29.368
   98.600   -30.741
   98.650   -32.102
   98.700   -33.151
   98.750   -34.346
   98.800   -35.417
   98.850   -36.512
   98.900   -37.273
   98.950   -38.539
   99.000   -39.427
   99.050   -40.276
   99.100   -41.401
   99.150   -42.161
   99.200   -43.325
   99.250   -44.051
   99.300   -44.811
   99.350   -45.611
   99.400   -46.368
   99.450   -46.928
   99.500   -47.648
   99.550   -48.258
   99.600   -48.652
   99.650   -49.528
   99.700   -50.061
   99.750   -50.608
   99.800   -51.143
   99.850   -51.525
   99.900   -51.717
   99.950   -52.278
  100.000   -52.424
  100.050   -52.819
  100.100   -53.185
  100.150   -53.813
  100.200   -54.125
  100.250   -54.568
  100.300   -54.903
  100.350   -55.280
  100.400   -55.621
  100.450   -55.641
  100.500   -56.152
  100.550   -56.317
  100.600   -56.700
  100.650   -57.098
  100.700   -57.511
  100.750   -57.792
  100.800   -58.175
  100.850   -58.317
  100.900   -58.647
  100.950   -58.991
  101.000   -59.018
  101.050   -59.122
  101.100   -59.007
  101.150   -59.070
  101.200   -59.394
  101.250   -59.607
  101.300   -59.779
  101.350   -59.912
  101.400   -59.830
  101.450   -59.917
  101.500   -59.918
  101.550   -60.327
  101.600   -60.532
  101.650   -60.702
  101.700   -60.890
  101.750   -61.048
  101.800   -61.223
  101.850   -61.129
  101.900   -61.365
  101.950   -61.287
  102.000   -61.433
  102.050   -61.761
  102.100   -61.997
  102.150   -62.331
  102.200   -62.550
  102.250   -62.260
  102.300   -62.329
  102.350   -62.391
  102.400   -62.661
  102.450   -62.728
  102.500   -62.906
  102.550   -62.687
  102.600   -62.601
  102.650   -62.636
  102.700   -62.465
  102.750   -62.561
  102.800   -62.352
  102.850   -62.194
  102.900   -62.026
  102.950   -62.133
  103.000   -62.139
  103.050   -62.272
  103.100   -62.493
  103.150   -62.476
  103.200   -62.755
  103.250   -63.019
  103.300   -62.898
  103.350   -62.734
  103.400   -62.580
  103.450   -62.881
  103.500   -62.817
  103.550   -62.765
  103.600   -62.429
  103.650   -62.418
  103.700   -62.071
  103.750   -62.095
  103.800   -62.241
  103.850   -62.275
  103.900   -62.311
  103.950   -62.030
  104.000   -61.916
  104.050   -61.426
  104.100   -61.333
  104.150   -61.221
  104.200   -61.360
  104.250   -61.324
  104.300   -61.464
  104.350   -61.577
  104.400   -61.937
  104.450   -61.803
  104.500   -61.977
  104.550   -61.862
  104.600   -62.127
  104.650   -62.292
  104.700   -62.240
  104.750   -62.299
  104.800   -62.267
  104.850   -62.321
  104.900   -62.413
  104.950   -62.505
  105.000   -62.415
  105.050   -62.380
  105.100   -62.153
  105.150   -62.128
  105.200   -62.047
  105.250   -62.150
  105.300   -62.233
  105.350   -62.254
  105.400   -62.327
  105.450   -62.288
  105.500   -62.177
  105.550   -62.330
  105.600   -62.131
  105.650   -62.144
  105.700   -62.356
  105.750   -62.240
  105.800   -62.191
  105.850   -61.830
  105.900   -61.430
  105.950   -61.501
  106.000   -61.431
  106.050   -61.216
  106.100   -61.159
  106.150   -61.167
  106.200   -61.078
  106.250   -61.286
  106.300   -61.426
  106.350   -61.419
  106.400   -61.283
  106.450   -60.954
  106.500   -61.014
  106.550   -60.683
  106.600   -60.706
  106.650   -60.760
  106.700   -60.853
  106.750   -61.232
  106.800   -61.377
  106.850   -61.615
  106.900   -61.622
  106.950   -61.650
  107.000   -61.870
  107.050   -61.627
  107.100   -61.441
  107.150   -61.630
  107.200   -61.275
  107.250   -61.287
  107.300   -61.279
  107.350   -61.500
  107.400   -61.643
  107.450   -61.341
  107.500   -61.400
  107.550   -61.329
  107.600   -61.508
  107.650   -61.356
  107.700   -61.411
  107.750   -61.505
  107.800   -61.830
  107.850   -61.845
  107.900   -61.917
  107.950   -61.967
  108.000   -61.815
  108.050   -61.895
  108.100   -61.670
  108.150   -61.836
  108.200   -61.986
  108.250   -61.813
  108.300   -61.871
  108.350   -61.761
  108.400   -61.913
  108.450   -61.987
  108.500   -61.953
  108.550   -62.224
  108.600   -62.477
  108.650   -62.049
  108.700   -62.174
  108.750   -62.026
  108.800   -61.720
  108.850   -61.649
  108.900   -61.827
  108.950   -61.989
  109.000   -62.125
  109.050   -62.284
  109.100   -62.205
  109.150   -61.890
  109.200   -62.172
  109.250   -62.328
  109.300   -62.377
  109.350   -62.539
  109.400   -62.664
  109.450   -62.719
  109.500   -62.564
  109.550   -62.420
  109.600   -62.627
  109.650   -62.750
  109.700   -62.866
  109.750   -62.797
  109.800   -62.948
  109.850   -62.840
  109.900   -62.679
  109.950   -62.636
  110.000   -62.504
  110.050   -62.540
  110.100   -62.385
  110.150   -62.363
  110.200   -62.393
  110.250   -62.384
  110.300   -62.188
  110.350   -62.014
  110.400   -61.869
  110.450   -61.818
  110.500   -61.873
  110.550   -61.870
  110.600   -61.970
  110.650   -61.741
  110.700   -61.928
  110.750   -61.810
  110.800   -61.681
  110.850   -61.721
  110.900   -61.855
  110.950   -62.284
  111.000   -61.901
  111.050   -61.971
  111.100   -62.025
  111.150   -62.094
  111.200   -62.232
  111.250   -62.251
  111.300   -62.537
  111.350   -62.584
  111.400   -62.402
  111.450   -62.320
  111.500   -62.431
  111.550   -62.560
  111.600   -62.502
  111.650   -62.402
  111.700   -62.271
  111.750   -62.044
  111.800   -62.214
  111.850   -62.141
  111.900   -62.036
  111.950   -61.907
  112.000   -62.008
  112.050   -61.834
  112.100   -61.924
  112.150   -61.956
  112.200   -62.141
  112.250   -62.062
  112.300   -61.800
  112.350   -61.742
  112.400   -61.943
  112.450   -62.052
  112.500   -62.291
  112.550   -62.118
  112.600   -62.128
  112.650   -62.119
  112.700   -62.149
  112.750   -62.221
  112.800   -62.109
  112.850   -62.130
  112.900   -62.118
  112.950   -62.008
  113.000   -62.064
  113.050   -62.173
  113.100   -62.146
  113.150   -62.188
  113.200   -62.297
  113.250   -62.343
  113.300   -62.106
  113.350   -61.925
  113.400   -61.899
  113.450   -61.929
  113.500   -62.343
  113.550   -62.228
  113.600   -62.259
  113.650   -62.306
  113.700   -62.520
  113.750   -62.460
  113.800   -62.534
  113.850   -62.642
  113.900   -62.944
  113.950   -63.214
  114.000   -63.129
  114.050   -62.860
  114.100   -62.394
  114.150   -62.503
  114.200   -62.222
  114.250   -62.263
  114.300   -62.391
  114.350   -62.220
  114.400   -62.223
  114.450   -62.030
  114.500   -61.882
  114.550   -61.819
  114.600   -61.887
  114.650   -61.843
  114.700   -61.849
  114.750   -61.893
  114.800   -62.227
  114.850   -62.346
  114.900   -62.122
  114.950   -61.948
  115.000   -61.648
  115.050   -61.950
  115.100   -61.916
  115.150   -62.176
  115.200   -62.326
  115.250   -62.276
  115.300   -62.089
  115.350   -62.079
  115.400   -61.951
  115.450   -61.804
  115.500   -61.662
  115.550   -61.532
  115.600   -61.695
  115.650   -61.628
  115.700   -61.481
  115.750   -61.715
  115.800   -61.658
  115.850   -61.459
  115.900   -61.587
  115.950   -61.614
  116.000   -61.650
  116.050   -61.623
  116.100   -61.833
  116.150   -62.057
  116.200   -62.250
  116.250   -62.608
  116.300   -62.524
  116.350   -62.632
  116.400   -62.727
  116.450   -62.677
  116.500   -62.528
  116.550   -62.472
  116.600   -62.459
  116.650   -62.425
  116.700   -62.486
  116.750   -62.193
  116.800   -62.285
  116.850   -62.271
  116.900   -62.454
  116.950   -62.322
  117.000   -62.441
  117.050   -62.338
  117.100   -61.990
  117.150   -62.005
  117.200   -62.142
  117.250   -61.984
  117.300   -61.811
  117.350   -61.691
  117.400   -61.688
  117.450   -61.735
  117.500   -61.911
  117.550   -61.402
  117.600   -61.086
  117.650   -60.982
  117.700   -61.201
  117.750   -61.111
  117.800   -61.323
  117.850   -61.326
  117.900   -61.515
  117.950   -61.418
  118.000   -61.381
  118.050   -61.376
  118.100   -61.711
  118.150   -61.370
  118.200   -61.241
  118.250   -61.256
  118.300   -61.316
  118.350   -61.425
  118.400   -61.339
  118.450   -61.342
  118.500   -61.320
  118.550   -61.081
  118.600   -61.200
  118.650   -61.277
  118.700   -61.344
  118.750   -60.923
  118.800   -60.934
  118.850   -60.964
  118.900   -61.157
  118.950   -61.187
  119.000   -61.324
  119.050   -61.235
  119.100   -61.280
  119.150   -61.280
  119.200   -60.928
  119.250   -60.843
  119.300   -60.683
  119.350   -60.693
  119.400   -60.294
  119.450   -60.319
  119.500   -60.511
  119.550   -59.947
  119.600   -59.786
  119.650   -59.830
  119.700   -59.957
  119.750   -59.755
  119.800   -59.710
  119.850   -59.781
  119.900   -59.574
  119.950   -59.709
  120.000   -59.914
  120.050   -59.772
  120.100   -59.814
  120.150   -59.668
  120.200   -59.678
  120.250   -59.593
  120.300   -59.515
  120.350   -59.673
  120.400   -59.869
  120.450   -59.942
  120.500   -60.060
  120.550   -60.075
  120.600   -60.284
  120.650   -60.456
  120.700   -60.607
  120.750   -60.849
  120.800   -60.772
  120.850   -60.509
  120.900   -60.712
  120.950   -60.690
  121.000   -60.482
  121.050   -60.419
  121.100   -60.527
  121.150   -60.448
  121.200   -60.118
  121.250   -60.194
  121.300   -60.258
  121.350   -60.364
  121.400   -60.537
  121.450   -60.765
  121.500   -60.963
  121.550   -60.883
  121.600   -60.922
  121.650   -60.567
  121.700   -60.598
  121.750   -60.645
  121.800   -60.527
  121.850   -60.534
  121.900   -60.507
  121.950   -60.477
  122.000   -60.265
  122.050   -60.268
  122.100   -59.936
  122.150   -59.940
  122.200   -60.104
  122.250   -60.170
  122.300   -60.503
  122.350   -60.676
  122.400   -60.941
  122.450   -60.862
  122.500   -60.615
  122.550   -60.595
  122.600   -60.549
  122.650   -60.786
  122.700   -60.884
  122.750   -61.267
  122.800   -61.198
  122.850   -61.299
  122.900   -61.585
  122.950   -61.444
  123.000   -61.129
  123.050   -61.122
  123.100   -60.985
  123.150   -60.947
  123.200   -60.801
  123.250   -60.960
  123.300   -60.846
  123.350   -61.043
  123.400   -61.233
  123.450   -61.318
  123.500   -61.376
  123.550   -61.075
  123.600   -61.100
  123.650   -60.935
  123.700   -61.030
  123.750   -61.332
  123.800   -61.387
  123.850   -61.060
  123.900   -61.216
  123.950   -61.292
  124.000   -61.357
  124.050   -61.419
  124.100   -61.465
  124.150   -61.426
  124.200   -61.500
  124.250   -61.388
  124.300   -61.661
  124.350   -61.758
  124.400   -61.282
  124.450   -61.405
  124.500   -61.421
  124.550   -61.326
  124.600   -61.145
  124.650   -61.042
  124.700   -61.017
  124.750   -60.967
  124.800   -60.877
  124.850   -61.213
  124.900   -61.176
  124.950   -61.019
  125.000   -60.945
  125.050   -60.917
  125.100   -60.997
  125.150   -61.157
  125.200   -60.917
  125.250   -61.057
  125.300   -61.098
  125.350   -61.188
  125.400   -60.974
  125.450   -60.787
  125.500   -61.064
  125.550   -60.730
  125.600   -60.716
  125.650   -60.781
  125.700   -60.973
  125.750   -60.976
  125.800   -60.871
  125.850   -60.531
  125.900   -60.418
  125.950   -60.408
  126.000   -60.091
  126.050   -59.902
  126.100   -59.592
  126.150   -59.358
  126.200   -59.259
  126.250   -59.101
  126.300   -59.252
  126.350   -59.221
  126.400   -58.951
  126.450   -58.827
  126.500   -58.692
  126.550   -58.698
  126.600   -58.690
  126.650   -58.821
  126.700   -58.728
  126.750   -58.844
  126.800   -59.010
  126.850   -58.778
  126.900   -58.654
  126.950   -58.533
  127.000   -58.697
  127.050   -58.512
  127.100   -58.572
  127.150   -58.368
  127.200   -58.352
  127.250   -58.311
  127.300   -58.433
  127.350   -58.591
  127.400   -58.325
  127.450   -58.381
  127.500   -58.079
  127.550   -58.238
  127.600   -58.346
  127.650   -58.493
  127.700   -58.456
  127.750   -58.511
  127.800   -58.576
  127.850   -58.539
  127.900   -58.639
  127.950   -58.453
  128.000   -58.543
  128.050   -58.894
  128.100   -58.977
  128.150   -58.647
  128.200   -58.516
  128.250   -58.422
  128.300   -58.497
  128.350   -58.638
  128.400   -58.767
  128.450   -58.613
  128.500   -58.809
  128.550   -58.478
  128.600   -58.411
  128.650   -58.314
  128.700   -58.392
  128.750   -58.230
  128.800   -58.036
  128.850   -57.931
  128.900   -57.962
  128.950   -57.684
  129.000   -57.791
  129.050   -57.668
  129.100   -57.810
  129.150   -57.994
  129.200   -58.158
  129.250   -57.989
  129.300   -58.021
  129.350   -58.093
  129.400   -58.024
  129.450   -57.998
  129.500   -58.214
  129.550   -58.260
  129.600   -58.347
  129.650   -58.334
  129.700   -58.056
  129.750   -58.056
  129.800   -57.915
  129.850   -57.584
  129.900   -57.838
  129.950   -58.014
  130.000   -58.193
  130.050   -58.031
  130.100   -58.039
  130.150   -58.044
  130.200   -58.032
  130.250   -57.906
  130.300   -57.953
  130.350   -58.092
  130.400   -58.300
  130.450   -58.223
  130.500   -58.118
  130.550   -58.099
  130.600   -57.961
  130.650   -57.934
  130.700   -57.852
  130.750   -57.691
  130.800   -57.506
  130.850   -57.681
  130.900   -57.572
  130.950   -57.512
  131.000   -57.269
  131.050   -57.382
  131.100   -57.418
  131.150   -57.282
  131.200   -57.255
  131.250   -57.652
  131.300   -57.735
  131.350   -57.770
  131.400   -57.776
  131.450   -57.840
  131.500   -57.866
  131.550   -57.723
  131.600   -57.886
  131.650   -57.607
  131.700   -57.634
  131.750   -57.565
  131.800   -57.772
  131.850   -57.721
  131.900   -57.680
  131.950   -57.488
  132.000   -57.496
  132.050   -57.703
  132.100   -57.871
  132.150   -57.852
  132.200   -57.771
  132.250   -57.690
  132.300   -57.488
  132.350   -57.514
  132.400   -57.512
  132.450   -57.403
  132.500   -57.369
  132.550   -57.259
  132.600   -57.048
  132.650   -56.978
  132.700   -56.922
  132.750   -56.758
  132.800   -56.863
  132.850   -56.957
  132.900   -56.915
  132.950   -56.953
  133.000   -57.014
  133.050   -57.114
  133.100   -56.921
  133.150   -57.135
  133.200   -57.187
  133.250   -56.935
  133.300   -56.541
  133.350   -56.594
  133.400   -56.667
  133.450   -56.560
  133.500   -56.708
  133.550   -56.647
  133.600   -56.939
  133.650   -57.150
  133.700   -57.319
  133.750   -57.464
  133.800   -57.444
  133.850   -57.595
  133.900   -57.741
  133.950   -57.799
  134.000   -57.934
  134.050   -57.695
  134.100   -57.484
  134.150   -57.402
  134.200   -57.481
  134.250   -57.474
  134.300   -56.949
  134.350   -57.023
  134.400   -56.984
  134.450   -56.822
  134.500   -56.673
  134.550   -56.870
  134.600   -56.495
  134.650   -56.635
  134.700   -56.395
  134.750   -56.108
  134.800   -56.184
  134.850   -55.947
  134.900   -55.970
  134.950   -55.911
  135.000   -55.861
  135.050   -55.821
  135.100   -55.863
  135.150   -55.710
  135.200   -55.633
  135.250   -55.770
  135.300   -55.602
  135.350   -55.474
  135.400   -55.618
  135.450   -55.565
  135.500   -55.605
  135.550   -55.788
  135.600   -55.560
  135.650   -55.438
  135.700   -55.484
  135.750   -55.732
  135.800   -55.876
  135.850   -56.104
  135.900   -56.275
  135.950   -56.119
  136.000   -56.119
  136.050   -56.192
  136.100   -56.164
  136.150   -56.021
  136.200   -56.130
  136.250   -56.061
  136.300   -56.036
  136.350   -55.939
  136.400   -56.034
  136.450   -55.899
  136.500   -55.766
  136.550   -55.815
  136.600   -55.689
  136.650   -55.716
  136.700   -55.653
  136.750   -55.716
  136.800   -55.777
  136.850   -55.771
  136.900   -55.587
  136.950   -55.482
  137.000   -55.418
  137.050   -55.419
  137.100   -55.541
  137.150   -55.503
  137.200   -55.278
  137.250   -55.089
  137.300   -55.130
  137.350   -54.961
  137.400   -54.746
  137.450   -54.625
  137.500   -54.413
  137.550   -54.354
  137.600   -54.201
  137.650   -53.928
  137.700   -54.062
  137.750   -54.208
  137.800   -53.975
  137.850   -53.959
  137.900   -53.878
  137.950   -53.631
  138.000   -53.261
  138.050   -52.907
  138.100   -52.524
  138.150   -51.867
  138.200   -51.538
  138.250   -50.530
  138.300   -48.841
  138.350   -45.931
  138.400   -41.748
  138.450   -36.468
  138.500   -31.228
  138.550   -25.792
  138.600   -20.554
  138.650   -15.553
  138.700   -11.231
  138.750    -7.333
  138.800    -3.831
  138.850    -0.633
  138.900     1.911
  138.950     4.235
  139.000     6.051
  139.050     7.507
  139.100     8.960
  139.150     9.807
  139.200    10.411
  139.250    10.537
  139.300    10.484
  139.350    10.539
  139.400    10.038
  139.450     9.555
  139.500     8.829
  139.550     8.014
  139.600     6.932
  139.650     5.568
  139.700     4.083
  139.750     2.608
  139.800     0.922
  139.850    -0.833
  139.900    -2.634
  139.950    -4.658
  140.000    -6.943
  140.050    -8.939
  140.100   -10.950
  140.150   -12.836
  140.200   -15.028
  140.250   -16.971
  140.300   -18.950
  140.350   -20.998
  140.400   -22.616
  140.450   -24.416
  140.500   -25.834
  140.550   -27.560
  140.600   -29.102
  140.650   -30.571
  140.700   -31.858
  140.750   -33.328
  140.800   -34.597
  140.850   -35.925
  140.900   -37.079
  140.950   -38.188
  141.000   -39.227
  141.050   -40.188
  141.100   -41.057
  141.150   -42.078
  141.200   -43.183
  141.250   -43.898
  141.300   -44.787
  141.350   -45.989
  141.400   -46.450
  141.450   -47.279
  141.500   -48.162
  141.550   -48.834
  141.600   -49.528
  141.650   -49.964
  141.700   -50.350
  141.750   -51.114
  141.800   -51.426
  141.850   -52.006
  141.900   -52.482
  141.950   -52.779
  142.000   -53.440
  142.050   -53.916
  142.100   -54.036
  142.150   -54.219
  142.200   -54.613
  142.250   -54.850
  142.300   -55.312
  142.350   -55.453
  142.400   -55.961
  142.450   -56.219
  142.500   -56.530
  142.550   -57.042
  142.600   -57.434
  142.650   -57.818
  142.700   -58.113
  142.750   -58.275
  142.800   -58.658
  142.850   -59.157
  142.900   -59.392
  142.950   -59.680
  143.000   -59.837
  143.050   -60.042
  143.100   -60.264
  143.150   -60.329
  143.200   -60.541
  143.250   -60.583
  143.300   -60.949
  143.350   -61.075
  143.400   -61.378
  143.450   -61.270
  143.500   -61.755
  143.550   -61.818
  143.600   -61.806
  143.650   -61.713
  143.700   -61.733
  143.750   -61.897
  143.800   -62.088
  143.850   -62.149
  143.900   -62.000
  143.950   -62.221
  144.000   -62.295
  144.050   -62.531
  144.100   -62.786
  144.150   -62.800
  144.200   -62.956
  144.250   -62.814
  144.300   -62.844
  144.350   -62.829
  144.400   -62.976
  144.450   -63.132
  144.500   -63.204
  144.550   -63.530
  144.600   -63.594
  144.650   -63.557
  144.700   -63.785
  144.750   -63.811
  144.800   -64.105
  144.850   -64.335
  144.900   -64.219
  144.950   -64.004
  145.000   -63.838
  145.050   -63.530
  145.100   -63.595
  145.150   -63.492
  145.200   -63.356
  145.250   -63.551
  145.300   -63.477
  145.350   -63.552
  145.400   -63.903
  145.450   -63.513
  145.500   -63.332
  145.550   -63.337
  145.600   -63.148
  145.650   -63.421
  145.700   -63.568
  145.750   -63.446
  145.800   -63.654
  145.850   -63.581
  145.900   -63.606
  145.950   -63.630
  146.000   -63.230
  146.050   -63.271
  146.100   -63.446
  146.150   -63.190
  146.200   -63.085
  146.250   -63.344
  146.300   -63.191
  146.350   -63.121
  146.400   -63.102
  146.450   -63.145
  146.500   -63.354
  146.550   -63.023
  146.600   -63.256
  146.650   -63.139
  146.700   -63.056
  146.750   -62.934
  146.800   -63.163
  146.850   -63.268
  146.900   -63.196
  146.950   -63.232
  147.000   -63.264
  147.050   -63.341
  147.100   -63.143
  147.150   -63.194
  147.200   -63.323
  147.250   -63.229
  147.300   -63.311
  147.350   -63.234
  147.400   -63.104
  147.450   -63.112
  147.500   -63.280
  147.550   -63.283
  147.600   -63.234
  147.650   -63.063
  147.700   -63.047
  147.750   -63.112
  147.800   -62.999
  147.850   -63.001
  147.900   -63.086
  147.950   -62.880
  148.000   -62.548
  148.050   -62.589
  148.100   -62.564
  148.150   -62.524
  148.200   -62.508
  148.250   -62.068
  148.300   -61.758
  148.350   -61.624
  148.400   -61.920
  148.450   -61.905
  148.500   -62.125
  148.550   -62.112
  148.600   -62.072
  148.650   -61.962
  148.700   -62.040
  148.750   -61.970
  148.800   -62.025
  148.850   -61.956
  148.900   -62.055
  148.950   -61.975
  149.000   -62.102
  149.050   -61.810
  149.100   -61.702
  149.150   -61.791
  149.200   -61.745
  149.250   -61.697
  149.300   -61.445
  149.350   -61.229
  149.400   -61.369
  149.450   -61.576
  149.500   -61.761
  149.550   -61.867
  149.600   -61.807
  149.650   -61.735
  149.700   -61.566
  149.750   -61.369
  149.800   -61.424
  149.850   -61.520
  149.900   -61.319
  149.950   -61.241
  150.000   -61.256
  150.050   -61.273
  150.100   -61.508
  150.150   -61.532
  150.200   -61.705
  150.250   -61.435
  150.300   -61.496
  150.350   -61.367
  150.400   -61.397
  150.450   -61.541
  150.500   -61.378
  150.550   -61.538
  150.600   -61.520
  150.650   -61.377
  150.700   -61.412
  150.750   -61.651
  150.800   -61.831
  150.850   -61.863
  150.900   -61.951
  150.950   -62.040
  151.000   -61.987
  151.050   -61.860
  151.100   -61.672
  151.150   -61.673
  151.200   -61.751
  151.250   -61.734
  151.300   -61.666
  151.350   -61.582
  151.400   -61.744
  151.450   -61.611
  151.500   -61.478
  151.550   -61.236
  151.600   -61.178
  151.650   -60.902
  151.700   -60.818
  151.750   -60.697
  151.800   -60.903
  151.850   -60.832
  151.900   -60.818
  151.950   -60.967
  152.000   -60.843
  152.050   -60.536
  152.100   -60.242
  152.150   -60.073
  152.200   -59.740
  152.250   -59.560
  152.300   -59.558
  152.350   -59.523
  152.400   -59.515
  152.450   -59.468
  152.500   -59.358
  152.550   -59.246
  152.600   -59.198
  152.650   -59.222
  152.700   -59.417
  152.750   -59.239
  152.800   -59.067
  152.850   -59.352
  152.900   -59.254
  152.950   -59.492
  153.000   -59.450
  153.050   -59.394
  153.100   -59.570
  153.150   -59.208
  153.200   -59.427
  153.250   -59.239
  153.300   -59.138
  153.350   -59.076
  153.400   -59.249
  153.450   -59.488
  153.500   -59.374
  153.550   -59.142
  153.600   -59.066
  153.650   -59.177
  153.700   -58.976
  153.750   -59.040
  153.800   -58.824
  153.850   -58.686
  153.900   -58.747
  153.950   -58.999
  154.000   -58.875
  154.050   -59.033
  154.100   -58.902
  154.150   -58.953
  154.200   -58.956
  154.250   -59.008
  154.300   -59.019
  154.350   -59.017
  154.400   -58.841
  154.450   -58.924
  154.500   -58.998
  154.550   -59.270
  154.600   -59.361
  154.650   -59.395
  154.700   -59.226
  154.750   -59.240
  154.800   -59.307
  154.850   -59.058
  154.900   -59.089
  154.950   -59.124
  155.000   -58.877
  155.050   -58.898
  155.100   -58.905
  155.150   -59.019
  155.200   -58.968
  155.250   -58.813
  155.300   -58.461
  155.350   -58.515
  155.400   -58.415
  155.450   -58.368
  155.500   -58.336
  155.550   -58.349
  155.600   -58.202
  155.650   -57.997
  155.700   -58.114
  155.750   -58.235
  155.800   -58.116
  155.850   -58.360
  155.900   -58.431
  155.950   -58.409
  156.000   -58.582
  156.050   -58.510
  156.100   -58.358
  156.150   -58.422
  156.200   -58.568
  156.250   -58.746
  156.300   -58.683
  156.350   -58.461
  156.400   -58.565
  156.450   -58.737
  156.500   -58.690
  156.550   -58.489
  156.600   -58.203
  156.650   -58.140
  156.700   -57.952
  156.750   -58.266
  156.800   -58.201
  156.850   -58.359
  156.900   -58.156
  156.950   -58.156
  157.000   -57.643
  157.050   -57.524
  157.100   -57.429
  157.150   -57.595
  157.200   -57.531
  157.250   -57.587
  157.300   -57.676
  157.350   -57.545
  157.400   -57.620
  157.450   -57.556
  157.500   -57.198
  157.550   -57.129
  157.600   -57.132
  157.650   -57.301
  157.700   -56.938
  157.750   -56.934
  157.800   -57.025
  157.850   -57.165
  157.900   -57.341
  157.950   -57.691
  158.000   -57.954
  158.050   -58.011
  158.100   -57.957
  158.150   -57.810
  158.200   -57.617
  158.250   -57.686
  158.300   -57.446
  158.350   -57.322
  158.400   -57.407
  158.450   -57.475
  158.500   -57.326
  158.550   -57.391
  158.600   -57.148
  158.650   -57.164
  158.700   -57.295
  158.750   -57.059
  158.800   -57.234
  158.850   -57.315
  158.900   -57.465
  158.950   -57.270
  159.000   -56.910
  159.050   -56.723
  159.100   -56.740
  159.150   -57.079
  159.200   -56.829
  159.250   -57.014
  159.300   -56.942
  159.350   -56.514
  159.400   -56.504
  159.450   -56.728
  159.500   -56.531
  159.550   -56.746
  159.600   -56.707
  159.650   -56.781
  159.700   -56.780
  159.750   -56.914
  159.800   -57.004
  159.850   -56.552
  159.900   -56.993
  159.950   -56.949
  160.000   -56.919
  160.050   -57.257
  160.100   -57.402
  160.150   -57.374
  160.200   -57.361
  160.250   -57.583
  160.300   -57.384
  160.350   -57.236
  160.400   -57.016
  160.450   -56.987
  160.500   -56.773
  160.550   -57.219
  160.600   -57.237
  160.650   -57.223
  160.700   -57.153
  160.750   -57.196
  160.800   -57.192
  160.850   -57.276
  160.900   -57.533
  160.950   -57.339
  161.000   -57.428
  161.050   -57.277
  161.100   -57.459
  161.150   -57.467
  161.200   -57.246
  161.250   -57.531
  161.300   -57.622
  161.350   -57.561
  161.400   -57.767
  161.450   -57.594
  161.500   -57.531
  161.550   -57.504
  161.600   -57.259
  161.650   -57.177
  161.700   -57.101
  161.750   -57.079
  161.800   -57.085
  161.850   -57.302
  161.900   -57.349
  161.950   -57.121
  162.000   -56.939
  162.050   -56.322
  162.100   -56.513
  162.150   -56.389
  162.200   -56.457
  162.250   -56.394
  162.300   -56.500
  162.350   -56.179
  162.400   -56.127
  162.450   -55.948
  162.500   -55.814
  162.550   -55.881
  162.600   -55.941
  162.650   -56.086
  162.700   -55.840
  162.750   -55.880
  162.800   -55.663
  162.850   -55.450
  162.900   -55.247
  162.950   -55.135
  163.000   -54.960
  163.050   -54.909
  163.100   -55.100
  163.150   -55.170
  163.200   -55.278
  163.250   -55.218
  163.300   -55.216
  163.350   -55.024
  163.400   -55.052
  163.450   -54.965
  163.500   -54.643
  163.550   -54.533
  163.600   -54.180
  163.650   -54.044
  163.700   -53.976
  163.750   -54.137
  163.800   -53.755
  163.850   -53.745
  163.900   -53.598
  163.950   -53.067
  164.000   -52.758
  164.050   -52.373
  164.100   -52.005
  164.150   -51.552
  164.200   -50.573
  164.250   -48.951
  164.300   -45.469
  164.350   -40.786
  164.400   -35.508
  164.450   -30.070
  164.500   -24.721
  164.550   -19.569
  164.600   -14.772
  164.650   -10.491
  164.700    -6.597
  164.750    -3.410
  164.800    -0.446
  164.850     2.126
  164.900     4.329
  164.950     6.212
  165.000     7.637
  165.050     8.865
  165.100     9.380
  165.150    10.137
  165.200    10.609
  165.250    10.332
  165.300    10.057
  165.350     9.508
  165.400     8.702
  165.450     7.664
  165.500     6.514
  165.550     5.324
  165.600     3.700
  165.650     2.314
  165.700     0.508
  165.750    -1.144
  165.800    -3.329
  165.850    -5.422
  165.900    -7.467
  165.950    -9.730
  166.000   -11.581
  166.050   -13.780
  166.100   -15.743
  166.150   -17.696
  166.200   -19.679
  166.250   -21.573
  166.300   -23.218
  166.350   -24.792
  166.400   -26.325
  166.450   -27.684
  166.500   -29.134
  166.550   -30.532
  166.600   -31.832
  166.650   -32.863
  166.700   -34.306
  166.750   -35.452
  166.800   -36.795
  166.850   -38.161
  166.900   -38.952
  166.950   -39.915
  167.000   -41.117
  167.050   -42.041
  167.100   -42.975
  167.150   -43.819
  167.200   -44.549
  167.250   -45.258
  167.300   -45.816
  167.350   -46.552
  167.400   -47.587
  167.450   -48.190
  167.500   -48.930
  167.550   -49.449
  167.600   -49.852
  167.650   -50.161
  167.700   -50.762
  167.750   -51.468
  167.800   -52.181
  167.850   -52.431
  167.900   -53.153
  167.950   -53.744
  168.000   -54.190
  168.050   -54.556
  168.100   -54.562
  168.150   -55.026
  168.200   -55.318
  168.250   -55.802
  168.300   -56.067
  168.350   -56.475
  168.400   -57.068
  168.450   -57.510
  168.500   -57.610
  168.550   -57.667
  168.600   -57.890
  168.650   -58.164
  168.700   -58.564
  168.750   -58.710
  168.800   -58.822
  168.850   -59.324
  168.900   -59.424
  168.950   -59.667
  169.000   -59.704
  169.050   -59.907
  169.100   -59.975
  169.150   -60.284
  169.200   -60.341
  169.250   -60.590
  169.300   -60.882
  169.350   -60.808
  169.400   -60.907
  169.450   -61.104
  169.500   -61.205
  169.550   -61.163
  169.600   -61.403
  169.650   -61.165
  169.700   -60.983
  169.750   -61.252
  169.800   -61.576
  169.850   -61.564
  169.900   -61.664
  169.950   -61.738
  170.000   -61.612
  170.050   -61.506
  170.100   -61.676
  170.150   -61.999
  170.200   -62.191
  170.250   -62.364
  170.300   -62.431
  170.350   -62.423
  170.400   -62.415
  170.450   -62.851
  170.500   -62.891
  170.550   -63.024
  170.600   -63.161
  170.650   -63.554
  170.700   -63.663
  170.750   -63.457
  170.800   -63.685
  170.850   -63.629
  170.900   -63.747
  170.950   -63.787
  171.000   -63.723
  171.050   -63.853
  171.100   -63.963
  171.150   -64.127
  171.200   -64.046
  171.250   -63.881
  171.300   -64.137
  171.350   -64.169
  171.400   -64.104
  171.450   -64.357
  171.500   -64.546
  171.550   -64.578
  171.600   -64.684
  171.650   -64.411
  171.700   -64.542
  171.750   -64.742
  171.800   -64.781
  171.850   -64.603
  171.900   -64.849
  171.950   -64.746
  172.000   -64.752
  172.050   -64.589
  172.100   -64.706
  172.150   -64.925
  172.200   -65.126
  172.250   -65.094
  172.300   -65.322
  172.350   -65.146
  172.400   -64.865
  172.450   -64.874
  172.500   -64.945
  172.550   -64.968
  172.600   -64.935
  172.650   -64.993
  172.700   -64.864
  172.750   -64.793
  172.800   -64.564
  172.850   -64.421
  172.900   -64.500
  172.950   -64.441
  173.000   -64.514
  173.050   -64.553
  173.100   -64.285
  173.150   -63.829
  173.200   -63.883
  173.250   -64.093
  173.300   -64.315
  173.350   -64.317
  173.400   -64.324
  173.450   -64.093
  173.500   -64.130
  173.550   -64.226
  173.600   -64.081
  173.650   -64.228
  173.700   -64.416
  173.750   -64.243
  173.800   -64.394
  173.850   -64.122
  173.900   -64.040
  173.950   -64.142
  174.000   -64.166
  174.050   -64.050
  174.100   -64.082
  174.150   -64.010
  174.200   -64.093
  174.250   -64.167
  174.300   -64.223
  174.350   -63.990
  174.400   -64.094
  174.450   -63.967
  174.500   -63.984
  174.550   -64.056
  174.600   -64.014
  174.650   -63.603
  174.700   -63.388
  174.750   -63.446
  174.800   -63.555
  174.850   -63.498
  174.900   -63.452
  174.950   -63.481
  175.000   -63.388
  175.050   -63.396
  175.100   -63.159
  175.150   -63.290
  175.200   -63.649
  175.250   -64.017
  175.300   -63.859
  175.350   -63.746
  175.400   -63.794
  175.450   -63.488
  175.500   -63.547
  175.550   -63.445
  175.600   -63.234
  175.650   -62.984
  175.700   -62.730
  175.750   -62.665
  175.800   -62.556
  175.850   -62.438
  175.900   -62.391
  175.950   -62.505
  176.000   -62.343
  176.050   -62.123
  176.100   -61.889
  176.150   -61.858
  176.200   -62.104
  176.250   -62.246
  176.300   -62.345
  176.350   -62.243
  176.400   -62.223
  176.450   -62.156
  176.500   -61.976
  176.550   -61.918
  176.600   -61.743
  176.650   -61.771
  176.700   -62.010
  176.750   -61.877
  176.800   -61.979
  176.850   -62.075
  176.900   -61.929
  176.950   -62.022
  177.000   -62.129
  177.050   -61.959
  177.100   -62.050
  177.150   -62.008
  177.200   -61.674
  177.250   -61.567
  177.300   -61.528
  177.350   -61.672
  177.400   -61.522
  177.450   -61.430
  177.500   -61.651
  177.550   -61.734
  177.600   -61.280
  177.650   -61.181
  177.700   -61.168
  177.750   -61.241
  177.800   -61.300
  177.850   -61.019
  177.900   -61.074
  177.950   -60.925
  178.000   -60.913
  178.050   -60.866
  178.100   -60.929
  178.150   -61.032
  178.200   -60.886
  178.250   -60.718
  178.300   -61.135
  178.350   -61.195
  178.400   -61.522
  178.450   -61.407
  178.500   -61.248
  178.550   -61.168
  178.600   -61.035
  178.650   -61.090
  178.700   -61.099
  178.750   -60.738
  178.800   -60.916
  178.850   -60.890
  178.900   -61.011
  178.950   -61.179
  179.000   -61.079
  179.050   -61.051
  179.100   -61.013
  179.150   -61.028
  179.200   -60.928
  179.250   -61.133
  179.300   -61.127
  179.350   -61.048
  179.400   -60.981
  179.450   -60.851
  179.500   -60.830
  179.550   -60.561
  179.600   -60.710
  179.650   -60.423
  179.700   -60.609
  179.750   -60.483
  179.800   -60.422
  179.850   -60.673
  179.900   -60.591
  179.950   -60.693
  180.000   -60.637
  180.050   -60.977
  180.100   -60.972
  180.150   -61.239
  180.200   -61.014
  180.250   -61.191
  180.300   -61.085
  180.350   -60.978
  180.400   -61.319
  180.450   -61.280
  180.500   -61.216
  180.550   -61.268
  180.600   -61.462
  180.650   -61.504
  180.700   -61.761
  180.750   -61.863
  180.800   -61.811
  180.850   -61.927
  180.900   -61.883
  180.950   -61.636
  181.000   -61.531
  181.050   -61.622
  181.100   -61.710
  181.150   -61.459
  181.200   -61.493
  181.250   -61.510
  181.300   -61.158
  181.350   -60.998
  181.400   -60.961
  181.450   -60.912
  181.500   -60.900
  181.550   -60.883
  181.600   -60.924
  181.650   -60.710
  181.700   -60.761
  181.750   -60.757
  181.800   -60.738
  181.850   -60.486
  181.900   -60.362
  181.950   -60.259
  182.000   -60.108
  182.050   -60.048
  182.100   -59.854
  182.150   -59.782
  182.200   -59.790
  182.250   -60.127
  182.300   -60.128
  182.350   -60.023
  182.400   -60.015
  182.450   -60.366
  182.500   -60.472
  182.550   -60.560
  182.600   -60.438
  182.650   -60.274
  182.700   -60.675
  182.750   -60.691
  182.800   -60.758
  182.850   -60.910
  182.900   -60.821
  182.950   -60.918
  183.000   -60.945
  183.050   -60.891
  183.100   -61.177
  183.150   -61.105
  183.200   -61.219
  183.250   -61.294
  183.300   -61.217
  183.350   -61.201
  183.400   -61.264
  183.450   -61.259
  183.500   -61.163
  183.550   -61.364
  183.600   -61.403
  183.650   -61.197
  183.700   -61.099
  183.750   -61.157
  183.800   -61.278
  183.850   -61.308
  183.900   -61.283
  183.950   -61.265
  184.000   -61.246
  184.050   -61.044
  184.100   -60.906
  184.150   -60.732
  184.200   -60.447
  184.250   -60.082
  184.300   -60.220
  184.350   -60.387
  184.400   -60.352
  184.450   -60.500
  184.500   -60.362
  184.550   -60.259
  184.600   -60.466
  184.650   -60.551
  184.700   -60.851
  184.750   -61.339
  184.800   -61.182
  184.850   -61.500
  184.900   -61.655
  184.950   -61.421
  185.000   -61.425
  185.050   -61.225
  185.100   -61.156
  185.150   -61.240
  185.200   -61.114
  185.250   -60.926
  185.300   -60.705
  185.350   -60.706
  185.400   -60.757
  185.450   -60.904
  185.500   -60.822
  185.550   -60.600
  185.600   -60.506
  185.650   -60.322
  185.700   -60.133
  185.750   -60.320
  185.800   -60.379
  185.850   -60.537
  185.900   -60.699
  185.950   -60.769
  186.000   -60.820
  186.050   -60.853
  186.100   -61.070
  186.150   -61.214
  186.200   -61.248
  186.250   -61.206
  186.300   -61.157
  186.350   -60.967
  186.400   -61.009
  186.450   -61.171
  186.500   -60.768
  186.550   -60.661
  186.600   -60.515
  186.650   -60.577
  186.700   -60.632
  186.750   -60.960
  186.800   -61.002
  186.850   -60.813
  186.900   -60.847
  186.950   -60.959
  187.000   -60.786
  187.050   -60.642
  187.100   -60.634
  187.150   -60.449
  187.200   -60.223
  187.250   -60.183
  187.300   -60.257
  187.350   -60.172
  187.400   -60.231
  187.450   -60.026
  187.500   -59.996
  187.550   -59.892
  187.600   -59.798
  187.650   -59.925
  187.700   -59.891
  187.750   -59.841
  187.800   -59.710
  187.850   -59.930
  187.900   -59.778
  187.950   -59.984
  188.000   -59.799
  188.050   -59.976
  188.100   -59.983
  188.150   -59.831
  188.200   -59.954
  188.250   -59.781
  188.300   -59.851
  188.350   -59.791
  188.400   -59.777
  188.450   -59.947
  188.500   -59.868
  188.550   -59.826
  188.600   -60.091
  188.650   -59.980
  188.700   -59.979
  188.750   -59.969
  188.800   -59.944
  188.850   -59.740
  188.900   -59.692
  188.950   -59.667
  189.000   -59.764
  189.050   -59.796
  189.100   -59.764
  189.150   -59.798
  189.200   -59.782
  189.250   -59.885
  189.300   -59.999
  189.350   -60.045
  189.400   -60.022
  189.450   -59.994
  189.500   -59.951
  189.550   -59.737
  189.600   -59.683
  189.650   -59.636
  189.700   -59.467
  189.750   -59.423
  189.800   -59.478
  189.850   -59.387
  189.900   -59.488
  189.950   -59.244
  190.000   -59.411
  190.050   -59.396
  190.100   -59.218
  190.150   -59.222
  190.200   -59.295
  190.250   -59.068
  190.300   -59.471
  190.350   -59.595
  190.400   -59.584
  190.450   -59.550
  190.500   -59.786
  190.550   -59.749
  190.600   -59.723
  190.650   -59.583
  190.700   -59.588
  190.750   -59.383
  190.800   -59.592
  190.850   -59.573
  190.900   -59.544
  190.950   -59.740
  191.000   -59.591
  191.050   -59.537
  191.100   -59.723
  191.150   -59.641
  191.200   -59.437
  191.250   -59.963
  191.300   -59.823
  191.350   -59.995
  191.400   -59.860
  191.450   -59.930
  191.500   -60.132
  191.550   -60.375
  191.600   -60.336
  191.650   -60.532
  191.700   -60.378
  191.750   -60.180
  191.800   -60.151
  191.850   -60.232
  191.900   -60.159
  191.950   -59.928
  192.000   -59.728
  192.050   -60.063
  192.100   -60.227
  192.150   -60.336
  192.200   -60.413
  192.250   -60.567
  192.300   -60.579
  192.350   -60.333
  192.400   -60.078
  192.450   -59.975
  192.500   -59.596
  192.550   -59.687
  192.600   -59.711
  192.650   -59.829
  192.700   -59.663
  192.750   -59.655
  192.800   -59.432
  192.850   -59.387
  192.900   -59.365
  192.950   -59.422
  193.000   -59.306
  193.050   -59.233
  193.100   -59.107
  193.150   -58.981
  193.200   -59.279
  193.250   -59.332
  193.300   -59.424
  193.350   -59.595
  193.400   -59.693
  193.450   -59.709
  193.500   -59.721
  193.550   -59.992
  193.600   -60.141
  193.650   -60.123
  193.700   -60.327
  193.750   -60.328
  193.800   -60.336
  193.850   -60.116
  193.900   -59.972
  193.950   -59.941
  194.000   -59.877
  194.050   -59.878
  194.100   -59.846
  194.150   -59.909
  194.200   -59.837
  194.250   -59.705
  194.300   -59.771
  194.350   -59.844
  194.400   -59.815
  194.450   -60.128
  194.500   -60.120
  194.550   -60.127
  194.600   -59.803
  194.650   -59.649
  194.700   -59.280
  194.750   -59.362
  194.800   -59.530
  194.850   -59.276
  194.900   -59.270
  194.950   -59.289
  195.000   -59.122
  195.050   -59.024
  195.100   -58.834
  195.150   -59.017
  195.200   -58.863
  195.250   -58.837
  195.300   -59.014
  195.350   -58.898
  195.400   -58.785
  195.450   -58.863
  195.500   -58.753
  195.550   -58.690
  195.600   -59.248
  195.650   -59.450
  195.700   -59.580
  195.750   -59.513
  195.800   -59.707
  195.850   -59.469
  195.900   -59.672
  195.950   -59.704
  196.000   -59.502
  196.050   -59.540
  196.100   -59.437
  196.150   -59.368
  196.200   -59.194
  196.250   -59.048
  196.300   -58.969
  196.350   -58.850
  196.400   -59.094
  196.450   -58.840
  196.500   -58.934
  196.550   -59.234
  196.600   -59.369
  196.650   -59.394
  196.700   -59.520
  196.750   -59.710
  196.800   -59.601
  196.850   -59.693
  196.900   -59.466
  196.950   -59.361
  197.000   -59.255
  197.050   -59.122
  197.100   -59.287
  197.150   -59.370
  197.200   -59.358
  197.250   -59.426
  197.300   -59.127
  197.350   -58.800
  197.400   -58.833
  197.450   -58.632
  197.500   -58.599
  197.550   -58.412
  197.600   -58.706
  197.650   -58.584
  197.700   -58.353
  197.750   -58.087
  197.800   -57.860
  197.850   -57.685
  197.900   -57.508
  197.950   -57.371
  198.000   -57.277
  198.050   -56.766
  198.100   -56.442
  198.150   -56.282
  198.200   -56.192
  198.250   -56.171
  198.300   -56.164
  198.350   -56.102
  198.400   -56.197
  198.450   -55.867
  198.500   -56.105
  198.550   -56.163
  198.600   -55.944
  198.650   -55.819
  198.700   -55.620
  198.750   -55.994
  198.800   -56.220
  198.850   -56.183
  198.900   -56.425
  198.950   -56.281
  199.000   -56.633
  199.050   -56.624
  199.100   -56.221
  199.150   -56.200
  199.200   -56.139
  199.250   -55.884
  199.300   -55.954
  199.350   -55.923
  199.400   -55.798
  199.450   -56.061
  199.500   -56.064
  199.550   -56.234
  199.600   -56.381
  199.650   -56.270
  199.700   -56.429
  199.750   -56.436
  199.800   -56.493
  199.850   -56.143
  199.900   -56.085
  199.950   -55.908
  200.000   -55.882
  200.050   -55.881
  200.100   -55.798
  200.150   -55.763
  200.200   -55.759
  200.250   -55.386
  200.300   -55.142
  200.350   -55.104
  200.400   -55.145
  200.450   -55.045
  200.500   -55.150
  200.550   -55.179
  200.600   -54.957
  200.650   -54.764
  200.700   -54.638
  200.750   -54.522
  200.800   -54.552
  200.850   -54.465
  200.900   -54.268
  200.950   -54.307
  201.000   -54.355
  201.050   -54.240
  201.100   -54.095
  201.150   -53.966
  201.200   -54.008
  201.250   -53.701
  201.300   -53.263
  201.350   -52.980
  201.400   -52.621
  201.450   -52.235
  201.500   -51.788
  201.550   -50.996
  201.600   -49.704
  201.650   -47.153
  201.700   -43.359
  201.750   -38.706
  201.800   -33.126
  201.850   -27.805
  201.900   -22.518
  201.950   -17.807
  202.000   -13.187
  202.050    -9.389
  202.100    -5.650
  202.150    -2.309
  202.200     0.518
  202.250     3.118
  202.300     5.219
  202.350     6.976
  202.400     8.287
  202.450     9.259
  202.500     9.847
  202.550    10.305
  202.600    10.616
  202.650    10.451
  202.700    10.500
  202.750     9.855
  202.800     9.090
  202.850     8.327
  202.900     7.192
  202.950     5.720
  203.000     4.363
  203.050     2.898
  203.100     1.081
  203.150    -0.636
  203.200    -2.615
  203.250    -4.871
  203.300    -6.716
  203.350    -8.761
  203.400   -11.132
  203.450   -13.079
  203.500   -15.338
  203.550   -17.350
  203.600   -19.130
  203.650   -21.018
  203.700   -23.073
  203.750   -24.989
  203.800   -26.751
  203.850   -28.513
  203.900   -30.052
  203.950   -31.429
  204.000   -32.999
  204.050   -34.333
  204.100   -35.588
  204.150   -36.767
  204.200   -38.259
  204.250   -39.267
  204.300   -40.463
  204.350   -41.399
  204.400   -42.503
  204.450   -43.768
  204.500   -44.264
  204.550   -44.916
  204.600   -45.813
  204.650   -46.766
  204.700   -47.617
  204.750   -48.338
  204.800   -48.889
  204.850   -49.725
  204.900   -50.160
  204.950   -50.910
  205.000   -51.399
  205.050   -51.921
  205.100   -52.500
  205.150   -52.879
  205.200   -53.412
  205.250   -53.954
  205.300   -54.292
  205.350   -54.691
  205.400   -54.918
  205.450   -55.506
  205.500   -55.515
  205.550   -55.803
  205.600   -56.045
  205.650   -56.308
  205.700   -56.698
  205.750   -56.977
  205.800   -57.237
  205.850   -57.610
  205.900   -58.041
  205.950   -58.302
  206.000   -58.438
  206.050   -58.407
  206.100   -58.659
  206.150   -58.489
  206.200   -58.159
  206.250   -58.291
  206.300   -58.286
  206.350   -58.488
  206.400   -58.621
  206.450   -58.749
  206.500   -58.642
  206.550   -59.081
  206.600   -59.225
  206.650   -59.291
  206.700   -59.501
  206.750   -59.747
  206.800   -59.854
  206.850   -60.006
  206.900   -60.152
  206.950   -60.281
  207.000   -60.381
  207.050   -60.472
  207.100   -60.718
  207.150   -60.622
  207.200   -60.238
  207.250   -60.242
  207.300   -60.568
  207.350   -60.352
  207.400   -60.238
  207.450   -60.325
  207.500   -60.254
  207.550   -60.502
  207.600   -60.577
  207.650   -60.814
  207.700   -60.920
  207.750   -60.864
  207.800   -61.018
  207.850   -60.841
  207.900   -60.710
  207.950   -61.043
  208.000   -61.031
  208.050   -61.156
  208.100   -61.218
  208.150   -61.558
  208.200   -61.732
  208.250   -61.459
  208.300   -61.484
  208.350   -61.049
  208.400   -61.154
  208.450   -61.431
  208.500   -61.628
  208.550   -61.813
  208.600   -61.887
  208.650   -61.936
  208.700   -62.147
  208.750   -62.294
  208.800   -62.281
  208.850   -62.180
  208.900   -62.543
  208.950   -62.438
  209.000   -62.580
  209.050   -62.665
  209.100   -62.820
  209.150   -63.096
  209.200   -63.096
  209.250   -63.119
  209.300   -63.262
  209.350   -63.255
  209.400   -63.196
  209.450   -63.294
  209.500   -63.165
  209.550   -63.044
  209.600   -63.252
  209.650   -63.223
  209.700   -62.881
  209.750   -63.016
  209.800   -63.001
  209.850   -62.823
  209.900   -62.765
  209.950   -62.752
  210.000   -63.064
  210.050   -63.175
  210.100   -62.993
  210.150   -62.972
  210.200   -63.075
  210.250   -63.081
  210.300   -63.192
  210.350   -63.079
  210.400   -63.347
  210.450   -63.335
  210.500   -63.799
  210.550   -63.775
  210.600   -63.748
  210.650   -63.272
  210.700   -63.568
  210.750   -63.795
  210.800   -63.819
  210.850   -63.687
  210.900   -64.010
  210.950   -64.206
  211.000   -64.542
  211.050   -64.264
  211.100   -64.131
  211.150   -63.979
  211.200   -64.133
  211.250   -63.686
  211.300   -63.758
  211.350   -63.711
  211.400   -63.990
  211.450   -63.948
  211.500   -63.776
  211.550   -63.521
  211.600   -64.098
  211.650   -63.893
  211.700   -63.796
  211.750   -63.967
  211.800   -64.066
  211.850   -64.123
  211.900   -63.985
  211.950   -63.946
  212.000   -63.739
  212.050   -63.756
  212.100   -63.913
  212.150   -63.985
  212.200   -64.136
  212.250   -64.065
  212.300   -63.963
  212.350   -63.785
  212.400   -63.771
  212.450   -63.853
  212.500   -63.595
  212.550   -63.635
  212.600   -63.465
  212.650   -63.471
  212.700   -63.211
  212.750   -63.199
  212.800   -63.116
  212.850   -63.151
  212.900   -63.244
  212.950   -63.040
  213.000   -62.913
  213.050   -62.471
  213.100   -62.527
  213.150   -62.738
  213.200   -62.789
  213.250   -62.532
  213.300   -62.557
  213.350   -62.357
  213.400   -62.275
  213.450   -62.061
  213.500   -62.101
  213.550   -62.306
  213.600   -62.408
  213.650   -62.357
  213.700   -62.273
  213.750   -62.198
  213.800   -62.085
  213.850   -61.962
  213.900   -62.187
  213.950   -62.085
  214.000   -62.118
  214.050   -62.031
  214.100   -61.885
  214.150   -61.983
  214.200   -62.126
  214.250   -62.258
  214.300   -62.188
  214.350   -62.241
  214.400   -62.238
  214.450   -62.274
  214.500   -62.435
  214.550   -62.574
  214.600   -62.541
  214.650   -62.533
  214.700   -62.751
  214.750   -62.679
  214.800   -62.477
  214.850   -62.397
  214.900   -62.596
  214.950   -62.182
  215.000   -62.238
  215.050   -62.252
  215.100   -62.196
  215.150   -62.310
  215.200   -62.156
  215.250   -62.395
  215.300   -62.376
  215.350   -62.682
  215.400   -62.606
  215.450   -62.573
  215.500   -62.453
  215.550   -62.339
  215.600   -62.317
  215.650   -62.339
  215.700   -62.217
  215.750   -62.205
  215.800   -62.187
  215.850   -62.137
  215.900   -62.161
  215.950   -61.911
  216.000   -61.897
  216.050   -61.848
  216.100   -61.809
  216.150   -61.720
  216.200   -61.818
  216.250   -61.990
  216.300   -61.934
  216.350   -61.886
  216.400   -61.721
  216.450   -61.667
  216.500   -61.674
  216.550   -61.876
  216.600   -61.853
  216.650   -61.802
  216.700   -61.747
  216.750   -61.535
  216.800   -61.586
  216.850   -61.599
  216.900   -61.496
  216.950   -61.402
  217.000   -61.421
  217.050   -61.721
  217.100   -61.597
  217.150   -61.464
  217.200   -61.418
  217.250   -61.311
  217.300   -61.387
  217.350   -61.233
  217.400   -61.188
  217.450   -61.019
  217.500   -61.357
  217.550   -61.386
  217.600   -61.448
  217.650   -61.648
  217.700   -61.707
  217.750   -61.796
  217.800   -62.005
  217.850   -62.047
  217.900   -62.252
  217.950   -62.126
  218.000   -62.037
  218.050   -62.103
  218.100   -62.276
  218.150   -61.933
  218.200   -62.058
  218.250   -61.912
  218.300   -62.038
  218.350   -61.977
  218.400   -61.897
  218.450   -61.727
  218.500   -61.589
  218.550   -61.420
  218.600   -61.287
  218.650   -61.430
  218.700   -61.719
  218.750   -61.665
  218.800   -61.794
  218.850   -61.813
  218.900   -61.732
  218.950   -61.835
  219.000   -61.686
  219.050   -61.433
  219.100   -61.304
  219.150   -61.248
  219.200   -60.865
  219.250   -60.771
  219.300   -60.976
  219.350   -61.029
  219.400   -60.893
  219.450   -61.102
  219.500   -61.038
  219.550   -60.937
  219.600   -60.935
  219.650   -60.949
  219.700   -60.955
  219.750   -61.324
  219.800   -61.121
  219.850   -61.238
  219.900   -61.094
  219.950   -61.000
