    0.050   -64.927
    0.100   -64.854
    0.150   -65.059
    0.200   -64.940
    0.250   -64.769
    0.300   -64.746
    0.350   -64.625
    0.400   -64.434
    0.450   -64.312
    0.500   -64.507
    0.550   -64.333
    0.600   -64.539
    0.650   -64.591
    0.700   -64.483
    0.750   -64.174
    0.800   -64.112
    0.850   -64.199
    0.900   -63.956
    0.950   -64.002
    1.000   -63.858
    1.050   -64.015
    1.100   -64.018
    1.150   -63.950
    1.200   -63.851
    1.250   -63.880
    1.300   -63.911
    1.350   -63.881
    1.400   -63.926
    1.450   -64.081
    1.500   -64.281
    1.550   -64.455
    1.600   -64.615
    1.650   -64.752
    1.700   -64.554
    1.750   -64.596
    1.800   -64.846
    1.850   -64.692
    1.900   -64.544
    1.950   -64.642
    2.000   -64.595
    2.050   -64.456
    2.100   -64.299
    2.150   -64.360
    2.200   -64.314
    2.250   -64.630
    2.300   -64.634
    2.350   -64.354
    2.400   -64.426
    2.450   -64.471
    2.500   -64.777
    2.550   -65.032
    2.600   -65.022
    2.650   -64.999
    2.700   -64.843
    2.750   -64.820
    2.800   -64.939
    2.850   -64.965
    2.900   -64.842
    2.950   -64.613
    3.000   -64.676
    3.050   -64.404
    3.100   -64.503
    3.150   -64.713
    3.200   -64.720
    3.250   -64.743
    3.300   -64.737
    3.350   -64.435
    3.400   -64.390
    3.450   -64.069
    3.500   -64.078
    3.550   -64.256
    3.600   -64.236
    3.650   -64.135
    3.700   -63.985
    3.750   -63.935
    3.800   -63.852
    3.850   -63.640
    3.900   -63.515
    3.950   -63.266
    4.000   -63.156
    4.050   -62.989
    4.100   -62.766
    4.150   -62.852
    4.200   -63.114
    4.250   -62.801
    4.300   -62.756
    4.350   -62.865
    4.400   -62.879
    4.450   -62.747
    4.500   -62.878
    4.550   -62.836
    4.600   -62.703
    4.650   -62.669
    4.700   -62.645
    4.750   -62.411
    4.800   -62.414
    4.850   -62.391
    4.900   -62.214
    4.950   -62.013
    5.000   -61.776
    5.050   -62.040
    5.100   -62.109
    5.150   -62.108
    5.200   -62.430
    5.250   -62.448
    5.300   -62.336
    5.350   -62.634
    5.400   -62.684
    5.450   -62.517
    5.500   -62.594
    5.550   -62.665
    5.600   -62.434
    5.650   -62.509
    5.700   -62.593
    5.750   -62.851
    5.800   -63.090
    5.850   -63.102
    5.900   -62.952
    5.950   -63.011
    6.000   -63.052
    6.050   -62.800
    6.100   -62.708
    6.150   -62.837
    6.200   -62.765
    6.250   -62.530
    6.300   -62.427
    6.350   -62.527
    6.400   -62.556
    6.450   -62.462
    6.500   -62.181
    6.550   -62.216
    6.600   -62.178
    6.650   -62.073
    6.700   -61.958
    6.750   -61.995
    6.800   -61.681
    6.850   -61.773
    6.900   -61.749
    6.950   -61.494
    7.000   -61.523
    7.050   -61.402
    7.100   -61.423
    7.150   -61.505
    7.200   -61.290
    7.250   -61.221
    7.300   -61.029
    7.350   -60.868
    7.400   -60.950
    7.450   -61.350
    7.500   -61.281
    7.550   -61.192
    7.600   -61.181
    7.650   -61.566
    7.700   -61.713
    7.750   -61.622
    7.800   -62.339
    7.850   -62.251
    7.900   -62.371
    7.950   -62.356
    8.000   -62.203
    8.050   -62.085
    8.100   -62.038
    8.150   -61.986
    8.200   -62.070
    8.250   -62.193
    8.300   -62.093
    8.350   -61.998
    8.400   -62.126
    8.450   -62.078
    8.500   -62.251
    8.550   -61.820
    8.600   -61.953
    8.650   -61.673
    8.700   -61.817
    8.750   -61.659
    8.800   -61.514
    8.850   -61.774
    8.900   -61.525
    8.950   -61.638
    9.000   -61.556
    9.050   -61.402
    9.100   -61.290
    9.150   -61.161
    9.200   -60.999
    9.250   -60.953
    9.300   -60.943
    9.350   -61.246
    9.400   -61.179
    9.450   -61.150
    9.500   -61.045
    9.550   -60.792
    9.600   -60.624
    9.650   -60.538
    9.700   -60.431
    9.750   -60.300
    9.800   -60.166
    9.850   -60.259
    9.900   -60.209
    9.950   -60.298
   10.000   -60.223
   10.050   -60.337
   10.100   -60.334
   10.150   -60.225
   10.200   -60.465
   10.250   -60.451
   10.300   -60.303
   10.350   -60.153
   10.400   -59.695
   10.450   -59.223
   10.500   -59.528
   10.550   -59.597
   10.600   -59.452
   10.650   -59.245
   10.700   -59.095
   10.750   -59.129
   10.800   -58.959
   10.850   -58.943
   10.900   -58.770
   10.950   -58.522
   11.000   -58.577
   11.050   -58.388
   11.100   -58.264
   11.150   -58.136
   11.200   -57.911
   11.250   -57.816
   11.300   -57.746
   11.350   -57.651
   11.400   -57.681
   11.450   -57.770
   11.500   -57.955
   11.550   -57.826
   11.600   -57.937
   11.650   -58.124
   11.700   -58.062
   11.750   -57.928
   11.800   -57.883
   11.850   -57.943
   11.900   -58.009
   11.950   -57.903
   12.000   -57.982
   12.050   -58.248
   12.100   -58.197
   12.150   -57.981
   12.200   -57.825
   12.250   -57.577
   12.300   -57.360
   12.350   -57.266
   12.400   -57.616
   12.450   -57.523
   12.500   -57.608
   12.550   -57.561
   12.600   -57.407
   12.650   -57.567
   12.700   -57.809
   12.750   -57.459
   12.800   -57.214
   12.850   -57.349
   12.900   -57.808
   12.950   -58.058
   13.000   -58.353
   13.050   -58.363
   13.100   -58.192
   13.150   -57.996
   13.200   -58.234
   13.250   -58.166
   13.300   -58.308
   13.350   -58.219
   13.400   -58.070
   13.450   -58.097
   13.500   -58.420
   13.550   -58.143
   13.600   -58.352
   13.650   -58.156
   13.700   -58.289
   13.750   -58.054
   13.800   -58.187
   13.850   -58.260
   13.900   -58.476
   13.950   -58.739
   14.000   -58.744
   14.050   -59.166
   14.100   -59.173
   14.150   -59.163
   14.200   -59.331
   14.250   -59.328
   14.300   -59.432
   14.350   -59.323
   14.400   -59.233
   14.450   -59.033
   14.500   -58.719
   14.550   -58.652
   14.600   -58.799
   14.650   -58.950
   14.700   -58.954
   14.750   -59.060
   14.800   -59.018
   14.850   -58.749
   14.900   -58.718
   14.950   -58.548
   15.000   -58.520
   15.050   -58.750
   15.100   -58.962
   15.150   -58.813
   15.200   -58.559
   15.250   -58.493
   15.300   -58.575
   15.350   -58.355
   15.400   -58.325
   15.450   -58.127
   15.500   -58.053
   15.550   -57.962
   15.600   -58.141
   15.650   -58.124
   15.700   -57.986
   15.750   -57.777
   15.800   -57.955
   15.850   -57.965
   15.900   -57.703
   15.950   -57.749
   16.000   -57.722
   16.050   -57.630
   16.100   -57.226
   16.150   -57.335
   16.200   -57.013
   16.250   -57.036
   16.300   -56.974
   16.350   -56.719
   16.400   -57.036
   16.450   -57.176
   16.500   -57.232
   16.550   -57.225
   16.600   -57.401
   16.650   -57.372
   16.700   -57.474
   16.750   -57.160
   16.800   -57.339
   16.850   -57.181
   16.900   -56.999
   16.950   -57.082
   17.000   -56.942
   17.050   -57.028
   17.100   -57.047
   17.150   -56.991
   17.200   -56.884
   17.250   -56.916
   17.300   -56.623
   17.350   -56.694
   17.400   -56.342
   17.450   -56.260
   17.500   -56.528
   17.550   -56.770
   17.600   -56.827
   17.650   -56.750
   17.700   -56.945
   17.750   -56.977
   17.800   -56.970
   17.850   -57.016
   17.900   -56.969
   17.950   -56.915
   18.000   -56.978
   18.050   -57.046
   18.100   -56.838
   18.150   -56.813
   18.200   -57.041
   18.250   -57.040
   18.300   -56.880
   18.350   -56.652
   18.400   -56.848
   18.450   -56.627
   18.500   -56.497
   18.550   -56.216
   18.600   -56.034
   18.650   -56.048
   18.700   -56.081
   18.750   -55.993
   18.800   -55.801
   18.850   -55.593
   18.900   -55.638
   18.950   -55.816
   19.000   -55.773
   19.050   -55.679
   19.100   -55.660
   19.150   -55.623
   19.200   -55.728
   19.250   -55.812
   19.300   -55.753
   19.350   -55.781
   19.400   -55.740
   19.450   -55.645
   19.500   -55.481
   19.550   -55.518
   19.600   -55.186
   19.650   -55.264
   19.700   -55.026
   19.750   -54.665
   19.800   -54.393
   19.850   -54.260
   19.900   -54.043
   19.950   -53.862
   20.000   -53.347
   20.050   -53.170
   20.100   -52.804
   20.150   -52.792
   20.200   -52.547
   20.250   -52.099
   20.300   -51.171
   20.350   -50.045
   20.400   -47.837
   20.450   -44.042
   20.500   -39.249
   20.550   -33.796
   20.600   -28.119
   20.650   -22.785
   20.700   -17.625
   20.750   -13.049
   20.800    -8.853
   20.850    -5.140
   20.900    -1.990
   20.950     0.871
   21.000     3.249
   21.050     5.372
   21.100     7.155
   21.150     8.617
   21.200     9.380
   21.250    10.399
   21.300    10.883
   21.350    10.875
   21.400    10.888
   21.450    10.413
   21.500     9.420
   21.550     8.802
   21.600     7.726
   21.650     6.557
   21.700     5.317
   21.750     3.788
   21.800     1.937
   21.850     0.372
   21.900    -1.190
   21.950    -2.924
   22.000    -4.782
   22.050    -6.953
   22.100    -8.819
   22.150   -10.941
   22.200   -13.239
   22.250   -15.235
   22.300   -17.048
   22.350   -18.793
   22.400   -20.554
   22.450   -22.528
   22.500   -24.212
   22.550   -25.850
   22.600   -27.656
   22.650   -29.100
   22.700   -30.635
   22.750   -32.224
   22.800   -33.626
   22.850   -34.749
   22.900   -36.085
   22.950   -37.071
   23.000   -38.421
   23.050   -39.532
   23.100   -40.763
   23.150   -41.746
   23.200   -42.723
   23.250   -43.827
   23.300   -44.772
   23.350   -45.535
   23.400   -46.053
   23.450   -46.690
   23.500   -47.506
   23.550   -48.034
   23.600   -48.839
   23.650   -49.345
   23.700   -49.991
   23.750   -50.578
   23.800   -51.550
   23.850   -52.207
   23.900   -52.842
   23.950   -53.298
   24.000   -53.815
   24.050   -54.156
   24.100   -54.396
   24.150   -54.773
   24.200   -55.443
   24.250   -55.867
   24.300   -56.056
   24.350   -56.411
   24.400   -56.635
   24.450   -56.975
   24.500   -57.226
   24.550   -57.445
   24.600   -57.635
   24.650   -57.981
   24.700   -58.187
   24.750   -58.121
   24.800   -58.506
   24.850   -58.801
   24.900   -58.646
   24.950   -58.699
   25.000   -58.699
   25.050   -58.987
   25.100   -59.398
   25.150   -59.338
   25.200   -59.316
   25.250   -59.231
   25.300   -59.375
   25.350   -59.414
   25.400   -59.680
   25.450   -59.696
   25.500   -59.894
   25.550   -60.313
   25.600   -60.567
   25.650   -60.759
   25.700   -61.061
   25.750   -61.230
   25.800   -61.297
   25.850   -61.277
   25.900   -61.614
   25.950   -61.609
   26.000   -61.620
   26.050   -61.486
   26.100   -61.592
   26.150   -61.918
   26.200   -61.946
   26.250   -61.994
   26.300   -62.244
   26.350   -62.285
   26.400   -62.583
   26.450   -62.599
   26.500   -62.637
   26.550   -62.640
   26.600   -62.692
   26.650   -62.869
   26.700   -63.030
   26.750   -63.084
   26.800   -63.430
   26.850   -63.709
   26.900   -63.709
   26.950   -63.761
   27.000   -63.824
   27.050   -64.003
   27.100   -64.118
   27.150   -64.317
   27.200   -64.386
   27.250   -64.116
   27.300   -64.474
   27.350   -64.566
   27.400   -64.811
   27.450   -64.846
   27.500   -65.076
   27.550   -65.228
   27.600   -65.238
   27.650   -65.254
   27.700   -65.200
   27.750   -65.243
   27.800   -65.443
   27.850   -65.391
   27.900   -65.686
   27.950   -65.523
   28.000   -65.550
   28.050   -65.405
   28.100   -65.553
   28.150   -65.372
   28.200   -65.610
   28.250   -65.868
   28.300   -65.644
   28.350   -65.495
   28.400   -65.533
   28.450   -65.613
   28.500   -65.873
   28.550   -65.731
   28.600   -65.876
   28.650   -66.053
   28.700   -66.022
   28.750   -66.103
   28.800   -65.915
   28.850   -66.008
   28.900   -65.928
   28.950   -65.737
   29.000   -65.944
   29.050   -65.620
   29.100   -65.734
   29.150   -65.885
   29.200   -65.767
   29.250   -65.884
   29.300   -65.826
   29.350   -65.572
   29.400   -65.632
   29.450   -65.600
   29.500   -65.893
   29.550   -65.854
   29.600   -65.969
   29.650   -65.884
   29.700   -65.901
   29.750   -65.989
   29.800   -65.939
   29.850   -66.040
   29.900   -66.081
   29.950   -65.784
   30.000   -65.848
   30.050   -65.921
   30.100   -65.780
   30.150   -65.593
   30.200   -65.277
   30.250   -65.154
   30.300   -64.900
   30.350   -64.977
   30.400   -65.009
   30.450   -65.253
   30.500   -65.392
   30.550   -65.318
   30.600   -65.450
   30.650   -65.634
   30.700   -65.624
   30.750   -65.711
   30.800   -65.603
   30.850   -65.524
   30.900   -65.360
   30.950   -65.472
   31.000   -64.961
   31.050   -65.209
   31.100   -65.186
   31.150   -65.109
   31.200   -64.910
   31.250   -64.667
   31.300   -64.654
   31.350   -64.644
   31.400   -64.526
   31.450   -64.646
   31.500   -64.923
   31.550   -64.995
   31.600   -65.055
   31.650   -64.828
   31.700   -64.818
   31.750   -64.859
   31.800   -64.621
   31.850   -64.497
   31.900   -64.150
   31.950   -64.161
   32.000   -64.024
   32.050   -63.961
   32.100   -63.940
   32.150   -64.132
   32.200   -64.052
   32.250   -64.246
   32.300   -64.151
   32.350   -64.175
   32.400   -64.297
   32.450   -64.136
   32.500   -64.199
   32.550   -64.084
   32.600   -64.044
   32.650   -64.048
   32.700   -64.386
   32.750   -64.330
   32.800   -64.658
   32.850   -64.613
   32.900   -64.395
   32.950   -64.329
   33.000   -64.242
   33.050   -63.958
   33.100   -63.992
   33.150   -64.132
   33.200   -63.981
   33.250   -64.083
   33.300   -64.167
   33.350   -63.868
   33.400   -64.106
   33.450   -64.073
   33.500   -64.012
   33.550   -63.697
   33.600   -63.828
   33.650   -63.592
   33.700   -63.550
   33.750   -63.516
   33.800   -63.459
   33.850   -63.363
   33.900   -63.370
   33.950   -63.335
   34.000   -63.357
   34.050   -63.599
   34.100   -63.565
   34.150   -63.323
   34.200   -63.180
   34.250   -63.243
   34.300   -63.242
   34.350   -63.271
   34.400   -63.489
   34.450   -63.435
   34.500   -63.461
   34.550   -63.150
   34.600   -63.331
   34.650   -63.292
   34.700   -63.106
   34.750   -63.280
   34.800   -63.602
   34.850   -63.422
   34.900   -63.306
   34.950   -63.460
   35.000   -63.214
   35.050   -63.561
   35.100   -63.481
   35.150   -63.565
   35.200   -63.784
   35.250   -63.622
   35.300   -63.520
   35.350   -63.604
   35.400   -63.356
   35.450   -63.409
   35.500   -63.568
   35.550   -63.483
   35.600   -63.521
   35.650   -63.406
   35.700   -63.381
   35.750   -63.296
   35.800   -63.107
   35.850   -63.068
   35.900   -63.123
   35.950   -63.135
   36.000   -62.991
   36.050   -63.317
   36.100   -63.081
   36.150   -62.755
   36.200   -62.605
   36.250   -62.660
   36.300   -62.535
   36.350   -62.381
   36.400   -61.928
   36.450   -62.133
   36.500   -62.197
   36.550   -62.118
   36.600   -62.154
   36.650   -62.166
   36.700   -61.838
   36.750   -61.700
   36.800   -61.633
   36.850   -61.569
   36.900   -61.678
   36.950   -61.549
   37.000   -61.481
   37.050   -61.367
   37.100   -61.677
   37.150   -61.707
   37.200   -61.727
   37.250   -61.637
   37.300   -61.752
   37.350   -61.571
   37.400   -61.332
   37.450   -61.399
   37.500   -61.285
   37.550   -61.476
   37.600   -61.565
   37.650   -61.608
   37.700   -61.383
   37.750   -61.081
   37.800   -61.167
   37.850   -61.219
   37.900   -61.335
   37.950   -61.290
   38.000   -60.799
   38.050   -60.619
   38.100   -60.411
   38.150   -60.283
   38.200   -60.415
   38.250   -60.410
   38.300   -60.462
   38.350   -60.182
   38.400   -60.092
   38.450   -60.117
   38.500   -60.453
   38.550   -60.761
   38.600   -60.810
   38.650   -61.176
   38.700   -61.014
   38.750   -60.884
   38.800   -60.892
   38.850   -60.399
   38.900   -60.048
   38.950   -60.079
   39.000   -60.027
   39.050   -59.841
   39.100   -60.052
   39.150   -59.917
   39.200   -59.836
   39.250   -59.858
   39.300   -59.743
   39.350   -59.934
   39.400   -59.638
   39.450   -59.513
   39.500   -59.654
   39.550   -59.759
   39.600   -60.049
   39.650   -60.323
   39.700   -60.507
   39.750   -60.343
   39.800   -60.565
   39.850   -60.760
   39.900   -60.688
   39.950   -60.793
   40.000   -60.779
   40.050   -60.815
   40.100   -60.858
   40.150   -60.778
   40.200   -60.516
   40.250   -60.406
   40.300   -60.365
   40.350   -60.072
   40.400   -60.375
   40.450   -60.434
   40.500   -60.427
   40.550   -60.397
   40.600   -60.453
   40.650   -60.363
   40.700   -60.051
   40.750   -59.893
   40.800   -59.907
   40.850   -59.912
   40.900   -60.004
   40.950   -60.052
   41.000   -59.754
   41.050   -59.962
   41.100   -60.033
   41.150   -59.944
   41.200   -59.843
   41.250   -59.805
   41.300   -59.548
   41.350   -59.420
   41.400   -59.350
   41.450   -58.992
   41.500   -59.153
   41.550   -59.022
   41.600   -58.700
   41.650   -58.595
   41.700   -58.576
   41.750   -58.510
   41.800   -58.454
   41.850   -58.184
   41.900   -58.188
   41.950   -58.301
   42.000   -58.177
   42.050   -57.893
   42.100   -58.086
   42.150   -58.148
   42.200   -57.972
   42.250   -57.880
   42.300   -57.821
   42.350   -57.725
   42.400   -57.685
   42.450   -57.883
   42.500   -58.190
   42.550   -58.149
   42.600   -58.194
   42.650   -58.122
   42.700   -58.050
   42.750   -58.010
   42.800   -57.969
   42.850   -58.120
   42.900   -58.155
   42.950   -58.003
   43.000   -58.254
   43.050   -58.204
   43.100   -57.970
   43.150   -57.995
   43.200   -57.910
   43.250   -57.642
   43.300   -57.775
   43.350   -57.575
   43.400   -57.597
   43.450   -57.530
   43.500   -57.836
   43.550   -57.946
   43.600   -57.729
   43.650   -57.758
   43.700   -58.166
   43.750   -58.096
   43.800   -58.117
   43.850   -58.290
   43.900   -58.346
   43.950   -58.277
   44.000   -58.250
   44.050   -58.028
   44.100   -58.293
   44.150   -58.083
   44.200   -58.200
   44.250   -58.314
   44.300   -58.466
   44.350   -58.521
   44.400   -58.538
   44.450   -58.601
   44.500   -58.650
   44.550   -58.390
   44.600   -58.370
   44.650   -58.564
   44.700   -58.405
   44.750   -58.030
   44.800   -57.889
   44.850   -57.712
   44.900   -57.897
   44.950   -57.701
   45.000   -57.699
   45.050   -57.729
   45.100   -57.550
   45.150   -57.538
   45.200   -57.602
   45.250   -57.456
   45.300   -57.394
   45.350   -57.429
   45.400   -57.679
   45.450   -57.798
   45.500   -57.504
   45.550   -57.869
   45.600   -57.893
   45.650   -57.709
   45.700   -57.396
   45.750   -57.368
   45.800   -56.908
   45.850   -57.260
   45.900   -57.326
   45.950   -56.846
   46.000   -56.924
   46.050   -56.950
   46.100   -57.064
   46.150   -57.208
   46.200   -57.239
   46.250   -57.274
   46.300   -57.530
   46.350   -57.468
   46.400   -57.784
   46.450   -57.946
   46.500   -57.908
   46.550   -57.683
   46.600   -57.634
   46.650   -57.673
   46.700   -57.722
   46.750   -57.683
   46.800   -57.783
   46.850   -57.687
   46.900   -57.223
   46.950   -57.132
   47.000   -57.125
   47.050   -57.274
   47.100   -57.482
   47.150   -57.474
   47.200   -57.478
   47.250   -57.557
   47.300   -57.257
   47.350   -57.235
   47.400   -57.060
   47.450   -57.097
   47.500   -56.838
   47.550   -57.066
   47.600   -57.025
   47.650   -57.070
   47.700   -56.824
   47.750   -56.662
   47.800   -56.477
   47.850   -56.590
   47.900   -56.653
   47.950   -56.468
   48.000   -56.647
   48.050   -56.702
   48.100   -56.867
   48.150   -56.852
   48.200   -56.632
   48.250   -56.660
   48.300   -56.855
   48.350   -56.668
   48.400   -56.557
   48.450   -56.489
   48.500   -56.510
   48.550   -56.602
   48.600   -56.903
   48.650   -57.040
   48.700   -56.805
   48.750   -56.664
   48.800   -56.472
   48.850   -56.654
   48.900   -56.437
   48.950   -56.375
   49.000   -56.445
   49.050   -56.305
   49.100   -56.288
   49.150   -56.632
   49.200   -56.746
   49.250   -56.840
   49.300   -56.808
   49.350   -57.162
   49.400   -57.061
   49.450   -57.244
   49.500   -57.311
   49.550   -57.121
   49.600   -57.127
   49.650   -56.790
   49.700   -56.514
   49.750   -56.525
   49.800   -56.504
   49.850   -56.561
   49.900   -56.494
   49.950   -56.324
   50.000   -56.486
   50.050   -56.339
   50.100   -56.456
   50.150   -56.259
   50.200   -56.340
   50.250   -56.322
   50.300   -56.307
   50.350   -56.317
   50.400   -56.205
   50.450   -56.073
   50.500   -55.812
   50.550   -55.747
   50.600   -55.702
   50.650   -55.794
   50.700   -55.849
   50.750   -55.532
   50.800   -55.394
   50.850   -55.426
   50.900   -55.494
   50.950   -55.320
   51.000   -55.124
   51.050   -54.820
   51.100   -54.660
   51.150   -54.518
   51.200   -54.226
   51.250   -54.353
   51.300   -54.267
   51.350   -54.147
   51.400   -54.171
   51.450   -53.963
   51.500   -54.046
   51.550   -53.936
   51.600   -53.700
   51.650   -53.678
   51.700   -53.514
   51.750   -53.326
   51.800   -53.227
   51.850   -52.763
   51.900   -52.301
   51.950   -51.528
   52.000   -50.594
   52.050   -48.975
   52.100   -45.883
   52.150   -41.485
   52.200   -36.276
   52.250   -30.598
   52.300   -25.466
   52.350   -20.399
   52.400   -15.664
   52.450   -11.308
   52.500    -7.341
   52.550    -3.997
   52.600    -1.238
   52.650     1.647
   52.700     3.913
   52.750     5.828
   52.800     7.045
   52.850     8.391
   52.900     9.254
   52.950     9.746
   53.000    10.165
   53.050    10.249
   53.100    10.096
   53.150    10.039
   53.200     9.509
   53.250     8.860
   53.300     7.751
   53.350     6.465
   53.400     5.213
   53.450     3.488
   53.500     1.957
   53.550     0.152
   53.600    -1.631
   53.650    -3.617
   53.700    -5.413
   53.750    -7.358
   53.800    -9.524
   53.850   -11.086
   53.900   -13.174
   53.950   -15.186
   54.000   -17.248
   54.050   -19.349
   54.100   -21.283
   54.150   -23.116
   54.200   -24.744
   54.250   -26.514
   54.300   -28.223
   54.350   -29.661
   54.400   -31.511
   54.450   -33.016
   54.500   -34.643
   54.550   -35.521
   54.600   -36.732
   54.650   -38.075
   54.700   -39.050
   54.750   -39.718
   54.800   -40.678
   54.850   -41.735
   54.900   -42.601
   54.950   -43.261
   55.000   -44.187
   55.050   -45.448
   55.100   -46.167
   55.150   -47.097
   55.200   -47.996
   55.250   -48.694
   55.300   -49.387
   55.350   -50.190
   55.400   -50.686
   55.450   -51.536
   55.500   -51.850
   55.550   -52.399
   55.600   -52.633
   55.650   -53.126
   55.700   -53.665
   55.750   -53.946
   55.800   -54.531
   55.850   -55.114
   55.900   -55.369
   55.950   -55.899
   56.000   -56.177
   56.050   -56.534
   56.100   -57.126
   56.150   -57.583
   56.200   -58.085
   56.250   -58.434
   56.300   -58.768
   56.350   -58.687
   56.400   -58.731
   56.450   -58.748
   56.500   -58.840
   56.550   -59.092
   56.600   -59.290
   56.650   -59.380
   56.700   -59.652
   56.750   -59.330
   56.800   -59.579
   56.850   -59.457
   56.900   -59.481
   56.950   -59.800
   57.000   -59.796
   57.050   -59.886
   57.100   -59.997
   57.150   -60.589
   57.200   -60.824
   57.250   -61.135
   57.300   -61.010
   57.350   -61.124
   57.400   -61.547
   57.450   -61.635
   57.500   -61.760
   57.550   -61.757
   57.600   -61.923
   57.650   -62.081
   57.700   -62.085
   57.750   -62.142
   57.800   -62.198
   57.850   -62.436
   57.900   -62.160
   57.950   -62.287
   58.000   -62.368
   58.050   -62.273
   58.100   -62.386
   58.150   -62.450
   58.200   -62.562
   58.250   -62.504
   58.300   -62.470
   58.350   -62.526
   58.400   -62.696
   58.450   -62.871
   58.500   -63.138
   58.550   -63.057
   58.600   -63.084
   58.650   -62.960
   58.700   -62.963
   58.750   -63.029
   58.800   -63.014
   58.850   -63.137
   58.900   -63.295
   58.950   -63.290
   59.000   -63.144
   59.050   -62.822
   59.100   -62.619
   59.150   -62.753
   59.200   -62.318
   59.250   -62.278
   59.300   -61.996
   59.350   -61.836
   59.400   -61.906
   59.450   -61.753
   59.500   -62.137
   59.550   -62.278
   59.600   -62.121
   59.650   -62.318
   59.700   -62.069
   59.750   -62.150
   59.800   -62.126
   59.850   -62.153
   59.900   -62.391
   59.950   -62.292
   60.000   -62.262
   60.050   -62.199
   60.100   -62.335
   60.150   -62.282
   60.200   -62.154
   60.250   -61.873
   60.300   -61.587
   60.350   -61.673
   60.400   -61.747
   60.450   -61.828
   60.500   -61.956
   60.550   -62.247
   60.600   -62.201
   60.650   -62.194
   60.700   -61.789
   60.750   -61.713
   60.800   -61.665
   60.850   -61.847
   60.900   -62.127
   60.950   -62.193
   61.000   -62.449
   61.050   -62.326
   61.100   -62.700
   61.150   -62.519
   61.200   -62.622
   61.250   -62.497
   61.300   -62.864
   61.350   -62.898
   61.400   -63.136
   61.450   -63.358
   61.500   -63.291
   61.550   -63.197
   61.600   -63.380
   61.650   -63.575
   61.700   -63.739
   61.750   -63.958
   61.800   -63.928
   61.850   -63.658
   61.900   -63.655
   61.950   -63.979
   62.000   -64.053
   62.050   -64.069
   62.100   -63.727
   62.150   -63.879
   62.200   -64.147
   62.250   -64.051
   62.300   -63.961
   62.350   -63.533
   62.400   -63.483
   62.450   -63.527
   62.500   -63.579
   62.550   -63.538
   62.600   -63.369
   62.650   -63.390
   62.700   -63.565
   62.750   -63.823
   62.800   -63.916
   62.850   -63.751
   62.900   -63.681
   62.950   -63.950
   63.000   -63.757
   63.050   -64.070
   63.100   -63.980
   63.150   -64.124
   63.200   -64.185
   63.250   -63.999
   63.300   -63.770
   63.350   -63.482
   63.400   -63.458
   63.450   -63.750
   63.500   -63.773
   63.550   -64.007
   63.600   -64.004
   63.650   -63.859
   63.700   -63.949
   63.750   -63.887
   63.800   -63.962
   63.850   -63.660
   63.900   -63.775
   63.950   -63.881
   64.000   -63.835
   64.050   -63.948
   64.100   -63.816
   64.150   -63.615
   64.200   -63.737
   64.250   -63.341
   64.300   -63.749
   64.350   -63.601
   64.400   -63.580
   64.450   -63.600
   64.500   -63.603
   64.550   -63.716
   64.600   -63.732
   64.650   -63.913
   64.700   -63.675
   64.750   -63.768
   64.800   -63.776
   64.850   -63.640
   64.900   -63.407
   64.950   -63.289
   65.000   -63.017
   65.050   -63.215
   65.100   -63.383
   65.150   -63.223
   65.200   -63.029
   65.250   -63.019
   65.300   -62.979
   65.350   -63.146
   65.400   -63.130
   65.450   -63.117
   65.500   -63.236
   65.550   -63.236
   65.600   -63.432
   65.650   -63.419
   65.700   -63.247
   65.750   -63.470
   65.800   -63.137
   65.850   -63.133
   65.900   -63.649
   65.950   -63.389
   66.000   -63.518
   66.050   -63.742
   66.100   -63.766
   66.150   -63.650
   66.200   -63.810
   66.250   -63.859
   66.300   -63.810
   66.350   -63.580
   66.400   -63.677
   66.450   -63.485
   66.500   -63.625
   66.550   -63.511
   66.600   -63.581
   66.650   -63.557
   66.700   -63.226
   66.750   -63.316
   66.800   -63.475
   66.850   -63.596
   66.900   -63.411
   66.950   -63.364
   67.000   -63.277
   67.050   -63.022
   67.100   -63.218
   67.150   -63.100
   67.200   -63.043
   67.250   -62.962
   67.300   -62.871
   67.350   -62.548
   67.400   -62.513
   67.450   -62.474
   67.500   -62.121
   67.550   -62.061
   67.600   -61.808
   67.650   -61.660
   67.700   -61.627
   67.750   -61.564
   67.800   -61.351
   67.850   -61.154
   67.900   -61.329
   67.950   -61.365
   68.000   -61.435
   68.050   -61.420
   68.100   -61.440
   68.150   -61.529
   68.200   -61.564
   68.250   -61.845
   68.300   -61.780
   68.350   -61.785
   68.400   -61.609
   68.450   -61.233
   68.500   -60.929
   68.550   -60.687
   68.600   -60.692
   68.650   -61.012
   68.700   -61.035
   68.750   -60.878
   68.800   -61.003
   68.850   -61.092
   68.900   -61.253
   68.950   -61.321
   69.000   -61.148
   69.050   -61.423
   69.100   -61.428
   69.150   -61.115
   69.200   -61.296
   69.250   -61.389
   69.300   -61.358
   69.350   -61.163
   69.400   -61.308
   69.450   -61.027
   69.500   -61.513
   69.550   -61.481
   69.600   -61.489
   69.650   -61.187
   69.700   -61.168
   69.750   -61.079
   69.800   -61.458
   69.850   -61.333
   69.900   -61.412
   69.950   -61.416
   70.000   -61.325
   70.050   -61.276
   70.100   -61.201
   70.150   -60.993
   70.200   -61.063
   70.250   -60.999
   70.300   -60.760
   70.350   -60.786
   70.400   -60.996
   70.450   -61.205
   70.500   -61.000
   70.550   -60.915
   70.600   -60.916
   70.650   -60.875
   70.700   -60.671
   70.750   -60.710
   70.800   -60.814
   70.850   -61.080
   70.900   -60.979
   70.950   -60.965
   71.000   -60.942
   71.050   -61.041
   71.100   -61.036
   71.150   -60.815
   71.200   -61.219
   71.250   -61.261
   71.300   -61.365
   71.350   -61.128
   71.400   -60.972
   71.450   -60.730
   71.500   -60.640
   71.550   -60.881
   71.600   -60.937
   71.650   -61.093
   71.700   -61.390
   71.750   -61.190
   71.800   -61.223
   71.850   -61.180
   71.900   -61.243
   71.950   -61.415
   72.000   -61.756
   72.050   -61.728
   72.100   -61.468
   72.150   -61.705
   72.200   -61.927
   72.250   -62.168
   72.300   -62.138
   72.350   -61.887
   72.400   -61.500
   72.450   -61.638
   72.500   -61.599
   72.550   -61.402
   72.600   -61.663
   72.650   -61.690
   72.700   -61.875
   72.750   -61.662
   72.800   -61.512
   72.850   -61.277
   72.900   -61.378
   72.950   -61.505
   73.000   -61.595
   73.050   -62.003
   73.100   -61.992
   73.150   -62.020
   73.200   -62.199
   73.250   -62.113
   73.300   -62.012
   73.350   -61.713
   73.400   -61.329
   73.450   -61.316
   73.500   -61.538
   73.550   -61.568
   73.600   -61.606
   73.650   -61.439
   73.700   -61.417
   73.750   -61.404
   73.800   -61.452
   73.850   -61.478
   73.900   -61.569
   73.950   -61.367
   74.000   -61.479
   74.050   -61.451
   74.100   -61.658
   74.150   -61.654
   74.200   -61.835
   74.250   -61.635
   74.300   -61.484
   74.350   -61.506
   74.400   -61.625
   74.450   -61.679
   74.500   -61.631
   74.550   -61.908
   74.600   -62.077
   74.650   -62.126
   74.700   -61.933
   74.750   -62.164
   74.800   -62.142
   74.850   -61.967
   74.900   -61.968
   74.950   -62.036
   75.000   -62.140
   75.050   -62.059
   75.100   -62.070
   75.150   -61.941
   75.200   -61.949
   75.250   -62.013
   75.300   -61.777
   75.350   -61.546
   75.400   -61.628
   75.450   -61.272
   75.500   -61.333
   75.550   -61.268
   75.600   -61.260
   75.650   -61.145
   75.700   -60.962
   75.750   -60.975
   75.800   -60.831
   75.850   -60.936
   75.900   -60.850
   75.950   -60.890
   76.000   -60.912
   76.050   -60.933
   76.100   -61.233
   76.150   -61.170
   76.200   -61.485
   76.250   -61.586
   76.300   -61.550
   76.350   -61.704
   76.400   -61.575
   76.450   -61.651
   76.500   -61.549
   76.550   -61.729
   76.600   -61.482
   76.650   -61.461
   76.700   -61.621
   76.750   -61.566
   76.800   -61.381
   76.850   -61.283
   76.900   -61.447
   76.950   -61.469
   77.000   -61.491
   77.050   -61.436
   77.100   -61.090
   77.150   -61.083
   77.200   -60.991
   77.250   -60.728
   77.300   -60.879
   77.350   -61.015
   77.400   -60.965
   77.450   -61.014
   77.500   -60.830
   77.550   -60.882
   77.600   -60.655
   77.650   -60.344
   77.700   -60.554
   77.750   -60.382
   77.800   -60.420
   77.850   -60.386
   77.900   -60.547
   77.950   -60.803
   78.000   -60.724
   78.050   -60.490
   78.100   -60.628
   78.150   -60.117
   78.200   -60.297
   78.250   -60.223
   78.300   -60.154
   78.350   -60.440
   78.400   -60.722
   78.450   -60.745
   78.500   -60.776
   78.550   -60.615
   78.600   -60.777
   78.650   -61.079
   78.700   -61.002
   78.750   -61.035
   78.800   -60.996
   78.850   -61.074
   78.900   -60.975
   78.950   -61.052
   79.000   -61.064
   79.050   -61.259
   79.100   -61.227
   79.150   -61.031
   79.200   -61.212
   79.250   -61.131
   79.300   -60.956
   79.350   -60.938
   79.400   -61.301
   79.450   -61.337
   79.500   -61.529
   79.550   -61.741
   79.600   -61.444
   79.650   -61.299
   79.700   -61.473
   79.750   -61.577
   79.800   -61.564
   79.850   -61.487
   79.900   -61.705
   79.950   -61.643
   80.000   -61.812
   80.050   -61.767
   80.100   -61.733
   80.150   -61.622
   80.200   -61.631
   80.250   -61.427
   80.300   -61.347
   80.350   -61.414
   80.400   -61.268
   80.450   -61.127
   80.500   -61.291
   80.550   -60.810
   80.600   -60.973
   80.650   -60.749
   80.700   -60.842
   80.750   -60.930
   80.800   -60.820
   80.850   -61.025
   80.900   -61.047
   80.950   -61.085
   81.000   -61.278
   81.050   -61.244
   81.100   -61.261
   81.150   -61.369
   81.200   -61.161
   81.250   -60.991
   81.300   -61.025
   81.350   -61.245
   81.400   -60.897
   81.450   -60.873
   81.500   -60.646
   81.550   -60.787
   81.600   -60.746
   81.650   -60.913
   81.700   -60.957
   81.750   -61.007
   81.800   -61.315
   81.850   -61.326
   81.900   -61.394
   81.950   -61.185
   82.000   -61.123
   82.050   -60.997
   82.100   -61.129
   82.150   -61.148
   82.200   -60.866
   82.250   -61.135
   82.300   -61.273
   82.350   -61.269
   82.400   -61.036
   82.450   -60.717
   82.500   -60.674
   82.550   -60.864
   82.600   -60.505
   82.650   -60.439
   82.700   -60.507
   82.750   -60.514
   82.800   -60.572
   82.850   -60.593
   82.900   -60.454
   82.950   -60.498
   83.000   -60.621
   83.050   -60.688
   83.100   -60.649
   83.150   -60.717
   83.200   -60.700
   83.250   -60.916
   83.300   -60.779
   83.350   -60.807
   83.400   -60.995
   83.450   -60.535
   83.500   -60.486
   83.550   -60.744
   83.600   -60.289
   83.650   -60.116
   83.700   -59.756
   83.750   -59.734
   83.800   -59.923
   83.850   -59.835
   83.900   -59.706
   83.950   -59.875
   84.000   -59.678
   84.050   -59.601
   84.100   -59.510
   84.150   -59.176
   84.200   -58.951
   84.250   -59.106
   84.300   -58.989
   84.350   -59.041
   84.400   -59.083
   84.450   -59.113
   84.500   -59.043
   84.550   -59.224
   84.600   -59.111
   84.650   -58.936
   84.700   -59.018
   84.750   -58.947
   84.800   -59.089
   84.850   -59.150
   84.900   -59.125
   84.950   -58.939
   85.000   -59.180
   85.050   -59.141
   85.100   -59.098
   85.150   -59.220
   85.200   -59.245
   85.250   -59.149
   85.300   -59.172
   85.350   -59.394
   85.400   -59.215
   85.450   -59.070
   85.500   -58.764
   85.550   -58.687
   85.600   -58.846
   85.650   -58.829
   85.700   -58.839
   85.750   -58.603
   85.800   -58.705
   85.850   -58.865
   85.900   -58.836
   85.950   -58.706
   86.000   -58.650
   86.050   -58.355
   86.100   -58.494
   86.150   -58.469
   86.200   -58.624
   86.250   -58.807
   86.300   -59.175
   86.350   -58.890
   86.400   -58.843
   86.450   -59.219
   86.500   -59.224
   86.550   -59.139
   86.600   -59.038
   86.650   -59.173
   86.700   -59.319
   86.750   -59.196
   86.800   -59.150
   86.850   -59.266
   86.900   -59.300
   86.950   -59.461
   87.000   -59.410
   87.050   -59.003
   87.100   -58.730
   87.150   -58.722
   87.200   -58.871
   87.250   -59.014
   87.300   -58.852
   87.350   -58.525
   87.400   -58.379
   87.450   -58.469
   87.500   -58.596
   87.550   -58.606
   87.600   -58.754
   87.650   -58.613
   87.700   -58.406
   87.750   -58.189
   87.800   -58.240
   87.850   -58.146
   87.900   -57.984
   87.950   -57.804
   88.000   -57.355
   88.050   -57.206
   88.100   -57.319
   88.150   -57.211
   88.200   -57.399
   88.250   -57.225
   88.300   -57.075
   88.350   -57.078
   88.400   -57.159
   88.450   -57.366
   88.500   -57.330
   88.550   -57.427
   88.600   -57.244
   88.650   -57.432
   88.700   -57.540
   88.750   -57.791
   88.800   -57.786
   88.850   -57.877
   88.900   -58.086
   88.950   -57.971
   89.000   -58.010
   89.050   -57.932
   89.100   -58.065
   89.150   -58.129
   89.200   -58.383
   89.250   -58.751
   89.300   -59.026
   89.350   -58.702
   89.400   -58.407
   89.450   -58.148
   89.500   -58.136
   89.550   -58.163
   89.600   -58.224
   89.650   -57.957
   89.700   -57.908
   89.750   -57.877
   89.800   -57.844
   89.850   -57.948
   89.900   -57.571
   89.950   -57.342
   90.000   -57.393
   90.050   -57.711
   90.100   -57.903
   90.150   -57.708
   90.200   -57.662
   90.250   -57.564
   90.300   -57.186
   90.350   -57.338
   90.400   -57.267
   90.450   -57.172
   90.500   -57.169
   90.550   -57.154
   90.600   -57.488
   90.650   -57.439
   90.700   -57.335
   90.750   -57.082
   90.800   -57.480
   90.850   -57.588
   90.900   -57.390
   90.950   -57.392
   91.000   -57.673
   91.050   -57.857
   91.100   -57.941
   91.150   -58.044
   91.200   -57.969
   91.250   -58.043
   91.300   -57.929
   91.350   -57.888
   91.400   -57.953
   91.450   -57.528
   91.500   -57.383
   91.550   -57.486
   91.600   -57.249
   91.650   -57.294
   91.700   -57.259
   91.750   -57.585
   91.800   -57.762
   91.850   -57.959
   91.900   -58.115
   91.950   -58.292
   92.000   -58.071
   92.050   -58.112
   92.100   -57.933
   92.150   -57.978
   92.200   -58.179
   92.250   -58.109
   92.300   -58.078
   92.350   -58.189
   92.400   -58.023
   92.450   -57.881
   92.500   -57.544
   92.550   -57.534
   92.600   -57.402
   92.650   -57.215
   92.700   -57.331
   92.750   -57.133
   92.800   -57.326
   92.850   -57.367
   92.900   -57.245
   92.950   -57.169
   93.000   -57.017
   93.050   -57.205
   93.100   -57.085
   93.150   -57.266
   93.200   -56.767
   93.250   -56.659
   93.300   -56.534
   93.350   -56.513
   93.400   -56.502
   93.450   -56.465
   93.500   -56.566
   93.550   -56.555
   93.600   -56.532
   93.650   -56.409
   93.700   -56.161
   93.750   -56.198
   93.800   -56.191
   93.850   -55.829
   93.900   -55.997
   93.950   -56.160
   94.000   -56.071
   94.050   -55.982
   94.100   -55.835
   94.150   -55.949
   94.200   -55.871
   94.250   -55.886
   94.300   -55.730
   94.350   -55.771
   94.400   -55.749
   94.450   -55.467
   94.500   -55.251
   94.550   -55.501
   94.600   -55.407
   94.650   -55.301
   94.700   -55.268
   94.750   -55.014
   94.800   -55.006
   94.850   -54.785
   94.900   -54.838
   94.950   -54.816
   95.000   -54.984
   95.050   -55.053
   95.100   -54.897
   95.150   -54.671
   95.200   -54.567
   95.250   -54.458
   95.300   -54.437
   95.350   -54.480
   95.400   -54.552
   95.450   -54.356
   95.500   -54.340
   95.550   -54.166
   95.600   -53.887
   95.650   -53.662
   95.700   -53.112
   95.750   -52.713
   95.800   -52.529
   95.850   -52.233
   95.900   -51.363
   95.950   -50.451
   96.000   -48.525
   96.050   -45.672
   96.100   -41.180
   96.150   -36.176
   96.200   -30.772
   96.250   -25.297
   96.300   -20.145
   96.350   -15.104
   96.400   -10.908
   96.450    -7.129
   96.500    -3.911
   96.550    -0.997
   96.600     1.684
   96.650     3.878
   96.700     5.669
   96.750     7.397
   96.800     8.791
   96.850     9.616
   96.900    10.210
   96.950    10.789
   97.000    10.604
   97.050    10.445
   97.100     9.756
   97.150     9.390
   97.200     8.330
   97.250     7.222
   97.300     6.001
   97.350     4.587
   97.400     2.994
   97.450     1.201
   97.500    -0.462
   97.550    -2.338
   97.600    -4.053
   97.650    -6.140
   97.700    -8.549
   97.750   -10.781
   97.800   -12.504
   97.850   -14.611
   97.900   -16.550
   97.950   -18.005
   98.000   -20.001
   98.050   -21.637
   98.100   -23.293
   98.150   -24.923
   98.200   -26.495
   98.250   -27.971
   98.300   -29.491
   98.350   -30.812
   98.400   -32.025
   98.450   -33.130
   98.500   -34.326
   98.550   -35.617
   98.600   -36.854
   98.650   -38.064
   98.700   -39.302
   98.750   -40.393
   98.800   -41.327
   98.850   -42.152
   98.900   -42.887
   98.950   -43.855
   99.000   -44.536
   99.050   -45.604
   99.100   -46.389
   99.150   -47.241
   99.200   -47.805
   99.250   -48.643
   99.300   -49.189
   99.350   -49.834
   99.400   -50.783
   99.450   -51.254
   99.500   -51.806
   99.550   -52.411
   99.600   -52.914
   99.650   -53.478
   99.700   -53.725
   99.750   -54.159
   99.800   -54.526
   99.850   -54.837
   99.900   -55.061
   99.950   -55.415
  100.000   -55.679
  100.050   -56.266
  100.100   -56.538
  100.150   -57.100
  100.200   -57.645
  100.250   -58.071
  100.300   -58.355
  100.350   -58.259
  100.400   -58.491
  100.450   -58.649
  100.500   -58.680
  100.550   -59.138
  100.600   -59.571
  100.650   -59.714
  100.700   -59.753
  100.750   -59.947
  100.800   -60.273
  100.850   -60.309
  100.900   -60.452
  100.950   -60.516
  101.000   -60.837
  101.050   -60.623
  101.100   -60.987
  101.150   -61.302
  101.200   -61.194
  101.250   -61.312
  101.300   -61.095
  101.350   -61.201
  101.400   -61.393
  101.450   -61.561
  101.500   -61.567
  101.550   -61.609
  101.600   -61.955
  101.650   -62.278
  101.700   -62.115
  101.750   -62.090
  101.800   -62.191
  101.850   -62.331
  101.900   -62.546
  101.950   -62.332
  102.000   -62.544
  102.050   -62.572
  102.100   -62.705
  102.150   -62.933
  102.200   -62.865
  102.250   -62.809
  102.300   -62.921
  102.350   -63.128
  102.400   -63.387
  102.450   -63.693
  102.500   -64.073
  102.550   -64.282
  102.600   -64.338
  102.650   -64.144
  102.700   -64.094
  102.750   -63.892
  102.800   -64.170
  102.850   -64.010
  102.900   -64.217
  102.950   -64.040
  103.000   -63.934
  103.050   -63.806
  103.100   -63.570
  103.150   -63.521
  103.200   -63.878
  103.250   -63.741
  103.300   -63.964
  103.350   -63.947
  103.400   -63.763
  103.450   -63.907
  103.500   -63.659
  103.550   -63.865
  103.600   -63.819
  103.650   -63.713
  103.700   -63.939
  103.750   -63.824
  103.800   -63.894
  103.850   -63.901
  103.900   -64.036
  103.950   -64.189
  104.000   -64.143
  104.050   -64.181
  104.100   -63.838
  104.150   -64.249
  104.200   -64.597
  104.250   -64.477
  104.300   -64.414
  104.350   -64.250
  104.400   -64.453
  104.450   -64.244
  104.500   -64.417
  104.550   -64.295
  104.600   -63.964
  104.650   -63.972
  104.700   -64.033
  104.750   -63.971
  104.800   -64.173
  104.850   -63.851
  104.900   -63.448
  104.950   -63.638
  105.000   -63.999
  105.050   -64.357
  105.100   -64.515
  105.150   -64.583
  105.200   -64.645
  105.250   -64.272
  105.300   -64.238
  105.350   -64.118
  105.400   -64.284
  105.450   -64.167
  105.500   -64.333
  105.550   -64.033
  105.600   -63.863
  105.650   -63.779
  105.700   -64.038
  105.750   -63.809
  105.800   -63.877
  105.850   -63.936
  105.900   -64.147
  105.950   -63.926
  106.000   -63.717
  106.050   -63.567
  106.100   -63.441
  106.150   -63.264
  106.200   -63.201
  106.250   -63.007
  106.300   -62.874
  106.350   -63.077
  106.400   -63.292
  106.450   -63.105
  106.500   -63.381
  106.550   -63.300
  106.600   -63.032
  106.650   -63.193
  106.700   -63.432
  106.750   -63.497
  106.800   -63.303
  106.850   -63.301
  106.900   -62.958
  106.950   -63.041
  107.000   -63.096
  107.050   -63.126
  107.100   -62.767
  107.150   -62.700
  107.200   -62.338
  107.250   -62.240
  107.300   -62.094
  107.350   -62.322
  107.400   -62.086
  107.450   -62.274
  107.500   -62.369
  107.550   -62.530
  107.600   -62.337
  107.650   -62.565
  107.700   -62.691
  107.750   -62.508
  107.800   -62.338
  107.850   -62.422
  107.900   -62.092
  107.950   -62.153
  108.000   -62.326
  108.050   -62.114
  108.100   -62.203
  108.150   -62.247
  108.200   -62.049
  108.250   -61.923
  108.300   -62.367
  108.350   -62.411
  108.400   -62.097
  108.450   -62.315
  108.500   -62.293
  108.550   -62.325
  108.600   -62.451
  108.650   -62.389
  108.700   -62.441
  108.750   -62.216
  108.800   -62.283
  108.850   -62.284
  108.900   -62.497
  108.950   -62.408
  109.000   -62.280
  109.050   -62.375
  109.100   -62.167
  109.150   -62.229
  109.200   -62.150
  109.250   -62.134
  109.300   -62.370
  109.350   -62.354
  109.400   -62.431
  109.450   -62.447
  109.500   -62.536
  109.550   -62.435
  109.600   -62.517
  109.650   -62.553
  109.700   -62.584
  109.750   -62.718
  109.800   -62.654
  109.850   -62.632
  109.900   -62.580
  109.950   -62.542
  110.000   -62.334
  110.050   -62.385
  110.100   -62.522
  110.150   -62.666
  110.200   -62.518
  110.250   -62.242
  110.300   -62.110
  110.350   -61.847
  110.400   -61.903
  110.450   -61.874
  110.500   -61.697
  110.550   -61.603
  110.600   -61.686
  110.650   -61.857
  110.700   -61.737
  110.750   -61.627
  110.800   -61.718
  110.850   -61.904
  110.900   -61.639
  110.950   -61.813
  111.000   -61.745
  111.050   -61.567
  111.100   -61.504
  111.150   -61.276
  111.200   -61.052
  111.250   -61.232
  111.300   -61.106
  111.350   -61.215
  111.400   -61.164
  111.450   -61.188
  111.500   -61.354
  111.550   -61.318
  111.600   -61.800
  111.650   -62.001
  111.700   -62.096
  111.750   -61.966
  111.800   -61.962
  111.850   -61.878
  111.900   -61.640
  111.950   -61.700
  112.000   -61.669
  112.050   -61.667
  112.100   -61.695
  112.150   -61.631
  112.200   -61.651
  112.250   -61.506
  112.300   -61.107
  112.350   -61.103
  112.400   -61.069
  112.450   -61.187
  112.500   -61.031
  112.550   -60.879
  112.600   -60.742
  112.650   -60.664
  112.700   -60.699
  112.750   -60.837
  112.800   -60.975
  112.850   -60.909
  112.900   -60.969
  112.950   -61.089
  113.000   -60.938
  113.050   -60.766
  113.100   -60.728
  113.150   -60.470
  113.200   -61.049
  113.250   -61.176
  113.300   -60.971
  113.350   -60.766
  113.400   -60.650
  113.450   -60.632
  113.500   -60.626
  113.550   -60.657
  113.600   -60.729
  113.650   -60.747
  113.700   -60.700
  113.750   -60.868
  113.800   -60.855
  113.850   -61.185
  113.900   -61.229
  113.950   -61.208
  114.000   -61.228
  114.050   -61.277
  114.100   -61.185
  114.150   -61.117
  114.200   -61.125
  114.250   -61.189
  114.300   -61.046
  114.350   -61.006
  114.400   -61.002
  114.450   -60.560
  114.500   -60.792
  114.550   -60.662
  114.600   -60.516
  114.650   -60.408
  114.700   -60.426
  114.750   -60.424
  114.800   -60.373
  114.850   -60.513
  114.900   -60.598
  114.950   -60.614
  115.000   -60.447
  115.050   -60.329
  115.100   -60.423
  115.150   -60.541
  115.200   -60.626
  115.250   -60.255
  115.300   -60.283
  115.350   -59.929
  115.400   -59.905
  115.450   -59.908
  115.500   -59.765
  115.550   -59.633
  115.600   -59.682
  115.650   -59.759
  115.700   -59.948
  115.750   -59.916
  115.800   -59.780
  115.850   -59.900
  115.900   -59.811
  115.950   -59.681
  116.000   -59.658
  116.050   -60.133
  116.100   -60.032
  116.150   -60.020
  116.200   -60.017
  116.250   -60.260
  116.300   -60.264
  116.350   -60.317
  116.400   -60.401
  116.450   -60.346
  116.500   -60.156
  116.550   -60.224
  116.600   -60.173
  116.650   -60.200
  116.700   -60.053
  116.750   -59.929
  116.800   -59.886
  116.850   -59.453
  116.900   -59.506
  116.950   -59.691
  117.000   -59.659
  117.050   -59.617
  117.100   -59.620
  117.150   -59.623
  117.200   -59.815
  117.250   -59.812
  117.300   -59.742
  117.350   -59.763
  117.400   -59.905
  117.450   -60.014
  117.500   -60.214
  117.550   -60.420
  117.600   -60.573
  117.650   -60.461
  117.700   -60.491
  117.750   -60.720
  117.800   -60.579
  117.850   -60.318
  117.900   -60.409
  117.950   -60.354
  118.000   -60.053
  118.050   -59.949
  118.100   -60.318
  118.150   -60.662
  118.200   -60.641
  118.250   -60.435
  118.300   -60.340
  118.350   -60.417
  118.400   -60.500
  118.450   -60.448
  118.500   -60.573
  118.550   -60.417
  118.600   -60.169
  118.650   -60.271
  118.700   -60.213
  118.750   -60.247
  118.800   -60.576
  118.850   -60.660
  118.900   -60.771
  118.950   -60.860
  119.000   -60.677
  119.050   -60.603
  119.100   -60.648
  119.150   -60.639
  119.200   -60.763
  119.250   -60.545
  119.300   -60.538
  119.350   -60.522
  119.400   -60.360
  119.450   -60.096
  119.500   -59.751
  119.550   -59.900
  119.600   -60.091
  119.650   -60.095
  119.700   -60.046
  119.750   -59.871
  119.800   -59.813
  119.850   -59.751
  119.900   -59.958
  119.950   -59.673
  120.000   -59.596
  120.050   -59.296
  120.100   -59.253
  120.150   -59.197
  120.200   -59.272
  120.250   -58.994
  120.300   -58.990
  120.350   -59.112
  120.400   -59.011
  120.450   -59.189
  120.500   -59.377
  120.550   -59.066
  120.600   -59.022
  120.650   -59.136
  120.700   -58.977
  120.750   -58.919
  120.800   -58.747
  120.850   -58.831
  120.900   -58.925
  120.950   -58.941
  121.000   -59.063
  121.050   -59.080
  121.100   -59.165
  121.150   -59.078
  121.200   -59.348
  121.250   -59.673
  121.300   -59.524
  121.350   -59.502
  121.400   -59.536
  121.450   -59.393
  121.500   -59.297
  121.550   -59.381
  121.600   -59.526
  121.650   -59.303
  121.700   -59.473
  121.750   -59.552
  121.800   -59.653
  121.850   -59.614
  121.900   -59.476
  121.950   -59.127
  122.000   -59.128
  122.050   -59.199
  122.100   -59.252
  122.150   -59.328
  122.200   -59.510
  122.250   -59.673
  122.300   -59.499
  122.350   -59.536
  122.400   -59.443
  122.450   -59.380
  122.500   -59.277
  122.550   -59.240
  122.600   -59.384
  122.650   -59.371
  122.700   -59.637
  122.750   -59.533
  122.800   -59.302
  122.850   -59.219
  122.900   -59.273
  122.950   -59.156
  123.000   -59.014
  123.050   -58.820
  123.100   -58.968
  123.150   -58.895
  123.200   -59.069
  123.250   -59.028
  123.300   -59.298
  123.350   -59.029
  123.400   -58.982
  123.450   -59.202
  123.500   -59.374
  123.550   -59.502
  123.600   -59.440
  123.650   -59.740
  123.700   -59.952
  123.750   -60.021
  123.800   -60.020
  123.850   -60.100
  123.900   -59.915
  123.950   -59.888
  124.000   -60.062
  124.050   -60.017
  124.100   -60.165
  124.150   -60.136
  124.200   -60.003
  124.250   -59.786
  124.300   -59.833
  124.350   -59.848
  124.400   -59.734
  124.450   -59.748
  124.500   -59.648
  124.550   -59.655
  124.600   -59.636
  124.650   -59.632
  124.700   -59.537
  124.750   -59.363
  124.800   -59.192
  124.850   -59.265
  124.900   -59.537
  124.950   -59.432
  125.000   -59.535
  125.050   -59.632
  125.100   -59.464
  125.150   -59.574
  125.200   -59.839
  125.250   -59.918
  125.300   -59.919
  125.350   -60.016
  125.400   -60.159
  125.450   -60.381
  125.500   -60.466
  125.550   -60.409
  125.600   -60.416
  125.650   -60.555
  125.700   -60.410
  125.750   -60.339
  125.800   -60.475
  125.850   -60.306
  125.900   -60.486
  125.950   -60.266
  126.000   -60.044
  126.050   -60.125
  126.100   -60.157
  126.150   -60.020
  126.200   -59.883
  126.250   -59.943
  126.300   -60.010
  126.350   -59.670
  126.400   -59.701
  126.450   -59.733
  126.500   -59.470
  126.550   -59.648
  126.600   -59.768
  126.650   -59.639
  126.700   -59.450
  126.750   -59.743
  126.800   -59.600
  126.850   -59.248
  126.900   -59.075
  126.950   -58.869
  127.000   -58.943
  127.050   -58.982
  127.100   -58.930
  127.150   -58.890
  127.200   -58.888
  127.250   -58.942
  127.300   -58.977
  127.350   -58.664
  127.400   -58.611
  127.450   -58.635
  127.500   -58.353
  127.550   -58.291
  127.600   -58.363
  127.650   -58.220
  127.700   -58.289
  127.750   -58.107
  127.800   -58.182
  127.850   -57.991
  127.900   -57.900
  127.950   -57.617
  128.000   -57.820
  128.050   -57.756
  128.100   -57.589
  128.150   -57.329
  128.200   -57.372
  128.250   -57.446
  128.300   -57.296
  128.350   -57.330
  128.400   -57.447
  128.450   -57.444
  128.500   -57.328
  128.550   -57.389
  128.600   -57.420
  128.650   -57.133
  128.700   -57.156
  128.750   -57.180
  128.800   -56.965
  128.850   -56.978
  128.900   -57.083
  128.950   -57.156
  129.000   -56.763
  129.050   -56.648
  129.100   -56.832
  129.150   -56.719
  129.200   -56.762
  129.250   -56.678
  129.300   -56.642
  129.350   -56.733
  129.400   -56.751
  129.450   -56.682
  129.500   -56.603
  129.550   -56.532
  129.600   -56.536
  129.650   -56.542
  129.700   -56.642
  129.750   -56.481
  129.800   -56.536
  129.850   -56.599
  129.900   -56.495
  129.950   -56.560
  130.000   -56.648
  130.050   -56.485
  130.100   -56.623
  130.150   -56.458
  130.200   -56.529
  130.250   -56.629
  130.300   -56.626
  130.350   -56.365
  130.400   -56.549
  130.450   -56.377
  130.500   -56.339
  130.550   -56.407
  130.600   -56.306
  130.650   -56.430
  130.700   -56.354
  130.750   -56.370
  130.800   -55.973
  130.850   -56.020
  130.900   -55.959
  130.950   -55.764
  131.000   -55.648
  131.050   -55.753
  131.100   -55.638
  131.150   -55.754
  131.200   -55.785
  131.250   -55.745
  131.300   -55.735
  131.350   -55.762
  131.400   -55.620
  131.450   -55.410
  131.500   -55.272
  131.550   -55.553
  131.600   -55.470
  131.650   -55.165
  131.700   -55.276
  131.750   -55.253
  131.800   -55.400
  131.850   -55.213
  131.900   -54.987
  131.950   -55.111
  132.000   -55.186
  132.050   -54.992
  132.100   -54.706
  132.150   -54.799
  132.200   -54.874
  132.250   -54.528
  132.300   -54.225
  132.350   -54.234
  132.400   -53.814
  132.450   -53.794
  132.500   -53.687
  132.550   -53.488
  132.600   -53.700
  132.650   -53.319
  132.700   -52.988
  132.750   -52.819
  132.800   -52.053
  132.850   -51.652
  132.900   -50.952
  132.950   -49.775
  133.000   -47.581
  133.050   -43.983
  133.100   -39.252
  133.150   -33.657
  133.200   -28.195
  133.250   -22.482
  133.300   -17.364
  133.350   -12.545
  133.400    -8.557
  133.450    -5.034
  133.500    -1.957
  133.550     0.969
  133.600     3.052
  133.650     5.221
  133.700     7.083
  133.750     8.609
  133.800     9.290
  133.850    10.192
  133.900    10.688
  133.950    10.620
  134.000    10.400
  134.050     9.930
  134.100     9.427
  134.150     8.566
  134.200     7.543
  134.250     6.312
  134.300     4.963
  134.350     3.453
  134.400     1.832
  134.450    -0.022
  134.500    -2.050
  134.550    -3.935
  134.600    -5.777
  134.650    -7.658
  134.700    -9.392
  134.750   -11.317
  134.800   -13.508
  134.850   -15.539
  134.900   -17.406
  134.950   -19.121
  135.000   -21.314
  135.050   -23.154
  135.100   -24.973
  135.150   -26.190
  135.200   -27.464
  135.250   -28.824
  135.300   -30.277
  135.350   -31.419
  135.400   -32.555
  135.450   -34.048
  135.500   -35.585
  135.550   -36.500
  135.600   -37.456
  135.650   -38.538
  135.700   -39.358
  135.750   -40.386
  135.800   -41.623
  135.850   -42.742
  135.900   -43.586
  135.950   -44.288
  136.000   -45.388
  136.050   -46.111
  136.100   -46.877
  136.150   -47.594
  136.200   -48.161
  136.250   -49.021
  136.300   -49.608
  136.350   -49.941
  136.400   -50.547
  136.450   -50.971
  136.500   -51.458
  136.550   -51.697
  136.600   -51.797
  136.650   -52.552
  136.700   -53.191
  136.750   -53.386
  136.800   -53.813
  136.850   -53.910
  136.900   -54.141
  136.950   -54.384
  137.000   -54.873
  137.050   -55.063
  137.100   -55.190
  137.150   -55.565
  137.200   -55.916
  137.250   -56.142
  137.300   -56.442
  137.350   -56.675
  137.400   -56.905
  137.450   -56.872
  137.500   -57.167
  137.550   -57.199
  137.600   -57.397
  137.650   -57.556
  137.700   -57.764
  137.750   -58.122
  137.800   -58.404
  137.850   -58.759
  137.900   -59.095
  137.950   -59.593
  138.000   -59.519
  138.050   -59.754
  138.100   -59.984
  138.150   -60.257
  138.200   -60.630
  138.250   -60.704
  138.300   -61.066
  138.350   -61.062
  138.400   -61.072
  138.450   -61.144
  138.500   -61.474
  138.550   -61.721
  138.600   -62.069
  138.650   -62.258
  138.700   -62.184
  138.750   -62.139
  138.800   -61.875
  138.850   -62.214
  138.900   -62.205
  138.950   -62.214
  139.000   -62.111
  139.050   -62.078
  139.100   -62.341
  139.150   -62.376
  139.200   -62.183
  139.250   -62.435
  139.300   -62.450
  139.350   -62.502
  139.400   -62.797
  139.450   -62.754
  139.500   -62.695
  139.550   -62.283
  139.600   -62.558
  139.650   -62.530
  139.700   -62.454
  139.750   -62.785
  139.800   -62.754
  139.850   -62.930
  139.900   -62.671
  139.950   -62.783
  140.000   -62.918
  140.050   -63.165
  140.100   -63.332
  140.150   -63.468
  140.200   -63.264
  140.250   -63.406
  140.300   -63.274
  140.350   -63.475
  140.400   -63.751
  140.450   -63.720
  140.500   -63.535
  140.550   -63.170
  140.600   -63.009
  140.650   -63.239
  140.700   -63.346
  140.750   -63.433
  140.800   -63.462
  140.850   -63.087
  140.900   -63.044
  140.950   -62.995
  141.000   -63.055
  141.050   -63.069
  141.100   -62.809
  141.150   -62.936
  141.200   -62.800
  141.250   -62.835
  141.300   -62.873
  141.350   -63.044
  141.400   -62.963
  141.450   -63.060
  141.500   -63.037
  141.550   -63.094
  141.600   -62.933
  141.650   -63.091
  141.700   -63.141
  141.750   -63.147
  141.800   -63.594
  141.850   -63.713
  141.900   -63.664
  141.950   -63.566
  142.000   -63.620
  142.050   -63.803
  142.100   -63.607
  142.150   -63.804
  142.200   -64.042
  142.250   -63.935
  142.300   -63.674
  142.350   -63.649
  142.400   -63.720
  142.450   -63.613
  142.500   -63.662
  142.550   -63.674
  142.600   -63.787
  142.650   -63.752
  142.700   -63.503
  142.750   -63.560
  142.800   -63.754
  142.850   -63.888
  142.900   -64.033
  142.950   -64.350
  143.000   -64.043
  143.050   -64.170
  143.100   -64.159
  143.150   -64.357
  143.200   -64.311
  143.250   -64.545
  143.300   -64.720
  143.350   -64.808
  143.400   -65.141
  143.450   -65.201
  143.500   -65.031
  143.550   -64.961
  143.600   -64.802
  143.650   -64.818
  143.700   -65.055
  143.750   -65.259
  143.800   -65.048
  143.850   -64.883
  143.900   -64.795
  143.950   -64.569
  144.000   -64.303
  144.050   -64.342
  144.100   -64.408
  144.150   -64.161
  144.200   -64.087
  144.250   -64.096
  144.300   -63.840
  144.350   -63.681
  144.400   -63.940
  144.450   -63.823
  144.500   -63.674
  144.550   -63.615
  144.600   -63.701
  144.650   -64.057
  144.700   -63.798
  144.750   -63.795
  144.800   -63.514
  144.850   -63.371
  144.900   -63.683
  144.950   -63.483
  145.000   -63.617
  145.050   -63.693
  145.100   -63.439
  145.150   -63.192
  145.200   -62.978
  145.250   -62.971
  145.300   -62.875
  145.350   -62.789
  145.400   -62.947
  145.450   -63.085
  145.500   -62.897
  145.550   -62.793
  145.600   -62.621
  145.650   -62.711
  145.700   -62.339
  145.750   -62.679
  145.800   -62.545
  145.850   -62.599
  145.900   -62.692
  145.950   -62.485
  146.000   -62.427
  146.050   -62.494
  146.100   -62.194
  146.150   -62.026
  146.200   -61.942
  146.250   -61.570
  146.300   -61.766
  146.350   -61.688
  146.400   -61.550
  146.450   -61.388
  146.500   -61.094
  146.550   -61.458
  146.600   -61.316
  146.650   -61.161
  146.700   -60.834
  146.750   -60.649
  146.800   -60.818
  146.850   -60.747
  146.900   -60.970
  146.950   -60.976
  147.000   -61.048
  147.050   -61.432
  147.100   -61.474
  147.150   -61.276
  147.200   -61.500
  147.250   -61.387
  147.300   -61.002
  147.350   -60.681
  147.400   -60.722
  147.450   -60.625
  147.500   -60.589
  147.550   -60.583
  147.600   -60.450
  147.650   -60.567
  147.700   -60.712
  147.750   -60.948
  147.800   -60.951
  147.850   -60.984
  147.900   -61.089
  147.950   -60.988
  148.000   -60.991
  148.050   -61.066
  148.100   -60.842
  148.150   -60.858
  148.200   -60.791
  148.250   -60.820
  148.300   -60.717
  148.350   -60.806
  148.400   -60.948
  148.450   -61.218
  148.500   -61.324
  148.550   -61.205
  148.600   -61.251
  148.650   -61.061
  148.700   -61.000
  148.750   -61.038
  148.800   -60.944
  148.850   -60.774
  148.900   -61.008
  148.950   -60.743
  149.000   -60.805
  149.050   -60.778
  149.100   -60.728
  149.150   -60.603
  149.200   -60.758
  149.250   -60.814
  149.300   -60.786
  149.350   -60.677
  149.400   -60.527
  149.450   -60.570
  149.500   -60.631
  149.550   -60.594
  149.600   -60.770
  149.650   -60.791
  149.700   -60.653
  149.750   -60.358
  149.800   -60.400
  149.850   -60.419
  149.900   -60.405
  149.950   -60.411
  150.000   -60.492
  150.050   -60.671
  150.100   -60.501
  150.150   -60.605
  150.200   -60.520
  150.250   -60.245
  150.300   -60.085
  150.350   -60.142
  150.400   -60.136
  150.450   -60.158
  150.500   -59.910
  150.550   -59.747
  150.600   -59.657
  150.650   -59.563
  150.700   -59.425
  150.750   -59.501
  150.800   -59.380
  150.850   -59.101
  150.900   -59.137
  150.950   -58.894
  151.000   -58.651
  151.050   -58.570
  151.100   -58.205
  151.150   -58.467
  151.200   -58.259
  151.250   -58.134
  151.300   -58.025
  151.350   -58.097
  151.400   -57.776
  151.450   -57.933
  151.500   -58.001
  151.550   -57.824
  151.600   -58.015
  151.650   -57.832
  151.700   -57.663
  151.750   -57.631
  151.800   -57.715
  151.850   -57.773
  151.900   -57.874
  151.950   -57.839
  152.000   -57.882
  152.050   -57.795
  152.100   -57.670
  152.150   -57.660
  152.200   -57.682
  152.250   -57.848
  152.300   -57.985
  152.350   -57.634
  152.400   -57.457
  152.450   -57.427
  152.500   -57.488
  152.550   -57.396
  152.600   -57.420
  152.650   -57.215
  152.700   -56.926
  152.750   -57.090
  152.800   -57.288
  152.850   -57.033
  152.900   -57.326
  152.950   -57.209
  153.000   -57.172
  153.050   -57.030
  153.100   -56.791
  153.150   -56.335
  153.200   -56.175
  153.250   -56.286
  153.300   -56.357
  153.350   -56.479
  153.400   -56.591
  153.450   -56.529
  153.500   -56.657
  153.550   -56.512
  153.600   -56.391
  153.650   -56.271
  153.700   -55.983
  153.750   -56.013
  153.800   -56.076
  153.850   -56.195
  153.900   -56.096
  153.950   -55.742
  154.000   -55.742
  154.050   -55.729
  154.100   -55.393
  154.150   -55.301
  154.200   -55.471
  154.250   -55.643
  154.300   -55.030
  154.350   -55.347
  154.400   -55.293
  154.450   -55.289
  154.500   -54.921
  154.550   -54.942
  154.600   -55.015
  154.650   -55.066
  154.700   -54.985
  154.750   -54.678
  154.800   -54.563
  154.850   -54.056
  154.900   -53.862
  154.950   -53.905
  155.000   -54.042
  155.050   -53.653
  155.100   -53.018
  155.150   -52.737
  155.200   -52.329
  155.250   -51.830
  155.300   -51.237
  155.350   -50.357
  155.400   -48.487
  155.450   -45.221
  155.500   -40.543
  155.550   -35.192
  155.600   -29.496
  155.650   -24.345
  155.700   -19.300
  155.750   -14.577
  155.800   -10.364
  155.850    -6.654
  155.900    -3.354
  155.950    -0.591
  156.000     2.040
  156.050     3.735
  156.100     5.202
  156.150     6.556
  156.200     7.731
  156.250     8.561
  156.300     9.027
  156.350     9.214
  156.400     9.405
  156.450     9.083
  156.500     8.580
  156.550     7.646
  156.600     6.780
  156.650     5.170
  156.700     3.761
  156.750     2.407
  156.800     0.623
  156.850    -0.910
  156.900    -2.757
  156.950    -4.396
  157.000    -6.113
  157.050    -8.107
  157.100   -10.013
  157.150   -12.043
  157.200   -14.047
  157.250   -16.562
  157.300   -18.424
  157.350   -20.318
  157.400   -22.253
  157.450   -23.998
  157.500   -25.755
  157.550   -27.865
  157.600   -29.681
  157.650   -31.203
  157.700   -32.935
  157.750   -34.652
  157.800   -36.110
  157.850   -37.436
  157.900   -38.584
  157.950   -39.814
  158.000   -40.719
  158.050   -41.557
  158.100   -42.784
  158.150   -43.696
  158.200   -44.726
  158.250   -45.860
  158.300   -46.847
  158.350   -48.101
  158.400   -48.625
  158.450   -49.475
  158.500   -50.125
  158.550   -50.688
  158.600   -51.007
  158.650   -51.641
  158.700   -51.946
  158.750   -52.642
  158.800   -53.004
  158.850   -53.362
  158.900   -53.816
  158.950   -54.368
  159.000   -54.772
  159.050   -55.176
  159.100   -55.459
  159.150   -55.589
  159.200   -56.382
  159.250   -56.605
  159.300   -57.132
  159.350   -57.324
  159.400   -57.719
  159.450   -57.945
  159.500   -58.236
  159.550   -58.315
  159.600   -58.665
  159.650   -58.908
  159.700   -59.117
  159.750   -59.439
  159.800   -59.913
  159.850   -59.989
  159.900   -60.077
  159.950   -60.571
  160.000   -60.318
  160.050   -60.486
  160.100   -60.741
  160.150   -61.213
  160.200   -61.236
  160.250   -61.253
  160.300   -61.453
  160.350   -61.434
  160.400   -61.469
  160.450   -61.583
  160.500   -61.710
  160.550   -61.912
  160.600   -62.025
  160.650   -62.056
  160.700   -61.886
  160.750   -61.729
  160.800   -61.752
  160.850   -61.642
  160.900   -62.040
  160.950   -61.634
  161.000   -61.384
  161.050   -61.214
  161.100   -61.586
  161.150   -61.670
  161.200   -61.710
  161.250   -61.733
  161.300   -61.453
  161.350   -61.605
  161.400   -61.677
  161.450   -61.990
  161.500   -62.161
  161.550   -61.658
  161.600   -61.694
  161.650   -61.929
  161.700   -62.062
  161.750   -62.021
  161.800   -61.996
  161.850   -61.984
  161.900   -61.944
  161.950   -62.183
  162.000   -62.300
  162.050   -62.154
  162.100   -62.452
  162.150   -62.421
  162.200   -62.605
  162.250   -62.818
  162.300   -62.515
  162.350   -62.526
  162.400   -62.548
  162.450   -62.275
  162.500   -62.236
  162.550   -62.391
  162.600   -62.267
  162.650   -61.994
  162.700   -61.798
  162.750   -61.907
  162.800   -62.152
  162.850   -62.494
  162.900   -62.639
  162.950   -62.610
  163.000   -62.627
  163.050   -62.381
  163.100   -62.444
  163.150   -62.633
  163.200   -62.771
  163.250   -62.831
  163.300   -62.740
  163.350   -62.697
  163.400   -62.560
  163.450   -62.704
  163.500   -63.066
  163.550   -63.100
  163.600   -63.255
  163.650   -63.101
  163.700   -63.303
  163.750   -63.335
  163.800   -63.273
  163.850   -63.371
  163.900   -63.561
  163.950   -63.513
  164.000   -63.881
  164.050   -63.888
  164.100   -63.924
  164.150   -63.912
  164.200   -63.868
  164.250   -63.606
  164.300   -63.470
  164.350   -63.482
  164.400   -63.625
  164.450   -63.607
  164.500   -63.704
  164.550   -63.747
  164.600   -64.029
  164.650   -64.114
  164.700   -64.074
  164.750   -64.057
  164.800   -64.256
  164.850   -64.387
  164.900   -64.301
  164.950   -64.127
  165.000   -64.289
  165.050   -63.971
  165.100   -63.792
  165.150   -63.719
  165.200   -63.897
  165.250   -63.780
  165.300   -63.836
  165.350   -64.037
  165.400   -63.824
  165.450   -64.005
  165.500   -63.788
  165.550   -63.613
  165.600   -63.561
  165.650   -63.426
  165.700   -63.447
  165.750   -63.581
  165.800   -63.437
  165.850   -63.376
  165.900   -63.612
  165.950   -63.846
  166.000   -64.038
  166.050   -64.164
  166.100   -64.047
  166.150   -64.230
  166.200   -64.386
  166.250   -64.549
  166.300   -64.476
  166.350   -64.178
  166.400   -64.341
  166.450   -64.518
  166.500   -64.399
  166.550   -64.146
  166.600   -63.844
  166.650   -64.081
  166.700   -63.987
  166.750   -63.897
  166.800   -63.868
  166.850   -63.614
  166.900   -63.599
  166.950   -63.469
  167.000   -63.332
  167.050   -63.525
  167.100   -63.560
  167.150   -63.221
  167.200   -62.907
  167.250   -63.296
  167.300   -63.416
  167.350   -63.474
  167.400   -63.542
  167.450   -63.719
  167.500   -63.473
  167.550   -63.158
  167.600   -63.259
  167.650   -63.136
  167.700   -62.928
  167.750   -63.255
  167.800   -63.155
  167.850   -63.067
  167.900   -62.954
  167.950   -63.050
  168.000   -62.934
  168.050   -62.726
  168.100   -62.485
  168.150   -62.781
  168.200   -62.649
  168.250   -62.634
  168.300   -62.587
  168.350   -62.549
  168.400   -62.207
  168.450   -61.903
  168.500   -61.810
  168.550   -62.040
  168.600   -61.697
  168.650   -61.512
  168.700   -61.648
  168.750   -61.856
  168.800   -61.760
  168.850   -61.886
  168.900   -61.790
  168.950   -61.611
  169.000   -61.562
  169.050   -61.462
  169.100   -61.274
  169.150   -61.150
  169.200   -61.121
  169.250   -61.242
  169.300   -61.397
  169.350   -61.422
  169.400   -61.345
  169.450   -61.613
  169.500   -61.407
  169.550   -61.288
  169.600   -61.371
  169.650   -61.305
  169.700   -61.158
  169.750   -61.473
  169.800   -61.409
  169.850   -61.540
  169.900   -61.572
  169.950   -61.421
  170.000   -61.191
  170.050   -61.085
  170.100   -60.687
  170.150   -60.416
  170.200   -60.174
  170.250   -60.375
  170.300   -60.323
  170.350   -60.237
  170.400   -60.217
  170.450   -60.024
  170.500   -59.996
  170.550   -60.328
  170.600   -60.351
  170.650   -60.400
  170.700   -60.597
  170.750   -60.343
  170.800   -60.462
  170.850   -60.479
  170.900   -60.555
  170.950   -60.650
  171.000   -60.695
  171.050   -60.407
  171.100   -60.533
  171.150   -60.487
  171.200   -60.481
  171.250   -60.441
  171.300   -60.603
  171.350   -60.612
  171.400   -60.489
  171.450   -60.309
  171.500   -60.440
  171.550   -60.663
  171.600   -60.529
  171.650   -60.587
  171.700   -60.454
  171.750   -60.771
  171.800   -60.857
  171.850   -60.560
  171.900   -60.193
  171.950   -60.198
  172.000   -60.374
  172.050   -60.305
  172.100   -60.167
  172.150   -60.204
  172.200   -60.058
  172.250   -59.802
  172.300   -59.773
  172.350   -60.259
  172.400   -60.112
  172.450   -59.843
  172.500   -60.001
  172.550   -59.954
  172.600   -59.873
  172.650   -59.816
  172.700   -59.795
  172.750   -59.810
  172.800   -59.848
  172.850   -59.904
  172.900   -59.948
  172.950   -59.804
  173.000   -59.959
  173.050   -59.894
  173.100   -59.940
  173.150   -59.816
  173.200   -59.674
  173.250   -59.655
  173.300   -59.479
  173.350   -59.137
  173.400   -59.049
  173.450   -59.141
  173.500   -58.989
  173.550   -59.149
  173.600   -59.329
  173.650   -59.274
  173.700   -58.997
  173.750   -58.956
  173.800   -58.808
  173.850   -58.639
  173.900   -58.696
  173.950   -58.397
  174.000   -58.615
  174.050   -58.395
  174.100   -58.289
  174.150   -58.139
  174.200   -58.145
  174.250   -57.914
  174.300   -57.729
  174.350   -57.704
  174.400   -57.603
  174.450   -57.504
  174.500   -57.405
  174.550   -57.316
  174.600   -57.409
  174.650   -57.440
  174.700   -57.603
  174.750   -57.665
  174.800   -57.565
  174.850   -57.656
  174.900   -57.633
  174.950   -57.657
  175.000   -57.817
  175.050   -57.861
  175.100   -57.828
  175.150   -58.076
  175.200   -57.997
  175.250   -58.384
  175.300   -58.274
  175.350   -57.948
  175.400   -58.003
  175.450   -58.082
  175.500   -57.977
  175.550   -57.921
  175.600   -58.034
  175.650   -58.128
  175.700   -58.378
  175.750   -58.518
  175.800   -58.764
  175.850   -58.634
  175.900   -58.558
  175.950   -58.591
  176.000   -58.716
  176.050   -58.770
  176.100   -58.500
  176.150   -58.222
  176.200   -58.128
  176.250   -58.359
  176.300   -58.378
  176.350   -58.076
  176.400   -58.195
  176.450   -58.450
  176.500   -58.458
  176.550   -58.253
  176.600   -58.583
  176.650   -58.526
  176.700   -58.338
  176.750   -58.216
  176.800   -58.453
  176.850   -58.153
  176.900   -58.034
  176.950   -57.774
  177.000   -57.812
  177.050   -57.987
  177.100   -57.807
  177.150   -57.678
  177.200   -57.908
  177.250   -57.809
  177.300   -57.873
  177.350   -58.019
  177.400   -57.909
  177.450   -57.854
  177.500   -57.970
  177.550   -57.891
  177.600   -57.890
  177.650   -57.887
  177.700   -57.905
  177.750   -57.985
  177.800   -58.119
  177.850   -58.133
  177.900   -58.015
  177.950   -57.909
  178.000   -57.693
  178.050   -57.630
  178.100   -57.659
  178.150   -57.805
  178.200   -57.594
  178.250   -57.280
  178.300   -57.325
  178.350   -57.388
  178.400   -57.458
  178.450   -57.641
  178.500   -57.635
  178.550   -57.616
  178.600   -57.384
  178.650   -57.632
  178.700   -57.332
  178.750   -57.228
  178.800   -57.333
  178.850   -57.444
  178.900   -57.676
  178.950   -57.872
  179.000   -57.982
  179.050   -58.095
  179.100   -58.077
  179.150   -58.496
  179.200   -58.534
  179.250   -58.541
  179.300   -58.773
  179.350   -58.543
  179.400   -58.355
  179.450   -58.024
  179.500   -58.068
  179.550   -58.030
  179.600   -58.043
  179.650   -58.021
  179.700   -58.041
  179.750   -58.085
  179.800   -58.163
  179.850   -58.211
  179.900   -58.035
  179.950   -57.980
  180.000   -58.070
  180.050   -57.785
  180.100   -57.700
  180.150   -57.444
  180.200   -57.722
  180.250   -57.923
  180.300   -57.823
  180.350   -57.544
  180.400   -57.642
  180.450   -57.777
  180.500   -57.679
  180.550   -57.854
  180.600   -57.937
  180.650   -58.025
  180.700   -57.802
  180.750   -57.568
  180.800   -57.635
  180.850   -57.353
  180.900   -57.176
  180.950   -56.981
  181.000   -57.173
  181.050   -57.134
  181.100   -57.465
  181.150   -57.518
  181.200   -57.554
  181.250   -57.482
  181.300   -57.601
  181.350   -57.739
  181.400   -57.944
  181.450   -57.954
  181.500   -58.014
  181.550   -58.041
  181.600   -57.985
  181.650   -57.882
  181.700   -57.647
  181.750   -57.583
  181.800   -57.651
  181.850   -57.975
  181.900   -58.223
  181.950   -58.160
  182.000   -58.346
  182.050   -58.300
  182.100   -58.315
  182.150   -58.411
  182.200   -58.304
  182.250   -58.473
  182.300   -58.536
  182.350   -58.709
  182.400   -58.633
  182.450   -58.520
  182.500   -58.543
  182.550   -58.350
  182.600   -58.307
  182.650   -57.977
  182.700   -58.050
  182.750   -57.823
  182.800   -57.790
  182.850   -57.772
  182.900   -57.725
  182.950   -57.719
  183.000   -57.224
  183.050   -57.059
  183.100   -57.079
  183.150   -56.966
  183.200   -57.087
  183.250   -57.060
  183.300   -56.906
  183.350   -56.891
  183.400   -56.820
  183.450   -56.698
  183.500   -56.708
  183.550   -56.921
  183.600   -56.949
  183.650   -56.527
  183.700   -56.339
  183.750   -56.055
  183.800   -56.006
  183.850   -55.826
  183.900   -55.952
  183.950   -56.009
  184.000   -56.054
  184.050   -55.970
  184.100   -56.015
  184.150   -55.975
  184.200   -55.746
  184.250   -55.724
  184.300   -55.318
  184.350   -54.962
  184.400   -54.829
  184.450   -54.725
  184.500   -54.597
  184.550   -54.606
  184.600   -54.375
  184.650   -54.410
  184.700   -54.388
  184.750   -54.443
  184.800   -54.167
  184.850   -54.015
  184.900   -54.181
  184.950   -54.084
  185.000   -53.888
  185.050   -53.559
  185.100   -53.433
  185.150   -53.528
  185.200   -53.250
  185.250   -52.741
  185.300   -52.271
  185.350   -51.891
  185.400   -51.315
  185.450   -50.156
  185.500   -48.160
  185.550   -44.418
  185.600   -39.877
  185.650   -34.426
  185.700   -29.007
  185.750   -23.750
  185.800   -18.817
  185.850   -13.970
  185.900    -9.859
  185.950    -6.064
  186.000    -2.990
  186.050    -0.080
  186.100     2.201
  186.150     4.048
  186.200     5.724
  186.250     6.929
  186.300     8.242
  186.350     9.439
  186.400    10.109
  186.450    10.354
  186.500    10.333
  186.550     9.709
  186.600     9.292
  186.650     8.643
  186.700     7.676
  186.750     6.677
  186.800     5.425
  186.850     4.189
  186.900     3.042
  186.950     1.533
  187.000    -0.207
  187.050    -2.249
  187.100    -4.439
  187.150    -6.524
  187.200    -8.395
  187.250   -10.388
  187.300   -12.381
  187.350   -14.456
  187.400   -16.331
  187.450   -18.123
  187.500   -19.792
  187.550   -21.473
  187.600   -23.565
  187.650   -25.521
  187.700   -27.255
  187.750   -28.893
  187.800   -30.511
  187.850   -31.716
  187.900   -33.064
  187.950   -34.304
  188.000   -35.386
  188.050   -36.850
  188.100   -37.742
  188.150   -38.704
  188.200   -39.988
  188.250   -40.929
  188.300   -42.145
  188.350   -43.140
  188.400   -44.376
  188.450   -45.398
  188.500   -46.586
  188.550   -47.419
  188.600   -47.944
  188.650   -48.592
  188.700   -49.166
  188.750   -49.800
  188.800   -50.307
  188.850   -50.997
  188.900   -51.523
  188.950   -51.983
  189.000   -52.463
  189.050   -53.025
  189.100   -53.223
  189.150   -53.747
  189.200   -54.152
  189.250   -54.579
  189.300   -54.815
  189.350   -55.244
  189.400   -55.892
  189.450   -56.137
  189.500   -56.267
  189.550   -56.354
  189.600   -56.903
  189.650   -57.325
  189.700   -57.353
  189.750   -57.949
  189.800   -58.244
  189.850   -58.641
  189.900   -58.825
  189.950   -59.011
  190.000   -59.232
  190.050   -59.310
  190.100   -59.676
  190.150   -59.812
  190.200   -59.989
  190.250   -60.259
  190.300   -60.324
  190.350   -60.613
  190.400   -60.759
  190.450   -60.782
  190.500   -60.784
  190.550   -61.079
  190.600   -61.080
  190.650   -60.958
  190.700   -61.006
  190.750   -61.116
  190.800   -61.128
  190.850   -61.095
  190.900   -61.019
  190.950   -61.291
  191.000   -61.280
  191.050   -61.194
  191.100   -61.432
  191.150   -61.373
  191.200   -61.328
  191.250   -61.372
  191.300   -61.257
  191.350   -61.404
  191.400   -61.390
  191.450   -61.184
  191.500   -61.224
  191.550   -61.243
  191.600   -61.585
  191.650   -61.536
  191.700   -61.750
  191.750   -61.653
  191.800   -61.643
  191.850   -61.596
  191.900   -61.756
  191.950   -61.864
  192.000   -61.787
  192.050   -62.103
  192.100   -62.186
  192.150   -62.274
  192.200   -62.407
  192.250   -62.209
  192.300   -62.523
  192.350   -62.579
  192.400   -62.578
  192.450   -62.753
  192.500   -62.774
  192.550   -62.998
  192.600   -63.034
  192.650   -63.062
  192.700   -63.164
  192.750   -63.081
  192.800   -63.046
  192.850   -62.879
  192.900   -63.234
  192.950   -63.092
  193.000   -63.090
  193.050   -63.272
  193.100   -63.324
  193.150   -63.292
  193.200   -63.365
  193.250   -63.499
  193.300   -63.429
  193.350   -63.405
  193.400   -63.219
  193.450   -63.223
  193.500   -63.382
  193.550   -63.567
  193.600   -63.618
  193.650   -63.878
  193.700   -64.081
  193.750   -63.924
  193.800   -63.808
  193.850   -63.761
  193.900   -63.697
  193.950   -63.613
  194.000   -63.666
  194.050   -64.017
  194.100   -63.912
  194.150   -64.142
  194.200   -64.270
  194.250   -64.376
  194.300   -64.688
  194.350   -64.560
  194.400   -64.322
  194.450   -64.118
  194.500   -64.199
  194.550   -64.385
  194.600   -64.384
  194.650   -64.563
  194.700   -64.194
  194.750   -64.461
  194.800   -64.595
  194.850   -65.000
  194.900   -65.153
  194.950   -64.827
  195.000   -64.726
  195.050   -64.791
  195.100   -64.819
  195.150   -64.818
  195.200   -64.492
  195.250   -64.501
  195.300   -64.485
  195.350   -64.659
  195.400   -64.452
  195.450   -64.700
  195.500   -64.513
  195.550   -64.434
  195.600   -64.354
  195.650   -64.134
  195.700   -64.285
  195.750   -64.356
  195.800   -64.198
  195.850   -63.933
  195.900   -63.816
  195.950   -63.700
  196.000   -63.673
  196.050   -63.684
  196.100   -63.622
  196.150   -63.877
  196.200   -63.654
  196.250   -63.626
  196.300   -63.580
  196.350   -63.542
  196.400   -63.382
  196.450   -63.396
  196.500   -63.186
  196.550   -62.938
  196.600   -63.025
  196.650   -63.251
  196.700   -63.367
  196.750   -63.154
  196.800   -63.186
  196.850   -63.381
  196.900   -63.555
  196.950   -63.526
  197.000   -63.566
  197.050   -63.493
  197.100   -63.416
  197.150   -63.393
  197.200   -63.264
  197.250   -63.356
  197.300   -63.303
  197.350   -63.467
  197.400   -63.537
  197.450   -63.550
  197.500   -63.656
  197.550   -63.892
  197.600   -63.684
  197.650   -63.650
  197.700   -63.387
  197.750   -63.268
  197.800   -63.336
  197.850   -63.274
  197.900   -63.018
  197.950   -62.819
  198.000   -62.740
  198.050   -62.911
  198.100   -62.835
  198.150   -62.941
  198.200   -62.733
  198.250   -62.595
  198.300   -62.408
  198.350   -62.280
  198.400   -62.132
  198.450   -62.190
  198.500   -61.960
  198.550   -61.926
  198.600   -61.857
  198.650   -61.960
  198.700   -61.888
  198.750   -61.708
  198.800   -61.443
  198.850   -61.519
  198.900   -61.726
  198.950   -61.709
  199.000   -61.529
  199.050   -61.312
  199.100   -61.348
  199.150   -61.339
  199.200   -61.327
  199.250   -61.083
  199.300   -61.022
  199.350   -60.738
  199.400   -60.804
  199.450   -60.771
  199.500   -60.575
  199.550   -60.534
  199.600   -60.393
  199.650   -60.448
  199.700   -60.358
  199.750   -60.553
  199.800   -60.479
  199.850   -60.508
  199.900   -60.674
  199.950   -60.730
  200.000   -60.897
  200.050   -60.767
  200.100   -60.511
  200.150   -60.640
  200.200   -60.791
  200.250   -60.607
  200.300   -60.699
  200.350   -60.304
  200.400   -60.085
  200.450   -59.887
  200.500   -59.955
  200.550   -60.112
  200.600   -60.196
  200.650   -60.155
  200.700   -59.959
  200.750   -60.179
  200.800   -60.237
  200.850   -60.142
  200.900   -60.383
  200.950   -60.425
  201.000   -60.403
  201.050   -60.267
  201.100   -60.406
  201.150   -60.277
  201.200   -60.217
  201.250   -60.018
  201.300   -59.769
  201.350   -59.977
  201.400   -60.065
  201.450   -60.128
  201.500   -60.268
  201.550   -60.384
  201.600   -60.557
  201.650   -60.522
  201.700   -60.862
  201.750   -60.916
  201.800   -60.873
  201.850   -61.060
  201.900   -61.172
  201.950   -61.225
  202.000   -61.039
  202.050   -61.234
  202.100   -61.039
  202.150   -60.893
  202.200   -60.893
  202.250   -60.942
  202.300   -61.051
  202.350   -60.644
  202.400   -60.528
  202.450   -60.565
  202.500   -60.509
  202.550   -60.520
  202.600   -60.656
  202.650   -60.705
  202.700   -60.559
  202.750   -60.491
  202.800   -60.555
  202.850   -60.336
  202.900   -60.171
  202.950   -60.395
  203.000   -60.201
  203.050   -60.042
  203.100   -60.299
  203.150   -60.388
  203.200   -60.325
  203.250   -60.515
  203.300   -60.261
  203.350   -60.119
  203.400   -60.255
  203.450   -60.343
  203.500   -60.192
  203.550   -60.135
  203.600   -59.914
  203.650   -60.034
  203.700   -59.999
  203.750   -59.932
  203.800   -59.857
  203.850   -59.607
  203.900   -59.700
  203.950   -59.513
  204.000   -59.622
  204.050   -59.686
  204.100   -59.520
  204.150   -59.500
  204.200   -59.426
  204.250   -59.418
  204.300   -59.507
  204.350   -59.434
  204.400   -59.664
  204.450   -59.588
  204.500   -59.708
  204.550   -59.763
  204.600   -59.701
  204.650   -59.635
  204.700   -59.239
  204.750   -59.375
  204.800   -59.611
  204.850   -59.503
  204.900   -59.597
  204.950   -59.682
  205.000   -59.703
  205.050   -59.615
  205.100   -59.534
  205.150   -59.439
  205.200   -59.579
  205.250   -59.689
  205.300   -59.727
  205.350   -59.669
  205.400   -59.478
  205.450   -59.197
  205.500   -59.356
  205.550   -59.249
  205.600   -59.471
  205.650   -59.225
  205.700   -59.174
  205.750   -59.170
  205.800   -59.106
  205.850   -59.344
  205.900   -59.455
  205.950   -59.240
  206.000   -59.299
  206.050   -59.418
  206.100   -59.315
  206.150   -59.252
  206.200   -59.191
  206.250   -58.977
  206.300   -58.778
  206.350   -58.906
  206.400   -58.899
  206.450   -58.875
  206.500   -59.057
  206.550   -58.956
  206.600   -59.020
  206.650   -59.028
  206.700   -59.151
  206.750   -59.007
  206.800   -58.946
  206.850   -59.341
  206.900   -59.285
  206.950   -59.119
  207.000   -59.086
  207.050   -59.200
  207.100   -58.949
  207.150   -58.676
  207.200   -58.682
  207.250   -58.741
  207.300   -58.577
  207.350   -58.455
  207.400   -58.401
  207.450   -58.447
  207.500   -58.388
  207.550   -58.231
  207.600   -58.009
  207.650   -57.812
  207.700   -57.811
  207.750   -57.648
  207.800   -57.674
  207.850   -57.673
  207.900   -57.640
  207.950   -57.773
  208.000   -58.035
  208.050   -58.134
  208.100   -57.883
  208.150   -57.739
  208.200   -57.837
  208.250   -57.827
  208.300   -57.951
  208.350   -58.080
  208.400   -58.031
  208.450   -57.672
  208.500   -57.373
  208.550   -57.437
  208.600   -57.420
  208.650   -57.669
  208.700   -57.702
  208.750   -57.470
  208.800   -57.601
  208.850   -57.479
  208.900   -57.347
  208.950   -57.197
  209.000   -57.212
  209.050   -57.289
  209.100   -57.552
  209.150   -57.500
  209.200   -57.625
  209.250   -57.568
  209.300   -57.617
  209.350   -57.458
  209.400   -57.114
  209.450   -57.234
  209.500   -57.285
  209.550   -57.300
  209.600   -57.504
  209.650   -57.526
  209.700   -57.463
  209.750   -57.521
  209.800   -57.530
  209.850   -57.372
  209.900   -57.392
  209.950   -57.389
  210.000   -57.150
  210.050   -57.000
  210.100   -57.001
  210.150   -57.039
  210.200   -57.046
  210.250   -56.719
  210.300   -56.716
  210.350   -56.949
  210.400   -56.779
  210.450   -56.829
  210.500   -56.790
  210.550   -56.644
  210.600   -56.939
  210.650   -56.988
  210.700   -56.974
  210.750   -56.868
  210.800   -56.911
  210.850   -56.986
  210.900   -57.027
  210.950   -57.021
  211.000   -56.865
  211.050   -56.771
  211.100   -56.651
  211.150   -56.573
  211.200   -56.597
  211.250   -56.744
  211.300   -56.354
  211.350   -56.505
  211.400   -56.571
  211.450   -56.569
  211.500   -56.502
  211.550   -56.007
  211.600   -56.161
  211.650   -56.078
  211.700   -56.051
  211.750   -56.113
  211.800   -56.030
  211.850   -55.994
  211.900   -55.920
  211.950   -55.877
  212.000   -55.662
  212.050   -55.348
  212.100   -55.367
  212.150   -55.414
  212.200   -55.314
  212.250   -55.049
  212.300   -54.459
  212.350   -54.412
  212.400   -54.586
  212.450   -54.428
  212.500   -54.361
  212.550   -54.263
  212.600   -54.277
  212.650   -54.159
  212.700   -54.273
  212.750   -53.922
  212.800   -53.622
  212.850   -53.478
  212.900   -53.303
  212.950   -53.160
  213.000   -52.489
  213.050   -52.072
  213.100   -51.528
  213.150   -50.353
  213.200   -48.412
  213.250   -44.989
  213.300   -40.553
  213.350   -35.449
  213.400   -29.890
  213.450   -24.400
  213.500   -19.110
  213.550   -14.464
  213.600   -10.165
  213.650    -6.445
  213.700    -3.332
  213.750    -0.538
  213.800     2.036
  213.850     4.638
  213.900     6.424
  213.950     8.070
  214.000     9.242
  214.050     9.990
  214.100    10.501
  214.150    10.810
  214.200    10.797
  214.250    10.531
  214.300     9.718
  214.350     8.740
  214.400     7.898
  214.450     6.591
  214.500     5.632
  214.550     4.161
  214.600     2.694
  214.650     1.098
  214.700    -0.352
  214.750    -2.276
  214.800    -4.145
  214.850    -6.306
  214.900    -8.272
  214.950   -10.176
  215.000   -12.055
  215.050   -14.182
  215.100   -16.261
  215.150   -18.189
  215.200   -20.370
  215.250   -22.308
  215.300   -24.492
  215.350   -25.995
  215.400   -27.996
  215.450   -29.658
  215.500   -31.068
  215.550   -32.407
  215.600   -33.849
  215.650   -35.323
  215.700   -36.314
  215.750   -37.712
  215.800   -38.441
  215.850   -39.624
  215.900   -40.722
  215.950   -41.726
  216.000   -42.571
  216.050   -43.743
  216.100   -44.866
  216.150   -45.827
  216.200   -46.511
  216.250   -46.985
  216.300   -47.472
  216.350   -48.257
  216.400   -48.850
  216.450   -49.156
  216.500   -50.006
  216.550   -50.690
  216.600   -51.605
  216.650   -52.116
  216.700   -52.501
  216.750   -52.927
  216.800   -53.371
  216.850   -53.659
  216.900   -54.179
  216.950   -54.513
  217.000   -55.188
  217.050   -55.467
  217.100   -55.537
  217.150   -55.731
  217.200   -56.027
  217.250   -56.174
  217.300   -56.395
  217.350   -56.643
  217.400   -56.724
  217.450   -56.923
  217.500   -57.258
  217.550   -57.828
  217.600   -57.843
  217.650   -57.798
  217.700   -57.953
  217.750   -57.757
  217.800   -58.131
  217.850   -58.392
  217.900   -58.330
  217.950   -58.507
  218.000   -58.809
  218.050   -59.000
  218.100   -59.337
  218.150   -59.453
  218.200   -59.599
  218.250   -59.834
  218.300   -60.079
  218.350   -60.382
  218.400   -60.564
  218.450   -60.855
  218.500   -60.747
  218.550   -60.998
  218.600   -61.126
  218.650   -61.278
  218.700   -61.296
  218.750   -61.359
  218.800   -61.483
  218.850   -61.337
  218.900   -61.400
  218.950   -61.566
  219.000   -61.793
  219.050   -61.704
  219.100   -61.721
  219.150   -61.817
  219.200   -62.008
  219.250   -62.443
  219.300   -62.080
  219.350   -62.140
  219.400   -62.444
  219.450   -62.519
  219.500   -62.521
  219.550   -62.532
  219.600   -62.663
  219.650   -62.635
  219.700   -62.481
  219.750   -62.490
  219.800   -62.605
  219.850   -62.696
  219.900   -62.708
  219.950   -62.797
