    0.050   -65.131
    0.100   -65.032
    0.150   -65.075
    0.200   -64.895
    0.250   -64.831
    0.300   -64.728
    0.350   -65.015
    0.400   -64.860
    0.450   -64.773
    0.500   -64.731
    0.550   -64.912
    0.600   -64.846
    0.650   -64.801
    0.700   -64.688
    0.750   -64.555
    0.800   -64.690
    0.850   -64.896
    0.900   -64.655
    0.950   -64.599
    1.000   -64.509
    1.050   -64.446
    1.100   -64.436
    1.150   -64.193
    1.200   -64.234
    1.250   -63.916
    1.300   -63.832
    1.350   -63.609
    1.400   -63.665
    1.450   -63.680
    1.500   -63.585
    1.550   -63.447
    1.600   -63.134
    1.650   -63.351
    1.700   -63.115
    1.750   -62.857
    1.800   -62.761
    1.850   -62.646
    1.900   -62.425
    1.950   -62.342
    2.000   -62.057
    2.050   -61.957
    2.100   -61.855
    2.150   -61.606
    2.200   -61.510
    2.250   -61.722
    2.300   -61.648
    2.350   -61.754
    2.400   -61.573
    2.450   -61.529
    2.500   -61.600
    2.550   -61.041
    2.600   -60.781
    2.650   -60.841
    2.700   -61.065
    2.750   -61.031
    2.800   -60.896
    2.850   -61.044
    2.900   -60.898
    2.950   -60.700
    3.000   -60.885
    3.050   -60.803
    3.100   -60.488
    3.150   -60.275
    3.200   -60.020
    3.250   -60.122
    3.300   -60.281
    3.350   -60.303
    3.400   -60.316
    3.450   -60.143
    3.500   -59.990
    3.550   -59.771
    3.600   -59.789
    3.650   -59.991
    3.700   -60.081
    3.750   -59.789
    3.800   -59.559
    3.850   -59.488
    3.900   -59.503
    3.950   -59.620
    4.000   -59.858
    4.050   -59.631
    4.100   -59.623
    4.150   -59.580
    4.200   -59.527
    4.250   -59.778
    4.300   -59.878
    4.350   -59.951
    4.400   -60.112
    4.450   -59.777
    4.500   -59.997
    4.550   -59.900
    4.600   -59.707
    4.650   -59.727
    4.700   -59.873
    4.750   -59.839
    4.800   -59.673
    4.850   -59.593
    4.900   -59.483
    4.950   -59.331
    5.000   -59.042
    5.050   -58.752
    5.100   -58.753
    5.150   -58.877
    5.200   -59.018
    5.250   -58.581
    5.300   -58.625
    5.350   -58.348
    5.400   -58.103
    5.450   -58.158
    5.500   -58.395
    5.550   -58.389
    5.600   -58.191
    5.650   -58.406
    5.700   -58.446
    5.750   -58.569
    5.800   -58.571
    5.850   -58.596
    5.900   -58.489
    5.950   -58.661
    6.000   -58.775
    6.050   -58.728
    6.100   -58.689
    6.150   -58.776
    6.200   -59.144
    6.250   -59.090
    6.300   -59.067
    6.350   -59.049
    6.400   -59.060
    6.450   -59.234
    6.500   -59.427
    6.550   -59.292
    6.600   -58.983
    6.650   -59.073
    6.700   -58.940
    6.750   -58.758
    6.800   -58.631
    6.850   -58.785
    6.900   -59.048
    6.950   -58.870
    7.000   -58.642
    7.050   -58.729
    7.100   -58.790
    7.150   -58.726
    7.200   -58.625
    7.250   -58.509
    7.300   -58.472
    7.350   -58.461
    7.400   -58.682
    7.450   -58.649
    7.500   -58.547
    7.550   -58.299
    7.600   -57.910
    7.650   -57.912
    7.700   -57.940
    7.750   -57.805
    7.800   -58.015
    7.850   -57.563
    7.900   -57.491
    7.950   -57.315
    8.000   -57.306
    8.050   -57.256
    8.100   -57.229
    8.150   -57.273
    8.200   -57.138
    8.250   -57.380
    8.300   -57.342
    8.350   -57.322
    8.400   -57.309
    8.450   -56.945
    8.500   -57.291
    8.550   -57.674
    8.600   -57.648
    8.650   -57.681
    8.700   -57.856
    8.750   -58.064
    8.800   -57.892
    8.850   -57.944
    8.900   -57.963
    8.950   -58.294
    9.000   -58.210
    9.050   -58.024
    9.100   -57.854
    9.150   -57.869
    9.200   -58.033
    9.250   -58.097
    9.300   -58.254
    9.350   -58.348
    9.400   -58.678
    9.450   -58.425
    9.500   -58.449
    9.550   -58.241
    9.600   -58.275
    9.650   -58.217
    9.700   -57.944
    9.750   -58.274
    9.800   -57.960
    9.850   -58.147
    9.900   -58.166
    9.950   -58.061
   10.000   -57.912
   10.050   -58.122
   10.100   -58.333
   10.150   -58.336
   10.200   -58.489
   10.250   -58.470
   10.300   -58.309
   10.350   -58.108
   10.400   -58.164
   10.450   -58.077
   10.500   -58.039
   10.550   -58.162
   10.600   -58.422
   10.650   -58.423
   10.700   -58.365
   10.750   -58.537
   10.800   -58.730
   10.850   -58.845
   10.900   -58.913
   10.950   -58.899
   11.000   -59.213
   11.050   -58.932
   11.100   -58.803
   11.150   -59.046
   11.200   -59.171
   11.250   -59.204
   11.300   -59.468
   11.350   -59.539
   11.400   -59.383
   11.450   -59.152
   11.500   -58.946
   11.550   -58.824
   11.600   -58.774
   11.650   -58.969
   11.700   -59.046
   11.750   -58.572
   11.800   -58.219
   11.850   -58.373
   11.900   -58.629
   11.950   -58.529
   12.000   -58.547
   12.050   -58.148
   12.100   -58.314
   12.150   -58.479
   12.200   -58.592
   12.250   -58.451
   12.300   -58.339
   12.350   -58.297
   12.400   -58.256
   12.450   -58.413
   12.500   -58.438
   12.550   -58.351
   12.600   -58.499
   12.650   -58.368
   12.700   -58.411
   12.750   -58.538
   12.800   -58.293
   12.850   -58.634
   12.900   -58.522
   12.950   -58.572
   13.000   -58.464
   13.050   -58.387
   13.100   -58.458
   13.150   -58.229
   13.200   -58.009
   13.250   -57.882
   13.300   -58.062
   13.350   -58.219
   13.400   -58.003
   13.450   -57.846
   13.500   -57.817
   13.550   -57.723
   13.600   -57.425
   13.650   -57.314
   13.700   -57.408
   13.750   -57.460
   13.800   -57.863
   13.850   -57.939
   13.900   -57.662
   13.950   -57.805
   14.000   -57.624
   14.050   -57.925
   14.100   -57.802
   14.150   -57.847
   14.200   -57.732
   14.250   -57.700
   14.300   -57.713
   14.350   -57.675
   14.400   -57.890
   14.450   -58.145
   14.500   -58.166
   14.550   -58.005
   14.600   -57.893
   14.650   -57.710
   14.700   -57.649
   14.750   -57.635
   14.800   -57.611
   14.850   -57.353
   14.900   -57.184
   14.950   -57.288
   15.000   -57.467
   15.050   -57.444
   15.100   -57.639
   15.150   -57.596
   15.200   -57.603
   15.250   -57.707
   15.300   -57.638
   15.350   -57.481
   15.400   -57.556
   15.450   -57.601
   15.500   -57.536
   15.550   -57.492
   15.600   -57.437
   15.650   -57.285
   15.700   -57.647
   15.750   -57.593
   15.800   -57.327
   15.850   -57.344
   15.900   -57.488
   15.950   -57.531
   16.000   -57.339
   16.050   -57.258
   16.100   -57.185
   16.150   -57.307
   16.200   -57.580
   16.250   -57.393
   16.300   -57.008
   16.350   -57.105
   16.400   -57.142
   16.450   -57.414
   16.500   -57.568
   16.550   -57.461
   16.600   -57.525
   16.650   -57.370
   16.700   -57.528
   16.750   -57.173
   16.800   -56.935
   16.850   -56.734
   16.900   -56.797
   16.950   -56.654
   17.000   -56.631
   17.050   -56.647
   17.100   -56.612
   17.150   -56.696
   17.200   -56.673
   17.250   -56.312
   17.300   -56.573
   17.350   -56.442
   17.400   -56.163
   17.450   -56.139
   17.500   -55.908
   17.550   -55.665
   17.600   -55.463
   17.650   -54.949
   17.700   -54.825
   17.750   -54.578
   17.800   -54.358
   17.850   -54.241
   17.900   -54.153
   17.950   -54.097
   18.000   -54.147
   18.050   -54.213
   18.100   -54.187
   18.150   -53.910
   18.200   -53.774
   18.250   -53.722
   18.300   -53.504
   18.350   -53.531
   18.400   -53.159
   18.450   -52.934
   18.500   -52.626
   18.550   -52.134
   18.600   -51.154
   18.650   -50.293
   18.700   -48.456
   18.750   -44.893
   18.800   -40.074
   18.850   -34.609
   18.900   -29.498
   18.950   -24.219
   19.000   -19.459
   19.050   -14.349
   19.100   -10.237
   19.150    -6.168
   19.200    -2.879
   19.250     0.410
   19.300     2.605
   19.350     4.567
   19.400     6.020
   19.450     7.635
   19.500     8.716
   19.550     9.533
   19.600     9.975
   19.650    10.009
   19.700    10.250
   19.750    10.030
   19.800     9.367
   19.850     8.704
   19.900     7.797
   19.950     6.662
   20.000     5.300
   20.050     3.960
   20.100     2.481
   20.150     0.893
   20.200    -0.814
   20.250    -2.859
   20.300    -4.822
   20.350    -6.564
   20.400    -8.585
   20.450   -10.749
   20.500   -12.775
   20.550   -14.558
   20.600   -16.468
   20.650   -18.483
   20.700   -20.392
   20.750   -21.816
   20.800   -23.354
   20.850   -25.292
   20.900   -26.837
   20.950   -28.471
   21.000   -29.985
   21.050   -31.373
   21.100   -32.487
   21.150   -33.902
   21.200   -35.178
   21.250   -36.570
   21.300   -37.776
   21.350   -38.909
   21.400   -39.760
   21.450   -40.796
   21.500   -41.944
   21.550   -43.004
   21.600   -43.916
   21.650   -44.601
   21.700   -45.235
   21.750   -45.848
   21.800   -46.481
   21.850   -47.020
   21.900   -47.848
   21.950   -48.343
   22.000   -48.938
   22.050   -49.473
   22.100   -49.965
   22.150   -50.329
   22.200   -51.184
   22.250   -51.650
   22.300   -52.063
   22.350   -52.542
   22.400   -52.982
   22.450   -53.138
   22.500   -53.777
   22.550   -54.069
   22.600   -54.320
   22.650   -54.864
   22.700   -55.266
   22.750   -55.558
   22.800   -56.229
   22.850   -56.740
   22.900   -56.736
   22.950   -56.920
   23.000   -57.028
   23.050   -57.175
   23.100   -57.544
   23.150   -57.761
   23.200   -57.890
   23.250   -57.871
   23.300   -58.126
   23.350   -58.338
   23.400   -58.285
   23.450   -58.517
   23.500   -58.834
   23.550   -59.253
   23.600   -59.233
   23.650   -59.306
   23.700   -59.576
   23.750   -60.075
   23.800   -60.121
   23.850   -60.441
   23.900   -60.541
   23.950   -60.717
   24.000   -60.639
   24.050   -60.598
   24.100   -60.695
   24.150   -61.010
   24.200   -61.169
   24.250   -61.278
   24.300   -61.660
   24.350   -61.738
   24.400   -62.113
   24.450   -62.315
   24.500   -62.460
   24.550   -62.220
   24.600   -62.353
   24.650   -62.569
   24.700   -62.831
   24.750   -63.117
   24.800   -62.993
   24.850   -62.936
   24.900   -62.980
   24.950   -63.094
   25.000   -63.024
   25.050   -63.310
   25.100   -63.191
   25.150   -63.094
   25.200   -63.160
   25.250   -63.312
   25.300   -63.171
   25.350   -63.039
   25.400   -63.296
   25.450   -63.618
   25.500   -63.779
   25.550   -63.757
   25.600   -63.501
   25.650   -63.536
   25.700   -63.487
   25.750   -63.529
   25.800   -63.470
   25.850   -63.473
   25.900   -63.769
   25.950   -63.874
   26.000   -63.869
   26.050   -63.939
   26.100   -64.110
   26.150   -64.067
   26.200   -63.932
   26.250   -63.901
   26.300   -63.735
   26.350   -63.736
   26.400   -63.641
   26.450   -63.938
   26.500   -63.983
   26.550   -64.139
   26.600   -63.909
   26.650   -63.773
   26.700   -63.946
   26.750   -64.014
   26.800   -64.200
   26.850   -64.376
   26.900   -64.116
   26.950   -64.264
   27.000   -64.152
   27.050   -63.956
   27.100   -64.055
   27.150   -64.220
   27.200   -64.277
   27.250   -64.237
   27.300   -64.085
   27.350   -63.968
   27.400   -63.934
   27.450   -63.787
   27.500   -64.177
   27.550   -64.143
   27.600   -64.352
   27.650   -64.476
   27.700   -64.455
   27.750   -64.544
   27.800   -64.786
   27.850   -64.627
   27.900   -64.616
   27.950   -64.249
   28.000   -64.375
   28.050   -64.623
   28.100   -64.761
   28.150   -64.916
   28.200   -64.810
   28.250   -64.736
   28.300   -64.812
   28.350   -64.643
   28.400   -64.482
   28.450   -64.485
   28.500   -64.515
   28.550   -64.591
   28.600   -64.610
   28.650   -64.387
   28.700   -64.433
   28.750   -64.460
   28.800   -64.465
   28.850   -64.299
   28.900   -64.384
   28.950   -64.466
   29.000   -64.511
   29.050   -64.470
   29.100   -64.715
   29.150   -64.842
   29.200   -64.987
   29.250   -65.115
   29.300   -65.185
   29.350   -64.981
   29.400   -64.907
   29.450   -64.959
   29.500   -65.042
   29.550   -64.993
   29.600   -65.184
   29.650   -64.822
   29.700   -64.838
   29.750   -64.907
   29.800   -64.701
   29.850   -64.738
   29.900   -64.900
   29.950   -64.638
   30.000   -64.682
   30.050   -64.327
   30.100   -64.503
   30.150   -64.580
   30.200   -64.739
   30.250   -64.854
   30.300   -65.192
   30.350   -65.243
   30.400   -64.958
   30.450   -64.876
   30.500   -65.093
   30.550   -65.107
   30.600   -65.102
   30.650   -65.188
   30.700   -65.255
   30.750   -65.334
   30.800   -65.326
   30.850   -65.158
   30.900   -64.822
   30.950   -64.715
   31.000   -64.623
   31.050   -64.686
   31.100   -64.423
   31.150   -64.253
   31.200   -63.896
   31.250   -64.283
   31.300   -64.434
   31.350   -64.577
   31.400   -64.574
   31.450   -64.415
   31.500   -64.190
   31.550   -64.209
   31.600   -63.983
   31.650   -64.087
   31.700   -64.292
   31.750   -64.233
   31.800   -64.498
   31.850   -64.481
   31.900   -64.172
   31.950   -64.297
   32.000   -64.462
   32.050   -63.967
   32.100   -63.739
   32.150   -63.811
   32.200   -63.507
   32.250   -63.454
   32.300   -63.302
   32.350   -63.337
   32.400   -63.264
   32.450   -63.131
   32.500   -63.040
   32.550   -63.133
   32.600   -63.083
   32.650   -63.172
   32.700   -63.228
   32.750   -63.461
   32.800   -63.625
   32.850   -63.388
   32.900   -63.455
   32.950   -63.027
   33.000   -62.934
   33.050   -62.936
   33.100   -62.731
   33.150   -62.792
   33.200   -62.755
   33.250   -62.821
   33.300   -63.111
   33.350   -63.044
   33.400   -63.077
   33.450   -63.150
   33.500   -63.355
   33.550   -63.659
   33.600   -64.006
   33.650   -63.896
   33.700   -63.798
   33.750   -63.578
   33.800   -63.448
   33.850   -63.193
   33.900   -63.302
   33.950   -63.367
   34.000   -63.496
   34.050   -63.414
   34.100   -63.679
   34.150   -63.633
   34.200   -63.654
   34.250   -63.440
   34.300   -63.489
   34.350   -63.541
   34.400   -63.653
   34.450   -63.603
   34.500   -63.473
   34.550   -63.429
   34.600   -63.684
   34.650   -63.478
   34.700   -63.427
   34.750   -63.436
   34.800   -63.188
   34.850   -62.966
   34.900   -63.325
   34.950   -63.293
   35.000   -63.246
   35.050   -63.189
   35.100   -63.132
   35.150   -63.189
   35.200   -63.131
   35.250   -63.025
   35.300   -62.987
   35.350   -62.751
   35.400   -62.622
   35.450   -62.478
   35.500   -62.166
   35.550   -62.056
   35.600   -62.047
   35.650   -62.081
   35.700   -61.916
   35.750   -61.918
   35.800   -61.772
   35.850   -61.961
   35.900   -62.268
   35.950   -62.202
   36.000   -62.296
   36.050   -62.323
   36.100   -62.160
   36.150   -62.190
   36.200   -62.103
   36.250   -61.815
   36.300   -61.863
   36.350   -61.833
   36.400   -62.064
   36.450   -62.181
   36.500   -62.266
   36.550   -62.252
   36.600   -62.336
   36.650   -62.218
   36.700   -62.093
   36.750   -62.314
   36.800   -62.436
   36.850   -62.422
   36.900   -62.113
   36.950   -62.124
   37.000   -62.281
   37.050   -62.073
   37.100   -61.789
   37.150   -62.161
   37.200   -62.097
   37.250   -62.020
   37.300   -62.210
   37.350   -62.117
   37.400   -62.112
   37.450   -62.405
   37.500   -62.311
   37.550   -62.486
   37.600   -62.550
   37.650   -62.665
   37.700   -62.431
   37.750   -62.262
   37.800   -62.307
   37.850   -62.496
   37.900   -62.319
   37.950   -62.252
   38.000   -62.114
   38.050   -62.068
   38.100   -61.957
   38.150   -61.875
   38.200   -61.663
   38.250   -61.708
   38.300   -61.527
   38.350   -61.675
   38.400   -61.958
   38.450   -61.996
   38.500   -61.950
   38.550   -62.172
   38.600   -62.139
   38.650   -62.078
   38.700   -62.060
   38.750   -62.159
   38.800   -61.998
   38.850   -61.956
   38.900   -61.941
   38.950   -62.058
   39.000   -61.907
   39.050   -61.835
   39.100   -61.434
   39.150   -61.299
   39.200   -61.306
   39.250   -61.284
   39.300   -61.571
   39.350   -61.300
   39.400   -61.370
   39.450   -61.617
   39.500   -61.519
   39.550   -61.363
   39.600   -61.347
   39.650   -61.300
   39.700   -61.234
   39.750   -61.303
   39.800   -61.344
   39.850   -61.259
   39.900   -61.061
   39.950   -60.564
   40.000   -60.663
   40.050   -60.439
   40.100   -60.583
   40.150   -60.777
   40.200   -60.542
   40.250   -60.482
   40.300   -60.369
   40.350   -60.571
   40.400   -60.412
   40.450   -60.621
   40.500   -60.843
   40.550   -60.975
   40.600   -60.764
   40.650   -60.613
   40.700   -60.845
   40.750   -61.087
   40.800   -61.027
   40.850   -60.922
   40.900   -60.906
   40.950   -60.944
   41.000   -60.839
   41.050   -60.537
   41.100   -60.454
   41.150   -60.291
   41.200   -60.284
   41.250   -60.005
   41.300   -59.976
   41.350   -59.988
   41.400   -60.050
   41.450   -60.364
   41.500   -60.421
   41.550   -60.364
   41.600   -60.093
   41.650   -60.127
   41.700   -60.059
   41.750   -59.996
   41.800   -59.841
   41.850   -59.977
   41.900   -59.841
   41.950   -59.673
   42.000   -59.941
   42.050   -59.930
   42.100   -59.891
   42.150   -60.031
   42.200   -59.599
   42.250   -59.132
   42.300   -58.792
   42.350   -58.413
   42.400   -58.517
   42.450   -58.496
   42.500   -58.649
   42.550   -58.854
   42.600   -58.801
   42.650   -58.682
   42.700   -58.861
   42.750   -58.776
   42.800   -58.647
   42.850   -58.858
   42.900   -59.073
   42.950   -58.823
   43.000   -58.836
   43.050   -59.045
   43.100   -58.994
   43.150   -58.994
   43.200   -58.879
   43.250   -58.712
   43.300   -58.697
   43.350   -58.778
   43.400   -58.964
   43.450   -58.906
   43.500   -58.686
   43.550   -58.634
   43.600   -58.639
   43.650   -58.914
   43.700   -58.710
   43.750   -58.527
   43.800   -59.066
   43.850   -59.043
   43.900   -58.616
   43.950   -58.665
   44.000   -58.605
   44.050   -58.741
   44.100   -58.701
   44.150   -58.418
   44.200   -58.294
   44.250   -58.350
   44.300   -58.433
   44.350   -58.310
   44.400   -58.571
   44.450   -58.474
   44.500   -58.826
   44.550   -58.817
   44.600   -59.061
   44.650   -58.985
   44.700   -58.903
   44.750   -59.198
   44.800   -59.340
   44.850   -59.483
   44.900   -59.556
   44.950   -59.458
   45.000   -59.532
   45.050   -59.322
   45.100   -59.131
   45.150   -59.162
   45.200   -59.309
   45.250   -58.842
   45.300   -58.528
   45.350   -58.515
   45.400   -58.651
   45.450   -58.813
   45.500   -58.783
   45.550   -58.586
   45.600   -58.640
   45.650   -58.404
   45.700   -58.492
   45.750   -58.859
   45.800   -58.659
   45.850   -58.436
   45.900   -58.563
   45.950   -58.531
   46.000   -58.359
   46.050   -58.470
   46.100   -58.463
   46.150   -58.426
   46.200   -58.507
   46.250   -58.401
   46.300   -58.305
   46.350   -57.934
   46.400   -57.984
   46.450   -57.678
   46.500   -57.650
   46.550   -57.631
   46.600   -57.337
   46.650   -57.108
   46.700   -57.465
   46.750   -57.403
   46.800   -57.392
   46.850   -57.574
   46.900   -57.496
   46.950   -57.280
   47.000   -57.091
   47.050   -57.405
   47.100   -57.582
   47.150   -57.503
   47.200   -57.633
   47.250   -57.580
   47.300   -57.413
   47.350   -57.402
   47.400   -57.492
   47.450   -57.567
   47.500   -57.414
   47.550   -57.480
   47.600   -57.069
   47.650   -56.824
   47.700   -56.666
   47.750   -56.448
   47.800   -56.423
   47.850   -56.559
   47.900   -56.759
   47.950   -56.468
   48.000   -56.560
   48.050   -56.528
   48.100   -56.189
   48.150   -56.133
   48.200   -55.766
   48.250   -55.609
   48.300   -55.963
   48.350   -55.927
   48.400   -55.773
   48.450   -55.623
   48.500   -55.553
   48.550   -55.299
   48.600   -54.984
   48.650   -54.652
   48.700   -54.475
   48.750   -54.255
   48.800   -54.093
   48.850   -54.122
   48.900   -53.928
   48.950   -53.886
   49.000   -53.729
   49.050   -53.556
   49.100   -53.153
   49.150   -52.765
   49.200   -52.636
   49.250   -52.131
   49.300   -51.805
   49.350   -51.177
   49.400   -49.823
   49.450   -47.679
   49.500   -43.681
   49.550   -38.571
   49.600   -33.118
   49.650   -27.467
   49.700   -22.386
   49.750   -17.459
   49.800   -13.271
   49.850    -9.295
   49.900    -5.825
   49.950    -2.599
   50.000     0.126
   50.050     2.239
   50.100     4.302
   50.150     6.189
   50.200     7.650
   50.250     8.388
   50.300     9.142
   50.350     9.402
   50.400     9.710
   50.450     9.820
   50.500     9.534
   50.550     9.200
   50.600     8.547
   50.650     7.601
   50.700     6.390
   50.750     5.059
   50.800     3.285
   50.850     1.700
   50.900    -0.183
   50.950    -2.124
   51.000    -3.905
   51.050    -5.746
   51.100    -7.844
   51.150   -10.171
   51.200   -12.503
   51.250   -14.486
   51.300   -16.110
   51.350   -18.444
   51.400   -20.186
   51.450   -22.315
   51.500   -23.815
   51.550   -25.387
   51.600   -26.830
   51.650   -28.525
   51.700   -30.149
   51.750   -31.922
   51.800   -33.310
   51.850   -34.788
   51.900   -35.793
   51.950   -37.161
   52.000   -38.423
   52.050   -39.407
   52.100   -40.520
   52.150   -41.775
   52.200   -42.837
   52.250   -43.624
   52.300   -44.659
   52.350   -45.299
   52.400   -46.122
   52.450   -46.758
   52.500   -47.499
   52.550   -48.182
   52.600   -48.703
   52.650   -49.480
   52.700   -49.945
   52.750   -50.501
   52.800   -51.137
   52.850   -51.546
   52.900   -52.111
   52.950   -52.788
   53.000   -53.201
   53.050   -53.630
   53.100   -54.373
   53.150   -54.935
   53.200   -55.200
   53.250   -55.442
   53.300   -56.124
   53.350   -56.603
   53.400   -56.754
   53.450   -56.876
   53.500   -57.116
   53.550   -57.379
   53.600   -57.772
   53.650   -57.856
   53.700   -58.105
   53.750   -58.033
   53.800   -58.197
   53.850   -58.152
   53.900   -58.543
   53.950   -58.920
   54.000   -59.052
   54.050   -59.335
   54.100   -59.344
   54.150   -59.348
   54.200   -59.447
   54.250   -59.674
   54.300   -59.651
   54.350   -59.784
   54.400   -59.753
   54.450   -60.040
   54.500   -60.041
   54.550   -60.334
   54.600   -60.834
   54.650   -61.131
   54.700   -61.231
   54.750   -61.207
   54.800   -61.512
   54.850   -61.697
   54.900   -62.000
   54.950   -61.810
   55.000   -61.838
   55.050   -62.063
   55.100   -62.205
   55.150   -62.081
   55.200   -62.213
   55.250   -62.237
   55.300   -62.222
   55.350   -62.093
   55.400   -62.274
   55.450   -62.171
   55.500   -62.109
   55.550   -62.233
   55.600   -62.169
   55.650   -62.299
   55.700   -62.251
   55.750   -62.387
   55.800   -62.525
   55.850   -62.817
   55.900   -62.792
   55.950   -62.864
   56.000   -62.666
   56.050   -63.010
   56.100   -63.417
   56.150   -63.374
   56.200   -63.326
   56.250   -62.958
   56.300   -63.085
   56.350   -63.083
   56.400   -63.271
   56.450   -63.217
   56.500   -63.171
   56.550   -63.158
   56.600   -63.288
   56.650   -63.051
   56.700   -63.355
   56.750   -63.295
   56.800   -63.308
   56.850   -63.457
   56.900   -63.596
   56.950   -63.453
   57.000   -63.447
   57.050   -63.724
   57.100   -63.742
   57.150   -63.849
   57.200   -63.717
   57.250   -63.739
   57.300   -63.848
   57.350   -64.170
   57.400   -64.083
   57.450   -64.046
   57.500   -63.816
   57.550   -64.102
   57.600   -63.991
   57.650   -64.008
   57.700   -64.410
   57.750   -64.325
   57.800   -64.406
   57.850   -64.288
   57.900   -63.945
   57.950   -64.036
   58.000   -63.837
   58.050   -64.115
   58.100   -64.070
   58.150   -64.268
   58.200   -64.440
   58.250   -64.225
   58.300   -64.172
   58.350   -64.333
   58.400   -64.377
   58.450   -64.508
   58.500   -64.458
   58.550   -64.394
   58.600   -64.370
   58.650   -64.401
   58.700   -64.413
   58.750   -64.461
   58.800   -64.634
   58.850   -64.533
   58.900   -64.369
   58.950   -64.541
   59.000   -64.921
   59.050   -65.007
   59.100   -64.901
   59.150   -64.845
   59.200   -64.887
   59.250   -64.904
   59.300   -65.069
   59.350   -64.763
   59.400   -64.750
   59.450   -64.772
   59.500   -64.808
   59.550   -64.882
   59.600   -64.963
   59.650   -65.237
   59.700   -65.176
   59.750   -65.128
   59.800   -65.127
   59.850   -65.200
   59.900   -65.398
   59.950   -65.255
   60.000   -65.339
   60.050   -65.246
   60.100   -65.021
   60.150   -64.967
   60.200   -64.978
   60.250   -65.076
   60.300   -65.009
   60.350   -64.873
   60.400   -64.898
   60.450   -64.787
   60.500   -64.638
   60.550   -64.555
   60.600   -64.323
   60.650   -64.451
   60.700   -64.546
   60.750   -64.577
   60.800   -64.552
   60.850   -64.567
   60.900   -64.691
   60.950   -64.543
   61.000   -64.443
   61.050   -64.195
   61.100   -64.085
   61.150   -64.057
   61.200   -64.197
   61.250   -64.169
   61.300   -64.034
   61.350   -63.747
   61.400   -63.680
   61.450   -63.498
   61.500   -63.259
   61.550   -63.358
   61.600   -62.983
   61.650   -62.961
   61.700   -62.928
   61.750   -63.010
   61.800   -62.639
   61.850   -62.275
   61.900   -62.118
   61.950   -62.122
   62.000   -61.809
   62.050   -61.842
   62.100   -61.527
   62.150   -61.539
   62.200   -61.493
   62.250   -61.555
   62.300   -61.361
   62.350   -61.552
   62.400   -61.570
   62.450   -61.466
   62.500   -61.134
   62.550   -61.431
   62.600   -61.186
   62.650   -61.204
   62.700   -61.210
   62.750   -61.407
   62.800   -61.279
   62.850   -61.156
   62.900   -61.236
   62.950   -61.352
   63.000   -61.384
   63.050   -61.341
   63.100   -61.498
   63.150   -61.266
   63.200   -61.604
   63.250   -61.425
   63.300   -61.319
   63.350   -61.271
   63.400   -61.484
   63.450   -61.567
   63.500   -61.526
   63.550   -61.126
   63.600   -61.105
   63.650   -61.000
   63.700   -60.923
   63.750   -61.003
   63.800   -61.091
   63.850   -61.178
   63.900   -61.317
   63.950   -61.053
   64.000   -61.142
   64.050   -61.374
   64.100   -61.291
   64.150   -61.327
   64.200   -61.288
   64.250   -61.291
   64.300   -61.566
   64.350   -61.611
   64.400   -61.493
   64.450   -61.917
   64.500   -62.128
   64.550   -61.998
   64.600   -61.812
   64.650   -61.696
   64.700   -61.882
   64.750   -61.856
   64.800   -61.687
   64.850   -61.496
   64.900   -61.084
   64.950   -61.199
   65.000   -61.244
   65.050   -61.401
   65.100   -61.242
   65.150   -61.491
   65.200   -61.609
   65.250   -61.286
   65.300   -61.120
   65.350   -60.826
   65.400   -60.734
   65.450   -60.569
   65.500   -60.531
   65.550   -60.467
   65.600   -60.505
   65.650   -60.464
   65.700   -60.461
   65.750   -60.443
   65.800   -60.447
   65.850   -60.167
   65.900   -60.348
   65.950   -60.411
   66.000   -60.672
   66.050   -60.822
   66.100   -60.656
   66.150   -60.525
   66.200   -60.459
   66.250   -60.384
   66.300   -60.224
   66.350   -59.845
   66.400   -59.931
   66.450   -59.933
   66.500   -59.930
   66.550   -59.967
   66.600   -60.162
   66.650   -59.959
   66.700   -59.876
   66.750   -59.702
   66.800   -60.036
   66.850   -59.724
   66.900   -60.012
   66.950   -60.181
   67.000   -60.334
   67.050   -60.317
   67.100   -60.513
   67.150   -60.413
   67.200   -60.273
   67.250   -60.180
   67.300   -60.033
   67.350   -60.108
   67.400   -60.358
   67.450   -60.504
   67.500   -60.554
   67.550   -60.621
   67.600   -60.811
   67.650   -60.803
   67.700   -60.851
   67.750   -60.921
   67.800   -60.639
   67.850   -60.563
   67.900   -60.722
   67.950   -60.960
   68.000   -60.950
   68.050   -61.049
   68.100   -61.088
   68.150   -61.159
   68.200   -61.092
   68.250   -60.926
   68.300   -60.852
   68.350   -60.730
   68.400   -60.496
   68.450   -60.722
   68.500   -61.122
   68.550   -61.454
   68.600   -61.521
   68.650   -61.304
   68.700   -61.379
   68.750   -61.684
   68.800   -61.796
   68.850   -61.985
   68.900   -61.961
   68.950   -61.902
   69.000   -62.014
   69.050   -61.999
   69.100   -61.730
   69.150   -61.902
   69.200   -61.741
   69.250   -61.317
   69.300   -60.926
   69.350   -60.847
   69.400   -60.587
   69.450   -60.433
   69.500   -60.586
   69.550   -60.670
   69.600   -60.658
   69.650   -60.320
   69.700   -60.177
   69.750   -60.022
   69.800   -59.604
   69.850   -59.286
   69.900   -59.533
   69.950   -59.467
   70.000   -59.399
   70.050   -59.194
   70.100   -59.294
   70.150   -59.413
   70.200   -59.090
   70.250   -59.086
   70.300   -59.311
   70.350   -59.430
   70.400   -59.416
   70.450   -59.246
   70.500   -58.841
   70.550   -58.937
   70.600   -58.809
   70.650   -58.825
   70.700   -58.733
   70.750   -58.909
   70.800   -58.819
   70.850   -58.502
   70.900   -58.532
   70.950   -58.504
   71.000   -58.783
   71.050   -58.941
   71.100   -58.833
   71.150   -58.751
   71.200   -58.430
   71.250   -58.424
   71.300   -58.317
   71.350   -57.983
   71.400   -57.651
   71.450   -57.767
   71.500   -57.706
   71.550   -57.792
   71.600   -57.859
   71.650   -57.777
   71.700   -57.906
   71.750   -58.121
   71.800   -58.174
   71.850   -58.214
   71.900   -58.214
   71.950   -58.167
   72.000   -58.286
   72.050   -58.399
   72.100   -58.302
   72.150   -58.617
   72.200   -58.726
   72.250   -58.595
   72.300   -58.535
   72.350   -58.693
   72.400   -58.555
   72.450   -58.767
   72.500   -58.502
   72.550   -58.443
   72.600   -58.357
   72.650   -58.286
   72.700   -58.065
   72.750   -58.474
   72.800   -58.494
   72.850   -58.535
   72.900   -58.766
   72.950   -58.609
   73.000   -58.548
   73.050   -58.461
   73.100   -58.431
   73.150   -58.454
   73.200   -58.554
   73.250   -58.357
   73.300   -58.457
   73.350   -58.011
   73.400   -58.000
   73.450   -57.744
   73.500   -57.617
   73.550   -57.379
   73.600   -57.450
   73.650   -57.494
   73.700   -57.362
   73.750   -57.269
   73.800   -57.383
   73.850   -57.375
   73.900   -57.304
   73.950   -57.358
   74.000   -57.562
   74.050   -57.367
   74.100   -57.612
   74.150   -57.520
   74.200   -57.380
   74.250   -57.254
   74.300   -57.398
   74.350   -57.345
   74.400   -57.224
   74.450   -57.294
   74.500   -57.334
   74.550   -57.885
   74.600   -57.820
   74.650   -57.875
   74.700   -57.635
   74.750   -57.786
   74.800   -57.851
   74.850   -58.022
   74.900   -58.114
   74.950   -58.181
   75.000   -58.063
   75.050   -58.183
   75.100   -58.229
   75.150   -58.363
   75.200   -58.460
   75.250   -58.301
   75.300   -58.110
   75.350   -57.960
   75.400   -57.788
   75.450   -57.723
   75.500   -57.737
   75.550   -57.693
   75.600   -58.080
   75.650   -57.978
   75.700   -57.980
   75.750   -58.146
   75.800   -58.301
   75.850   -58.422
   75.900   -58.349
   75.950   -58.369
   76.000   -58.587
   76.050   -58.635
   76.100   -58.201
   76.150   -58.349
   76.200   -57.937
   76.250   -58.128
   76.300   -58.049
   76.350   -57.762
   76.400   -57.647
   76.450   -57.521
   76.500   -57.321
   76.550   -57.287
   76.600   -57.199
   76.650   -57.171
   76.700   -57.393
   76.750   -57.186
   76.800   -57.022
   76.850   -57.151
   76.900   -57.055
   76.950   -57.103
   77.000   -57.280
   77.050   -56.923
   77.100   -56.971
   77.150   -56.875
   77.200   -56.799
   77.250   -56.881
   77.300   -57.255
   77.350   -57.170
   77.400   -57.349
   77.450   -57.493
   77.500   -57.664
   77.550   -57.460
   77.600   -57.200
   77.650   -57.377
   77.700   -57.378
   77.750   -57.455
   77.800   -57.387
   77.850   -57.370
   77.900   -57.202
   77.950   -57.330
   78.000   -57.363
   78.050   -57.382
   78.100   -57.323
   78.150   -57.636
   78.200   -57.539
   78.250   -57.679
   78.300   -57.862
   78.350   -58.038
   78.400   -58.154
   78.450   -58.013
   78.500   -57.895
   78.550   -58.024
   78.600   -57.573
   78.650   -57.636
   78.700   -57.270
   78.750   -57.498
   78.800   -57.851
   78.850   -57.842
   78.900   -58.177
   78.950   -58.620
   79.000   -58.954
   79.050   -58.831
   79.100   -58.806
   79.150   -58.708
   79.200   -58.638
   79.250   -58.724
   79.300   -58.640
   79.350   -58.692
   79.400   -58.366
   79.450   -58.003
   79.500   -57.972
   79.550   -58.254
   79.600   -58.187
   79.650   -58.137
   79.700   -58.135
   79.750   -58.108
   79.800   -58.062
   79.850   -57.794
   79.900   -57.924
   79.950   -58.070
   80.000   -58.052
   80.050   -57.968
   80.100   -57.530
   80.150   -57.650
   80.200   -57.676
   80.250   -57.313
   80.300   -57.351
   80.350   -57.447
   80.400   -57.590
   80.450   -57.720
   80.500   -57.541
   80.550   -57.479
   80.600   -57.319
   80.650   -57.101
   80.700   -56.926
   80.750   -56.937
   80.800   -57.049
   80.850   -57.438
   80.900   -57.608
   80.950   -57.423
   81.000   -57.273
   81.050   -56.990
   81.100   -57.296
   81.150   -57.310
   81.200   -56.902
   81.250   -57.110
   81.300   -57.124
   81.350   -57.135
   81.400   -57.182
   81.450   -57.032
   81.500   -57.508
   81.550   -57.476
   81.600   -57.525
   81.650   -57.753
   81.700   -57.828
   81.750   -57.876
   81.800   -57.828
   81.850   -57.809
   81.900   -57.654
   81.950   -57.565
   82.000   -57.569
   82.050   -57.365
   82.100   -57.190
   82.150   -57.079
   82.200   -57.197
   82.250   -57.410
   82.300   -57.647
   82.350   -57.533
   82.400   -57.637
   82.450   -57.692
   82.500   -57.574
   82.550   -57.583
   82.600   -57.553
   82.650   -57.373
   82.700   -57.590
   82.750   -57.307
   82.800   -57.429
   82.850   -57.322
   82.900   -57.476
   82.950   -57.545
   83.000   -57.518
   83.050   -57.269
   83.100   -57.523
   83.150   -57.404
   83.200   -57.413
   83.250   -57.482
   83.300   -57.511
   83.350   -57.464
   83.400   -57.218
   83.450   -57.089
   83.500   -56.695
   83.550   -56.686
   83.600   -56.820
   83.650   -56.481
   83.700   -56.408
   83.750   -56.282
   83.800   -56.234
   83.850   -56.302
   83.900   -56.468
   83.950   -56.383
   84.000   -56.317
   84.050   -56.219
   84.100   -56.165
   84.150   -56.148
   84.200   -56.062
   84.250   -55.709
   84.300   -55.567
   84.350   -55.408
   84.400   -55.344
   84.450   -55.524
   84.500   -55.090
   84.550   -54.923
   84.600   -54.838
   84.650   -54.744
   84.700   -54.772
   84.750   -54.915
   84.800   -54.737
   84.850   -54.673
   84.900   -54.382
   84.950   -54.254
   85.000   -54.334
   85.050   -54.295
   85.100   -54.296
   85.150   -54.029
   85.200   -53.892
   85.250   -53.700
   85.300   -53.808
   85.350   -53.668
   85.400   -53.622
   85.450   -53.486
   85.500   -53.244
   85.550   -52.832
   85.600   -52.672
   85.650   -52.224
   85.700   -51.634
   85.750   -50.980
   85.800   -49.829
   85.850   -47.290
   85.900   -43.354
   85.950   -38.646
   86.000   -33.325
   86.050   -27.634
   86.100   -22.222
   86.150   -17.137
   86.200   -12.633
   86.250    -8.253
   86.300    -4.292
   86.350    -1.530
   86.400     0.898
   86.450     3.230
   86.500     5.294
   86.550     6.997
   86.600     8.096
   86.650     9.157
   86.700    10.078
   86.750    10.884
   86.800    11.263
   86.850    11.118
   86.900    10.874
   86.950    10.463
   87.000     9.743
   87.050     8.703
   87.100     7.351
   87.150     6.052
   87.200     4.276
   87.250     2.623
   87.300     0.832
   87.350    -0.760
   87.400    -2.651
   87.450    -4.317
   87.500    -6.314
   87.550    -8.447
   87.600   -10.701
   87.650   -12.577
   87.700   -14.475
   87.750   -16.349
   87.800   -18.263
   87.850   -20.366
   87.900   -22.205
   87.950   -23.853
   88.000   -25.630
   88.050   -27.262
   88.100   -28.805
   88.150   -30.417
   88.200   -32.065
   88.250   -33.412
   88.300   -34.488
   88.350   -35.934
   88.400   -37.454
   88.450   -39.071
   88.500   -39.849
   88.550   -40.814
   88.600   -41.909
   88.650   -42.767
   88.700   -43.679
   88.750   -44.573
   88.800   -45.296
   88.850   -46.043
   88.900   -46.814
   88.950   -47.489
   89.000   -48.190
   89.050   -48.939
   89.100   -49.456
   89.150   -50.335
   89.200   -50.911
   89.250   -51.581
   89.300   -51.987
   89.350   -52.344
   89.400   -53.077
   89.450   -53.525
   89.500   -54.130
   89.550   -54.377
   89.600   -54.559
   89.650   -55.085
   89.700   -55.467
   89.750   -55.879
   89.800   -56.298
   89.850   -56.769
   89.900   -56.733
   89.950   -56.852
   90.000   -57.149
   90.050   -57.529
   90.100   -58.066
   90.150   -58.017
   90.200   -58.239
   90.250   -58.559
   90.300   -58.944
   90.350   -59.258
   90.400   -59.380
   90.450   -59.595
   90.500   -59.836
   90.550   -60.237
   90.600   -60.170
   90.650   -60.146
   90.700   -59.904
   90.750   -60.012
   90.800   -60.444
   90.850   -60.462
   90.900   -60.929
   90.950   -61.350
   91.000   -61.423
   91.050   -61.454
   91.100   -61.505
   91.150   -61.311
   91.200   -61.400
   91.250   -61.439
   91.300   -61.805
   91.350   -62.045
   91.400   -62.266
   91.450   -62.575
   91.500   -62.804
   91.550   -62.895
   91.600   -63.075
   91.650   -63.277
   91.700   -63.184
   91.750   -63.492
   91.800   -63.778
   91.850   -63.973
   91.900   -63.928
   91.950   -64.402
   92.000   -64.171
   92.050   -64.312
   92.100   -64.243
   92.150   -64.118
   92.200   -64.301
   92.250   -64.443
   92.300   -64.556
   92.350   -64.721
   92.400   -64.504
   92.450   -64.633
   92.500   -64.467
   92.550   -64.468
   92.600   -64.418
   92.650   -64.665
   92.700   -64.399
   92.750   -64.330
   92.800   -64.374
   92.850   -64.158
   92.900   -64.587
   92.950   -64.282
   93.000   -64.116
   93.050   -63.981
   93.100   -63.884
   93.150   -64.138
   93.200   -63.993
   93.250   -63.776
   93.300   -63.810
   93.350   -63.756
   93.400   -63.755
   93.450   -64.036
   93.500   -64.248
   93.550   -64.192
   93.600   -64.085
   93.650   -64.416
   93.700   -64.235
   93.750   -64.445
   93.800   -64.393
   93.850   -64.424
   93.900   -64.478
   93.950   -64.700
   94.000   -64.718
   94.050   -64.620
   94.100   -64.258
   94.150   -64.535
   94.200   -64.759
   94.250   -64.902
   94.300   -65.082
   94.350   -65.096
   94.400   -65.233
   94.450   -65.148
   94.500   -65.031
   94.550   -65.164
   94.600   -65.448
   94.650   -65.191
   94.700   -65.107
   94.750   -64.952
   94.800   -65.032
   94.850   -64.766
   94.900   -64.707
   94.950   -64.601
   95.000   -64.532
   95.050   -64.541
   95.100   -64.525
   95.150   -64.582
   95.200   -64.732
   95.250   -64.440
   95.300   -64.380
   95.350   -64.389
   95.400   -64.197
   95.450   -64.340
   95.500   -64.241
   95.550   -64.367
   95.600   -64.578
   95.650   -64.681
   95.700   -64.540
   95.750   -64.630
   95.800   -64.576
   95.850   -64.593
   95.900   -64.430
   95.950   -64.434
   96.000   -64.769
   96.050   -64.781
   96.100   -64.761
   96.150   -64.748
   96.200   -64.962
   96.250   -65.191
   96.300   -65.251
   96.350   -65.372
   96.400   -65.316
   96.450   -65.468
   96.500   -65.282
   96.550   -65.275
   96.600   -65.383
   96.650   -65.413
   96.700   -65.614
   96.750   -65.501
   96.800   -65.381
   96.850   -65.611
   96.900   -65.750
   96.950   -65.801
   97.000   -65.775
   97.050   -65.802
   97.100   -65.739
   97.150   -65.892
   97.200   -65.688
   97.250   -65.582
   97.300   -65.909
   97.350   -66.129
   97.400   -66.292
   97.450   -66.542
   97.500   -66.519
   97.550   -66.598
   97.600   -66.591
   97.650   -66.544
   97.700   -66.556
   97.750   -66.535
   97.800   -66.440
   97.850   -66.650
   97.900   -66.436
   97.950   -66.507
   98.000   -66.520
   98.050   -66.674
   98.100   -66.671
   98.150   -66.671
   98.200   -66.714
   98.250   -66.689
   98.300   -66.718
   98.350   -66.588
   98.400   -66.435
   98.450   -66.337
   98.500   -66.524
   98.550   -66.275
   98.600   -66.474
   98.650   -66.409
   98.700   -66.337
   98.750   -66.425
   98.800   -66.246
   98.850   -66.200
   98.900   -66.103
   98.950   -66.024
   99.000   -66.245
   99.050   -66.321
   99.100   -66.219
   99.150   -65.947
   99.200   -65.736
   99.250   -65.427
   99.300   -65.293
   99.350   -65.376
   99.400   -65.203
   99.450   -64.998
   99.500   -64.986
   99.550   -64.731
   99.600   -64.736
   99.650   -64.641
   99.700   -64.225
   99.750   -64.237
   99.800   -64.290
   99.850   -64.402
   99.900   -64.333
   99.950   -64.552
  100.000   -64.536
  100.050   -64.326
  100.100   -64.076
  100.150   -64.244
  100.200   -64.447
  100.250   -64.338
  100.300   -63.817
  100.350   -63.725
  100.400   -63.568
  100.450   -63.359
  100.500   -63.309
  100.550   -63.374
  100.600   -63.441
  100.650   -63.505
  100.700   -63.240
  100.750   -63.318
  100.800   -63.322
  100.850   -63.429
  100.900   -63.382
  100.950   -63.322
  101.000   -63.269
  101.050   -63.181
  101.100   -62.663
  101.150   -62.684
  101.200   -62.983
  101.250   -62.769
  101.300   -62.613
  101.350   -62.231
  101.400   -62.331
  101.450   -62.589
  101.500   -62.586
  101.550   -62.798
  101.600   -62.836
  101.650   -62.661
  101.700   -62.866
  101.750   -63.108
  101.800   -63.221
  101.850   -63.339
  101.900   -63.452
  101.950   -63.326
  102.000   -62.762
  102.050   -62.698
  102.100   -62.719
  102.150   -62.440
  102.200   -62.577
  102.250   -62.638
  102.300   -62.607
  102.350   -62.346
  102.400   -62.329
  102.450   -62.309
  102.500   -62.316
  102.550   -62.389
  102.600   -62.552
  102.650   -62.572
  102.700   -62.238
  102.750   -62.005
  102.800   -61.932
  102.850   -61.712
  102.900   -61.551
  102.950   -61.626
  103.000   -61.523
  103.050   -61.653
  103.100   -61.287
  103.150   -61.534
  103.200   -61.286
  103.250   -61.282
  103.300   -61.329
  103.350   -61.346
  103.400   -61.325
  103.450   -61.144
  103.500   -61.005
  103.550   -61.062
  103.600   -61.060
  103.650   -61.010
  103.700   -61.014
  103.750   -61.172
  103.800   -61.031
  103.850   -61.132
  103.900   -60.755
  103.950   -60.526
  104.000   -60.580
  104.050   -60.471
  104.100   -60.499
  104.150   -60.681
  104.200   -60.713
  104.250   -60.741
  104.300   -60.686
  104.350   -60.655
  104.400   -60.590
  104.450   -60.514
  104.500   -60.742
  104.550   -60.860
  104.600   -61.242
  104.650   -61.296
  104.700   -61.253
  104.750   -61.110
  104.800   -61.092
  104.850   -60.854
  104.900   -60.619
  104.950   -60.579
  105.000   -60.695
  105.050   -61.116
  105.100   -61.250
  105.150   -61.492
  105.200   -61.768
  105.250   -61.840
  105.300   -61.857
  105.350   -61.926
  105.400   -62.132
  105.450   -61.559
  105.500   -61.309
  105.550   -61.211
  105.600   -61.342
  105.650   -61.017
  105.700   -61.134
  105.750   -61.080
  105.800   -60.967
  105.850   -61.085
  105.900   -61.031
  105.950   -61.211
  106.000   -61.206
  106.050   -60.889
  106.100   -60.883
  106.150   -60.799
  106.200   -60.731
  106.250   -60.520
  106.300   -60.244
  106.350   -60.139
  106.400   -60.290
  106.450   -60.445
  106.500   -60.559
  106.550   -60.275
  106.600   -60.211
  106.650   -60.135
  106.700   -60.107
  106.750   -60.108
  106.800   -60.026
  106.850   -59.798
  106.900   -59.659
  106.950   -59.491
  107.000   -59.421
  107.050   -59.306
  107.100   -59.279
  107.150   -59.278
  107.200   -59.323
  107.250   -59.321
  107.300   -59.315
  107.350   -59.168
  107.400   -59.196
  107.450   -59.041
  107.500   -58.766
  107.550   -58.723
  107.600   -58.651
  107.650   -58.660
  107.700   -58.865
  107.750   -58.560
  107.800   -58.343
  107.850   -58.343
  107.900   -58.093
  107.950   -58.235
  108.000   -58.403
  108.050   -58.289
  108.100   -58.314
  108.150   -58.279
  108.200   -58.001
  108.250   -58.359
  108.300   -58.545
  108.350   -58.489
  108.400   -58.434
  108.450   -58.206
  108.500   -57.907
  108.550   -57.970
  108.600   -57.994
  108.650   -58.020
  108.700   -58.090
  108.750   -58.097
  108.800   -58.020
  108.850   -58.321
  108.900   -58.569
  108.950   -58.644
  109.000   -59.007
  109.050   -58.804
  109.100   -59.045
  109.150   -59.122
  109.200   -58.865
  109.250   -58.929
  109.300   -58.515
  109.350   -58.493
  109.400   -58.291
  109.450   -58.268
  109.500   -57.980
  109.550   -57.723
  109.600   -57.653
  109.650   -57.707
  109.700   -57.413
  109.750   -57.633
  109.800   -57.620
  109.850   -57.594
  109.900   -57.655
  109.950   -57.627
  110.000   -57.358
  110.050   -57.480
  110.100   -57.378
  110.150   -57.459
  110.200   -57.454
  110.250   -57.423
  110.300   -57.580
  110.350   -57.446
  110.400   -57.504
  110.450   -57.510
  110.500   -57.200
  110.550   -57.087
  110.600   -56.931
  110.650   -57.094
  110.700   -56.944
  110.750   -56.807
  110.800   -56.547
  110.850   -56.300
  110.900   -56.317
  110.950   -56.259
  111.000   -56.333
  111.050   -56.768
  111.100   -56.860
  111.150   -56.808
  111.200   -57.028
  111.250   -56.827
  111.300   -56.888
  111.350   -56.751
  111.400   -56.782
  111.450   -56.564
  111.500   -56.342
  111.550   -56.299
  111.600   -56.190
  111.650   -56.210
  111.700   -56.456
  111.750   -56.867
  111.800   -56.895
  111.850   -56.806
  111.900   -56.775
  111.950   -56.803
  112.000   -57.014
  112.050   -57.066
  112.100   -57.043
  112.150   -57.071
  112.200   -57.330
  112.250   -57.402
  112.300   -57.190
  112.350   -57.266
  112.400   -57.280
  112.450   -57.379
  112.500   -57.592
  112.550   -57.640
  112.600   -57.908
  112.650   -57.909
  112.700   -57.909
  112.750   -58.135
  112.800   -58.154
  112.850   -58.252
  112.900   -58.076
  112.950   -57.757
  113.000   -57.833
  113.050   -57.930
  113.100   -57.978
  113.150   -57.911
  113.200   -57.844
  113.250   -57.955
  113.300   -58.233
  113.350   -58.312
  113.400   -58.448
  113.450   -58.630
  113.500   -58.767
  113.550   -58.972
  113.600   -59.076
  113.650   -58.956
  113.700   -59.156
  113.750   -58.955
  113.800   -58.722
  113.850   -58.394
  113.900   -58.217
  113.950   -57.831
  114.000   -57.705
  114.050   -57.836
  114.100   -57.797
  114.150   -57.783
  114.200   -58.010
  114.250   -58.016
  114.300   -58.126
  114.350   -58.437
  114.400   -58.473
  114.450   -58.705
  114.500   -58.501
  114.550   -58.449
  114.600   -58.198
  114.650   -58.159
  114.700   -58.283
  114.750   -57.971
  114.800   -58.084
  114.850   -58.162
  114.900   -58.079
  114.950   -58.117
  115.000   -57.851
  115.050   -57.832
  115.100   -57.721
  115.150   -57.812
  115.200   -57.806
  115.250   -57.593
  115.300   -57.565
  115.350   -57.503
  115.400   -57.361
  115.450   -57.442
  115.500   -57.445
  115.550   -57.251
  115.600   -57.134
  115.650   -56.898
  115.700   -56.820
  115.750   -56.767
  115.800   -57.161
  115.850   -57.068
  115.900   -57.236
  115.950   -57.224
  116.000   -57.331
  116.050   -57.239
  116.100   -57.317
  116.150   -57.560
  116.200   -57.535
  116.250   -57.413
  116.300   -57.201
  116.350   -57.201
  116.400   -56.925
  116.450   -57.040
  116.500   -56.815
  116.550   -57.031
  116.600   -57.240
  116.650   -57.135
  116.700   -57.151
  116.750   -56.894
  116.800   -56.905
  116.850   -57.051
  116.900   -57.049
  116.950   -57.088
  117.000   -56.742
  117.050   -56.830
  117.100   -56.789
  117.150   -56.921
  117.200   -56.930
  117.250   -57.029
  117.300   -56.980
  117.350   -57.109
  117.400   -57.161
  117.450   -56.908
  117.500   -56.721
  117.550   -56.668
  117.600   -56.720
  117.650   -56.511
  117.700   -56.535
  117.750   -56.481
  117.800   -56.502
  117.850   -56.729
  117.900   -56.874
  117.950   -56.578
  118.000   -56.500
  118.050   -56.542
  118.100   -56.456
  118.150   -56.141
  118.200   -55.930
  118.250   -55.588
  118.300   -55.561
  118.350   -55.517
  118.400   -55.554
  118.450   -55.547
  118.500   -55.693
  118.550   -55.430
  118.600   -55.266
  118.650   -55.374
  118.700   -55.244
  118.750   -55.187
  118.800   -55.278
  118.850   -55.325
  118.900   -55.322
  118.950   -55.124
  119.000   -54.982
  119.050   -54.983
  119.100   -54.742
  119.150   -54.747
  119.200   -54.418
  119.250   -54.429
  119.300   -54.252
  119.350   -54.259
  119.400   -54.024
  119.450   -53.724
  119.500   -53.594
  119.550   -53.758
  119.600   -53.898
  119.650   -53.672
  119.700   -53.247
  119.750   -52.950
  119.800   -52.503
  119.850   -52.131
  119.900   -51.355
  119.950   -50.723
  120.000   -49.262
  120.050   -46.459
  120.100   -42.114
  120.150   -37.032
  120.200   -31.362
  120.250   -26.073
  120.300   -20.781
  120.350   -15.820
  120.400   -11.511
  120.450    -7.557
  120.500    -4.264
  120.550    -1.279
  120.600     1.416
  120.650     3.421
  120.700     5.187
  120.750     6.803
  120.800     8.154
  120.850     9.134
  120.900     9.667
  120.950    10.004
  121.000     9.998
  121.050     9.973
  121.100     9.365
  121.150     8.629
  121.200     7.823
  121.250     6.707
  121.300     5.714
  121.350     4.421
  121.400     2.993
  121.450     1.359
  121.500    -0.355
  121.550    -2.251
  121.600    -4.043
  121.650    -5.893
  121.700    -8.194
  121.750   -10.176
  121.800   -12.137
  121.850   -14.329
  121.900   -16.052
  121.950   -17.733
  122.000   -19.428
  122.050   -21.424
  122.100   -23.577
  122.150   -25.142
  122.200   -26.726
  122.250   -27.981
  122.300   -29.450
  122.350   -31.168
  122.400   -32.454
  122.450   -33.809
  122.500   -35.176
  122.550   -36.589
  122.600   -37.650
  122.650   -38.633
  122.700   -39.310
  122.750   -40.370
  122.800   -41.293
  122.850   -42.369
  122.900   -43.561
  122.950   -43.932
  123.000   -44.741
  123.050   -45.413
  123.100   -45.949
  123.150   -46.294
  123.200   -46.945
  123.250   -47.595
  123.300   -48.491
  123.350   -49.186
  123.400   -49.655
  123.450   -50.260
  123.500   -50.785
  123.550   -51.305
  123.600   -52.152
  123.650   -52.420
  123.700   -52.623
  123.750   -53.113
  123.800   -53.786
  123.850   -54.265
  123.900   -54.379
  123.950   -55.021
  124.000   -55.786
  124.050   -56.360
  124.100   -56.626
  124.150   -57.027
  124.200   -57.378
  124.250   -57.225
  124.300   -57.440
  124.350   -57.521
  124.400   -57.400
  124.450   -57.497
  124.500   -57.656
  124.550   -57.815
  124.600   -58.102
  124.650   -58.205
  124.700   -58.607
  124.750   -58.996
  124.800   -59.140
  124.850   -59.194
  124.900   -59.231
  124.950   -59.487
  125.000   -59.715
  125.050   -59.871
  125.100   -60.046
  125.150   -60.353
  125.200   -60.338
  125.250   -60.503
  125.300   -60.608
  125.350   -60.459
  125.400   -60.750
  125.450   -60.670
  125.500   -61.068
  125.550   -61.100
  125.600   -61.185
  125.650   -61.491
  125.700   -61.692
  125.750   -61.964
  125.800   -62.148
  125.850   -62.427
  125.900   -62.287
  125.950   -62.444
  126.000   -62.603
  126.050   -62.854
  126.100   -62.715
  126.150   -62.975
  126.200   -63.142
  126.250   -63.224
  126.300   -63.130
  126.350   -63.122
  126.400   -63.392
  126.450   -63.354
  126.500   -63.659
  126.550   -63.744
  126.600   -63.874
  126.650   -63.960
  126.700   -64.116
  126.750   -64.548
  126.800   -64.391
  126.850   -64.490
  126.900   -64.442
  126.950   -64.354
  127.000   -64.146
  127.050   -64.203
  127.100   -63.912
  127.150   -63.960
  127.200   -63.956
  127.250   -63.990
  127.300   -63.945
  127.350   -64.065
  127.400   -63.886
  127.450   -63.727
  127.500   -63.664
  127.550   -64.005
  127.600   -63.898
  127.650   -64.186
  127.700   -63.770
  127.750   -63.580
  127.800   -63.396
  127.850   -63.274
  127.900   -63.245
  127.950   -63.235
  128.000   -63.123
  128.050   -62.994
  128.100   -63.150
  128.150   -63.133
  128.200   -63.116
  128.250   -63.266
  128.300   -63.241
  128.350   -63.325
  128.400   -63.310
  128.450   -63.669
  128.500   -63.775
  128.550   -64.025
  128.600   -63.822
  128.650   -63.803
  128.700   -63.887
  128.750   -63.924
  128.800   -64.056
  128.850   -63.794
  128.900   -63.806
  128.950   -63.578
  129.000   -63.839
  129.050   -63.652
  129.100   -63.954
  129.150   -63.876
  129.200   -63.918
  129.250   -63.988
  129.300   -63.853
  129.350   -63.952
  129.400   -63.597
  129.450   -63.503
  129.500   -63.640
  129.550   -63.451
  129.600   -63.223
  129.650   -63.101
  129.700   -62.817
  129.750   -62.815
  129.800   -62.668
  129.850   -62.899
  129.900   -62.922
  129.950   -63.198
  130.000   -63.191
  130.050   -63.138
  130.100   -63.352
  130.150   -63.305
  130.200   -63.395
  130.250   -63.202
  130.300   -63.127
  130.350   -62.982
  130.400   -62.925
  130.450   -63.131
  130.500   -63.177
  130.550   -62.746
  130.600   -63.093
  130.650   -63.186
  130.700   -63.336
  130.750   -63.391
  130.800   -63.449
  130.850   -63.462
  130.900   -63.346
  130.950   -63.529
  131.000   -63.411
  131.050   -63.382
  131.100   -63.531
  131.150   -63.757
  131.200   -63.336
  131.250   -63.259
  131.300   -63.537
  131.350   -63.439
  131.400   -63.566
  131.450   -63.662
  131.500   -63.598
  131.550   -63.513
  131.600   -63.628
  131.650   -63.735
  131.700   -63.849
  131.750   -63.729
  131.800   -63.739
  131.850   -63.980
  131.900   -63.937
  131.950   -63.726
  132.000   -63.780
  132.050   -63.916
  132.100   -63.722
  132.150   -63.857
  132.200   -63.875
  132.250   -63.993
  132.300   -63.796
  132.350   -63.858
  132.400   -63.661
  132.450   -63.401
  132.500   -63.452
  132.550   -63.575
  132.600   -63.539
  132.650   -63.761
  132.700   -63.821
  132.750   -63.713
  132.800   -63.896
  132.850   -63.493
  132.900   -63.712
  132.950   -63.753
  133.000   -63.678
  133.050   -63.751
  133.100   -63.512
  133.150   -63.387
  133.200   -63.400
  133.250   -63.352
  133.300   -63.200
  133.350   -63.403
  133.400   -63.200
  133.450   -63.304
  133.500   -63.223
  133.550   -63.119
  133.600   -63.255
  133.650   -63.154
  133.700   -62.914
  133.750   -63.125
  133.800   -63.075
  133.850   -62.698
  133.900   -62.855
  133.950   -62.824
  134.000   -62.708
  134.050   -62.594
  134.100   -62.466
  134.150   -62.233
  134.200   -62.426
  134.250   -62.331
  134.300   -62.195
  134.350   -62.265
  134.400   -62.281
  134.450   -61.910
  134.500   -61.524
  134.550   -61.565
  134.600   -61.496
  134.650   -61.709
  134.700   -61.948
  134.750   -61.692
  134.800   -61.725
  134.850   -61.434
  134.900   -61.505
  134.950   -61.500
  135.000   -61.273
  135.050   -61.235
  135.100   -61.262
  135.150   -61.243
  135.200   -61.234
  135.250   -61.004
  135.300   -61.040
  135.350   -61.285
  135.400   -61.187
  135.450   -61.146
  135.500   -60.914
  135.550   -60.980
  135.600   -61.003
  135.650   -60.829
  135.700   -60.835
  135.750   -60.661
  135.800   -60.485
  135.850   -60.424
  135.900   -60.102
  135.950   -60.035
  136.000   -60.030
  136.050   -60.044
  136.100   -59.918
  136.150   -59.937
  136.200   -59.650
  136.250   -59.788
  136.300   -59.466
  136.350   -59.342
  136.400   -59.301
  136.450   -59.554
  136.500   -59.574
  136.550   -59.606
  136.600   -59.593
  136.650   -59.672
  136.700   -59.555
  136.750   -59.453
  136.800   -59.346
  136.850   -59.178
  136.900   -59.365
  136.950   -59.638
  137.000   -59.543
  137.050   -59.639
  137.100   -59.848
  137.150   -59.802
  137.200   -60.037
  137.250   -59.839
  137.300   -59.629
  137.350   -59.400
  137.400   -59.039
  137.450   -58.966
  137.500   -58.964
  137.550   -58.694
  137.600   -58.668
  137.650   -58.744
  137.700   -58.635
  137.750   -58.904
  137.800   -58.945
  137.850   -59.165
  137.900   -59.019
  137.950   -58.911
  138.000   -58.772
  138.050   -58.547
  138.100   -58.439
  138.150   -58.403
  138.200   -58.263
  138.250   -58.370
  138.300   -58.170
  138.350   -58.497
  138.400   -58.417
  138.450   -58.275
  138.500   -58.314
  138.550   -58.290
  138.600   -57.857
  138.650   -57.673
  138.700   -57.733
  138.750   -57.407
  138.800   -57.498
  138.850   -57.521
  138.900   -57.490
  138.950   -57.705
  139.000   -57.932
  139.050   -58.065
  139.100   -57.888
  139.150   -57.930
  139.200   -58.240
  139.250   -58.534
  139.300   -58.265
  139.350   -58.171
  139.400   -58.177
  139.450   -58.430
  139.500   -58.332
  139.550   -58.379
  139.600   -58.249
  139.650   -58.478
  139.700   -58.423
  139.750   -58.679
  139.800   -58.521
  139.850   -58.199
  139.900   -58.187
  139.950   -57.846
  140.000   -57.681
  140.050   -57.727
  140.100   -57.985
  140.150   -57.915
  140.200   -58.042
  140.250   -57.668
  140.300   -57.732
  140.350   -57.689
  140.400   -57.655
  140.450   -57.763
  140.500   -57.931
  140.550   -57.977
  140.600   -58.151
  140.650   -58.046
  140.700   -57.808
  140.750   -57.746
  140.800   -57.879
  140.850   -57.422
  140.900   -57.311
  140.950   -57.319
  141.000   -57.437
  141.050   -57.364
  141.100   -57.486
  141.150   -57.385
  141.200   -57.291
  141.250   -57.242
  141.300   -57.353
  141.350   -57.315
  141.400   -57.263
  141.450   -57.007
  141.500   -57.414
  141.550   -57.528
  141.600   -57.655
  141.650   -57.697
  141.700   -57.379
  141.750   -57.089
  141.800   -57.133
  141.850   -57.385
  141.900   -57.372
  141.950   -57.255
  142.000   -57.102
  142.050   -57.123
  142.100   -57.321
  142.150   -57.178
  142.200   -56.901
  142.250   -57.050
  142.300   -56.996
  142.350   -57.031
  142.400   -57.205
  142.450   -57.184
  142.500   -57.450
  142.550   -57.363
  142.600   -57.147
  142.650   -57.002
  142.700   -56.916
  142.750   -56.539
  142.800   -56.387
  142.850   -56.417
  142.900   -56.197
  142.950   -55.979
  143.000   -55.991
  143.050   -56.015
  143.100   -56.116
  143.150   -56.202
  143.200   -56.003
  143.250   -56.091
  143.300   -56.167
  143.350   -56.166
  143.400   -56.075
  143.450   -56.255
  143.500   -56.181
  143.550   -56.188
  143.600   -56.310
  143.650   -56.100
  143.700   -56.265
  143.750   -56.201
  143.800   -55.711
  143.850   -55.404
  143.900   -55.261
  143.950   -55.433
  144.000   -55.417
  144.050   -55.328
  144.100   -55.514
  144.150   -55.474
  144.200   -55.556
  144.250   -55.379
  144.300   -55.396
  144.350   -55.343
  144.400   -55.164
  144.450   -55.235
  144.500   -55.223
  144.550   -55.302
  144.600   -54.994
  144.650   -54.854
  144.700   -54.859
  144.750   -54.653
  144.800   -54.716
  144.850   -54.856
  144.900   -54.817
  144.950   -54.759
  145.000   -54.925
  145.050   -54.917
  145.100   -54.767
  145.150   -54.685
  145.200   -54.656
  145.250   -54.459
  145.300   -54.360
  145.350   -54.030
  145.400   -53.934
  145.450   -54.325
  145.500   -54.164
  145.550   -53.869
  145.600   -53.505
  145.650   -53.074
  145.700   -52.780
  145.750   -52.612
  145.800   -52.407
  145.850   -51.957
  145.900   -51.103
  145.950   -50.146
  146.000   -48.060
  146.050   -44.672
  146.100   -40.187
  146.150   -34.985
  146.200   -29.564
  146.250   -24.426
  146.300   -19.374
  146.350   -14.510
  146.400   -10.112
  146.450    -6.336
  146.500    -2.759
  146.550     0.328
  146.600     2.511
  146.650     4.611
  146.700     6.245
  146.750     7.731
  146.800     8.925
  146.850     9.845
  146.900    10.381
  146.950    10.432
  147.000    10.401
  147.050    10.186
  147.100     9.870
  147.150     8.937
  147.200     8.137
  147.250     6.907
  147.300     5.316
  147.350     3.878
  147.400     2.203
  147.450     0.523
  147.500    -1.595
  147.550    -3.333
  147.600    -5.224
  147.650    -6.955
  147.700    -9.128
  147.750   -11.031
  147.800   -12.936
  147.850   -15.002
  147.900   -16.962
  147.950   -18.905
  148.000   -20.916
  148.050   -22.645
  148.100   -24.490
  148.150   -26.085
  148.200   -27.838
  148.250   -29.327
  148.300   -30.923
  148.350   -32.534
  148.400   -33.645
  148.450   -34.921
  148.500   -36.011
  148.550   -37.007
  148.600   -38.277
  148.650   -39.381
  148.700   -40.251
  148.750   -41.091
  148.800   -42.146
  148.850   -43.074
  148.900   -43.894
  148.950   -44.943
  149.000   -45.688
  149.050   -46.505
  149.100   -47.233
  149.150   -48.096
  149.200   -48.535
  149.250   -49.077
  149.300   -49.491
  149.350   -49.880
  149.400   -50.595
  149.450   -51.118
  149.500   -51.568
  149.550   -52.120
  149.600   -52.620
  149.650   -53.358
  149.700   -53.759
  149.750   -54.253
  149.800   -54.569
  149.850   -54.957
  149.900   -55.448
  149.950   -55.961
  150.000   -56.396
  150.050   -56.559
  150.100   -56.955
  150.150   -57.116
  150.200   -57.368
  150.250   -57.731
  150.300   -57.919
  150.350   -58.068
  150.400   -58.075
  150.450   -58.380
  150.500   -58.740
  150.550   -58.961
  150.600   -59.321
  150.650   -59.341
  150.700   -59.329
  150.750   -59.670
  150.800   -59.746
  150.850   -59.971
  150.900   -60.219
  150.950   -60.413
  151.000   -60.725
  151.050   -60.812
  151.100   -61.112
  151.150   -61.215
  151.200   -61.147
  151.250   -61.289
  151.300   -61.630
  151.350   -61.683
  151.400   -61.803
  151.450   -61.575
  151.500   -61.771
  151.550   -62.052
  151.600   -62.076
  151.650   -61.857
  151.700   -61.948
  151.750   -62.404
  151.800   -62.557
  151.850   -62.525
  151.900   -62.407
  151.950   -62.767
  152.000   -62.737
  152.050   -62.528
  152.100   -62.507
  152.150   -62.346
  152.200   -62.168
  152.250   -62.227
  152.300   -62.464
  152.350   -62.502
  152.400   -62.516
  152.450   -62.670
  152.500   -62.732
  152.550   -62.850
  152.600   -62.695
  152.650   -63.085
  152.700   -62.808
  152.750   -62.756
  152.800   -62.745
  152.850   -62.759
  152.900   -62.996
  152.950   -63.138
  153.000   -63.194
  153.050   -63.401
  153.100   -63.358
  153.150   -63.166
  153.200   -63.628
  153.250   -63.426
  153.300   -63.357
  153.350   -63.399
  153.400   -63.341
  153.450   -63.291
  153.500   -63.391
  153.550   -63.460
  153.600   -63.581
  153.650   -63.483
  153.700   -63.871
  153.750   -64.125
  153.800   -64.157
  153.850   -64.302
  153.900   -64.239
  153.950   -64.398
  154.000   -64.377
  154.050   -64.590
  154.100   -64.540
  154.150   -64.283
  154.200   -64.469
  154.250   -64.405
  154.300   -64.574
  154.350   -64.498
  154.400   -64.476
  154.450   -64.256
  154.500   -64.493
  154.550   -64.633
  154.600   -64.935
  154.650   -64.927
  154.700   -64.934
  154.750   -65.188
  154.800   -65.015
  154.850   -65.166
  154.900   -65.227
  154.950   -64.969
  155.000   -65.086
  155.050   -65.014
  155.100   -64.872
  155.150   -64.958
  155.200   -64.849
  155.250   -64.927
  155.300   -65.028
  155.350   -64.963
  155.400   -64.896
  155.450   -65.078
  155.500   -64.966
  155.550   -65.122
  155.600   -65.184
  155.650   -65.168
  155.700   -65.178
  155.750   -64.991
  155.800   -65.132
  155.850   -65.131
  155.900   -65.074
  155.950   -64.914
  156.000   -64.845
  156.050   -65.050
  156.100   -64.932
  156.150   -65.169
  156.200   -65.190
  156.250   -65.140
  156.300   -65.041
  156.350   -64.965
  156.400   -64.925
  156.450   -64.853
  156.500   -65.109
  156.550   -65.054
  156.600   -65.230
  156.650   -65.070
  156.700   -65.011
  156.750   -64.874
  156.800   -64.841
  156.850   -64.683
  156.900   -64.562
  156.950   -64.576
  157.000   -64.343
  157.050   -64.581
  157.100   -64.618
  157.150   -64.408
  157.200   -64.274
  157.250   -64.359
  157.300   -64.496
  157.350   -64.569
  157.400   -64.815
  157.450   -64.969
  157.500   -65.170
  157.550   -65.170
  157.600   -64.982
  157.650   -64.878
  157.700   -64.766
  157.750   -64.705
  157.800   -64.521
  157.850   -64.687
  157.900   -64.899
  157.950   -65.059
  158.000   -65.021
  158.050   -65.273
  158.100   -65.063
  158.150   -65.023
  158.200   -65.138
  158.250   -65.143
  158.300   -65.114
  158.350   -64.783
  158.400   -64.871
  158.450   -64.743
  158.500   -64.547
  158.550   -64.354
  158.600   -64.198
  158.650   -63.927
  158.700   -63.707
  158.750   -63.721
  158.800   -63.616
  158.850   -63.724
  158.900   -63.808
  158.950   -63.749
  159.000   -63.777
  159.050   -63.615
  159.100   -63.610
  159.150   -63.617
  159.200   -63.316
  159.250   -63.334
  159.300   -63.328
  159.350   -63.396
  159.400   -63.243
  159.450   -63.568
  159.500   -63.364
  159.550   -63.338
  159.600   -63.251
  159.650   -63.280
  159.700   -63.405
  159.750   -63.500
  159.800   -63.375
  159.850   -63.474
  159.900   -63.464
  159.950   -63.114
  160.000   -63.126
  160.050   -63.042
  160.100   -62.924
  160.150   -62.985
  160.200   -62.762
  160.250   -62.694
  160.300   -62.446
  160.350   -62.609
  160.400   -62.464
  160.450   -62.569
  160.500   -62.687
  160.550   -62.520
  160.600   -62.434
  160.650   -62.347
  160.700   -62.269
  160.750   -62.370
  160.800   -62.529
  160.850   -62.478
  160.900   -62.409
  160.950   -62.328
  161.000   -62.343
  161.050   -62.267
  161.100   -62.074
  161.150   -62.171
  161.200   -62.103
  161.250   -62.155
  161.300   -62.248
  161.350   -62.383
  161.400   -62.441
  161.450   -62.282
  161.500   -62.148
  161.550   -61.873
  161.600   -61.807
  161.650   -61.494
  161.700   -61.358
  161.750   -61.323
  161.800   -61.427
  161.850   -61.003
  161.900   -61.227
  161.950   -61.355
  162.000   -61.266
  162.050   -61.219
  162.100   -61.016
  162.150   -60.911
  162.200   -60.633
  162.250   -60.493
  162.300   -60.715
  162.350   -60.954
  162.400   -61.268
  162.450   -61.329
  162.500   -61.513
  162.550   -61.431
  162.600   -61.492
  162.650   -61.605
  162.700   -62.037
  162.750   -62.267
  162.800   -62.231
  162.850   -62.069
  162.900   -61.989
  162.950   -62.319
  163.000   -62.464
  163.050   -62.486
  163.100   -62.373
  163.150   -62.535
  163.200   -62.363
  163.250   -62.308
  163.300   -62.451
  163.350   -62.237
  163.400   -62.374
  163.450   -62.387
  163.500   -62.254
  163.550   -62.212
  163.600   -62.328
  163.650   -62.473
  163.700   -62.699
  163.750   -62.683
  163.800   -62.603
  163.850   -62.392
  163.900   -62.393
  163.950   -62.202
  164.000   -62.083
  164.050   -62.282
  164.100   -62.417
  164.150   -62.576
  164.200   -62.542
  164.250   -62.419
  164.300   -62.343
  164.350   -62.168
  164.400   -62.074
  164.450   -61.997
  164.500   -61.934
  164.550   -61.945
  164.600   -61.660
  164.650   -61.728
  164.700   -61.682
  164.750   -61.542
  164.800   -61.598
  164.850   -61.508
  164.900   -61.446
  164.950   -61.513
  165.000   -61.398
  165.050   -61.559
  165.100   -61.684
  165.150   -61.676
  165.200   -61.697
  165.250   -61.428
  165.300   -61.562
  165.350   -61.622
  165.400   -61.775
  165.450   -61.664
  165.500   -61.905
  165.550   -62.222
  165.600   -62.358
  165.650   -62.436
  165.700   -62.312
  165.750   -62.184
  165.800   -62.125
  165.850   -62.305
  165.900   -62.243
  165.950   -62.284
  166.000   -62.109
  166.050   -62.028
  166.100   -62.338
  166.150   -62.527
  166.200   -62.523
  166.250   -62.510
  166.300   -62.498
  166.350   -62.160
  166.400   -62.080
  166.450   -62.109
  166.500   -61.813
  166.550   -61.996
  166.600   -61.991
  166.650   -61.839
  166.700   -61.706
  166.750   -61.547
  166.800   -61.248
  166.850   -61.125
  166.900   -61.286
  166.950   -61.307
  167.000   -61.337
  167.050   -61.516
  167.100   -61.394
  167.150   -61.372
  167.200   -61.363
  167.250   -61.225
  167.300   -61.156
  167.350   -61.048
  167.400   -61.235
  167.450   -61.340
  167.500   -61.167
  167.550   -61.427
  167.600   -61.285
  167.650   -61.090
  167.700   -61.247
  167.750   -61.077
  167.800   -61.271
  167.850   -61.488
  167.900   -61.531
  167.950   -61.608
  168.000   -61.474
  168.050   -61.573
  168.100   -61.351
  168.150   -61.438
  168.200   -61.321
  168.250   -61.042
  168.300   -61.065
  168.350   -60.976
  168.400   -60.943
  168.450   -60.798
  168.500   -60.598
  168.550   -60.674
  168.600   -60.554
  168.650   -60.388
  168.700   -60.088
  168.750   -60.141
  168.800   -60.183
  168.850   -60.266
  168.900   -60.341
  168.950   -60.397
  169.000   -60.493
  169.050   -60.749
  169.100   -60.803
  169.150   -60.804
  169.200   -60.898
  169.250   -60.717
  169.300   -60.598
  169.350   -60.651
  169.400   -60.676
  169.450   -60.560
  169.500   -60.578
  169.550   -60.450
  169.600   -60.236
  169.650   -60.282
  169.700   -60.222
  169.750   -60.321
  169.800   -60.140
  169.850   -59.845
  169.900   -59.910
  169.950   -60.202
  170.000   -60.487
  170.050   -60.523
  170.100   -60.600
  170.150   -60.621
  170.200   -60.272
  170.250   -60.035
  170.300   -59.901
  170.350   -59.906
  170.400   -60.199
  170.450   -60.265
  170.500   -60.541
  170.550   -60.505
  170.600   -60.359
  170.650   -59.979
  170.700   -59.974
  170.750   -59.720
  170.800   -59.547
  170.850   -59.422
  170.900   -59.871
  170.950   -59.893
  171.000   -60.008
  171.050   -60.077
  171.100   -60.087
  171.150   -60.085
  171.200   -60.159
  171.250   -60.321
  171.300   -60.568
  171.350   -60.760
  171.400   -61.076
  171.450   -61.337
  171.500   -60.892
  171.550   -60.946
  171.600   -60.662
  171.650   -60.690
  171.700   -60.459
  171.750   -60.501
  171.800   -60.504
  171.850   -60.713
  171.900   -60.447
  171.950   -60.427
  172.000   -60.311
  172.050   -60.277
  172.100   -60.567
  172.150   -60.795
  172.200   -60.908
  172.250   -61.019
  172.300   -61.035
  172.350   -61.073
  172.400   -60.924
  172.450   -61.089
  172.500   -60.893
  172.550   -60.850
  172.600   -60.666
  172.650   -60.732
  172.700   -60.771
  172.750   -60.484
  172.800   -60.536
  172.850   -60.547
  172.900   -60.394
  172.950   -60.369
  173.000   -60.172
  173.050   -60.356
  173.100   -60.195
  173.150   -60.332
  173.200   -60.066
  173.250   -59.828
  173.300   -59.761
  173.350   -60.072
  173.400   -59.846
  173.450   -59.920
  173.500   -60.083
  173.550   -59.927
  173.600   -60.180
  173.650   -60.218
  173.700   -60.109
  173.750   -60.007
  173.800   -59.982
  173.850   -59.933
  173.900   -59.785
  173.950   -59.634
  174.000   -59.507
  174.050   -59.461
  174.100   -59.312
  174.150   -59.180
  174.200   -58.989
  174.250   -59.116
  174.300   -59.063
  174.350   -58.996
  174.400   -58.906
  174.450   -59.101
  174.500   -59.184
  174.550   -59.111
  174.600   -59.005
  174.650   -59.061
  174.700   -58.854
  174.750   -58.881
  174.800   -58.950
  174.850   -58.887
  174.900   -58.541
  174.950   -58.541
  175.000   -58.488
  175.050   -58.701
  175.100   -58.890
  175.150   -59.078
  175.200   -59.302
  175.250   -59.091
  175.300   -59.205
  175.350   -59.234
  175.400   -59.159
  175.450   -59.165
  175.500   -58.793
  175.550   -58.782
  175.600   -58.650
  175.650   -58.849
  175.700   -58.660
  175.750   -58.775
  175.800   -58.939
  175.850   -58.734
  175.900   -58.768
  175.950   -58.899
  176.000   -58.770
  176.050   -58.749
  176.100   -58.747
  176.150   -58.640
  176.200   -58.483
  176.250   -58.568
  176.300   -58.757
  176.350   -58.750
  176.400   -58.753
  176.450   -58.595
  176.500   -58.794
  176.550   -58.683
  176.600   -58.846
  176.650   -59.029
  176.700   -59.102
  176.750   -59.007
  176.800   -58.766
  176.850   -58.868
  176.900   -58.521
  176.950   -58.484
  177.000   -58.381
  177.050   -58.157
  177.100   -58.253
  177.150   -58.264
  177.200   -58.214
  177.250   -58.137
  177.300   -58.211
  177.350   -58.341
  177.400   -58.332
  177.450   -58.451
  177.500   -58.357
  177.550   -58.259
  177.600   -58.079
  177.650   -57.901
  177.700   -58.028
  177.750   -58.015
  177.800   -58.193
  177.850   -58.001
  177.900   -57.920
  177.950   -57.721
  178.000   -57.817
  178.050   -57.778
  178.100   -57.791
  178.150   -57.723
  178.200   -57.972
  178.250   -58.124
  178.300   -58.292
  178.350   -58.568
  178.400   -58.582
  178.450   -58.578
  178.500   -58.670
  178.550   -58.640
  178.600   -58.575
  178.650   -58.376
  178.700   -58.270
  178.750   -58.269
  178.800   -58.517
  178.850   -58.416
  178.900   -58.622
  178.950   -58.387
  179.000   -58.288
  179.050   -58.198
  179.100   -58.297
  179.150   -58.317
  179.200   -58.383
  179.250   -58.290
  179.300   -58.121
  179.350   -58.299
  179.400   -58.209
  179.450   -58.068
  179.500   -58.123
  179.550   -58.241
  179.600   -58.598
  179.650   -58.685
  179.700   -58.470
  179.750   -58.431
  179.800   -58.310
  179.850   -58.465
  179.900   -58.657
  179.950   -58.443
  180.000   -58.424
  180.050   -58.390
  180.100   -58.410
  180.150   -58.300
  180.200   -58.147
  180.250   -58.402
  180.300   -58.099
  180.350   -57.998
  180.400   -57.895
  180.450   -57.963
  180.500   -57.779
  180.550   -57.788
  180.600   -57.894
  180.650   -57.988
  180.700   -57.995
  180.750   -58.002
  180.800   -57.890
  180.850   -58.165
  180.900   -57.782
  180.950   -58.053
  181.000   -58.073
  181.050   -58.009
  181.100   -57.792
  181.150   -57.800
  181.200   -57.841
  181.250   -57.512
  181.300   -57.304
  181.350   -57.209
  181.400   -57.154
  181.450   -57.189
  181.500   -57.256
  181.550   -57.302
  181.600   -57.422
  181.650   -57.027
  181.700   -57.012
  181.750   -56.930
  181.800   -56.751
  181.850   -56.509
  181.900   -56.754
  181.950   -56.484
  182.000   -56.370
  182.050   -56.771
  182.100   -56.524
  182.150   -56.720
  182.200   -56.651
  182.250   -56.644
  182.300   -56.491
  182.350   -56.496
  182.400   -56.439
  182.450   -56.259
  182.500   -56.321
  182.550   -56.019
  182.600   -55.940
  182.650   -55.659
  182.700   -55.785
  182.750   -55.747
  182.800   -55.699
  182.850   -55.649
  182.900   -55.582
  182.950   -55.427
  183.000   -55.388
  183.050   -55.249
  183.100   -54.946
  183.150   -54.683
  183.200   -54.875
  183.250   -54.697
  183.300   -54.527
  183.350   -54.184
  183.400   -54.345
  183.450   -53.976
  183.500   -53.804
  183.550   -53.693
  183.600   -53.490
  183.650   -53.628
  183.700   -53.278
  183.750   -53.088
  183.800   -52.903
  183.850   -52.731
  183.900   -52.117
  183.950   -51.404
  184.000   -50.655
  184.050   -49.344
  184.100   -46.722
  184.150   -42.525
  184.200   -37.277
  184.250   -31.845
  184.300   -26.247
  184.350   -20.744
  184.400   -15.672
  184.450   -11.191
  184.500    -7.178
  184.550    -3.886
  184.600    -0.736
  184.650     1.902
  184.700     3.864
  184.750     5.532
  184.800     7.151
  184.850     8.429
  184.900     9.019
  184.950     9.904
  185.000    10.307
  185.050    10.432
  185.100    10.196
  185.150     9.885
  185.200     9.160
  185.250     8.357
  185.300     7.287
  185.350     6.347
  185.400     5.191
  185.450     3.674
  185.500     2.097
  185.550     0.278
  185.600    -1.440
  185.650    -3.089
  185.700    -5.268
  185.750    -7.388
  185.800    -9.490
  185.850   -11.325
  185.900   -13.442
  185.950   -15.650
  186.000   -17.661
  186.050   -19.605
  186.100   -21.113
  186.150   -22.849
  186.200   -24.589
  186.250   -25.980
  186.300   -27.736
  186.350   -29.159
  186.400   -30.338
  186.450   -32.112
  186.500   -33.427
  186.550   -34.925
  186.600   -36.234
  186.650   -37.267
  186.700   -38.529
  186.750   -39.777
  186.800   -40.751
  186.850   -41.597
  186.900   -42.430
  186.950   -43.592
  187.000   -44.677
  187.050   -45.563
  187.100   -46.428
  187.150   -46.852
  187.200   -47.522
  187.250   -48.117
  187.300   -48.808
  187.350   -49.378
  187.400   -50.261
  187.450   -50.730
  187.500   -50.752
  187.550   -51.218
  187.600   -51.505
  187.650   -52.377
  187.700   -52.813
  187.750   -53.340
  187.800   -54.049
  187.850   -54.181
  187.900   -54.622
  187.950   -55.018
  188.000   -55.112
  188.050   -55.359
  188.100   -55.684
  188.150   -56.022
  188.200   -56.379
  188.250   -56.954
  188.300   -57.454
  188.350   -57.959
  188.400   -57.895
  188.450   -58.292
  188.500   -58.449
  188.550   -58.622
  188.600   -59.087
  188.650   -59.100
  188.700   -59.206
  188.750   -59.477
  188.800   -59.806
  188.850   -59.903
  188.900   -60.107
  188.950   -60.328
  189.000   -60.443
  189.050   -60.720
  189.100   -60.557
  189.150   -60.836
  189.200   -60.710
  189.250   -60.740
  189.300   -61.021
  189.350   -61.145
  189.400   -61.574
  189.450   -61.647
  189.500   -61.580
  189.550   -61.665
  189.600   -61.784
  189.650   -62.098
  189.700   -62.341
  189.750   -62.532
  189.800   -62.537
  189.850   -62.595
  189.900   -62.593
  189.950   -62.591
  190.000   -62.601
  190.050   -62.694
  190.100   -62.431
  190.150   -62.487
  190.200   -62.567
  190.250   -62.570
  190.300   -62.448
  190.350   -62.678
  190.400   -62.682
  190.450   -62.704
  190.500   -62.590
  190.550   -63.059
  190.600   -63.059
  190.650   -63.351
  190.700   -63.336
  190.750   -63.242
  190.800   -63.230
  190.850   -63.344
  190.900   -63.545
  190.950   -63.399
  191.000   -63.353
  191.050   -63.355
  191.100   -63.413
  191.150   -63.473
  191.200   -63.476
  191.250   -63.497
  191.300   -63.615
  191.350   -63.662
  191.400   -63.600
  191.450   -63.313
  191.500   -63.425
  191.550   -63.122
  191.600   -63.132
  191.650   -63.266
  191.700   -63.219
  191.750   -63.165
  191.800   -63.038
  191.850   -62.787
  191.900   -62.992
  191.950   -62.959
  192.000   -63.150
  192.050   -63.270
  192.100   -63.284
  192.150   -63.427
  192.200   -63.406
  192.250   -63.508
  192.300   -63.443
  192.350   -63.436
  192.400   -63.470
  192.450   -63.640
  192.500   -63.700
  192.550   -64.000
  192.600   -64.051
  192.650   -63.713
  192.700   -63.861
  192.750   -63.774
  192.800   -63.863
  192.850   -63.896
  192.900   -63.801
  192.950   -64.022
  193.000   -64.161
  193.050   -64.307
  193.100   -64.612
  193.150   -64.600
  193.200   -64.711
  193.250   -64.709
  193.300   -64.678
  193.350   -64.454
  193.400   -64.336
  193.450   -64.459
  193.500   -64.578
  193.550   -64.782
  193.600   -64.478
  193.650   -64.232
  193.700   -64.404
  193.750   -64.299
  193.800   -64.105
  193.850   -63.948
  193.900   -63.946
  193.950   -63.940
  194.000   -63.832
  194.050   -63.696
  194.100   -63.843
  194.150   -63.958
  194.200   -63.675
  194.250   -63.597
  194.300   -63.793
  194.350   -63.868
  194.400   -63.718
  194.450   -63.567
  194.500   -63.563
  194.550   -63.580
  194.600   -63.554
  194.650   -63.581
  194.700   -63.411
  194.750   -63.480
  194.800   -63.604
  194.850   -63.514
  194.900   -63.448
  194.950   -63.602
  195.000   -63.526
  195.050   -63.496
  195.100   -63.356
  195.150   -63.477
  195.200   -63.392
  195.250   -63.331
  195.300   -63.147
  195.350   -63.374
  195.400   -63.490
  195.450   -63.327
  195.500   -63.290
  195.550   -63.254
  195.600   -63.582
  195.650   -63.586
  195.700   -63.758
  195.750   -63.733
  195.800   -63.429
  195.850   -63.551
  195.900   -63.691
  195.950   -63.941
  196.000   -63.868
  196.050   -63.782
  196.100   -63.682
  196.150   -63.540
  196.200   -63.711
  196.250   -63.551
  196.300   -63.739
  196.350   -63.759
  196.400   -63.730
  196.450   -63.814
  196.500   -63.795
  196.550   -63.671
  196.600   -63.890
  196.650   -63.815
  196.700   -63.663
  196.750   -63.495
  196.800   -63.520
  196.850   -63.640
  196.900   -63.734
  196.950   -63.629
  197.000   -63.529
  197.050   -63.596
  197.100   -63.678
  197.150   -63.516
  197.200   -63.403
  197.250   -63.139
  197.300   -62.841
  197.350   -62.851
  197.400   -63.120
  197.450   -63.157
  197.500   -63.390
  197.550   -63.562
  197.600   -63.263
  197.650   -63.160
  197.700   -63.156
  197.750   -63.207
  197.800   -63.393
  197.850   -63.592
  197.900   -63.845
  197.950   -63.477
  198.000   -63.534
  198.050   -63.400
  198.100   -63.483
  198.150   -63.436
  198.200   -63.479
  198.250   -63.264
  198.300   -63.060
  198.350   -63.137
  198.400   -62.992
  198.450   -63.269
  198.500   -63.122
  198.550   -63.005
  198.600   -63.004
  198.650   -62.752
  198.700   -62.777
  198.750   -63.146
  198.800   -63.263
  198.850   -63.354
  198.900   -63.175
  198.950   -63.357
  199.000   -63.191
  199.050   -63.275
  199.100   -63.263
  199.150   -63.432
  199.200   -63.279
  199.250   -63.156
  199.300   -62.887
  199.350   -62.654
  199.400   -62.719
  199.450   -62.712
  199.500   -62.731
  199.550   -62.894
  199.600   -63.119
  199.650   -62.934
  199.700   -62.934
  199.750   -62.372
  199.800   -62.449
  199.850   -62.153
  199.900   -61.889
  199.950   -61.932
  200.000   -61.957
  200.050   -62.003
  200.100   -62.153
  200.150   -62.113
  200.200   -62.055
  200.250   -62.045
  200.300   -61.840
  200.350   -61.981
  200.400   -62.254
  200.450   -62.405
  200.500   -62.259
  200.550   -62.111
  200.600   -62.127
  200.650   -61.931
  200.700   -61.996
  200.750   -61.715
  200.800   -61.460
  200.850   -61.512
  200.900   -61.799
  200.950   -61.975
  201.000   -62.040
  201.050   -62.170
  201.100   -62.486
  201.150   -62.589
  201.200   -62.687
  201.250   -62.663
  201.300   -62.772
  201.350   -62.656
  201.400   -62.268
  201.450   -62.431
  201.500   -62.502
  201.550   -62.394
  201.600   -62.133
  201.650   -62.186
  201.700   -62.338
  201.750   -62.100
  201.800   -62.062
  201.850   -62.248
  201.900   -62.426
  201.950   -62.137
  202.000   -62.259
  202.050   -62.314
  202.100   -62.095
  202.150   -62.117
  202.200   -61.913
  202.250   -61.703
  202.300   -61.740
  202.350   -61.582
  202.400   -61.460
  202.450   -61.379
  202.500   -61.294
  202.550   -61.008
  202.600   -61.576
  202.650   -61.815
  202.700   -61.783
  202.750   -61.504
  202.800   -60.969
  202.850   -60.806
  202.900   -60.761
  202.950   -60.690
  203.000   -60.465
  203.050   -60.158
  203.100   -60.007
  203.150   -60.277
  203.200   -60.268
  203.250   -60.056
  203.300   -60.249
  203.350   -60.412
  203.400   -60.548
  203.450   -60.594
  203.500   -60.417
  203.550   -60.031
  203.600   -59.922
  203.650   -59.789
  203.700   -59.781
  203.750   -59.511
  203.800   -59.302
  203.850   -58.875
  203.900   -58.719
  203.950   -59.052
  204.000   -59.024
  204.050   -58.889
  204.100   -59.125
  204.150   -59.195
  204.200   -59.104
  204.250   -59.160
  204.300   -58.942
  204.350   -58.950
  204.400   -58.775
  204.450   -58.438
  204.500   -58.843
  204.550   -58.784
  204.600   -58.612
  204.650   -58.585
  204.700   -58.560
  204.750   -58.837
  204.800   -58.618
  204.850   -58.409
  204.900   -58.373
  204.950   -58.374
  205.000   -58.285
  205.050   -57.719
  205.100   -57.641
  205.150   -57.573
  205.200   -57.289
  205.250   -57.595
  205.300   -57.571
  205.350   -57.461
  205.400   -57.505
  205.450   -56.978
  205.500   -57.150
  205.550   -57.069
  205.600   -56.749
  205.650   -56.721
  205.700   -57.116
  205.750   -57.248
  205.800   -57.340
  205.850   -57.513
  205.900   -57.808
  205.950   -57.775
  206.000   -57.607
  206.050   -57.671
  206.100   -57.790
  206.150   -58.020
  206.200   -57.523
  206.250   -57.424
  206.300   -57.500
  206.350   -57.435
  206.400   -57.588
  206.450   -57.679
  206.500   -57.582
  206.550   -57.704
  206.600   -57.636
  206.650   -57.656
  206.700   -57.636
  206.750   -57.753
  206.800   -57.889
  206.850   -57.614
  206.900   -57.529
  206.950   -57.417
  207.000   -57.385
  207.050   -57.236
  207.100   -56.993
  207.150   -57.069
  207.200   -56.994
  207.250   -57.016
  207.300   -56.792
  207.350   -56.755
  207.400   -56.725
  207.450   -57.069
  207.500   -56.790
  207.550   -57.020
  207.600   -56.934
  207.650   -56.856
  207.700   -56.825
  207.750   -57.109
  207.800   -56.980
  207.850   -57.063
  207.900   -57.176
  207.950   -56.944
  208.000   -56.994
  208.050   -57.068
  208.100   -57.143
  208.150   -57.372
  208.200   -57.233
  208.250   -57.050
  208.300   -57.057
  208.350   -57.068
  208.400   -56.967
  208.450   -56.927
  208.500   -57.053
  208.550   -57.090
  208.600   -57.110
  208.650   -56.914
  208.700   -56.987
  208.750   -57.017
  208.800   -57.063
  208.850   -57.029
  208.900   -56.966
  208.950   -57.150
  209.000   -57.304
  209.050   -57.174
  209.100   -57.101
  209.150   -56.718
  209.200   -56.842
  209.250   -56.632
  209.300   -56.500
  209.350   -56.695
  209.400   -56.445
  209.450   -56.235
  209.500   -56.020
  209.550   -55.849
  209.600   -55.751
  209.650   -55.537
  209.700   -55.583
  209.750   -55.260
  209.800   -55.461
  209.850   -55.182
  209.900   -54.791
  209.950   -54.965
  210.000   -55.052
  210.050   -55.320
  210.100   -55.081
  210.150   -55.052
  210.200   -55.249
  210.250   -55.206
  210.300   -54.993
  210.350   -54.945
  210.400   -54.915
  210.450   -54.883
  210.500   -54.635
  210.550   -54.579
  210.600   -54.663
  210.650   -54.392
  210.700   -54.164
  210.750   -54.078
  210.800   -53.829
  210.850   -53.952
  210.900   -53.809
  210.950   -53.716
  211.000   -53.598
  211.050   -53.515
  211.100   -53.422
  211.150   -53.204
  211.200   -53.061
  211.250   -52.780
  211.300   -52.255
  211.350   -51.997
  211.400   -51.319
  211.450   -50.275
  211.500   -48.638
  211.550   -45.524
  211.600   -41.053
  211.650   -35.985
  211.700   -30.582
  211.750   -25.327
  211.800   -20.171
  211.850   -15.777
  211.900   -11.685
  211.950    -8.004
  212.000    -4.550
  212.050    -1.496
  212.100     1.209
  212.150     3.275
  212.200     5.112
  212.250     6.237
  212.300     7.682
  212.350     8.640
  212.400     9.259
  212.450     9.373
  212.500     9.630
  212.550     9.407
  212.600     8.871
  212.650     8.245
  212.700     7.295
  212.750     6.328
  212.800     5.065
  212.850     3.538
  212.900     1.974
  212.950     0.351
  213.000    -1.310
  213.050    -3.155
  213.100    -5.016
  213.150    -7.050
  213.200    -8.797
  213.250   -10.822
  213.300   -12.929
  213.350   -14.745
  213.400   -16.678
  213.450   -18.657
  213.500   -20.410
  213.550   -22.186
  213.600   -23.908
  213.650   -25.776
  213.700   -27.579
  213.750   -28.748
  213.800   -30.330
  213.850   -31.809
  213.900   -33.193
  213.950   -33.951
  214.000   -35.663
  214.050   -36.797
  214.100   -37.832
  214.150   -38.923
  214.200   -39.973
  214.250   -41.090
  214.300   -42.086
  214.350   -42.901
  214.400   -43.511
  214.450   -44.487
  214.500   -45.213
  214.550   -45.618
  214.600   -46.477
  214.650   -47.376
  214.700   -48.069
  214.750   -49.111
  214.800   -49.897
  214.850   -50.580
  214.900   -51.032
  214.950   -51.513
  215.000   -52.230
  215.050   -52.657
  215.100   -53.007
  215.150   -53.619
  215.200   -53.875
  215.250   -53.944
  215.300   -54.167
  215.350   -54.741
  215.400   -55.020
  215.450   -55.259
  215.500   -55.349
  215.550   -55.612
  215.600   -55.708
  215.650   -55.847
  215.700   -56.096
  215.750   -56.299
  215.800   -56.518
  215.850   -57.029
  215.900   -57.177
  215.950   -57.483
  216.000   -57.522
  216.050   -57.664
  216.100   -58.037
  216.150   -58.195
  216.200   -58.310
  216.250   -58.802
  216.300   -58.856
  216.350   -58.727
  216.400   -58.771
  216.450   -58.795
  216.500   -58.954
  216.550   -59.374
  216.600   -59.550
  216.650   -60.115
  216.700   -60.311
  216.750   -60.269
  216.800   -60.444
  216.850   -60.689
  216.900   -61.109
  216.950   -61.002
  217.000   -61.256
  217.050   -61.263
  217.100   -61.399
  217.150   -61.671
  217.200   -61.685
  217.250   -61.941
  217.300   -62.180
  217.350   -62.229
  217.400   -62.242
  217.450   -62.466
  217.500   -62.611
  217.550   -62.823
  217.600   -63.032
  217.650   -63.283
  217.700   -63.320
  217.750   -63.381
  217.800   -63.606
  217.850   -63.892
  217.900   -63.949
  217.950   -63.945
  218.000   -63.782
  218.050   -63.835
  218.100   -63.608
  218.150   -63.536
  218.200   -63.684
  218.250   -63.721
  218.300   -63.824
  218.350   -63.780
  218.400   -64.098
  218.450   -63.908
  218.500   -63.920
  218.550   -64.227
  218.600   -64.148
  218.650   -63.930
  218.700   -64.107
  218.750   -64.369
  218.800   -64.537
  218.850   -64.509
  218.900   -64.549
  218.950   -64.571
  219.000   -64.735
  219.050   -64.472
  219.100   -64.490
  219.150   -64.307
  219.200   -64.300
  219.250   -64.338
  219.300   -64.567
  219.350   -64.786
  219.400   -64.876
  219.450   -65.275
  219.500   -64.981
  219.550   -64.929
  219.600   -65.032
  219.650   -65.070
  219.700   -64.868
  219.750   -64.520
  219.800   -64.460
  219.850   -64.437
  219.900   -64.409
  219.950   -64.461
