    0.050   -64.661
    0.100   -64.636
    0.150   -64.552
    0.200   -64.118
    0.250   -64.006
    0.300   -64.114
    0.350   -63.876
    0.400   -63.852
    0.450   -64.068
    0.500   -63.927
    0.550   -64.053
    0.600   -63.967
    0.650   -63.786
    0.700   -63.871
    0.750   -63.868
    0.800   -63.792
    0.850   -64.103
    0.900   -64.221
    0.950   -64.412
    1.000   -64.327
    1.050   -64.183
    1.100   -64.102
    1.150   -64.072
    1.200   -63.825
    1.250   -63.772
    1.300   -63.634
    1.350   -63.572
    1.400   -63.648
    1.450   -63.602
    1.500   -63.623
    1.550   -63.466
    1.600   -63.366
    1.650   -63.496
    1.700   -63.746
    1.750   -63.497
    1.800   -63.573
    1.850   -63.547
    1.900   -63.206
    1.950   -63.305
    2.000   -63.346
    2.050   -63.424
    2.100   -63.631
    2.150   -63.405
    2.200   -62.983
    2.250   -62.845
    2.300   -63.062
    2.350   -62.934
    2.400   -63.253
    2.450   -62.944
    2.500   -63.278
    2.550   -63.046
    2.600   -62.868
    2.650   -63.088
    2.700   -62.936
    2.750   -62.720
    2.800   -62.680
    2.850   -62.778
    2.900   -63.031
    2.950   -62.925
    3.000   -62.950
    3.050   -62.970
    3.100   -62.863
    3.150   -62.946
    3.200   -62.638
    3.250   -62.771
    3.300   -62.955
    3.350   -62.809
    3.400   -62.721
    3.450   -62.554
    3.500   -62.673
    3.550   -62.659
    3.600   -62.765
    3.650   -62.917
    3.700   -62.938
    3.750   -63.111
    3.800   -62.983
    3.850   -63.228
    3.900   -63.210
    3.950   -63.439
    4.000   -63.305
    4.050   -63.105
    4.100   -63.233
    4.150   -63.207
    4.200   -62.945
    4.250   -62.943
    4.300   -62.690
    4.350   -62.431
    4.400   -62.364
    4.450   -62.423
    4.500   -62.244
    4.550   -62.058
    4.600   -61.900
    4.650   -61.817
    4.700   -61.831
    4.750   -61.790
    4.800   -61.751
    4.850   -61.398
    4.900   -61.052
    4.950   -61.128
    5.000   -60.946
    5.050   -60.852
    5.100   -60.982
    5.150   -61.084
    5.200   -61.339
    5.250   -61.245
    5.300   -61.198
    5.350   -61.110
    5.400   -61.310
    5.450   -61.355
    5.500   -61.306
    5.550   -61.504
    5.600   -61.433
    5.650   -61.466
    5.700   -61.567
    5.750   -61.335
    5.800   -61.333
    5.850   -60.861
    5.900   -60.840
    5.950   -60.680
    6.000   -60.568
    6.050   -60.523
    6.100   -60.363
    6.150   -60.464
    6.200   -60.314
    6.250   -60.220
    6.300   -60.360
    6.350   -60.162
    6.400   -60.054
    6.450   -60.135
    6.500   -60.182
    6.550   -60.421
    6.600   -60.580
    6.650   -60.680
    6.700   -60.757
    6.750   -60.759
    6.800   -60.339
    6.850   -60.200
    6.900   -60.209
    6.950   -60.471
    7.000   -60.408
    7.050   -60.560
    7.100   -60.341
    7.150   -60.237
    7.200   -59.986
    7.250   -60.134
    7.300   -59.900
    7.350   -59.819
    7.400   -59.788
    7.450   -59.616
    7.500   -59.541
    7.550   -59.487
    7.600   -59.484
    7.650   -59.565
    7.700   -59.579
    7.750   -59.398
    7.800   -59.380
    7.850   -59.374
    7.900   -59.536
    7.950   -59.588
    8.000   -59.319
    8.050   -59.123
    8.100   -58.971
    8.150   -59.142
    8.200   -59.061
    8.250   -59.051
    8.300   -58.805
    8.350   -58.525
    8.400   -58.276
    8.450   -58.106
    8.500   -58.073
    8.550   -57.681
    8.600   -57.700
    8.650   -57.606
    8.700   -57.547
    8.750   -57.876
    8.800   -57.913
    8.850   -57.720
    8.900   -57.608
    8.950   -57.538
    9.000   -57.610
    9.050   -57.657
    9.100   -57.709
    9.150   -57.194
    9.200   -57.151
    9.250   -57.294
    9.300   -57.226
    9.350   -57.447
    9.400   -57.365
    9.450   -57.256
    9.500   -57.150
    9.550   -56.954
    9.600   -57.008
    9.650   -56.865
    9.700   -56.645
    9.750   -56.520
    9.800   -56.170
    9.850   -56.269
    9.900   -56.123
    9.950   -56.312
   10.000   -56.279
   10.050   -56.308
   10.100   -56.341
   10.150   -56.459
   10.200   -56.435
   10.250   -56.482
   10.300   -56.739
   10.350   -57.014
   10.400   -56.913
   10.450   -56.740
   10.500   -57.003
   10.550   -56.922
   10.600   -56.955
   10.650   -57.017
   10.700   -56.874
   10.750   -56.620
   10.800   -56.328
   10.850   -56.352
   10.900   -56.257
   10.950   -56.265
   11.000   -56.327
   11.050   -56.316
   11.100   -56.088
   11.150   -56.153
   11.200   -56.251
   11.250   -56.145
   11.300   -55.831
   11.350   -55.790
   11.400   -55.660
   11.450   -55.574
   11.500   -55.505
   11.550   -55.182
   11.600   -55.173
   11.650   -55.331
   11.700   -55.521
   11.750   -55.306
   11.800   -54.941
   11.850   -55.034
   11.900   -54.763
   11.950   -54.960
   12.000   -54.996
   12.050   -54.907
   12.100   -54.541
   12.150   -54.655
   12.200   -54.812
   12.250   -54.738
   12.300   -54.831
   12.350   -54.684
   12.400   -54.470
   12.450   -54.528
   12.500   -54.367
   12.550   -53.873
   12.600   -53.891
   12.650   -53.329
   12.700   -53.189
   12.750   -53.072
   12.800   -52.870
   12.850   -52.549
   12.900   -52.126
   12.950   -51.446
   13.000   -50.579
   13.050   -49.134
   13.100   -46.147
   13.150   -41.786
   13.200   -36.532
   13.250   -30.911
   13.300   -25.590
   13.350   -20.470
   13.400   -15.694
   13.450   -11.399
   13.500    -7.647
   13.550    -3.868
   13.600    -0.743
   13.650     1.812
   13.700     4.133
   13.750     6.090
   13.800     7.678
   13.850     8.795
   13.900     9.995
   13.950    10.507
   14.000    11.041
   14.050    11.298
   14.100    10.795
   14.150    10.455
   14.200     9.916
   14.250     9.463
   14.300     8.313
   14.350     7.061
   14.400     5.546
   14.450     3.672
   14.500     1.950
   14.550     0.030
   14.600    -1.800
   14.650    -3.872
   14.700    -5.814
   14.750    -7.846
   14.800   -10.206
   14.850   -12.378
   14.900   -14.349
   14.950   -16.436
   15.000   -18.816
   15.050   -20.678
   15.100   -22.594
   15.150   -24.572
   15.200   -26.275
   15.250   -28.061
   15.300   -29.807
   15.350   -31.688
   15.400   -33.413
   15.450   -34.988
   15.500   -36.407
   15.550   -37.528
   15.600   -38.922
   15.650   -39.852
   15.700   -40.696
   15.750   -41.937
   15.800   -43.077
   15.850   -43.988
   15.900   -44.920
   15.950   -45.741
   16.000   -46.645
   16.050   -47.157
   16.100   -48.051
   16.150   -48.878
   16.200   -49.441
   16.250   -50.060
   16.300   -50.434
   16.350   -51.008
   16.400   -51.536
   16.450   -52.024
   16.500   -52.486
   16.550   -53.500
   16.600   -54.066
   16.650   -54.432
   16.700   -55.078
   16.750   -55.374
   16.800   -55.963
   16.850   -56.268
   16.900   -56.882
   16.950   -57.060
   17.000   -57.308
   17.050   -57.399
   17.100   -57.663
   17.150   -57.946
   17.200   -58.465
   17.250   -58.679
   17.300   -59.274
   17.350   -59.516
   17.400   -59.877
   17.450   -60.146
   17.500   -60.426
   17.550   -60.690
   17.600   -60.827
   17.650   -60.745
   17.700   -60.901
   17.750   -61.006
   17.800   -60.862
   17.850   -60.911
   17.900   -61.077
   17.950   -61.243
   18.000   -61.343
   18.050   -61.420
   18.100   -61.723
   18.150   -61.815
   18.200   -62.087
   18.250   -62.319
   18.300   -62.492
   18.350   -62.478
   18.400   -62.280
   18.450   -62.588
   18.500   -62.621
   18.550   -62.674
   18.600   -62.670
   18.650   -62.814
   18.700   -62.959
   18.750   -63.001
   18.800   -62.945
   18.850   -63.133
   18.900   -63.151
   18.950   -63.163
   19.000   -62.991
   19.050   -63.140
   19.100   -63.376
   19.150   -63.310
   19.200   -63.535
   19.250   -63.357
   19.300   -63.357
   19.350   -63.226
   19.400   -63.038
   19.450   -63.307
   19.500   -63.534
   19.550   -63.684
   19.600   -63.907
   19.650   -64.083
   19.700   -64.082
   19.750   -64.255
   19.800   -64.458
   19.850   -64.572
   19.900   -64.497
   19.950   -64.378
   20.000   -64.522
   20.050   -64.368
   20.100   -64.168
   20.150   -63.991
   20.200   -63.954
   20.250   -63.922
   20.300   -63.963
   20.350   -63.871
   20.400   -63.758
   20.450   -64.053
   20.500   -63.927
   20.550   -63.900
   20.600   -63.749
   20.650   -63.780
   20.700   -63.874
   20.750   -63.909
   20.800   -63.781
   20.850   -63.931
   20.900   -64.128
   20.950   -64.425
   21.000   -64.577
   21.050   -64.445
   21.100   -64.451
   21.150   -64.500
   21.200   -64.405
   21.250   -64.505
   21.300   -64.441
   21.350   -64.602
   21.400   -64.881
   21.450   -64.637
   21.500   -64.803
   21.550   -64.822
   21.600   -64.781
   21.650   -64.291
   21.700   -64.269
   21.750   -64.432
   21.800   -64.609
   21.850   -64.620
   21.900   -64.544
   21.950   -64.515
   22.000   -64.437
   22.050   -64.333
   22.100   -64.233
   22.150   -64.011
   22.200   -63.982
   22.250   -64.090
   22.300   -64.154
   22.350   -64.098
   22.400   -63.881
   22.450   -63.879
   22.500   -64.067
   22.550   -64.055
   22.600   -63.742
   22.650   -63.737
   22.700   -63.902
   22.750   -63.861
   22.800   -63.816
   22.850   -64.050
   22.900   -64.272
   22.950   -64.384
   23.000   -64.134
   23.050   -64.154
   23.100   -63.875
   23.150   -63.682
   23.200   -63.703
   23.250   -63.762
   23.300   -64.044
   23.350   -64.143
   23.400   -64.399
   23.450   -64.281
   23.500   -64.034
   23.550   -64.062
   23.600   -64.186
   23.650   -64.442
   23.700   -64.456
   23.750   -64.582
   23.800   -64.453
   23.850   -64.301
   23.900   -64.196
   23.950   -64.078
   24.000   -64.208
   24.050   -64.070
   24.100   -64.058
   24.150   -64.114
   24.200   -64.075
   24.250   -63.901
   24.300   -64.009
   24.350   -64.056
   24.400   -64.128
   24.450   -64.030
   24.500   -64.045
   24.550   -63.838
   24.600   -63.711
   24.650   -63.910
   24.700   -63.729
   24.750   -63.607
   24.800   -63.531
   24.850   -63.887
   24.900   -64.011
   24.950   -64.004
   25.000   -64.083
   25.050   -64.063
   25.100   -64.115
   25.150   -64.140
   25.200   -64.004
   25.250   -64.004
   25.300   -64.010
   25.350   -63.969
   25.400   -64.056
   25.450   -63.830
   25.500   -63.787
   25.550   -63.717
   25.600   -63.419
   25.650   -63.350
   25.700   -63.279
   25.750   -63.503
   25.800   -63.722
   25.850   -63.519
   25.900   -63.892
   25.950   -63.640
   26.000   -63.535
   26.050   -63.501
   26.100   -63.279
   26.150   -63.192
   26.200   -63.264
   26.250   -63.405
   26.300   -63.556
   26.350   -63.066
   26.400   -63.304
   26.450   -63.412
   26.500   -63.592
   26.550   -63.492
   26.600   -63.551
   26.650   -63.182
   26.700   -63.504
   26.750   -63.559
   26.800   -63.568
   26.850   -63.443
   26.900   -63.475
   26.950   -63.616
   27.000   -63.613
   27.050   -63.496
   27.100   -63.115
   27.150   -62.995
   27.200   -62.985
   27.250   -63.048
   27.300   -62.999
   27.350   -63.087
   27.400   -62.914
   27.450   -62.624
   27.500   -62.669
   27.550   -62.750
   27.600   -62.647
   27.650   -62.721
   27.700   -62.616
   27.750   -62.604
   27.800   -62.500
   27.850   -62.641
   27.900   -62.576
   27.950   -62.534
   28.000   -62.943
   28.050   -62.881
   28.100   -62.760
   28.150   -62.344
   28.200   -62.297
   28.250   -62.558
   28.300   -62.408
   28.350   -62.352
   28.400   -62.163
   28.450   -61.532
   28.500   -61.406
   28.550   -61.390
   28.600   -61.347
   28.650   -61.095
   28.700   -61.421
   28.750   -61.382
   28.800   -61.461
   28.850   -61.128
   28.900   -61.089
   28.950   -60.814
   29.000   -60.345
   29.050   -60.316
   29.100   -60.548
   29.150   -60.414
   29.200   -60.544
   29.250   -60.482
   29.300   -60.537
   29.350   -60.820
   29.400   -60.676
   29.450   -60.501
   29.500   -60.520
   29.550   -60.405
   29.600   -60.241
   29.650   -60.106
   29.700   -59.999
   29.750   -59.800
   29.800   -59.735
   29.850   -60.023
   29.900   -60.028
   29.950   -60.005
   30.000   -60.187
   30.050   -60.145
   30.100   -60.017
   30.150   -60.162
   30.200   -60.285
   30.250   -60.387
   30.300   -60.515
   30.350   -60.234
   30.400   -60.432
   30.450   -60.350
   30.500   -60.426
   30.550   -60.380
   30.600   -60.001
   30.650   -60.008
   30.700   -60.074
   30.750   -60.275
   30.800   -60.005
   30.850   -60.079
   30.900   -60.007
   30.950   -60.186
   31.000   -60.094
   31.050   -60.204
   31.100   -59.984
   31.150   -60.119
   31.200   -60.361
   31.250   -60.265
   31.300   -59.997
   31.350   -60.129
   31.400   -59.984
   31.450   -59.962
   31.500   -59.856
   31.550   -59.715
   31.600   -59.681
   31.650   -59.650
   31.700   -59.245
   31.750   -59.142
   31.800   -58.916
   31.850   -58.962
   31.900   -58.727
   31.950   -58.585
   32.000   -58.876
   32.050   -58.992
   32.100   -58.618
   32.150   -58.564
   32.200   -58.673
   32.250   -58.551
   32.300   -58.674
   32.350   -58.763
   32.400   -59.213
   32.450   -59.301
   32.500   -59.268
   32.550   -58.911
   32.600   -58.576
   32.650   -58.851
   32.700   -59.008
   32.750   -58.644
   32.800   -58.976
   32.850   -58.888
   32.900   -59.031
   32.950   -59.273
   33.000   -59.056
   33.050   -59.192
   33.100   -59.158
   33.150   -59.040
   33.200   -59.001
   33.250   -58.951
   33.300   -58.722
   33.350   -58.669
   33.400   -58.576
   33.450   -58.494
   33.500   -58.528
   33.550   -58.543
   33.600   -58.415
   33.650   -58.704
   33.700   -59.039
   33.750   -59.374
   33.800   -59.504
   33.850   -59.573
   33.900   -59.794
   33.950   -59.863
   34.000   -60.219
   34.050   -60.246
   34.100   -60.399
   34.150   -60.402
   34.200   -60.370
   34.250   -60.389
   34.300   -60.404
   34.350   -60.198
   34.400   -60.600
   34.450   -60.318
   34.500   -60.215
   34.550   -60.100
   34.600   -59.945
   34.650   -59.884
   34.700   -59.840
   34.750   -60.207
   34.800   -60.184
   34.850   -60.151
   34.900   -59.944
   34.950   -59.894
   35.000   -59.931
   35.050   -59.798
   35.100   -59.817
   35.150   -59.831
   35.200   -60.014
   35.250   -60.299
   35.300   -60.440
   35.350   -60.294
   35.400   -60.309
   35.450   -60.073
   35.500   -59.964
   35.550   -59.901
   35.600   -59.747
   35.650   -59.758
   35.700   -59.863
   35.750   -60.030
   35.800   -59.935
   35.850   -59.774
   35.900   -59.854
   35.950   -59.885
   36.000   -59.687
   36.050   -59.707
   36.100   -59.767
   36.150   -59.544
   36.200   -59.593
   36.250   -59.457
   36.300   -59.305
   36.350   -59.360
   36.400   -59.566
   36.450   -59.506
   36.500   -59.502
   36.550   -59.712
   36.600   -59.815
   36.650   -59.615
   36.700   -59.384
   36.750   -59.338
   36.800   -59.194
   36.850   -59.547
   36.900   -59.413
   36.950   -59.285
   37.000   -59.081
   37.050   -59.124
   37.100   -59.054
   37.150   -59.280
   37.200   -59.422
   37.250   -59.486
   37.300   -59.732
   37.350   -59.699
   37.400   -59.589
   37.450   -59.969
   37.500   -59.874
   37.550   -59.968
   37.600   -59.785
   37.650   -59.916
   37.700   -59.810
   37.750   -59.586
   37.800   -59.593
   37.850   -59.712
   37.900   -59.582
   37.950   -59.493
   38.000   -59.631
   38.050   -59.534
   38.100   -59.338
   38.150   -59.643
   38.200   -59.830
   38.250   -59.853
   38.300   -59.797
   38.350   -59.739
   38.400   -59.552
   38.450   -59.518
   38.500   -59.146
   38.550   -59.034
   38.600   -59.010
   38.650   -58.935
   38.700   -58.790
   38.750   -58.693
   38.800   -58.437
   38.850   -58.488
   38.900   -58.158
   38.950   -58.150
   39.000   -58.024
   39.050   -57.877
   39.100   -57.461
   39.150   -57.596
   39.200   -57.588
   39.250   -57.806
   39.300   -57.635
   39.350   -57.676
   39.400   -57.854
   39.450   -57.922
   39.500   -57.967
   39.550   -57.885
   39.600   -57.678
   39.650   -57.531
   39.700   -57.594
   39.750   -57.562
   39.800   -57.622
   39.850   -57.677
   39.900   -57.940
   39.950   -58.008
   40.000   -58.355
   40.050   -58.399
   40.100   -58.262
   40.150   -58.341
   40.200   -58.235
   40.250   -58.221
   40.300   -58.338
   40.350   -58.340
   40.400   -58.317
   40.450   -58.268
   40.500   -57.872
   40.550   -57.623
   40.600   -57.600
   40.650   -57.504
   40.700   -57.787
   40.750   -57.791
   40.800   -57.733
   40.850   -57.433
   40.900   -57.249
   40.950   -57.195
   41.000   -57.032
   41.050   -57.113
   41.100   -57.252
   41.150   -57.219
   41.200   -57.271
   41.250   -57.145
   41.300   -57.341
   41.350   -57.190
   41.400   -57.069
   41.450   -57.204
   41.500   -56.926
   41.550   -56.898
   41.600   -56.956
   41.650   -56.887
   41.700   -56.947
   41.750   -57.193
   41.800   -56.913
   41.850   -56.829
   41.900   -56.629
   41.950   -56.524
   42.000   -56.469
   42.050   -56.465
   42.100   -56.406
   42.150   -56.209
   42.200   -56.018
   42.250   -55.939
   42.300   -55.802
   42.350   -56.009
   42.400   -55.774
   42.450   -55.953
   42.500   -55.758
   42.550   -55.940
   42.600   -55.918
   42.650   -56.029
   42.700   -56.033
   42.750   -55.898
   42.800   -55.879
   42.850   -55.886
   42.900   -56.242
   42.950   -56.264
   43.000   -56.222
   43.050   -56.162
   43.100   -55.848
   43.150   -55.759
   43.200   -55.926
   43.250   -55.859
   43.300   -56.029
   43.350   -56.068
   43.400   -56.366
   43.450   -56.364
   43.500   -56.432
   43.550   -56.504
   43.600   -56.622
   43.650   -56.884
   43.700   -56.853
   43.750   -56.811
   43.800   -56.672
   43.850   -56.507
   43.900   -56.343
   43.950   -56.476
   44.000   -56.467
   44.050   -56.211
   44.100   -55.924
   44.150   -55.805
   44.200   -55.862
   44.250   -55.842
   44.300   -56.016
   44.350   -56.069
   44.400   -56.095
   44.450   -55.954
   44.500   -55.750
   44.550   -55.366
   44.600   -55.480
   44.650   -55.328
   44.700   -55.147
   44.750   -54.852
   44.800   -54.723
   44.850   -54.784
   44.900   -54.609
   44.950   -54.567
   45.000   -54.452
   45.050   -54.245
   45.100   -53.920
   45.150   -53.771
   45.200   -53.690
   45.250   -53.279
   45.300   -53.157
   45.350   -52.436
   45.400   -52.205
   45.450   -51.828
   45.500   -51.359
   45.550   -50.268
   45.600   -48.321
   45.650   -44.799
   45.700   -40.251
   45.750   -34.961
   45.800   -29.411
   45.850   -23.689
   45.900   -18.543
   45.950   -13.955
   46.000    -9.805
   46.050    -6.341
   46.100    -2.738
   46.150     0.129
   46.200     2.590
   46.250     4.520
   46.300     6.117
   46.350     7.674
   46.400     8.646
   46.450     9.583
   46.500    10.310
   46.550    10.638
   46.600    10.268
   46.650     9.975
   46.700     9.198
   46.750     8.196
   46.800     7.501
   46.850     6.653
   46.900     5.344
   46.950     4.026
   47.000     2.449
   47.050     0.783
   47.100    -1.017
   47.150    -3.183
   47.200    -4.789
   47.250    -6.788
   47.300    -8.841
   47.350   -10.730
   47.400   -12.962
   47.450   -15.023
   47.500   -17.120
   47.550   -18.898
   47.600   -20.480
   47.650   -22.396
   47.700   -23.837
   47.750   -25.484
   47.800   -27.036
   47.850   -28.742
   47.900   -30.042
   47.950   -31.426
   48.000   -33.130
   48.050   -34.839
   48.100   -36.143
   48.150   -37.160
   48.200   -38.202
   48.250   -39.325
   48.300   -40.362
   48.350   -41.242
   48.400   -42.408
   48.450   -43.345
   48.500   -44.118
   48.550   -44.979
   48.600   -45.664
   48.650   -46.384
   48.700   -47.208
   48.750   -47.627
   48.800   -48.659
   48.850   -49.485
   48.900   -49.838
   48.950   -50.437
   49.000   -51.217
   49.050   -51.326
   49.100   -51.960
   49.150   -52.248
   49.200   -52.997
   49.250   -53.807
   49.300   -54.176
   49.350   -54.510
   49.400   -54.936
   49.450   -55.315
   49.500   -55.635
   49.550   -56.155
   49.600   -56.607
   49.650   -57.150
   49.700   -57.284
   49.750   -57.648
   49.800   -57.988
   49.850   -58.133
   49.900   -58.662
   49.950   -59.331
   50.000   -59.702
   50.050   -59.502
   50.100   -59.602
   50.150   -59.904
   50.200   -60.009
   50.250   -60.152
   50.300   -60.014
   50.350   -60.439
   50.400   -60.703
   50.450   -60.902
   50.500   -60.866
   50.550   -60.945
   50.600   -61.050
   50.650   -61.107
   50.700   -60.928
   50.750   -61.038
   50.800   -61.391
   50.850   -61.422
   50.900   -61.163
   50.950   -61.590
   51.000   -61.581
   51.050   -62.040
   51.100   -62.001
   51.150   -61.918
   51.200   -62.175
   51.250   -62.010
   51.300   -61.946
   51.350   -61.827
   51.400   -61.947
   51.450   -62.247
   51.500   -62.176
   51.550   -61.908
   51.600   -61.618
   51.650   -61.639
   51.700   -61.683
   51.750   -61.776
   51.800   -61.699
   51.850   -62.059
   51.900   -62.266
   51.950   -62.264
   52.000   -62.184
   52.050   -62.183
   52.100   -62.068
   52.150   -62.092
   52.200   -62.077
   52.250   -61.810
   52.300   -62.229
   52.350   -62.297
   52.400   -62.511
   52.450   -62.494
   52.500   -62.534
   52.550   -62.643
   52.600   -62.229
   52.650   -62.255
   52.700   -62.228
   52.750   -62.275
   52.800   -62.557
   52.850   -62.792
   52.900   -63.037
   52.950   -62.798
   53.000   -62.489
   53.050   -62.775
   53.100   -62.746
   53.150   -62.746
   53.200   -62.930
   53.250   -63.186
   53.300   -63.112
   53.350   -63.021
   53.400   -63.015
   53.450   -63.013
   53.500   -62.952
   53.550   -62.966
   53.600   -63.274
   53.650   -63.343
   53.700   -63.504
   53.750   -63.678
   53.800   -63.570
   53.850   -63.438
   53.900   -63.581
   53.950   -63.784
   54.000   -63.586
   54.050   -63.873
   54.100   -63.512
   54.150   -63.652
   54.200   -63.738
   54.250   -63.760
   54.300   -63.706
   54.350   -63.759
   54.400   -63.720
   54.450   -63.691
   54.500   -63.639
   54.550   -63.534
   54.600   -63.963
   54.650   -64.001
   54.700   -63.544
   54.750   -63.504
   54.800   -63.409
   54.850   -63.428
   54.900   -63.314
   54.950   -63.231
   55.000   -63.408
   55.050   -63.504
   55.100   -63.313
   55.150   -63.246
   55.200   -63.306
   55.250   -63.135
   55.300   -63.259
   55.350   -63.032
   55.400   -63.002
   55.450   -63.078
   55.500   -62.885
   55.550   -62.577
   55.600   -62.392
   55.650   -62.345
   55.700   -62.100
   55.750   -62.265
   55.800   -62.301
   55.850   -62.114
   55.900   -62.143
   55.950   -62.075
   56.000   -62.497
   56.050   -62.515
   56.100   -62.436
   56.150   -62.523
   56.200   -62.769
   56.250   -62.863
   56.300   -62.881
   56.350   -63.112
   56.400   -63.427
   56.450   -63.649
   56.500   -63.609
   56.550   -63.715
   56.600   -63.741
   56.650   -63.986
   56.700   -63.790
   56.750   -63.676
   56.800   -63.636
   56.850   -63.752
   56.900   -63.849
   56.950   -63.961
   57.000   -63.951
   57.050   -63.757
   57.100   -63.605
   57.150   -63.586
   57.200   -63.555
   57.250   -63.408
   57.300   -63.558
   57.350   -63.500
   57.400   -63.846
   57.450   -63.902
   57.500   -64.063
   57.550   -64.355
   57.600   -64.476
   57.650   -64.688
   57.700   -64.786
   57.750   -64.562
   57.800   -64.530
   57.850   -64.474
   57.900   -64.494
   57.950   -64.219
   58.000   -64.178
   58.050   -64.037
   58.100   -64.164
   58.150   -63.991
   58.200   -64.205
   58.250   -64.585
   58.300   -64.279
   58.350   -64.500
   58.400   -64.413
   58.450   -64.301
   58.500   -64.310
   58.550   -64.035
   58.600   -63.946
   58.650   -64.189
   58.700   -64.054
   58.750   -64.189
   58.800   -63.884
   58.850   -64.147
   58.900   -64.191
   58.950   -64.463
   59.000   -64.695
   59.050   -64.497
   59.100   -64.320
   59.150   -64.153
   59.200   -64.054
   59.250   -63.834
   59.300   -63.767
   59.350   -63.797
   59.400   -63.741
   59.450   -63.842
   59.500   -64.073
   59.550   -63.814
   59.600   -63.850
   59.650   -63.958
   59.700   -63.881
   59.750   -63.810
   59.800   -63.735
   59.850   -63.600
   59.900   -63.514
   59.950   -63.664
   60.000   -63.537
   60.050   -63.323
   60.100   -63.134
   60.150   -63.172
   60.200   -63.189
   60.250   -63.029
   60.300   -63.148
   60.350   -63.069
   60.400   -63.317
   60.450   -63.646
   60.500   -63.686
   60.550   -63.801
   60.600   -63.633
   60.650   -63.405
   60.700   -62.875
   60.750   -62.786
   60.800   -62.564
   60.850   -62.702
   60.900   -62.656
   60.950   -62.766
   61.000   -62.573
   61.050   -62.940
   61.100   -62.966
   61.150   -63.079
   61.200   -62.998
   61.250   -63.187
   61.300   -63.238
   61.350   -63.154
   61.400   -63.051
   61.450   -63.175
   61.500   -63.361
   61.550   -63.406
   61.600   -62.919
   61.650   -63.026
   61.700   -63.079
   61.750   -62.905
   61.800   -62.853
   61.850   -62.624
   61.900   -62.839
   61.950   -63.074
   62.000   -62.965
   62.050   -62.765
   62.100   -62.642
   62.150   -62.471
   62.200   -62.245
   62.250   -62.146
   62.300   -61.908
   62.350   -62.008
   62.400   -61.961
   62.450   -61.936
   62.500   -61.885
   62.550   -61.974
   62.600   -61.788
   62.650   -61.697
   62.700   -61.773
   62.750   -61.815
   62.800   -61.875
   62.850   -61.602
   62.900   -61.580
   62.950   -61.447
   63.000   -61.690
   63.050   -61.758
   63.100   -61.817
   63.150   -61.747
   63.200   -62.057
   63.250   -62.239
   63.300   -62.144
   63.350   -62.157
   63.400   -61.907
   63.450   -61.662
   63.500   -61.832
   63.550   -61.687
   63.600   -61.998
   63.650   -61.702
   63.700   -61.613
   63.750   -61.564
   63.800   -61.375
   63.850   -61.344
   63.900   -61.238
   63.950   -60.984
   64.000   -60.753
   64.050   -60.471
   64.100   -60.525
   64.150   -60.641
   64.200   -60.648
   64.250   -60.939
   64.300   -61.172
   64.350   -61.059
   64.400   -60.714
   64.450   -60.781
   64.500   -60.756
   64.550   -61.109
   64.600   -60.814
   64.650   -60.410
   64.700   -60.302
   64.750   -60.171
   64.800   -60.291
   64.850   -60.406
   64.900   -60.376
   64.950   -60.377
   65.000   -60.118
   65.050   -60.076
   65.100   -60.597
   65.150   -60.523
   65.200   -60.372
   65.250   -60.311
   65.300   -60.364
   65.350   -60.577
   65.400   -60.538
   65.450   -60.452
   65.500   -60.503
   65.550   -60.528
   65.600   -60.559
   65.650   -60.319
   65.700   -60.286
   65.750   -60.595
   65.800   -60.435
   65.850   -60.496
   65.900   -60.429
   65.950   -60.350
   66.000   -60.352
   66.050   -60.646
   66.100   -60.885
   66.150   -60.640
   66.200   -60.714
   66.250   -60.713
   66.300   -60.901
   66.350   -60.853
   66.400   -60.836
   66.450   -60.720
   66.500   -60.806
   66.550   -61.063
   66.600   -61.092
   66.650   -61.393
   66.700   -61.018
   66.750   -60.973
   66.800   -60.875
   66.850   -60.675
   66.900   -60.313
   66.950   -60.687
   67.000   -60.752
   67.050   -60.585
   67.100   -60.638
   67.150   -60.827
   67.200   -60.676
   67.250   -60.641
   67.300   -60.731
   67.350   -60.502
   67.400   -60.301
   67.450   -60.349
   67.500   -60.304
   67.550   -60.128
   67.600   -60.149
   67.650   -60.129
   67.700   -59.780
   67.750   -60.057
   67.800   -60.084
   67.850   -60.059
   67.900   -60.254
   67.950   -60.492
   68.000   -60.439
   68.050   -60.399
   68.100   -60.103
   68.150   -60.029
   68.200   -59.977
   68.250   -60.137
   68.300   -60.131
   68.350   -60.260
   68.400   -60.237
   68.450   -60.133
   68.500   -60.071
   68.550   -59.648
   68.600   -59.641
   68.650   -59.723
   68.700   -59.671
   68.750   -59.627
   68.800   -59.342
   68.850   -59.131
   68.900   -58.819
   68.950   -59.076
   69.000   -59.148
   69.050   -59.264
   69.100   -59.326
   69.150   -59.060
   69.200   -59.242
   69.250   -58.818
   69.300   -58.940
   69.350   -58.950
   69.400   -58.864
   69.450   -59.063
   69.500   -59.192
   69.550   -59.274
   69.600   -59.202
   69.650   -59.059
   69.700   -59.208
   69.750   -59.147
   69.800   -59.144
   69.850   -59.019
   69.900   -59.086
   69.950   -59.050
   70.000   -59.122
   70.050   -59.415
   70.100   -59.248
   70.150   -59.068
   70.200   -59.128
   70.250   -58.964
   70.300   -58.839
   70.350   -58.892
   70.400   -59.032
   70.450   -59.244
   70.500   -58.862
   70.550   -58.927
   70.600   -58.680
   70.650   -58.914
   70.700   -58.863
   70.750   -58.750
   70.800   -59.109
   70.850   -59.109
   70.900   -58.824
   70.950   -58.820
   71.000   -59.190
   71.050   -59.082
   71.100   -59.372
   71.150   -59.520
   71.200   -59.380
   71.250   -59.673
   71.300   -59.800
   71.350   -59.717
   71.400   -59.846
   71.450   -59.820
   71.500   -59.963
   71.550   -59.940
   71.600   -59.869
   71.650   -59.805
   71.700   -59.573
   71.750   -59.452
   71.800   -59.504
   71.850   -59.558
   71.900   -59.748
   71.950   -59.689
   72.000   -59.533
   72.050   -59.757
   72.100   -59.285
   72.150   -59.214
   72.200   -59.729
   72.250   -60.031
   72.300   -60.188
   72.350   -60.378
   72.400   -60.451
   72.450   -60.479
   72.500   -60.191
   72.550   -60.166
   72.600   -60.473
   72.650   -60.359
   72.700   -60.015
   72.750   -60.005
   72.800   -59.872
   72.850   -60.100
   72.900   -60.236
   72.950   -60.314
   73.000   -60.434
   73.050   -60.486
   73.100   -60.355
   73.150   -60.326
   73.200   -60.402
   73.250   -60.314
   73.300   -60.210
   73.350   -60.310
   73.400   -60.335
   73.450   -60.405
   73.500   -60.344
   73.550   -60.679
   73.600   -60.804
   73.650   -60.846
   73.700   -60.810
   73.750   -60.730
   73.800   -60.643
   73.850   -60.611
   73.900   -60.619
   73.950   -60.350
   74.000   -60.048
   74.050   -59.818
   74.100   -59.531
   74.150   -59.495
   74.200   -59.163
   74.250   -59.193
   74.300   -59.137
   74.350   -59.022
   74.400   -58.929
   74.450   -58.957
   74.500   -59.133
   74.550   -59.346
   74.600   -59.342
   74.650   -59.253
   74.700   -59.543
   74.750   -59.507
   74.800   -59.736
   74.850   -59.795
   74.900   -59.611
   74.950   -59.608
   75.000   -59.513
   75.050   -59.652
   75.100   -59.584
   75.150   -59.389
   75.200   -59.248
   75.250   -59.159
   75.300   -58.987
   75.350   -59.047
   75.400   -58.951
   75.450   -58.769
   75.500   -58.752
   75.550   -58.889
   75.600   -58.986
   75.650   -58.913
   75.700   -58.954
   75.750   -58.899
   75.800   -59.027
   75.850   -59.005
   75.900   -58.747
   75.950   -58.687
   76.000   -58.602
   76.050   -58.455
   76.100   -58.572
   76.150   -58.215
   76.200   -58.075
   76.250   -57.926
   76.300   -57.900
   76.350   -57.862
   76.400   -57.982
   76.450   -58.159
   76.500   -57.934
   76.550   -58.065
   76.600   -57.994
   76.650   -58.236
   76.700   -58.063
   76.750   -58.201
   76.800   -58.148
   76.850   -58.128
   76.900   -57.743
   76.950   -57.871
   77.000   -58.057
   77.050   -58.129
   77.100   -58.156
   77.150   -58.155
   77.200   -57.814
   77.250   -57.351
   77.300   -57.665
   77.350   -57.587
   77.400   -57.679
   77.450   -57.461
   77.500   -57.610
   77.550   -57.832
   77.600   -57.948
   77.650   -58.078
   77.700   -57.969
   77.750   -58.078
   77.800   -57.976
   77.850   -58.046
   77.900   -58.000
   77.950   -58.132
   78.000   -57.979
   78.050   -57.941
   78.100   -58.085
   78.150   -57.898
   78.200   -57.741
   78.250   -57.839
   78.300   -57.763
   78.350   -57.795
   78.400   -57.743
   78.450   -57.821
   78.500   -57.675
   78.550   -57.675
   78.600   -57.451
   78.650   -57.231
   78.700   -56.739
   78.750   -56.445
   78.800   -56.549
   78.850   -56.511
   78.900   -56.411
   78.950   -56.474
   79.000   -56.405
   79.050   -56.271
   79.100   -56.418
   79.150   -56.357
   79.200   -56.169
   79.250   -56.043
   79.300   -56.150
   79.350   -56.111
   79.400   -56.285
   79.450   -56.366
   79.500   -56.527
   79.550   -56.392
   79.600   -56.349
   79.650   -56.049
   79.700   -56.126
   79.750   -56.154
   79.800   -56.366
   79.850   -56.496
   79.900   -56.556
   79.950   -56.785
   80.000   -56.528
   80.050   -56.699
   80.100   -56.904
   80.150   -57.052
   80.200   -57.179
   80.250   -57.024
   80.300   -57.018
   80.350   -56.747
   80.400   -56.614
   80.450   -56.413
   80.500   -56.222
   80.550   -56.128
   80.600   -56.082
   80.650   -56.254
   80.700   -56.442
   80.750   -56.467
   80.800   -56.439
   80.850   -56.696
   80.900   -56.614
   80.950   -56.313
   81.000   -56.289
   81.050   -56.320
   81.100   -56.131
   81.150   -56.125
   81.200   -56.158
   81.250   -55.971
   81.300   -56.079
   81.350   -55.781
   81.400   -55.496
   81.450   -55.682
   81.500   -55.961
   81.550   -55.875
   81.600   -56.374
   81.650   -56.466
   81.700   -56.448
   81.750   -56.348
   81.800   -56.635
   81.850   -56.842
   81.900   -56.653
   81.950   -56.655
   82.000   -56.781
   82.050   -56.801
   82.100   -56.843
   82.150   -57.078
   82.200   -57.026
   82.250   -57.180
   82.300   -57.120
   82.350   -57.308
   82.400   -57.426
   82.450   -57.693
   82.500   -57.704
   82.550   -57.499
   82.600   -57.441
   82.650   -57.466
   82.700   -57.182
   82.750   -57.365
   82.800   -57.284
   82.850   -57.303
   82.900   -57.268
   82.950   -57.410
   83.000   -57.536
   83.050   -57.623
   83.100   -57.490
   83.150   -57.303
   83.200   -57.310
   83.250   -57.375
   83.300   -57.302
   83.350   -57.408
   83.400   -57.065
   83.450   -57.094
   83.500   -57.317
   83.550   -57.523
   83.600   -57.433
   83.650   -57.407
   83.700   -57.494
   83.750   -57.640
   83.800   -57.781
   83.850   -57.800
   83.900   -57.877
   83.950   -57.855
   84.000   -57.875
   84.050   -58.336
   84.100   -58.472
   84.150   -58.308
   84.200   -58.215
   84.250   -58.372
   84.300   -58.165
   84.350   -58.148
   84.400   -58.125
   84.450   -58.275
   84.500   -58.376
   84.550   -58.272
   84.600   -58.251
   84.650   -57.859
   84.700   -57.840
   84.750   -57.578
   84.800   -57.229
   84.850   -57.311
   84.900   -57.047
   84.950   -56.982
   85.000   -57.123
   85.050   -57.292
   85.100   -57.320
   85.150   -57.521
   85.200   -57.664
   85.250   -57.883
   85.300   -57.653
   85.350   -57.297
   85.400   -57.308
   85.450   -57.096
   85.500   -57.315
   85.550   -57.365
   85.600   -57.803
   85.650   -57.663
   85.700   -57.580
   85.750   -57.754
   85.800   -57.647
   85.850   -57.724
   85.900   -57.936
   85.950   -57.680
   86.000   -57.449
   86.050   -57.706
   86.100   -57.769
   86.150   -58.105
   86.200   -58.110
   86.250   -58.043
   86.300   -58.146
   86.350   -58.169
   86.400   -57.681
   86.450   -57.794
   86.500   -57.453
   86.550   -57.206
   86.600   -57.397
   86.650   -57.142
   86.700   -57.097
   86.750   -56.862
   86.800   -57.202
   86.850   -57.437
   86.900   -57.178
   86.950   -57.071
   87.000   -57.202
   87.050   -57.004
   87.100   -56.904
   87.150   -56.881
   87.200   -56.933
   87.250   -56.764
   87.300   -56.696
   87.350   -56.838
   87.400   -56.657
   87.450   -56.731
   87.500   -56.908
   87.550   -56.951
   87.600   -57.173
   87.650   -57.090
   87.700   -57.197
   87.750   -57.326
   87.800   -56.929
   87.850   -57.121
   87.900   -57.170
   87.950   -57.087
   88.000   -56.904
   88.050   -56.760
   88.100   -56.822
   88.150   -56.495
   88.200   -56.514
   88.250   -56.580
   88.300   -56.584
   88.350   -56.766
   88.400   -56.802
   88.450   -56.720
   88.500   -56.850
   88.550   -56.914
   88.600   -56.986
   88.650   -57.112
   88.700   -57.114
   88.750   -56.994
   88.800   -56.838
   88.850   -56.927
   88.900   -57.114
   88.950   -57.092
   89.000   -56.679
   89.050   -56.616
   89.100   -56.304
   89.150   -56.405
   89.200   -56.412
   89.250   -56.614
   89.300   -56.700
   89.350   -56.811
   89.400   -56.767
   89.450   -56.605
   89.500   -56.773
   89.550   -56.577
   89.600   -56.600
   89.650   -56.658
   89.700   -56.688
   89.750   -56.482
   89.800   -56.173
   89.850   -56.109
   89.900   -56.100
   89.950   -55.829
   90.000   -55.713
   90.050   -55.800
   90.100   -55.705
   90.150   -55.927
   90.200   -55.665
   90.250   -55.563
   90.300   -55.455
   90.350   -55.370
   90.400   -55.473
   90.450   -55.402
   90.500   -55.668
   90.550   -55.483
   90.600   -55.280
   90.650   -55.451
   90.700   -55.620
   90.750   -55.337
   90.800   -55.237
   90.850   -55.373
   90.900   -55.524
   90.950   -55.528
   91.000   -55.537
   91.050   -55.499
   91.100   -55.473
   91.150   -55.268
   91.200   -55.205
   91.250   -54.970
   91.300   -54.743
   91.350   -54.548
   91.400   -54.772
   91.450   -54.501
   91.500   -54.739
   91.550   -54.819
   91.600   -54.450
   91.650   -54.102
   91.700   -53.714
   91.750   -53.431
   91.800   -53.267
   91.850   -53.010
   91.900   -52.789
   91.950   -52.283
   92.000   -51.800
   92.050   -51.247
   92.100   -49.970
   92.150   -48.024
   92.200   -44.457
   92.250   -39.532
   92.300   -34.208
   92.350   -28.789
   92.400   -23.296
   92.450   -18.266
   92.500   -13.641
   92.550    -9.493
   92.600    -5.854
   92.650    -2.540
   92.700     0.268
   92.750     2.578
   92.800     4.789
   92.850     6.524
   92.900     8.059
   92.950     9.102
   93.000    10.057
   93.050    10.511
   93.100    10.702
   93.150    10.326
   93.200    10.120
   93.250     9.692
   93.300     9.172
   93.350     8.595
   93.400     7.540
   93.450     6.387
   93.500     4.958
   93.550     3.571
   93.600     2.000
   93.650     0.153
   93.700    -1.468
   93.750    -3.324
   93.800    -5.546
   93.850    -7.660
   93.900    -9.390
   93.950   -11.204
   94.000   -12.868
   94.050   -14.767
   94.100   -16.711
   94.150   -18.544
   94.200   -20.504
   94.250   -22.592
   94.300   -24.108
   94.350   -25.667
   94.400   -27.220
   94.450   -28.618
   94.500   -30.311
   94.550   -31.777
   94.600   -33.297
   94.650   -34.737
   94.700   -35.947
   94.750   -37.063
   94.800   -38.413
   94.850   -39.389
   94.900   -40.153
   94.950   -41.154
   95.000   -41.822
   95.050   -42.956
   95.100   -43.671
   95.150   -44.565
   95.200   -45.320
   95.250   -45.988
   95.300   -46.803
   95.350   -47.417
   95.400   -48.517
   95.450   -49.302
   95.500   -50.153
   95.550   -50.965
   95.600   -51.447
   95.650   -51.815
   95.700   -52.366
   95.750   -52.833
   95.800   -53.029
   95.850   -53.457
   95.900   -54.118
   95.950   -54.568
   96.000   -54.752
   96.050   -55.172
   96.100   -55.427
   96.150   -55.513
   96.200   -55.821
   96.250   -56.051
   96.300   -56.098
   96.350   -56.732
   96.400   -57.016
   96.450   -57.155
   96.500   -57.571
   96.550   -57.760
   96.600   -57.771
   96.650   -58.333
   96.700   -58.560
   96.750   -58.481
   96.800   -58.781
   96.850   -59.056
   96.900   -59.398
   96.950   -59.714
   97.000   -59.726
   97.050   -59.672
   97.100   -60.041
   97.150   -59.933
   97.200   -60.226
   97.250   -60.391
   97.300   -60.638
   97.350   -60.983
   97.400   -61.273
   97.450   -61.548
   97.500   -61.586
   97.550   -61.519
   97.600   -61.674
   97.650   -61.685
   97.700   -61.571
   97.750   -61.533
   97.800   -61.796
   97.850   -61.649
   97.900   -61.644
   97.950   -61.934
   98.000   -62.133
   98.050   -62.435
   98.100   -62.465
   98.150   -62.289
   98.200   -62.382
   98.250   -62.212
   98.300   -62.316
   98.350   -62.082
   98.400   -62.338
   98.450   -62.365
   98.500   -62.429
   98.550   -62.382
   98.600   -62.493
   98.650   -62.771
   98.700   -62.891
   98.750   -63.209
   98.800   -63.440
   98.850   -63.329
   98.900   -62.874
   98.950   -62.961
   99.000   -63.041
   99.050   -63.222
   99.100   -63.197
   99.150   -63.337
   99.200   -63.590
   99.250   -63.433
   99.300   -63.278
   99.350   -63.679
   99.400   -63.641
   99.450   -63.743
   99.500   -63.584
   99.550   -63.750
   99.600   -63.324
   99.650   -63.357
   99.700   -63.168
   99.750   -63.162
   99.800   -63.009
   99.850   -62.905
   99.900   -63.175
   99.950   -63.231
  100.000   -63.329
  100.050   -63.386
  100.100   -63.216
  100.150   -63.168
  100.200   -63.354
  100.250   -63.501
  100.300   -63.629
  100.350   -63.678
  100.400   -63.381
  100.450   -63.559
  100.500   -63.705
  100.550   -63.549
  100.600   -63.423
  100.650   -63.409
  100.700   -63.509
  100.750   -63.362
  100.800   -63.452
  100.850   -63.403
  100.900   -63.631
  100.950   -63.757
  101.000   -64.024
  101.050   -63.810
  101.100   -63.787
  101.150   -63.840
  101.200   -63.807
  101.250   -63.605
  101.300   -63.496
  101.350   -63.216
  101.400   -63.443
  101.450   -63.474
  101.500   -63.516
  101.550   -63.841
  101.600   -63.717
  101.650   -63.968
  101.700   -63.911
  101.750   -63.495
  101.800   -63.371
  101.850   -63.298
  101.900   -63.394
  101.950   -63.515
  102.000   -63.465
  102.050   -63.625
  102.100   -63.510
  102.150   -63.422
  102.200   -63.163
  102.250   -63.377
  102.300   -63.224
  102.350   -63.063
  102.400   -63.015
  102.450   -63.079
  102.500   -63.031
  102.550   -63.251
  102.600   -63.219
  102.650   -63.228
  102.700   -63.211
  102.750   -63.224
  102.800   -63.360
  102.850   -63.545
  102.900   -63.689
  102.950   -63.508
  103.000   -63.852
  103.050   -63.897
  103.100   -64.080
  103.150   -63.869
  103.200   -63.904
  103.250   -63.571
  103.300   -63.455
  103.350   -63.403
  103.400   -63.381
  103.450   -63.249
  103.500   -63.377
  103.550   -63.322
  103.600   -63.094
  103.650   -62.892
  103.700   -62.732
  103.750   -62.578
  103.800   -62.627
  103.850   -62.501
  103.900   -62.380
  103.950   -62.340
  104.000   -62.462
  104.050   -62.445
  104.100   -62.436
  104.150   -62.537
  104.200   -62.643
  104.250   -62.695
  104.300   -62.410
  104.350   -62.460
  104.400   -62.636
  104.450   -62.623
  104.500   -62.615
  104.550   -62.697
  104.600   -62.811
  104.650   -62.765
  104.700   -62.900
  104.750   -62.839
  104.800   -62.560
  104.850   -62.398
  104.900   -62.296
  104.950   -61.998
  105.000   -61.924
  105.050   -62.132
  105.100   -62.212
  105.150   -62.182
  105.200   -62.152
  105.250   -62.443
  105.300   -62.492
  105.350   -62.470
  105.400   -62.419
  105.450   -62.522
  105.500   -62.327
  105.550   -62.693
  105.600   -62.903
  105.650   -62.926
  105.700   -62.697
  105.750   -62.757
  105.800   -62.672
  105.850   -62.334
  105.900   -62.178
  105.950   -62.435
  106.000   -62.334
  106.050   -61.887
  106.100   -61.848
  106.150   -61.707
  106.200   -61.854
  106.250   -62.105
  106.300   -61.726
  106.350   -61.752
  106.400   -61.230
  106.450   -61.102
  106.500   -60.974
  106.550   -60.953
  106.600   -61.094
  106.650   -61.312
  106.700   -61.302
  106.750   -61.189
  106.800   -61.090
  106.850   -60.742
  106.900   -60.777
  106.950   -61.055
  107.000   -61.219
  107.050   -61.128
  107.100   -60.943
  107.150   -60.650
  107.200   -60.474
  107.250   -60.375
  107.300   -60.424
  107.350   -60.404
  107.400   -60.486
  107.450   -60.469
  107.500   -60.580
  107.550   -60.606
  107.600   -60.528
  107.650   -60.516
  107.700   -60.321
  107.750   -60.395
  107.800   -60.205
  107.850   -60.202
  107.900   -60.401
  107.950   -60.305
  108.000   -60.419
  108.050   -60.306
  108.100   -60.211
  108.150   -60.224
  108.200   -60.181
  108.250   -59.982
  108.300   -59.612
  108.350   -59.878
  108.400   -59.834
  108.450   -59.886
  108.500   -60.028
  108.550   -60.306
  108.600   -60.027
  108.650   -60.183
  108.700   -60.122
  108.750   -59.750
  108.800   -59.722
  108.850   -59.794
  108.900   -59.741
  108.950   -59.525
  109.000   -59.598
  109.050   -59.849
  109.100   -59.710
  109.150   -59.320
  109.200   -59.257
  109.250   -59.471
  109.300   -59.592
  109.350   -59.306
  109.400   -59.300
  109.450   -59.359
  109.500   -59.069
  109.550   -58.850
  109.600   -58.740
  109.650   -58.816
  109.700   -58.841
  109.750   -58.853
  109.800   -58.595
  109.850   -58.729
  109.900   -58.681
  109.950   -58.718
  110.000   -58.895
  110.050   -58.878
  110.100   -58.997
  110.150   -59.101
  110.200   -59.400
  110.250   -59.508
  110.300   -59.661
  110.350   -59.584
  110.400   -59.550
  110.450   -59.490
  110.500   -59.539
  110.550   -59.833
  110.600   -59.822
  110.650   -59.861
  110.700   -59.955
  110.750   -59.944
  110.800   -59.745
  110.850   -59.735
  110.900   -59.710
  110.950   -59.793
  111.000   -59.778
  111.050   -59.632
  111.100   -59.482
  111.150   -59.200
  111.200   -59.247
  111.250   -59.102
  111.300   -58.940
  111.350   -58.966
  111.400   -58.893
  111.450   -58.862
  111.500   -58.742
  111.550   -58.937
  111.600   -58.837
  111.650   -58.761
  111.700   -58.613
  111.750   -58.787
  111.800   -58.821
  111.850   -58.591
  111.900   -58.654
  111.950   -58.657
  112.000   -58.678
  112.050   -58.885
  112.100   -58.754
  112.150   -58.547
  112.200   -58.826
  112.250   -58.917
  112.300   -59.050
  112.350   -58.955
  112.400   -59.154
  112.450   -59.151
  112.500   -58.941
  112.550   -58.938
  112.600   -58.811
  112.650   -58.721
  112.700   -58.495
  112.750   -58.550
  112.800   -58.536
  112.850   -58.219
  112.900   -58.525
  112.950   -58.511
  113.000   -58.324
  113.050   -58.412
  113.100   -58.377
  113.150   -58.275
  113.200   -58.220
  113.250   -58.208
  113.300   -58.365
  113.350   -58.472
  113.400   -58.478
  113.450   -58.135
  113.500   -58.007
  113.550   -57.990
  113.600   -58.030
  113.650   -57.855
  113.700   -58.114
  113.750   -57.895
  113.800   -57.541
  113.850   -57.784
  113.900   -57.668
  113.950   -57.586
  114.000   -57.504
  114.050   -57.540
  114.100   -57.315
  114.150   -57.130
  114.200   -57.372
  114.250   -57.259
  114.300   -57.583
  114.350   -57.514
  114.400   -57.452
  114.450   -57.273
  114.500   -57.310
  114.550   -57.480
  114.600   -57.704
  114.650   -57.639
  114.700   -57.824
  114.750   -57.937
  114.800   -57.797
  114.850   -58.089
  114.900   -58.113
  114.950   -58.065
  115.000   -57.868
  115.050   -57.662
  115.100   -57.859
  115.150   -57.770
  115.200   -57.858
  115.250   -57.787
  115.300   -57.809
  115.350   -57.946
  115.400   -57.615
  115.450   -57.896
  115.500   -57.935
  115.550   -58.022
  115.600   -57.914
  115.650   -58.140
  115.700   -58.425
  115.750   -58.311
  115.800   -58.379
  115.850   -58.329
  115.900   -58.154
  115.950   -58.007
  116.000   -57.902
  116.050   -57.838
  116.100   -57.912
  116.150   -57.706
  116.200   -57.589
  116.250   -57.533
  116.300   -57.892
  116.350   -58.031
  116.400   -57.878
  116.450   -57.908
  116.500   -58.044
  116.550   -57.670
  116.600   -57.596
  116.650   -57.840
  116.700   -57.858
  116.750   -57.838
  116.800   -57.839
  116.850   -57.889
  116.900   -57.738
  116.950   -57.747
  117.000   -57.913
  117.050   -58.070
  117.100   -58.046
  117.150   -58.262
  117.200   -58.195
  117.250   -58.130
  117.300   -58.260
  117.350   -58.183
  117.400   -58.232
  117.450   -58.333
  117.500   -58.284
  117.550   -58.112
  117.600   -58.099
  117.650   -57.941
  117.700   -58.238
  117.750   -58.253
  117.800   -58.298
  117.850   -57.991
  117.900   -57.580
  117.950   -57.471
  118.000   -57.462
  118.050   -57.645
  118.100   -57.704
  118.150   -57.812
  118.200   -57.854
  118.250   -57.861
  118.300   -57.401
  118.350   -57.471
  118.400   -57.316
  118.450   -56.986
  118.500   -57.204
  118.550   -57.011
  118.600   -56.918
  118.650   -57.153
  118.700   -57.228
  118.750   -57.005
  118.800   -56.798
  118.850   -56.801
  118.900   -56.951
  118.950   -56.861
  119.000   -56.941
  119.050   -56.820
  119.100   -56.697
  119.150   -57.109
  119.200   -57.261
  119.250   -57.337
  119.300   -57.446
  119.350   -57.399
  119.400   -57.487
  119.450   -57.672
  119.500   -57.856
  119.550   -57.526
  119.600   -57.574
  119.650   -57.357
  119.700   -57.236
  119.750   -57.352
  119.800   -57.298
  119.850   -57.333
  119.900   -57.369
  119.950   -57.553
  120.000   -57.460
  120.050   -57.429
  120.100   -57.443
  120.150   -57.367
  120.200   -57.464
  120.250   -57.426
  120.300   -57.221
  120.350   -57.034
  120.400   -57.088
  120.450   -56.919
  120.500   -56.831
  120.550   -56.637
  120.600   -56.558
  120.650   -56.708
  120.700   -56.570
  120.750   -56.577
  120.800   -56.780
  120.850   -56.441
  120.900   -56.156
  120.950   -56.154
  121.000   -56.102
  121.050   -56.173
  121.100   -56.226
  121.150   -56.465
  121.200   -56.537
  121.250   -56.580
  121.300   -56.398
  121.350   -56.173
  121.400   -56.245
  121.450   -56.192
  121.500   -56.140
  121.550   -56.200
  121.600   -56.224
  121.650   -56.208
  121.700   -56.000
  121.750   -55.923
  121.800   -56.249
  121.850   -56.243
  121.900   -56.097
  121.950   -55.959
  122.000   -55.844
  122.050   -55.525
  122.100   -55.462
  122.150   -55.135
  122.200   -55.033
  122.250   -55.127
  122.300   -55.152
  122.350   -54.920
  122.400   -54.654
  122.450   -54.710
  122.500   -54.557
  122.550   -54.414
  122.600   -54.378
  122.650   -54.205
  122.700   -53.955
  122.750   -53.641
  122.800   -53.534
  122.850   -53.541
  122.900   -53.233
  122.950   -52.642
  123.000   -52.220
  123.050   -51.895
  123.100   -51.463
  123.150   -50.493
  123.200   -48.857
  123.250   -45.552
  123.300   -40.934
  123.350   -35.678
  123.400   -30.282
  123.450   -24.789
  123.500   -19.361
  123.550   -14.694
  123.600   -10.269
  123.650    -6.653
  123.700    -3.492
  123.750    -0.627
  123.800     2.194
  123.850     4.210
  123.900     5.995
  123.950     7.491
  124.000     8.674
  124.050     9.854
  124.100    10.389
  124.150    10.572
  124.200    10.722
  124.250    10.450
  124.300     9.711
  124.350     8.937
  124.400     8.450
  124.450     6.888
  124.500     5.605
  124.550     4.161
  124.600     2.453
  124.650     0.997
  124.700    -0.800
  124.750    -2.524
  124.800    -4.237
  124.850    -6.175
  124.900    -8.373
  124.950   -10.452
  125.000   -12.528
  125.050   -14.404
  125.100   -16.176
  125.150   -18.272
  125.200   -20.426
  125.250   -22.276
  125.300   -23.897
  125.350   -25.788
  125.400   -27.232
  125.450   -28.785
  125.500   -30.449
  125.550   -31.698
  125.600   -32.837
  125.650   -34.130
  125.700   -35.374
  125.750   -36.899
  125.800   -38.098
  125.850   -38.951
  125.900   -39.799
  125.950   -40.753
  126.000   -42.080
  126.050   -43.038
  126.100   -43.836
  126.150   -44.810
  126.200   -45.732
  126.250   -46.391
  126.300   -47.305
  126.350   -48.127
  126.400   -48.688
  126.450   -49.218
  126.500   -50.102
  126.550   -50.667
  126.600   -50.971
  126.650   -51.503
  126.700   -52.077
  126.750   -52.667
  126.800   -52.857
  126.850   -53.365
  126.900   -53.718
  126.950   -54.009
  127.000   -54.580
  127.050   -55.082
  127.100   -55.556
  127.150   -55.771
  127.200   -56.189
  127.250   -56.323
  127.300   -56.896
  127.350   -56.921
  127.400   -57.449
  127.450   -57.424
  127.500   -57.650
  127.550   -57.681
  127.600   -57.727
  127.650   -58.186
  127.700   -58.168
  127.750   -58.333
  127.800   -58.357
  127.850   -58.619
  127.900   -58.759
  127.950   -59.096
  128.000   -59.365
  128.050   -60.002
  128.100   -60.098
  128.150   -60.498
  128.200   -60.945
  128.250   -61.128
  128.300   -61.165
  128.350   -61.291
  128.400   -61.367
  128.450   -61.230
  128.500   -61.383
  128.550   -61.537
  128.600   -61.551
  128.650   -61.874
  128.700   -61.859
  128.750   -61.828
  128.800   -62.007
  128.850   -62.274
  128.900   -62.468
  128.950   -62.647
  129.000   -62.815
  129.050   -62.973
  129.100   -62.697
  129.150   -62.685
  129.200   -62.566
  129.250   -62.895
  129.300   -62.605
  129.350   -62.607
  129.400   -62.586
  129.450   -62.362
  129.500   -62.322
  129.550   -62.289
  129.600   -62.416
  129.650   -62.381
  129.700   -62.487
  129.750   -62.631
  129.800   -62.799
  129.850   -62.863
  129.900   -63.159
  129.950   -62.953
  130.000   -63.019
  130.050   -62.874
  130.100   -62.968
  130.150   -63.123
  130.200   -63.154
  130.250   -63.100
  130.300   -63.131
  130.350   -63.340
  130.400   -63.341
  130.450   -63.446
  130.500   -63.618
  130.550   -63.671
  130.600   -63.510
  130.650   -63.722
  130.700   -63.479
  130.750   -63.485
  130.800   -63.621
  130.850   -63.521
  130.900   -63.409
  130.950   -63.391
  131.000   -63.262
  131.050   -63.295
  131.100   -63.402
  131.150   -63.616
  131.200   -63.507
  131.250   -63.551
  131.300   -63.422
  131.350   -63.405
  131.400   -63.556
  131.450   -63.535
  131.500   -63.576
  131.550   -63.604
  131.600   -63.438
  131.650   -63.434
  131.700   -63.543
  131.750   -63.452
  131.800   -63.564
  131.850   -63.596
  131.900   -63.500
  131.950   -63.421
  132.000   -63.433
  132.050   -63.731
  132.100   -63.969
  132.150   -63.829
  132.200   -63.872
  132.250   -63.902
  132.300   -63.978
  132.350   -64.231
  132.400   -64.452
  132.450   -64.705
  132.500   -64.737
  132.550   -64.612
  132.600   -64.288
  132.650   -64.036
  132.700   -64.196
  132.750   -64.309
  132.800   -64.434
  132.850   -64.413
  132.900   -64.292
  132.950   -63.907
  133.000   -63.797
  133.050   -63.532
  133.100   -63.686
  133.150   -63.488
  133.200   -63.605
  133.250   -63.595
  133.300   -63.681
  133.350   -63.846
  133.400   -63.817
  133.450   -64.206
  133.500   -64.323
  133.550   -64.378
  133.600   -64.298
  133.650   -64.245
  133.700   -64.420
  133.750   -64.334
  133.800   -64.256
  133.850   -64.220
  133.900   -63.882
  133.950   -63.933
  134.000   -63.856
  134.050   -64.008
  134.100   -64.087
  134.150   -64.082
  134.200   -63.797
  134.250   -63.541
  134.300   -63.431
  134.350   -63.208
  134.400   -63.237
  134.450   -63.268
  134.500   -63.226
  134.550   -63.346
  134.600   -63.534
  134.650   -63.546
  134.700   -63.418
  134.750   -63.534
  134.800   -63.633
  134.850   -63.590
  134.900   -63.428
  134.950   -63.584
  135.000   -63.510
  135.050   -63.730
  135.100   -63.657
  135.150   -63.653
  135.200   -63.531
  135.250   -63.602
  135.300   -63.662
  135.350   -63.530
  135.400   -63.697
  135.450   -63.711
  135.500   -63.680
  135.550   -63.758
  135.600   -63.800
  135.650   -63.970
  135.700   -63.985
  135.750   -64.077
  135.800   -63.805
  135.850   -63.851
  135.900   -63.733
  135.950   -63.610
  136.000   -63.588
  136.050   -63.599
  136.100   -63.714
  136.150   -63.468
  136.200   -63.543
  136.250   -63.460
  136.300   -63.587
  136.350   -63.402
  136.400   -63.755
  136.450   -63.556
  136.500   -63.343
  136.550   -63.219
  136.600   -63.079
  136.650   -62.946
  136.700   -63.028
  136.750   -62.888
  136.800   -63.043
  136.850   -63.246
  136.900   -63.059
  136.950   -63.306
  137.000   -63.183
  137.050   -63.081
  137.100   -63.166
  137.150   -63.329
  137.200   -63.172
  137.250   -63.011
  137.300   -62.839
  137.350   -62.852
  137.400   -62.751
  137.450   -62.900
  137.500   -62.809
  137.550   -62.708
  137.600   -62.787
  137.650   -62.604
  137.700   -62.819
  137.750   -62.641
  137.800   -62.737
  137.850   -63.165
  137.900   -63.093
  137.950   -62.963
  138.000   -62.776
  138.050   -62.964
  138.100   -63.116
  138.150   -63.258
  138.200   -63.369
  138.250   -62.877
  138.300   -62.627
  138.350   -62.581
  138.400   -62.469
  138.450   -62.346
  138.500   -62.582
  138.550   -62.597
  138.600   -62.673
  138.650   -62.419
  138.700   -62.341
  138.750   -62.661
  138.800   -62.635
  138.850   -62.657
  138.900   -62.537
  138.950   -62.610
  139.000   -62.733
  139.050   -62.682
  139.100   -62.785
  139.150   -62.757
  139.200   -62.692
  139.250   -62.866
  139.300   -62.607
  139.350   -62.514
  139.400   -62.717
  139.450   -62.674
  139.500   -62.544
  139.550   -62.447
  139.600   -62.550
  139.650   -62.433
  139.700   -62.308
  139.750   -62.221
  139.800   -62.517
  139.850   -62.391
  139.900   -62.402
  139.950   -62.268
  140.000   -62.076
  140.050   -62.168
  140.100   -61.999
  140.150   -62.165
  140.200   -62.188
  140.250   -62.172
  140.300   -61.937
  140.350   -61.908
  140.400   -61.883
  140.450   -61.734
  140.500   -61.585
  140.550   -61.432
  140.600   -61.126
  140.650   -61.224
  140.700   -61.349
  140.750   -61.507
  140.800   -61.393
  140.850   -61.312
  140.900   -61.245
  140.950   -61.094
  141.000   -61.035
  141.050   -60.960
  141.100   -60.796
  141.150   -60.882
  141.200   -61.031
  141.250   -61.025
  141.300   -61.071
  141.350   -60.988
  141.400   -60.872
  141.450   -60.839
  141.500   -60.887
  141.550   -61.069
  141.600   -61.165
  141.650   -61.124
  141.700   -61.037
  141.750   -60.692
  141.800   -60.676
  141.850   -60.387
  141.900   -60.521
  141.950   -60.771
  142.000   -60.955
  142.050   -60.886
  142.100   -61.092
  142.150   -60.615
  142.200   -60.875
  142.250   -60.874
  142.300   -60.757
  142.350   -60.799
  142.400   -60.740
  142.450   -60.640
  142.500   -60.582
  142.550   -60.371
  142.600   -60.299
  142.650   -60.184
  142.700   -59.921
  142.750   -60.031
  142.800   -60.069
  142.850   -59.968
  142.900   -59.887
  142.950   -60.067
  143.000   -60.026
  143.050   -59.624
  143.100   -59.378
  143.150   -59.200
  143.200   -59.212
  143.250   -59.170
  143.300   -59.036
  143.350   -59.155
  143.400   -59.024
  143.450   -59.199
  143.500   -59.342
  143.550   -59.533
  143.600   -59.374
  143.650   -59.442
  143.700   -59.308
  143.750   -59.354
  143.800   -59.527
  143.850   -59.683
  143.900   -59.561
  143.950   -59.193
  144.000   -59.167
  144.050   -59.021
  144.100   -59.095
  144.150   -58.895
  144.200   -59.079
  144.250   -58.979
  144.300   -58.879
  144.350   -59.015
  144.400   -59.035
  144.450   -59.267
  144.500   -59.469
  144.550   -59.339
  144.600   -59.300
  144.650   -59.245
  144.700   -59.272
  144.750   -59.220
  144.800   -59.307
  144.850   -58.957
  144.900   -58.830
  144.950   -58.995
  145.000   -59.259
  145.050   -58.955
  145.100   -58.925
  145.150   -58.860
  145.200   -58.631
  145.250   -58.747
  145.300   -58.792
  145.350   -58.736
  145.400   -58.827
  145.450   -58.896
  145.500   -59.027
  145.550   -59.038
  145.600   -59.363
  145.650   -59.306
  145.700   -59.151
  145.750   -59.225
  145.800   -59.247
  145.850   -58.911
  145.900   -58.906
  145.950   -58.956
  146.000   -58.921
  146.050   -59.180
  146.100   -59.144
  146.150   -59.048
  146.200   -58.829
  146.250   -58.669
  146.300   -58.678
  146.350   -58.485
  146.400   -58.286
  146.450   -58.202
  146.500   -58.388
  146.550   -58.368
  146.600   -58.354
  146.650   -58.283
  146.700   -58.313
  146.750   -58.455
  146.800   -58.535
  146.850   -58.592
  146.900   -58.581
  146.950   -58.380
  147.000   -58.546
  147.050   -58.445
  147.100   -58.325
  147.150   -58.270
  147.200   -58.367
  147.250   -58.350
  147.300   -58.271
  147.350   -58.324
  147.400   -58.318
  147.450   -58.213
  147.500   -58.219
  147.550   -58.108
  147.600   -58.073
  147.650   -58.092
  147.700   -58.104
  147.750   -57.932
  147.800   -57.700
  147.850   -57.548
  147.900   -57.456
  147.950   -57.280
  148.000   -57.201
  148.050   -57.253
  148.100   -57.334
  148.150   -57.360
  148.200   -57.307
  148.250   -57.200
  148.300   -57.037
  148.350   -56.899
  148.400   -56.873
  148.450   -56.746
  148.500   -56.681
  148.550   -56.263
  148.600   -56.135
  148.650   -56.077
  148.700   -56.243
  148.750   -56.320
  148.800   -56.435
  148.850   -56.783
  148.900   -57.147
  148.950   -57.066
  149.000   -56.772
  149.050   -56.771
  149.100   -56.670
  149.150   -56.697
  149.200   -56.857
  149.250   -56.848
  149.300   -56.865
  149.350   -56.964
  149.400   -56.818
  149.450   -56.954
  149.500   -56.747
  149.550   -56.857
  149.600   -56.681
  149.650   -56.772
  149.700   -56.680
  149.750   -56.796
  149.800   -56.732
  149.850   -57.022
  149.900   -56.895
  149.950   -56.936
  150.000   -57.110
  150.050   -57.147
  150.100   -56.954
  150.150   -56.929
  150.200   -56.757
  150.250   -56.955
  150.300   -56.791
  150.350   -56.542
  150.400   -56.663
  150.450   -57.029
  150.500   -56.795
  150.550   -56.731
  150.600   -56.379
  150.650   -56.470
  150.700   -56.624
  150.750   -56.193
  150.800   -55.931
  150.850   -56.115
  150.900   -56.026
  150.950   -56.100
  151.000   -55.799
  151.050   -55.701
  151.100   -55.869
  151.150   -56.048
  151.200   -56.093
  151.250   -56.033
  151.300   -55.882
  151.350   -56.004
  151.400   -55.845
  151.450   -55.789
  151.500   -55.862
  151.550   -55.900
  151.600   -55.975
  151.650   -55.817
  151.700   -55.700
  151.750   -56.131
  151.800   -55.903
  151.850   -55.927
  151.900   -55.832
  151.950   -55.886
  152.000   -55.779
  152.050   -56.109
  152.100   -56.188
  152.150   -56.464
  152.200   -56.133
  152.250   -56.242
  152.300   -56.263
  152.350   -56.477
  152.400   -56.355
  152.450   -56.474
  152.500   -56.410
  152.550   -56.091
  152.600   -56.386
  152.650   -56.297
  152.700   -56.317
  152.750   -56.207
  152.800   -56.516
  152.850   -56.096
  152.900   -56.212
  152.950   -56.138
  153.000   -56.182
  153.050   -56.302
  153.100   -56.437
  153.150   -56.408
  153.200   -56.382
  153.250   -56.165
  153.300   -56.178
  153.350   -56.300
  153.400   -56.259
  153.450   -56.289
  153.500   -56.491
  153.550   -56.565
  153.600   -56.574
  153.650   -56.301
  153.700   -56.334
  153.750   -56.443
  153.800   -56.595
  153.850   -56.255
  153.900   -56.143
  153.950   -56.109
  154.000   -56.103
  154.050   -56.009
  154.100   -56.014
  154.150   -56.065
  154.200   -55.786
  154.250   -55.833
  154.300   -55.631
  154.350   -55.612
  154.400   -55.674
  154.450   -55.748
  154.500   -55.868
  154.550   -56.045
  154.600   -56.166
  154.650   -56.142
  154.700   -55.896
  154.750   -56.000
  154.800   -56.126
  154.850   -56.139
  154.900   -56.294
  154.950   -56.129
  155.000   -55.951
  155.050   -56.042
  155.100   -55.839
  155.150   -55.788
  155.200   -55.776
  155.250   -55.629
  155.300   -55.810
  155.350   -55.895
  155.400   -55.925
  155.450   -56.071
  155.500   -55.810
  155.550   -55.551
  155.600   -55.519
  155.650   -55.535
  155.700   -55.551
  155.750   -55.441
  155.800   -55.486
  155.850   -55.425
  155.900   -55.545
  155.950   -55.545
  156.000   -55.755
  156.050   -55.564
  156.100   -55.388
  156.150   -55.035
  156.200   -54.934
  156.250   -54.825
  156.300   -54.734
  156.350   -54.678
  156.400   -54.526
  156.450   -54.167
  156.500   -53.945
  156.550   -53.740
  156.600   -53.639
  156.650   -53.411
  156.700   -53.295
  156.750   -53.133
  156.800   -52.749
  156.850   -52.079
  156.900   -51.417
  156.950   -50.689
  157.000   -49.211
  157.050   -46.611
  157.100   -42.204
  157.150   -37.235
  157.200   -31.775
  157.250   -26.337
  157.300   -21.264
  157.350   -16.366
  157.400   -11.997
  157.450    -7.991
  157.500    -4.625
  157.550    -1.661
  157.600     0.856
  157.650     3.311
  157.700     5.555
  157.750     6.882
  157.800     8.077
  157.850     8.922
  157.900     9.751
  157.950    10.293
  158.000    10.175
  158.050    10.000
  158.100     9.939
  158.150     9.409
  158.200     8.558
  158.250     7.412
  158.300     6.304
  158.350     4.855
  158.400     3.563
  158.450     2.082
  158.500     0.118
  158.550    -1.693
  158.600    -3.316
  158.650    -5.091
  158.700    -7.166
  158.750    -8.996
  158.800   -10.890
  158.850   -12.852
  158.900   -14.833
  158.950   -16.779
  159.000   -18.566
  159.050   -20.429
  159.100   -22.387
  159.150   -24.171
  159.200   -26.015
  159.250   -27.388
  159.300   -28.743
  159.350   -30.292
  159.400   -31.796
  159.450   -33.335
  159.500   -34.687
  159.550   -36.033
  159.600   -37.511
  159.650   -38.751
  159.700   -39.706
  159.750   -40.520
  159.800   -41.499
  159.850   -42.356
  159.900   -43.129
  159.950   -44.093
  160.000   -44.723
  160.050   -45.673
  160.100   -46.285
  160.150   -47.065
  160.200   -47.598
  160.250   -47.835
  160.300   -48.465
  160.350   -48.987
  160.400   -49.603
  160.450   -50.268
  160.500   -50.527
  160.550   -51.010
  160.600   -51.516
  160.650   -51.687
  160.700   -51.925
  160.750   -52.551
  160.800   -52.800
  160.850   -53.292
  160.900   -53.759
  160.950   -53.986
  161.000   -54.253
  161.050   -54.666
  161.100   -55.107
  161.150   -55.396
  161.200   -55.655
  161.250   -56.025
  161.300   -56.471
  161.350   -56.527
  161.400   -56.743
  161.450   -57.039
  161.500   -57.385
  161.550   -57.768
  161.600   -58.001
  161.650   -58.060
  161.700   -58.214
  161.750   -58.374
  161.800   -58.372
  161.850   -58.625
  161.900   -58.627
  161.950   -58.578
  162.000   -58.945
  162.050   -59.067
  162.100   -59.379
  162.150   -59.562
  162.200   -59.846
  162.250   -59.996
  162.300   -60.137
  162.350   -60.419
  162.400   -60.312
  162.450   -60.366
  162.500   -60.736
  162.550   -60.928
  162.600   -60.780
  162.650   -60.954
  162.700   -61.141
  162.750   -61.367
  162.800   -61.655
  162.850   -61.757
  162.900   -61.460
  162.950   -61.406
  163.000   -61.525
  163.050   -61.473
  163.100   -61.285
  163.150   -61.493
  163.200   -61.235
  163.250   -61.197
  163.300   -61.346
  163.350   -61.200
  163.400   -61.089
  163.450   -61.149
  163.500   -61.243
  163.550   -61.252
  163.600   -61.250
  163.650   -61.509
  163.700   -61.430
  163.750   -61.385
  163.800   -61.307
  163.850   -61.146
  163.900   -61.298
  163.950   -61.409
  164.000   -61.274
  164.050   -61.212
  164.100   -61.051
  164.150   -61.191
  164.200   -61.384
  164.250   -61.144
  164.300   -60.935
  164.350   -61.059
  164.400   -61.188
  164.450   -61.057
  164.500   -61.241
  164.550   -61.170
  164.600   -61.134
  164.650   -61.111
  164.700   -60.988
  164.750   -60.828
  164.800   -61.075
  164.850   -61.037
  164.900   -61.166
  164.950   -60.959
  165.000   -61.129
  165.050   -61.179
  165.100   -61.428
  165.150   -61.826
  165.200   -61.848
  165.250   -61.826
  165.300   -61.921
  165.350   -61.907
  165.400   -62.022
  165.450   -62.145
  165.500   -61.936
  165.550   -61.792
  165.600   -61.959
  165.650   -61.854
  165.700   -61.850
  165.750   -61.926
  165.800   -62.015
  165.850   -62.214
  165.900   -62.470
  165.950   -62.424
  166.000   -62.382
  166.050   -62.298
  166.100   -62.375
  166.150   -62.438
  166.200   -62.341
  166.250   -62.177
  166.300   -62.237
  166.350   -62.251
  166.400   -62.038
  166.450   -62.106
  166.500   -62.154
  166.550   -62.096
  166.600   -61.903
  166.650   -61.911
  166.700   -62.191
  166.750   -62.351
  166.800   -62.503
  166.850   -62.657
  166.900   -62.389
  166.950   -62.217
  167.000   -61.971
  167.050   -61.924
  167.100   -62.058
  167.150   -62.058
  167.200   -61.921
  167.250   -61.746
  167.300   -62.152
  167.350   -62.154
  167.400   -62.256
  167.450   -62.158
  167.500   -62.162
  167.550   -62.406
  167.600   -62.370
  167.650   -62.343
  167.700   -62.657
  167.750   -62.726
  167.800   -62.619
  167.850   -62.711
  167.900   -62.336
  167.950   -62.555
  168.000   -62.948
  168.050   -62.918
  168.100   -62.916
  168.150   -62.683
  168.200   -62.894
  168.250   -62.778
  168.300   -62.798
  168.350   -62.900
  168.400   -62.945
  168.450   -63.060
  168.500   -62.845
  168.550   -62.473
  168.600   -62.322
  168.650   -62.508
  168.700   -62.581
  168.750   -62.585
  168.800   -62.756
  168.850   -62.885
  168.900   -62.970
  168.950   -62.753
  169.000   -62.615
  169.050   -62.722
  169.100   -62.491
  169.150   -62.708
  169.200   -62.868
  169.250   -62.874
  169.300   -62.951
  169.350   -63.064
  169.400   -63.052
  169.450   -62.925
  169.500   -62.896
  169.550   -62.556
  169.600   -62.419
  169.650   -62.249
  169.700   -62.653
  169.750   -62.621
  169.800   -62.553
  169.850   -62.770
  169.900   -62.777
  169.950   -62.583
  170.000   -62.551
  170.050   -62.170
  170.100   -62.099
  170.150   -62.426
  170.200   -62.531
  170.250   -62.466
  170.300   -62.534
  170.350   -62.566
  170.400   -62.726
  170.450   -62.632
  170.500   -62.622
  170.550   -62.791
  170.600   -62.726
  170.650   -62.603
  170.700   -62.700
  170.750   -62.837
  170.800   -62.847
  170.850   -63.088
  170.900   -62.880
  170.950   -62.975
  171.000   -63.124
  171.050   -63.178
  171.100   -63.216
  171.150   -63.174
  171.200   -63.022
  171.250   -62.866
  171.300   -62.807
  171.350   -63.017
  171.400   -63.023
  171.450   -62.642
  171.500   -62.424
  171.550   -62.351
  171.600   -62.344
  171.650   -62.087
  171.700   -61.780
  171.750   -61.388
  171.800   -60.985
  171.850   -60.959
  171.900   -60.696
  171.950   -60.820
  172.000   -60.765
  172.050   -60.702
  172.100   -60.807
  172.150   -60.772
  172.200   -60.795
  172.250   -60.919
  172.300   -60.879
  172.350   -60.677
  172.400   -60.524
  172.450   -60.525
  172.500   -60.480
  172.550   -60.346
  172.600   -60.360
  172.650   -60.488
  172.700   -60.463
  172.750   -60.594
  172.800   -60.512
  172.850   -60.646
  172.900   -60.628
  172.950   -60.589
  173.000   -60.674
  173.050   -60.480
  173.100   -60.558
  173.150   -60.578
  173.200   -60.689
  173.250   -60.682
  173.300   -60.447
  173.350   -60.438
  173.400   -60.451
  173.450   -60.708
  173.500   -60.522
  173.550   -60.499
  173.600   -60.541
  173.650   -60.711
  173.700   -60.637
  173.750   -60.683
  173.800   -60.488
  173.850   -60.253
  173.900   -60.398
  173.950   -60.710
  174.000   -60.656
  174.050   -60.554
  174.100   -60.767
  174.150   -60.730
  174.200   -60.789
  174.250   -60.777
  174.300   -60.876
  174.350   -60.912
  174.400   -60.731
  174.450   -60.844
  174.500   -60.818
  174.550   -60.716
  174.600   -60.781
  174.650   -60.647
  174.700   -60.486
  174.750   -60.440
  174.800   -60.763
  174.850   -60.878
  174.900   -60.647
  174.950   -61.259
  175.000   -61.632
  175.050   -61.395
  175.100   -61.589
  175.150   -61.305
  175.200   -61.429
  175.250   -61.531
  175.300   -61.442
  175.350   -61.363
  175.400   -61.513
  175.450   -61.305
  175.500   -61.403
  175.550   -61.169
  175.600   -61.071
  175.650   -61.118
  175.700   -61.110
  175.750   -61.096
  175.800   -60.965
  175.850   -61.209
  175.900   -61.252
  175.950   -61.171
  176.000   -61.140
  176.050   -61.111
  176.100   -60.851
  176.150   -60.551
  176.200   -60.345
  176.250   -60.385
  176.300   -60.052
  176.350   -59.828
  176.400   -59.557
  176.450   -59.689
  176.500   -59.693
  176.550   -59.216
  176.600   -59.333
  176.650   -59.622
  176.700   -59.593
  176.750   -60.007
  176.800   -60.367
  176.850   -60.224
  176.900   -60.194
  176.950   -60.337
  177.000   -60.497
  177.050   -60.722
  177.100   -60.588
  177.150   -60.549
  177.200   -60.424
  177.250   -59.994
  177.300   -59.933
  177.350   -59.889
  177.400   -59.548
  177.450   -59.494
  177.500   -59.651
  177.550   -59.482
  177.600   -59.476
  177.650   -59.302
  177.700   -59.158
  177.750   -59.185
  177.800   -58.954
  177.850   -58.925
  177.900   -58.677
  177.950   -58.732
  178.000   -58.721
  178.050   -58.553
  178.100   -58.449
  178.150   -58.220
  178.200   -58.332
  178.250   -58.062
  178.300   -58.109
  178.350   -58.185
  178.400   -58.226
  178.450   -58.269
  178.500   -58.217
  178.550   -58.194
  178.600   -58.072
  178.650   -57.768
  178.700   -57.892
  178.750   -58.087
  178.800   -57.942
  178.850   -57.827
  178.900   -57.528
  178.950   -57.598
  179.000   -57.628
  179.050   -57.822
  179.100   -58.016
  179.150   -58.023
  179.200   -58.143
  179.250   -58.268
  179.300   -58.345
  179.350   -58.146
  179.400   -58.041
  179.450   -58.067
  179.500   -58.086
  179.550   -58.092
  179.600   -58.064
  179.650   -57.868
  179.700   -57.773
  179.750   -57.747
  179.800   -57.617
  179.850   -57.496
  179.900   -57.551
  179.950   -57.615
  180.000   -57.946
  180.050   -57.844
  180.100   -57.939
  180.150   -57.835
  180.200   -57.779
  180.250   -57.728
  180.300   -57.766
  180.350   -57.950
  180.400   -57.973
  180.450   -57.943
  180.500   -57.719
  180.550   -57.769
  180.600   -57.854
  180.650   -57.930
  180.700   -57.895
  180.750   -57.998
  180.800   -58.027
  180.850   -57.922
  180.900   -57.763
  180.950   -57.870
  181.000   -57.747
  181.050   -57.850
  181.100   -58.022
  181.150   -58.141
  181.200   -58.174
  181.250   -58.216
  181.300   -58.292
  181.350   -58.266
  181.400   -58.563
  181.450   -58.397
  181.500   -58.464
  181.550   -58.072
  181.600   -58.328
  181.650   -58.183
  181.700   -57.883
  181.750   -58.076
  181.800   -58.177
  181.850   -58.180
  181.900   -58.248
  181.950   -58.024
  182.000   -57.919
  182.050   -57.837
  182.100   -57.858
  182.150   -57.817
  182.200   -57.679
  182.250   -57.767
  182.300   -57.926
  182.350   -58.237
  182.400   -58.298
  182.450   -58.186
  182.500   -58.347
  182.550   -58.539
  182.600   -58.737
  182.650   -58.772
  182.700   -58.712
  182.750   -58.811
  182.800   -58.731
  182.850   -58.837
  182.900   -58.712
  182.950   -58.610
  183.000   -58.619
  183.050   -58.528
  183.100   -58.622
  183.150   -58.542
  183.200   -58.520
  183.250   -58.497
  183.300   -58.447
  183.350   -58.499
  183.400   -58.270
  183.450   -58.404
  183.500   -58.388
  183.550   -58.206
  183.600   -58.443
  183.650   -58.512
  183.700   -58.249
  183.750   -58.120
  183.800   -58.236
  183.850   -58.124
  183.900   -58.133
  183.950   -58.041
  184.000   -57.906
  184.050   -57.673
  184.100   -57.602
  184.150   -57.553
  184.200   -57.419
  184.250   -57.394
  184.300   -57.289
  184.350   -56.975
  184.400   -56.739
  184.450   -56.645
  184.500   -56.842
  184.550   -56.880
  184.600   -56.874
  184.650   -57.107
  184.700   -57.353
  184.750   -57.429
  184.800   -57.410
  184.850   -57.376
  184.900   -57.441
  184.950   -57.545
  185.000   -57.481
  185.050   -57.556
  185.100   -57.561
  185.150   -57.426
  185.200   -57.556
  185.250   -57.274
  185.300   -57.322
  185.350   -57.364
  185.400   -57.430
  185.450   -57.259
  185.500   -57.285
  185.550   -57.186
  185.600   -57.093
  185.650   -57.093
  185.700   -57.291
  185.750   -56.923
  185.800   -57.040
  185.850   -56.745
  185.900   -56.511
  185.950   -56.286
  186.000   -56.268
  186.050   -56.279
  186.100   -56.332
  186.150   -56.318
  186.200   -56.343
  186.250   -56.267
  186.300   -55.950
  186.350   -55.897
  186.400   -55.941
  186.450   -56.142
  186.500   -56.216
  186.550   -56.145
  186.600   -55.999
  186.650   -55.780
  186.700   -55.746
  186.750   -55.828
  186.800   -56.083
  186.850   -55.852
  186.900   -56.023
  186.950   -55.911
  187.000   -55.892
  187.050   -56.032
  187.100   -55.985
  187.150   -56.081
  187.200   -56.112
  187.250   -56.008
  187.300   -56.128
  187.350   -56.220
  187.400   -56.135
  187.450   -56.175
  187.500   -55.972
  187.550   -56.039
  187.600   -55.496
  187.650   -55.356
  187.700   -55.284
  187.750   -55.263
  187.800   -55.601
  187.850   -55.455
  187.900   -55.438
  187.950   -55.455
  188.000   -55.340
  188.050   -55.243
  188.100   -55.255
  188.150   -55.138
  188.200   -55.107
  188.250   -55.163
  188.300   -55.106
  188.350   -55.060
  188.400   -54.868
  188.450   -54.820
  188.500   -54.653
  188.550   -54.507
  188.600   -54.242
  188.650   -54.006
  188.700   -53.840
  188.750   -53.970
  188.800   -54.157
  188.850   -53.976
  188.900   -54.003
  188.950   -53.788
  189.000   -53.877
  189.050   -53.659
  189.100   -53.435
  189.150   -53.327
  189.200   -52.938
  189.250   -52.533
  189.300   -52.036
  189.350   -51.247
  189.400   -50.343
  189.450   -48.578
  189.500   -45.340
  189.550   -40.982
  189.600   -35.809
  189.650   -29.868
  189.700   -24.271
  189.750   -19.159
  189.800   -14.360
  189.850   -10.437
  189.900    -6.916
  189.950    -3.620
  190.000    -0.612
  190.050     1.742
  190.100     3.924
  190.150     6.110
  190.200     7.627
  190.250     8.838
  190.300     9.805
  190.350    10.748
  190.400    11.051
  190.450    10.983
  190.500    10.480
  190.550     9.998
  190.600     9.435
  190.650     8.570
  190.700     7.235
  190.750     5.976
  190.800     4.721
  190.850     3.320
  190.900     1.810
  190.950    -0.042
  191.000    -1.850
  191.050    -3.848
  191.100    -5.982
  191.150    -8.108
  191.200   -10.089
  191.250   -12.104
  191.300   -13.906
  191.350   -15.793
  191.400   -17.763
  191.450   -19.723
  191.500   -21.401
  191.550   -23.214
  191.600   -25.013
  191.650   -26.445
  191.700   -27.851
  191.750   -29.067
  191.800   -30.365
  191.850   -31.338
  191.900   -32.565
  191.950   -33.860
  192.000   -35.095
  192.050   -36.278
  192.100   -37.411
  192.150   -38.556
  192.200   -39.886
  192.250   -40.693
  192.300   -41.439
  192.350   -42.487
  192.400   -43.430
  192.450   -44.533
  192.500   -45.263
  192.550   -46.279
  192.600   -47.131
  192.650   -47.610
  192.700   -48.229
  192.750   -48.907
  192.800   -49.432
  192.850   -50.084
  192.900   -50.631
  192.950   -51.317
  193.000   -51.695
  193.050   -52.436
  193.100   -53.109
  193.150   -53.519
  193.200   -54.135
  193.250   -54.614
  193.300   -54.982
  193.350   -55.242
  193.400   -55.583
  193.450   -55.869
  193.500   -56.139
  193.550   -56.339
  193.600   -56.822
  193.650   -57.138
  193.700   -57.641
  193.750   -58.285
  193.800   -58.424
  193.850   -58.506
  193.900   -58.880
  193.950   -58.797
  194.000   -58.959
  194.050   -58.980
  194.100   -59.035
  194.150   -58.980
  194.200   -59.364
  194.250   -59.439
  194.300   -59.557
  194.350   -59.903
  194.400   -59.714
  194.450   -59.915
  194.500   -60.369
  194.550   -60.201
  194.600   -60.568
  194.650   -60.543
  194.700   -60.882
  194.750   -60.861
  194.800   -60.751
  194.850   -61.111
  194.900   -61.327
  194.950   -61.460
  195.000   -61.564
  195.050   -61.658
  195.100   -61.938
  195.150   -62.055
  195.200   -62.471
  195.250   -62.340
  195.300   -62.274
  195.350   -62.553
  195.400   -62.393
  195.450   -62.366
  195.500   -62.670
  195.550   -62.612
  195.600   -62.689
  195.650   -62.446
  195.700   -62.509
  195.750   -62.913
  195.800   -62.831
  195.850   -62.871
  195.900   -63.313
  195.950   -63.412
  196.000   -63.507
  196.050   -63.770
  196.100   -63.542
  196.150   -63.393
  196.200   -63.280
  196.250   -63.404
  196.300   -63.479
  196.350   -63.416
  196.400   -63.334
  196.450   -63.359
  196.500   -63.357
  196.550   -63.260
  196.600   -63.256
  196.650   -63.176
  196.700   -63.081
  196.750   -63.294
  196.800   -63.358
  196.850   -63.356
  196.900   -63.198
  196.950   -63.379
  197.000   -63.362
  197.050   -62.989
  197.100   -63.086
  197.150   -63.140
  197.200   -63.031
  197.250   -62.989
  197.300   -63.021
  197.350   -62.959
  197.400   -62.774
  197.450   -62.796
  197.500   -62.954
  197.550   -62.959
  197.600   -62.888
  197.650   -62.839
  197.700   -62.904
  197.750   -62.973
  197.800   -63.182
  197.850   -63.323
  197.900   -63.521
  197.950   -63.576
  198.000   -63.682
  198.050   -63.836
  198.100   -63.857
  198.150   -63.554
  198.200   -63.499
  198.250   -63.788
  198.300   -64.121
  198.350   -64.261
  198.400   -64.020
  198.450   -63.907
  198.500   -63.822
  198.550   -63.802
  198.600   -63.658
  198.650   -63.813
  198.700   -63.824
  198.750   -63.876
  198.800   -63.650
  198.850   -63.514
  198.900   -63.391
  198.950   -63.329
  199.000   -63.090
  199.050   -62.956
  199.100   -62.770
  199.150   -62.798
  199.200   -62.617
  199.250   -62.249
  199.300   -62.487
  199.350   -62.488
  199.400   -62.694
  199.450   -62.727
  199.500   -62.760
  199.550   -62.956
  199.600   -62.994
  199.650   -63.151
  199.700   -63.101
  199.750   -63.188
  199.800   -63.201
  199.850   -63.179
  199.900   -63.240
  199.950   -63.376
  200.000   -63.394
  200.050   -63.521
  200.100   -63.450
  200.150   -63.612
  200.200   -63.653
  200.250   -63.841
  200.300   -64.250
  200.350   -64.365
  200.400   -64.514
  200.450   -64.679
  200.500   -64.615
  200.550   -64.970
  200.600   -64.856
  200.650   -64.816
  200.700   -64.888
  200.750   -65.005
  200.800   -64.996
  200.850   -64.935
  200.900   -64.430
  200.950   -64.275
  201.000   -64.367
  201.050   -64.515
  201.100   -64.528
  201.150   -64.929
  201.200   -64.766
  201.250   -64.730
  201.300   -64.752
  201.350   -64.652
  201.400   -64.572
  201.450   -64.599
  201.500   -64.725
  201.550   -64.994
  201.600   -65.108
  201.650   -64.730
  201.700   -64.618
  201.750   -64.539
  201.800   -64.285
  201.850   -64.305
  201.900   -64.279
  201.950   -64.175
  202.000   -64.106
  202.050   -64.098
  202.100   -64.280
  202.150   -64.189
  202.200   -64.018
  202.250   -63.939
  202.300   -64.131
  202.350   -64.112
  202.400   -64.299
  202.450   -64.326
  202.500   -64.207
  202.550   -64.123
  202.600   -64.330
  202.650   -64.351
  202.700   -64.236
  202.750   -64.193
  202.800   -64.210
  202.850   -64.227
  202.900   -64.314
  202.950   -64.008
  203.000   -63.930
  203.050   -63.475
  203.100   -63.307
  203.150   -63.379
  203.200   -63.201
  203.250   -63.188
  203.300   -63.303
  203.350   -63.174
  203.400   -63.003
  203.450   -62.998
  203.500   -62.984
  203.550   -62.698
  203.600   -62.827
  203.650   -62.606
  203.700   -62.771
  203.750   -62.968
  203.800   -62.748
  203.850   -62.761
  203.900   -62.617
  203.950   -62.807
  204.000   -62.871
  204.050   -62.873
  204.100   -62.870
  204.150   -63.007
  204.200   -63.102
  204.250   -63.155
  204.300   -63.325
  204.350   -63.324
  204.400   -63.333
  204.450   -63.395
  204.500   -63.375
  204.550   -63.351
  204.600   -63.319
  204.650   -63.118
  204.700   -62.952
  204.750   -63.212
  204.800   -63.251
  204.850   -63.057
  204.900   -62.794
  204.950   -62.685
  205.000   -62.454
  205.050   -62.235
  205.100   -62.073
  205.150   -62.073
  205.200   -62.358
  205.250   -62.468
  205.300   -62.471
  205.350   -62.596
  205.400   -62.954
  205.450   -62.780
  205.500   -62.707
  205.550   -62.560
  205.600   -62.851
  205.650   -62.839
  205.700   -62.936
  205.750   -62.999
  205.800   -62.469
  205.850   -62.367
  205.900   -62.302
  205.950   -62.628
  206.000   -62.446
  206.050   -62.510
  206.100   -62.382
  206.150   -62.558
  206.200   -62.393
  206.250   -62.836
  206.300   -62.898
  206.350   -62.966
  206.400   -62.793
  206.450   -62.689
  206.500   -62.859
  206.550   -62.879
  206.600   -62.897
  206.650   -62.929
  206.700   -62.805
  206.750   -62.881
  206.800   -63.119
  206.850   -62.930
  206.900   -63.053
  206.950   -63.004
  207.000   -62.890
  207.050   -62.742
  207.100   -62.528
  207.150   -62.513
  207.200   -62.723
  207.250   -62.742
  207.300   -62.847
  207.350   -63.044
  207.400   -62.964
  207.450   -63.081
  207.500   -62.897
  207.550   -62.909
  207.600   -63.262
  207.650   -63.272
  207.700   -63.593
  207.750   -63.716
  207.800   -64.034
  207.850   -63.952
  207.900   -63.905
  207.950   -63.939
  208.000   -63.838
  208.050   -63.747
  208.100   -63.817
  208.150   -63.747
  208.200   -63.595
  208.250   -63.600
  208.300   -63.537
  208.350   -63.261
  208.400   -63.216
  208.450   -63.267
  208.500   -63.254
  208.550   -63.472
  208.600   -63.563
  208.650   -63.208
  208.700   -63.043
  208.750   -62.987
  208.800   -62.918
  208.850   -62.821
  208.900   -62.836
  208.950   -62.550
  209.000   -62.346
  209.050   -62.237
  209.100   -62.260
  209.150   -62.177
  209.200   -62.292
  209.250   -62.076
  209.300   -62.105
  209.350   -62.001
  209.400   -61.700
  209.450   -61.847
  209.500   -61.892
  209.550   -61.659
  209.600   -61.395
  209.650   -61.196
  209.700   -61.171
  209.750   -61.287
  209.800   -61.433
  209.850   -61.093
  209.900   -61.177
  209.950   -61.212
  210.000   -60.958
  210.050   -61.138
  210.100   -61.049
  210.150   -61.108
  210.200   -61.032
  210.250   -61.162
  210.300   -61.278
  210.350   -61.001
  210.400   -60.839
  210.450   -60.817
  210.500   -60.740
  210.550   -60.793
  210.600   -60.469
  210.650   -60.361
  210.700   -60.136
  210.750   -59.710
  210.800   -59.869
  210.850   -59.856
  210.900   -59.750
  210.950   -59.875
  211.000   -60.011
  211.050   -60.150
  211.100   -60.356
  211.150   -60.572
  211.200   -60.399
  211.250   -60.665
  211.300   -60.542
  211.350   -60.840
  211.400   -61.101
  211.450   -61.438
  211.500   -61.457
  211.550   -61.335
  211.600   -61.320
  211.650   -61.187
  211.700   -60.844
  211.750   -60.730
  211.800   -60.624
  211.850   -60.254
  211.900   -59.896
  211.950   -60.162
  212.000   -59.955
  212.050   -59.692
  212.100   -59.835
  212.150   -59.941
  212.200   -59.970
  212.250   -60.154
  212.300   -60.228
  212.350   -60.389
  212.400   -60.612
  212.450   -60.487
  212.500   -60.500
  212.550   -60.420
  212.600   -60.095
  212.650   -60.091
  212.700   -60.159
  212.750   -60.392
  212.800   -60.335
  212.850   -60.496
  212.900   -60.461
  212.950   -60.263
  213.000   -60.410
  213.050   -60.470
  213.100   -60.236
  213.150   -60.290
  213.200   -60.558
  213.250   -60.612
  213.300   -60.600
  213.350   -60.779
  213.400   -60.600
  213.450   -60.696
  213.500   -60.588
  213.550   -60.298
  213.600   -60.594
  213.650   -60.770
  213.700   -60.763
  213.750   -60.650
  213.800   -60.975
  213.850   -61.126
  213.900   -61.196
  213.950   -60.785
  214.000   -60.832
  214.050   -60.676
  214.100   -60.566
  214.150   -60.193
  214.200   -60.181
  214.250   -60.201
  214.300   -60.354
  214.350   -60.224
  214.400   -60.336
  214.450   -60.496
  214.500   -60.707
  214.550   -60.319
  214.600   -60.175
  214.650   -60.105
  214.700   -60.024
  214.750   -59.861
  214.800   -59.658
  214.850   -59.775
  214.900   -59.875
  214.950   -59.879
  215.000   -59.936
  215.050   -59.677
  215.100   -59.718
  215.150   -59.563
  215.200   -59.317
  215.250   -59.195
  215.300   -59.291
  215.350   -59.122
  215.400   -58.942
  215.450   -58.868
  215.500   -59.086
  215.550   -59.193
  215.600   -59.454
  215.650   -59.383
  215.700   -59.346
  215.750   -59.460
  215.800   -59.412
  215.850   -59.349
  215.900   -59.209
  215.950   -59.068
  216.000   -58.903
  216.050   -59.233
  216.100   -59.331
  216.150   -59.611
  216.200   -59.520
  216.250   -59.256
  216.300   -58.848
  216.350   -58.940
  216.400   -58.776
  216.450   -58.720
  216.500   -58.717
  216.550   -58.556
  216.600   -58.330
  216.650   -58.258
  216.700   -58.166
  216.750   -58.534
  216.800   -58.706
  216.850   -58.851
  216.900   -58.810
  216.950   -58.466
  217.000   -58.451
  217.050   -58.553
  217.100   -58.597
  217.150   -58.406
  217.200   -58.007
  217.250   -57.784
  217.300   -57.783
  217.350   -57.920
  217.400   -57.909
  217.450   -57.936
  217.500   -58.033
  217.550   -58.093
  217.600   -57.971
  217.650   -58.096
  217.700   -58.054
  217.750   -58.001
  217.800   -58.122
  217.850   -58.168
  217.900   -57.946
  217.950   -57.677
  218.000   -57.650
  218.050   -57.462
  218.100   -57.467
  218.150   -57.410
  218.200   -57.212
  218.250   -56.993
  218.300   -56.876
  218.350   -56.801
  218.400   -56.675
  218.450   -56.545
  218.500   -56.570
  218.550   -56.587
  218.600   -56.691
  218.650   -56.656
  218.700   -56.211
  218.750   -56.556
  218.800   -56.554
  218.850   -56.659
  218.900   -56.465
  218.950   -56.645
  219.000   -56.802
  219.050   -56.630
  219.100   -56.601
  219.150   -56.280
  219.200   -56.577
  219.250   -56.399
  219.300   -56.358
  219.350   -56.149
  219.400   -55.916
  219.450   -56.079
  219.500   -56.202
  219.550   -56.072
  219.600   -56.095
  219.650   -55.946
  219.700   -55.828
  219.750   -55.756
  219.800   -55.534
  219.850   -55.513
  219.900   -55.552
  219.950   -55.637
