   0.300      0.002      0.000    -65.458    -59.109      0.000      0.000      0.000    -65.700    300.000     0.0000     0.0000 
   0.600      0.004      0.000    -65.220    -58.245      0.000      0.000      0.000    -65.700    300.000     0.0000     0.0000 
   0.900      0.006      0.000    -64.988    -57.408      0.000      0.000      0.000    -65.700    300.000     0.0000     0.0000 
   1.200      0.008      0.000    -64.761    -56.596      0.000      0.000      0.000    -65.700    300.000     0.0000     0.0000 
   1.500      0.010      0.000    -64.538    -55.810      0.000      0.000      0.000    -65.700    300.000     0.0000     0.0000 
   1.800      0.012      0.000    -64.320    -55.049      0.000      0.000      0.000    -65.700    300.000     0.0000     0.0000 
   2.100      0.013      0.000    -64.106    -54.311      0.000      0.000      0.000    -65.700    300.000     0.0000     0.0000 
   2.400      0.013      0.000    -63.897    -53.598      0.000      0.000      0.000    -65.700    300.000     0.0000     0.0000 
   2.700      0.014      0.001    -63.692    -52.907      0.001      0.000      0.000    -65.700    300.000     0.0000     0.0000 
   3.000      0.015      0.001    -63.491    -52.240      0.001      0.000      0.000    -65.700    300.000     0.0000     0.0000 
   3.300      0.016      0.002    -63.295    -51.595      0.002      0.000      0.000    -65.700    300.000     0.0000     0.0000 
   3.600      0.016      0.004    -63.103    -50.972      0.004      0.002      0.000    -65.700    300.000     0.0000     0.0000 
   3.900      0.018      0.007    -62.914    -50.371      0.007      0.010      0.000    -65.700    300.000     0.0000     0.0000 
   4.200      0.019      0.011    -62.730    -49.792      0.011      0.052      0.000    -65.700    300.000     0.0000     0.0000 
   4.500      0.021      0.017    -62.549    -49.234      0.017      0.230      0.000    -65.700    300.000     0.0000     0.0000 
   4.800      0.022      0.027    -62.373    -48.697      0.027      0.834      0.000    -65.700    300.000     0.0000     0.0000 
   5.100      0.023      0.041    -62.200    -48.181      0.041      2.563      0.000    -65.700    300.000     0.0000     0.0000 
   5.400      0.025      0.061    -62.030    -47.686      0.061      6.902      0.000    -65.700    300.000     0.0000     0.0000 
   5.700      0.028      0.090    -61.864    -47.212      0.090     16.110      0.000    -65.700    300.000     0.0000     0.0000 
   6.000      0.031      0.129    -61.702    -46.757      0.129     33.472      0.000    -65.700    300.000     0.0000     0.0000 
   6.300      0.034      0.181    -61.543    -46.323      0.181     61.474      0.000    -65.700    300.000     0.0000     0.0000 
   6.600      0.037      0.251    -61.388    -45.909      0.251    101.535      0.000    -65.700    300.000     0.0000     0.0000 
   6.900      0.040      0.343    -61.235    -45.515      0.343    151.282      0.000    -65.700    300.000     0.0000     0.0000 
   7.200      0.045      0.460    -61.086    -45.140      0.460    206.394      0.000    -65.700    300.000     0.0000     0.0000 
   7.500      0.051      0.610    -60.940    -44.785      0.610    255.097      0.000    -65.700    300.000     0.0000     0.0000 
   7.800      0.057      0.795    -60.797    -44.449      0.795    294.424      0.000    -65.700    300.000     0.0000     0.0000 
   8.100      0.064      1.023    -60.658    -44.132      1.023    316.217      0.000    -65.700    300.000     0.0000     0.0000 
   8.400      0.070      1.310    -60.521    -43.834      1.310    318.309      0.000    -65.700    300.000     0.0000     0.0000 
   8.700      0.076      1.650    -60.387    -43.554      1.650    303.339      0.000    -65.700    300.000     0.0000     0.0000 
   9.000      0.089      2.053    -60.256    -43.293      2.053    273.013      0.000    -65.700    300.000     0.0000     0.0000 
   9.300      0.103      2.531    -60.127    -43.049      2.531    235.609      0.000    -65.700    300.000     0.0000     0.0000 
   9.600      0.117      3.078    -60.002    -42.822      3.078    194.355      0.000    -65.700    300.000     0.0000     0.0000 
   9.900      0.131      3.732    -59.879    -42.613      3.732    154.482      0.000    -65.700    300.000     0.0000     0.0000 
  10.200      0.145      4.484    -59.759    -42.419      4.484    118.652      0.000    -65.700    300.000     0.0000     0.0000 
  10.500      0.159      5.331    -59.641    -42.242      5.331     88.465      0.000    -65.700    300.000     0.0000     0.0000 
  10.800      0.189      6.280    -59.526    -42.080      6.280     64.024      0.000    -65.700    300.000     0.0000     0.0000 
  11.100      0.219      7.330    -59.413    -41.932      7.330     45.265      0.000    -65.700    300.000     0.0000     0.0000 
  11.400      0.249      8.482    -59.303    -41.798      8.482     31.313      0.000    -65.700    300.000     0.0000     0.0000 
  11.700      0.279      9.764    -59.195    -41.678      9.764     21.197      0.000    -65.700    300.000     0.0000     0.0000 
  12.000      0.309     11.192    -59.090    -41.570     11.192     14.080      0.000    -65.700    300.000     0.0000     0.0000 
  12.300      0.344     12.694    -58.987    -41.475     12.694      9.193      0.000    -65.700    300.000     0.0000     0.0000 
  12.600      0.405     14.294    -58.886    -41.390     14.294      5.905      0.000    -65.700    300.000     0.0000     0.0000 
  12.900      0.466     16.013    -58.787    -41.317     16.013      3.727      0.000    -65.700    300.000     0.0000     0.0000 
  13.200      0.527     17.831    -58.690    -41.253     17.831      2.310      0.000    -65.700    300.000     0.0000     0.0000 
  13.500      0.588     19.736    -58.596    -41.198     19.736      1.411      0.000    -65.700    300.000     0.0000     0.0000 
  13.800      0.649     21.726    -58.503    -41.151     21.726      0.855      0.000    -65.700    300.000     0.0000     0.0000 
  14.100      0.728     23.763    -58.413    -41.112     23.763      0.508      0.000    -65.700    300.000     0.0000     0.0000 
  14.400      0.845     25.819    -58.324    -41.080     25.819      0.300      0.000    -65.700    300.000     0.0000     0.0000 
  14.700      0.962     27.940    -58.238    -41.055     27.940      0.185      0.000    -65.700    300.000     0.0000     0.0000 
  15.000      1.079     30.097    -58.153    -41.035     30.097      0.156      0.000    -65.700    300.000     0.0000     0.0000 
  15.300      1.196     32.241    -58.070    -41.020     32.241      0.248      0.000    -65.700    300.000     0.0000     0.0000 
  15.600      1.313     34.375    -57.989    -41.010     34.375      0.574      0.000    -65.700    300.000     0.0000     0.0000 
  15.900      1.476     36.505    -57.910    -41.004     36.505      1.374      0.000    -65.700    300.000     0.0000     0.0000 
  16.200      1.686     38.603    -57.833    -41.002     38.603      3.060      0.000    -65.700    300.000     0.0000     0.0000 
  16.500      1.896     40.652    -57.757    -41.002     40.652      6.263      0.000    -65.700    300.000     0.0000     0.0000 
  16.800      2.106     42.659    -57.683    -41.005     42.659     11.833      0.000    -65.700    300.000     0.0000     0.0000 
  17.100      2.316     44.600    -57.611    -41.010     44.600     20.756      0.000    -65.700    300.000     0.0000     0.0000 
  17.400      2.526     46.437    -57.541    -41.017     46.437     33.988      0.000    -65.700    300.000     0.0000     0.0000 
  17.700      2.831     48.164    -57.471    -41.026     48.164     52.205      0.000    -65.700    300.000     0.0000     0.0000 
  18.000      3.184     49.774    -57.404    -41.035     49.774     75.519      0.000    -65.700    300.000     0.0000     0.0000 
  18.300      3.536     51.264    -57.338    -41.046     51.264    103.251      0.000    -65.700    300.000     0.0000     0.0000 
  18.600      3.889     52.646    -57.273    -41.057     52.646    133.865      0.000    -65.700    300.000     0.0000     0.0000 
  18.900      4.241     53.907    -57.210    -41.069     53.907    165.114      0.000    -65.700    300.000     0.0000     0.0000 
  19.200      4.594     55.061    -57.149    -41.081     55.061    194.374      0.000    -65.700    300.000     0.0000     0.0000 
  19.500      5.111     56.068    -57.089    -41.093     56.068    219.052      0.000    -65.700    300.000     0.0000     0.0000 
  19.800      5.662     56.909    -57.030    -41.105     56.909    236.966      0.000    -65.700    300.000     0.0000     0.0000 
  20.100      6.212     57.608    -56.972    -41.117     57.608    246.657      0.000    -65.700    300.000     0.0000     0.0000 
  20.400      6.763     58.180    -56.916    -41.129     58.180    247.566      0.000    -65.700    300.000     0.0000     0.0000 
  20.700      7.313     58.619    -56.861    -41.140     58.619    240.058      0.000    -65.700    300.000     0.0000     0.0000 
  21.000      7.864     58.938    -56.808    -41.151     58.938    225.297      0.000    -65.700    300.000     0.0000     0.0000 
  21.300      8.662     59.127    -56.756    -41.162     59.127    205.009      0.000    -65.700    300.000     0.0000     0.0000 
  21.600      9.459     59.205    -56.704    -41.172     59.205    181.183      0.000    -65.700    300.000     0.0000     0.0000 
  21.900     10.257     59.151    -56.655    -41.181     59.151    155.775      0.000    -65.700    300.000     0.0000     0.0000 
  22.200     11.055     58.963    -56.606    -41.190     58.963    130.499      0.000    -65.700    300.000     0.0000     0.0000 
  22.500     11.853     58.654    -56.558    -41.198     58.654    106.684      0.000    -65.700    300.000     0.0000     0.0000 
  22.800     12.695     58.256    -56.512    -41.206     58.256     85.228      0.000    -65.700    300.000     0.0000     0.0000 
  23.100     13.763     57.753    -56.466    -41.214     57.753     66.626      0.000    -65.700    300.000     0.0000     0.0000 
  23.400     14.831     57.148    -56.422    -41.220     57.148     51.030      0.000    -65.700    300.000     0.0000     0.0000 
  23.700     15.899     56.446    -56.379    -41.227     56.446     38.337      0.000    -65.700    300.000     0.0000     0.0000 
  24.000     16.966     55.657    -56.337    -41.232     55.657     28.280      0.000    -65.700    300.000     0.0000     0.0000 
  24.300     18.034     54.788    -56.295    -41.237     54.788     20.505      0.000    -65.700    300.000     0.0000     0.0000 
  24.600     19.184     53.848    -56.255    -41.242     53.848     14.626      0.000    -65.700    300.000     0.0000     0.0000 
  24.900     20.496     52.849    -56.216    -41.246     52.849     10.272      0.000    -65.700    300.000     0.0000     0.0000 
  25.200     21.808     51.789    -56.177    -41.250     51.789      7.111      0.000    -65.700    300.000     0.0000     0.0000 
  25.500     23.120     50.688    -56.140    -41.254     50.688      4.864      0.000    -65.700    300.000     0.0000     0.0000 
  25.800     24.432     49.540    -56.104    -41.257     49.540      3.309      0.000    -65.700    300.000     0.0000     0.0000 
  26.100     25.744     48.362    -56.068    -41.260     48.362      2.283      0.000    -65.700    300.000     0.0000     0.0000 
  26.400     27.134     47.155    -56.033    -41.262     47.155      1.694      0.000    -65.700    300.000     0.0000     0.0000 
  26.700     28.600     45.917    -55.999    -41.264     45.917      1.517      0.000    -65.700    300.000     0.0000     0.0000 
  27.000     30.067     44.657    -55.966    -41.266     44.657      1.812      0.000    -65.700    300.000     0.0000     0.0000 
  27.300     31.533     43.376    -55.934    -41.267     43.376      2.733      0.000    -65.700    300.000     0.0000     0.0000 
  27.600     32.999     42.086    -55.903    -41.269     42.086      4.533      0.000    -65.700    300.000     0.0000     0.0000 
  27.900     34.466     40.788    -55.872    -41.270     40.788      7.566      0.000    -65.700    300.000     0.0000     0.0000 
  28.200     35.932     39.488    -55.842    -41.271     39.488     12.260      0.000    -65.700    300.000     0.0000     0.0000 
  28.500     37.397     38.195    -55.813    -41.271     38.195     19.080      0.000    -65.700    300.000     0.0000     0.0000 
  28.800     38.863     36.905    -55.784    -41.272     36.905     28.459      0.000    -65.700    300.000     0.0000     0.0000 
  29.100     40.329     35.629    -55.757    -41.272     35.629     40.713      0.000    -65.700    300.000     0.0000     0.0000 
  29.400     41.794     34.368    -55.729    -41.273     34.368     55.951      0.000    -65.700    300.000     0.0000     0.0000 
  29.700     43.260     33.120    -55.703    -41.273     33.120     74.000      0.000    -65.700    300.000     0.0000     0.0000 
  30.000     44.561     31.893    -55.677    -41.273     31.893     94.345      0.000    -65.700    300.000     0.0000     0.0000 
  30.300     45.828     30.687    -55.652    -41.273     30.687    116.129      0.000    -65.700    300.000     0.0000     0.0000 
  30.600     47.096     29.501    -55.628    -41.273     29.501    138.207      0.000    -65.700    300.000     0.0000     0.0000 
  30.900     48.363     28.341    -55.604    -41.273     28.341    159.267      0.000    -65.700    300.000     0.0000     0.0000 
  31.200     49.631     27.207    -55.581    -41.273     27.207    177.987      0.000    -65.700    300.000     0.0000     0.0000 
  31.500     50.899     26.100    -55.558    -41.273     26.100    193.178      0.000    -65.700    300.000     0.0000     0.0000 
  31.800     51.771     25.026    -55.536    -41.273     25.026    203.900      0.000    -65.700    300.000     0.0000     0.0000 
  32.100     52.643     23.981    -55.515    -41.272     23.981    209.547      0.000    -65.700    300.000     0.0000     0.0000 
  32.400     53.515     22.972    -55.494    -41.272     22.972    209.893      0.000    -65.700    300.000     0.0000     0.0000 
  32.700     54.387     21.998    -55.473    -41.272     21.998    205.108      0.000    -65.700    300.000     0.0000     0.0000 
  33.000     55.259     21.060    -55.454    -41.272     21.060    195.711      0.000    -65.700    300.000     0.0000     0.0000 
  33.300     56.041     20.160    -55.434    -41.271     20.160    182.512      0.000    -65.700    300.000     0.0000     0.0000 
  33.600     56.371     19.303    -55.415    -41.271     19.303    166.489      0.000    -65.700    300.000     0.0000     0.0000 
  33.900     56.701     18.483    -55.397    -41.271     18.483    148.691      0.000    -65.700    300.000     0.0000     0.0000 
  34.200     57.031     17.702    -55.379    -41.270     17.702    130.121      0.000    -65.700    300.000     0.0000     0.0000 
  34.500     57.361     16.964    -55.362    -41.270     16.964    111.671      0.000    -65.700    300.000     0.0000     0.0000 
  34.800     57.691     16.265    -55.345    -41.270     16.265     94.058      0.000    -65.700    300.000     0.0000     0.0000 
  35.100     57.778     15.609    -55.328    -41.270     15.609     77.813      0.000    -65.700    300.000     0.0000     0.0000 
  35.400     57.376     14.998    -55.312    -41.269     14.998     63.273      0.000    -65.700    300.000     0.0000     0.0000 
  35.700     56.975     14.430    -55.297    -41.269     14.430     50.606      0.000    -65.700    300.000     0.0000     0.0000 
  36.000     56.573     13.906    -55.282    -41.269     13.906     39.836      0.000    -65.700    300.000     0.0000     0.0000 
  36.300     56.172     13.429    -55.267    -41.269     13.429     30.887      0.000    -65.700    300.000     0.0000     0.0000 
  36.600     55.770     12.998    -55.252    -41.269     12.998     23.609      0.000    -65.700    300.000     0.0000     0.0000 
  36.900     55.369     12.613    -55.238    -41.268     12.613     17.818      0.000    -65.700    300.000     0.0000     0.0000 
  37.200     54.967     12.276    -55.225    -41.268     12.276     13.320      0.000    -65.700    300.000     0.0000     0.0000 
  37.500     54.566     11.989    -55.211    -41.268     11.989      9.931      0.000    -65.700    300.000     0.0000     0.0000 
  37.800     53.698     11.749    -55.198    -41.268     11.749      7.501      0.000    -65.700    300.000     0.0000     0.0000 
  38.100     52.598     11.557    -55.186    -41.268     11.557      5.926      0.000    -65.700    300.000     0.0000     0.0000 
  38.400     51.497     11.415    -55.174    -41.268     11.415      5.161      0.000    -65.700    300.000     0.0000     0.0000 
  38.700     50.397     11.323    -55.162    -41.268     11.323      5.230      0.000    -65.700    300.000     0.0000     0.0000 
  39.000     49.296     11.280    -55.150    -41.268     11.280      6.225      0.000    -65.700    300.000     0.0000     0.0000 
  39.300     48.196     11.285    -55.139    -41.267     11.285      8.301      0.000    -65.700    300.000     0.0000     0.0000 
  39.600     47.096     11.341    -55.128    -41.267     11.341     11.662      0.000    -65.700    300.000     0.0000     0.0000 
  39.900     45.995     11.445    -55.117    -41.267     11.445     16.538      0.000    -65.700    300.000     0.0000     0.0000 
  40.200     44.895     11.598    -55.107    -41.267     11.598     23.157      0.000    -65.700    300.000     0.0000     0.0000 
  40.500     43.498     11.798    -55.097    -41.267     11.798     31.701      0.000    -65.700    300.000     0.0000     0.0000 
  40.800     42.101     12.047    -55.087    -41.267     12.047     42.269      0.000    -65.700    300.000     0.0000     0.0000 
  41.100     40.704     12.343    -55.077    -41.267     12.343     54.836      0.000    -65.700    300.000     0.0000     0.0000 
  41.400     39.307     12.683    -55.068    -41.267     12.683     69.223      0.000    -65.700    300.000     0.0000     0.0000 
  41.700     37.910     13.069    -55.059    -41.267     13.069     85.079      0.000    -65.700    300.000     0.0000     0.0000 
  42.000     36.513     13.499    -55.050    -41.267     13.499    101.882      0.000    -65.700    300.000     0.0000     0.0000 
  42.300     35.116     13.971    -55.042    -41.267     13.971    118.958      0.000    -65.700    300.000     0.0000     0.0000 
  42.600     33.720     14.483    -55.033    -41.267     14.483    135.532      0.000    -65.700    300.000     0.0000     0.0000 
  42.900     32.361     15.034    -55.025    -41.267     15.034    150.796      0.000    -65.700    300.000     0.0000     0.0000 
  43.200     31.080     15.623    -55.018    -41.267     15.623    163.990      0.000    -65.700    300.000     0.0000     0.0000 
  43.500     29.799     16.247    -55.010    -41.267     16.247    174.463      0.000    -65.700    300.000     0.0000     0.0000 
  43.800     28.517     16.903    -55.003    -41.267     16.903    181.716      0.000    -65.700    300.000     0.0000     0.0000 
  44.100     27.236     17.590    -54.995    -41.267     17.590    185.438      0.000    -65.700    300.000     0.0000     0.0000 
  44.400     25.955     18.305    -54.988    -41.267     18.305    185.517      0.000    -65.700    300.000     0.0000     0.0000 
  44.700     24.673     19.046    -54.982    -41.267     19.046    182.048      0.000    -65.700    300.000     0.0000     0.0000 
  45.000     23.392     19.810    -54.975    -41.267     19.810    175.321      0.000    -65.700    300.000     0.0000     0.0000 
  45.300     22.111     20.595    -54.969    -41.267     20.595    165.794      0.000    -65.700    300.000     0.0000     0.0000 
  45.600     21.070     21.398    -54.962    -41.267     21.398    154.033      0.000    -65.700    300.000     0.0000     0.0000 
  45.900     20.149     22.215    -54.956    -41.267     22.215    140.673      0.000    -65.700    300.000     0.0000     0.0000 
  46.200     19.227     23.045    -54.950    -41.267     23.045    126.353      0.000    -65.700    300.000     0.0000     0.0000 
  46.500     18.306     23.885    -54.945    -41.267     23.885    111.679      0.000    -65.700    300.000     0.0000     0.0000 
  46.800     17.385     24.730    -54.939    -41.267     24.730     97.181      0.000    -65.700    300.000     0.0000     0.0000 
  47.100     16.464     25.580    -54.934    -41.267     25.580     83.298      0.000    -65.700    300.000     0.0000     0.0000 
  47.400     15.543     26.429    -54.929    -41.267     26.429     70.364      0.000    -65.700    300.000     0.0000     0.0000 
  47.700     14.622     27.277    -54.923    -41.267     27.277     58.607      0.000    -65.700    300.000     0.0000     0.0000 
  48.000     13.701     28.119    -54.919    -41.267     28.119     48.164      0.000    -65.700    300.000     0.0000     0.0000 
  48.300     13.181     28.954    -54.914    -41.267     28.954     39.090      0.000    -65.700    300.000     0.0000     0.0000 
  48.600     12.662     29.777    -54.909    -41.267     29.777     31.379      0.000    -65.700    300.000     0.0000     0.0000 
  48.900     12.142     30.587    -54.905    -41.267     30.587     24.987      0.000    -65.700    300.000     0.0000     0.0000 
  49.200     11.623     31.381    -54.900    -41.267     31.381     19.847      0.000    -65.700    300.000     0.0000     0.0000 
  49.500     11.103     32.157    -54.896    -41.267     32.157     15.884      0.000    -65.700    300.000     0.0000     0.0000 
  49.800     10.584     32.911    -54.892    -41.267     32.911     13.038      0.000    -65.700    300.000     0.0000     0.0000 
  50.100     10.064     33.643    -54.888    -41.267     33.643     11.272      0.000    -65.700    300.000     0.0000     0.0000 
  50.400      9.545     34.348    -54.884    -41.267     34.348     10.588      0.000    -65.700    300.000     0.0000     0.0000 
  50.700      9.131     35.027    -54.880    -41.267     35.027     11.023      0.000    -65.700    300.000     0.0000     0.0000 
  51.000      8.927     35.676    -54.876    -41.267     35.676     12.651      0.000    -65.700    300.000     0.0000     0.0000 
  51.300      8.723     36.294    -54.873    -41.267     36.294     15.569      0.000    -65.700    300.000     0.0000     0.0000 
  51.600      8.519     36.880    -54.869    -41.267     36.880     19.881      0.000    -65.700    300.000     0.0000     0.0000 
  51.900      8.315     37.431    -54.866    -41.267     37.431     25.683      0.000    -65.700    300.000     0.0000     0.0000 
  52.200      8.111     37.947    -54.863    -41.267     37.947     33.037      0.000    -65.700    300.000     0.0000     0.0000 
  52.500      7.907     38.426    -54.860    -41.267     38.426     41.951      0.000    -65.700    300.000     0.0000     0.0000 
  52.800      7.703     38.867    -54.856    -41.267     38.867     52.360      0.000    -65.700    300.000     0.0000     0.0000 
  53.100      7.499     39.270    -54.853    -41.267     39.270     64.108      0.000    -65.700    300.000     0.0000     0.0000 
  53.400      7.426     39.634    -54.851    -41.267     39.634     76.943      0.000    -65.700    300.000     0.0000     0.0000 
  53.700      7.420     39.958    -54.848    -41.267     39.958     90.514      0.000    -65.700    300.000     0.0000     0.0000 
  54.000      7.414     40.242    -54.845    -41.267     40.242    104.386      0.000    -65.700    300.000     0.0000     0.0000 
  54.300      7.408     40.485    -54.842    -41.267     40.485    118.052      0.000    -65.700    300.000     0.0000     0.0000 
  54.600      7.402     40.688    -54.840    -41.267     40.688    130.974      0.000    -65.700    300.000     0.0000     0.0000 
  54.900      7.396     40.851    -54.837    -41.267     40.851    142.618      0.000    -65.700    300.000     0.0000     0.0000 
  55.200      7.389     40.973    -54.835    -41.267     40.973    152.503      0.000    -65.700    300.000     0.0000     0.0000 
  55.500      7.383     41.055    -54.833    -41.267     41.055    160.230      0.000    -65.700    300.000     0.0000     0.0000 
  55.800      7.377     41.098    -54.830    -41.267     41.098    165.502      0.000    -65.700    300.000     0.0000     0.0000 
  56.100      7.477     41.102    -54.828    -41.267     41.102    168.137      0.000    -65.700    300.000     0.0000     0.0000 
  56.400      7.577     41.068    -54.826    -41.267     41.068    168.069      0.000    -65.700    300.000     0.0000     0.0000 
  56.700      7.676     40.996    -54.824    -41.267     40.996    165.360      0.000    -65.700    300.000     0.0000     0.0000 
  57.000      7.776     40.888    -54.822    -41.267     40.888    160.196      0.000    -65.700    300.000     0.0000     0.0000 
  57.300      7.876     40.744    -54.820    -41.267     40.744    152.860      0.000    -65.700    300.000     0.0000     0.0000 
  57.600      7.976     40.566    -54.818    -41.267     40.566    143.725      0.000    -65.700    300.000     0.0000     0.0000 
  57.900      8.075     40.354    -54.816    -41.267     40.354    133.203      0.000    -65.700    300.000     0.0000     0.0000 
  58.200      8.175     40.111    -54.814    -41.267     40.111    121.732      0.000    -65.700    300.000     0.0000     0.0000 
  58.500      8.292     39.836    -54.813    -41.267     39.836    109.741      0.000    -65.700    300.000     0.0000     0.0000 
  58.800      8.444     39.533    -54.811    -41.267     39.533     97.627      0.000    -65.700    300.000     0.0000     0.0000 
  59.100      8.596     39.202    -54.809    -41.267     39.202     85.740      0.000    -65.700    300.000     0.0000     0.0000 
  59.400      8.747     38.844    -54.808    -41.267     38.844     74.374      0.000    -65.700    300.000     0.0000     0.0000 
  59.700      8.899     38.462    -54.806    -41.267     38.462     63.756      0.000    -65.700    300.000     0.0000     0.0000 
  60.000      9.051     38.057    -54.805    -41.267     38.057     54.059      0.000    -65.700    300.000     0.0000     0.0000 
  60.300      9.202     37.630    -54.803    -41.267     37.630     45.401      0.000    -65.700    300.000     0.0000     0.0000 
  60.600      9.354     37.184    -54.802    -41.267     37.184     37.856      0.000    -65.700    300.000     0.0000     0.0000 
  60.900      9.505     36.720    -54.800    -41.267     36.720     31.464      0.000    -65.700    300.000     0.0000     0.0000 
  61.200      9.674     36.239    -54.799    -41.267     36.239     26.243      0.000    -65.700    300.000     0.0000     0.0000 
  61.500      9.851     35.744    -54.798    -41.267     35.744     22.196      0.000    -65.700    300.000     0.0000     0.0000 
  61.800     10.028     35.236    -54.797    -41.267     35.236     19.321      0.000    -65.700    300.000     0.0000     0.0000 
  62.100     10.205     34.717    -54.795    -41.267     34.717     17.627      0.000    -65.700    300.000     0.0000     0.0000 
  62.400     10.382     34.189    -54.794    -41.267     34.189     17.136      0.000    -65.700    300.000     0.0000     0.0000 
  62.700     10.559     33.653    -54.793    -41.267     33.653     17.882      0.000    -65.700    300.000     0.0000     0.0000 
  63.000     10.736     33.112    -54.792    -41.267     33.112     19.907      0.000    -65.700    300.000     0.0000     0.0000 
  63.300     10.913     32.566    -54.791    -41.267     32.566     23.251      0.000    -65.700    300.000     0.0000     0.0000 
  63.600     11.090     32.018    -54.790    -41.267     32.018     27.940      0.000    -65.700    300.000     0.0000     0.0000 
  63.900     11.280     31.469    -54.789    -41.267     31.469     33.977      0.000    -65.700    300.000     0.0000     0.0000 
  64.200     11.470     30.921    -54.788    -41.267     30.921     41.330      0.000    -65.700    300.000     0.0000     0.0000 
  64.500     11.660     30.375    -54.787    -41.267     30.375     49.916      0.000    -65.700    300.000     0.0000     0.0000 
  64.800     11.850     29.833    -54.786    -41.267     29.833     59.601      0.000    -65.700    300.000     0.0000     0.0000 
  65.100     12.039     29.297    -54.785    -41.267     29.297     70.189      0.000    -65.700    300.000     0.0000     0.0000 
  65.400     12.229     28.768    -54.784    -41.267     28.768     81.424      0.000    -65.700    300.000     0.0000     0.0000 
  65.700     12.419     28.247    -54.784    -41.267     28.247     92.998      0.000    -65.700    300.000     0.0000     0.0000 
  66.000     12.609     27.736    -54.783    -41.267     27.736    104.558      0.000    -65.700    300.000     0.0000     0.0000 
  66.300     12.801     27.235    -54.782    -41.267     27.235    115.719      0.000    -65.700    300.000     0.0000     0.0000 
  66.600     12.997     26.748    -54.781    -41.267     26.748    126.090      0.000    -65.700    300.000     0.0000     0.0000 
  66.900     13.192     26.274    -54.780    -41.267     26.274    135.298      0.000    -65.700    300.000     0.0000     0.0000 
  67.200     13.388     25.815    -54.780    -41.267     25.815    143.015      0.000    -65.700    300.000     0.0000     0.0000 
  67.500     13.584     25.372    -54.779    -41.267     25.372    148.979      0.000    -65.700    300.000     0.0000     0.0000 
  67.800     13.779     24.945    -54.778    -41.267     24.945    152.993      0.000    -65.700    300.000     0.0000     0.0000 
  68.100     13.975     24.537    -54.778    -41.267     24.537    154.940      0.000    -65.700    300.000     0.0000     0.0000 
  68.400     14.171     24.147    -54.777    -41.267     24.147    154.783      0.000    -65.700    300.000     0.0000     0.0000 
  68.700     14.367     23.777    -54.777    -41.267     23.777    152.564      0.000    -65.700    300.000     0.0000     0.0000 
  69.000     14.562     23.427    -54.776    -41.267     23.427    148.406      0.000    -65.700    300.000     0.0000     0.0000 
  69.300     14.758     23.098    -54.775    -41.267     23.098    142.510      0.000    -65.700    300.000     0.0000     0.0000 
  69.600     14.954     22.792    -54.775    -41.267     22.792    135.126      0.000    -65.700    300.000     0.0000     0.0000 
  69.900     15.150     22.507    -54.774    -41.267     22.507    126.549      0.000    -65.700    300.000     0.0000     0.0000 
  70.200     15.346     22.246    -54.774    -41.267     22.246    117.095      0.000    -65.700    300.000     0.0000     0.0000 
  70.500     15.542     22.008    -54.773    -41.267     22.008    107.080      0.000    -65.700    300.000     0.0000     0.0000 
  70.800     15.738     21.793    -54.773    -41.267     21.793     96.810      0.000    -65.700    300.000     0.0000     0.0000 
  71.100     15.934     21.599    -54.772    -41.267     21.599     86.570      0.000    -65.700    300.000     0.0000     0.0000 
  71.400     16.130     21.430    -54.772    -41.267     21.430     76.608      0.000    -65.700    300.000     0.0000     0.0000 
  71.700     16.321     21.286    -54.771    -41.267     21.286     67.140      0.000    -65.700    300.000     0.0000     0.0000 
  72.000     16.512     21.166    -54.771    -41.267     21.166     58.344      0.000    -65.700    300.000     0.0000     0.0000 
  72.300     16.703     21.072    -54.770    -41.267     21.072     50.364      0.000    -65.700    300.000     0.0000     0.0000 
  72.600     16.894     21.002    -54.770    -41.267     21.002     43.312      0.000    -65.700    300.000     0.0000     0.0000 
  72.900     17.084     20.958    -54.770    -41.267     20.958     37.276      0.000    -65.700    300.000     0.0000     0.0000 
  73.200     17.275     20.938    -54.769    -41.267     20.938     32.319      0.000    -65.700    300.000     0.0000     0.0000 
  73.500     17.466     20.942    -54.769    -41.267     20.942     28.483      0.000    -65.700    300.000     0.0000     0.0000 
  73.800     17.657     20.971    -54.768    -41.267     20.971     25.802      0.000    -65.700    300.000     0.0000     0.0000 
  74.100     17.845     21.023    -54.768    -41.267     21.023     24.306      0.000    -65.700    300.000     0.0000     0.0000 
  74.400     18.025     21.098    -54.768    -41.267     21.098     24.023      0.000    -65.700    300.000     0.0000     0.0000 
  74.700     18.206     21.196    -54.767    -41.267     21.196     24.976      0.000    -65.700    300.000     0.0000     0.0000 
  75.000     18.386     21.317    -54.767    -41.267     21.317     27.181      0.000    -65.700    300.000     0.0000     0.0000 
  75.300     18.567     21.458    -54.767    -41.267     21.458     30.637      0.000    -65.700    300.000     0.0000     0.0000 
  75.600     18.747     21.621    -54.766    -41.267     21.621     35.324      0.000    -65.700    300.000     0.0000     0.0000 
  75.900     18.928     21.803    -54.766    -41.267     21.803     41.192      0.000    -65.700    300.000     0.0000     0.0000 
  76.200     19.108     22.005    -54.766    -41.267     22.005     48.158      0.000    -65.700    300.000     0.0000     0.0000 
  76.500     19.289     22.226    -54.766    -41.267     22.226     56.103      0.000    -65.700    300.000     0.0000     0.0000 
  76.800     19.459     22.464    -54.765    -41.267     22.464     64.867      0.000    -65.700    300.000     0.0000     0.0000 
  77.100     19.625     22.719    -54.765    -41.267     22.719     74.252      0.000    -65.700    300.000     0.0000     0.0000 
  77.400     19.790     22.989    -54.765    -41.267     22.989     84.024      0.000    -65.700    300.000     0.0000     0.0000 
  77.700     19.955     23.274    -54.765    -41.267     23.274     93.917      0.000    -65.700    300.000     0.0000     0.0000 
  78.000     20.121     23.572    -54.764    -41.267     23.572    103.645      0.000    -65.700    300.000     0.0000     0.0000 
  78.300     20.286     23.882    -54.764    -41.267     23.882    112.908      0.000    -65.700    300.000     0.0000     0.0000 
  78.600     20.451     24.204    -54.764    -41.267     24.204    121.411      0.000    -65.700    300.000     0.0000     0.0000 
  78.900     20.617     24.535    -54.764    -41.267     24.535    128.879      0.000    -65.700    300.000     0.0000     0.0000 
  79.200     20.782     24.875    -54.763    -41.267     24.875    135.080      0.000    -65.700    300.000     0.0000     0.0000 
  79.500     20.928     25.223    -54.763    -41.267     25.223    139.824      0.000    -65.700    300.000     0.0000     0.0000 
  79.800     21.074     25.577    -54.763    -41.267     25.577    142.977      0.000    -65.700    300.000     0.0000     0.0000 
  80.100     21.220     25.936    -54.763    -41.267     25.936    144.457      0.000    -65.700    300.000     0.0000     0.0000 
  80.400     21.365     26.300    -54.762    -41.267     26.300    144.238      0.000    -65.700    300.000     0.0000     0.0000 
  80.700     21.511     26.666    -54.762    -41.267     26.666    142.356      0.000    -65.700    300.000     0.0000     0.0000 
  81.000     21.657     27.034    -54.762    -41.267     27.034    138.897      0.000    -65.700    300.000     0.0000     0.0000 
  81.300     21.803     27.402    -54.762    -41.267     27.402    134.006      0.000    -65.700    300.000     0.0000     0.0000 
  81.600     21.949     27.770    -54.762    -41.267     27.770    127.870      0.000    -65.700    300.000     0.0000     0.0000 
  81.900     22.087     28.137    -54.762    -41.267     28.137    120.704      0.000    -65.700    300.000     0.0000     0.0000 
  82.200     22.210     28.500    -54.761    -41.267     28.500    112.746      0.000    -65.700    300.000     0.0000     0.0000 
  82.500     22.333     28.859    -54.761    -41.267     28.859    104.245      0.000    -65.700    300.000     0.0000     0.0000 
  82.800     22.457     29.214    -54.761    -41.267     29.214     95.442      0.000    -65.700    300.000     0.0000     0.0000 
  83.100     22.580     29.562    -54.761    -41.267     29.562     86.570      0.000    -65.700    300.000     0.0000     0.0000 
  83.400     22.703     29.903    -54.761    -41.267     29.903     77.846      0.000    -65.700    300.000     0.0000     0.0000 
  83.700     22.826     30.237    -54.761    -41.267     30.237     69.467      0.000    -65.700    300.000     0.0000     0.0000 
  84.000     22.949     30.561    -54.760    -41.267     30.561     61.604      0.000    -65.700    300.000     0.0000     0.0000 
  84.300     23.072     30.876    -54.760    -41.267     30.876     54.405      0.000    -65.700    300.000     0.0000     0.0000 
  84.600     23.179     31.180    -54.760    -41.267     31.180     47.999      0.000    -65.700    300.000     0.0000     0.0000 
  84.900     23.277     31.472    -54.760    -41.267     31.472     42.492      0.000    -65.700    300.000     0.0000     0.0000 
  85.200     23.376     31.753    -54.760    -41.267     31.753     37.967      0.000    -65.700    300.000     0.0000     0.0000 
  85.500     23.474     32.021    -54.760    -41.267     32.021     34.487      0.000    -65.700    300.000     0.0000     0.0000 
  85.800     23.572     32.275    -54.760    -41.267     32.275     32.100      0.000    -65.700    300.000     0.0000     0.0000 
  86.100     23.671     32.515    -54.759    -41.267     32.515     30.842      0.000    -65.700    300.000     0.0000     0.0000 
  86.400     23.769     32.740    -54.759    -41.267     32.740     30.739      0.000    -65.700    300.000     0.0000     0.0000 
  86.700     23.867     32.951    -54.759    -41.267     32.951     31.806      0.000    -65.700    300.000     0.0000     0.0000 
  87.000     23.966     33.146    -54.759    -41.267     33.146     34.039      0.000    -65.700    300.000     0.0000     0.0000 
  87.300     24.040     33.325    -54.759    -41.267     33.325     37.414      0.000    -65.700    300.000     0.0000     0.0000 
  87.600     24.115     33.488    -54.759    -41.267     33.488     41.884      0.000    -65.700    300.000     0.0000     0.0000 
  87.900     24.190     33.634    -54.759    -41.267     33.634     47.373      0.000    -65.700    300.000     0.0000     0.0000 
  88.200     24.264     33.764    -54.759    -41.267     33.764     53.779      0.000    -65.700    300.000     0.0000     0.0000 
  88.500     24.339     33.877    -54.759    -41.267     33.877     60.969      0.000    -65.700    300.000     0.0000     0.0000 
  88.800     24.414     33.973    -54.758    -41.267     33.973     68.784      0.000    -65.700    300.000     0.0000     0.0000 
  89.100     24.489     34.053    -54.758    -41.267     34.053     77.037      0.000    -65.700    300.000     0.0000     0.0000 
  89.400     24.549     34.115    -54.758    -41.267     34.115     85.518      0.000    -65.700    300.000     0.0000     0.0000 
  89.700     24.603     34.160    -54.758    -41.267     34.160     94.003      0.000    -65.700    300.000     0.0000     0.0000 
  90.000     24.656     34.189    -54.758    -41.267     34.189    102.255      0.000    -65.700    300.000     0.0000     0.0000 
  90.300     24.710     34.201    -54.758    -41.267     34.201    110.035      0.000    -65.700    300.000     0.0000     0.0000 
  90.600     24.763     34.197    -54.758    -41.267     34.197    117.114      0.000    -65.700    300.000     0.0000     0.0000 
  90.900     24.816     34.177    -54.758    -41.267     34.177    123.282      0.000    -65.700    300.000     0.0000     0.0000 
  91.200     24.870     34.141    -54.758    -41.267     34.141    128.361      0.000    -65.700    300.000     0.0000     0.0000 
  91.500     24.917     34.089    -54.758    -41.267     34.089    132.215      0.000    -65.700    300.000     0.0000     0.0000 
  91.800     24.950     34.023    -54.757    -41.267     34.023    134.742      0.000    -65.700    300.000     0.0000     0.0000 
  92.100     24.983     33.941    -54.757    -41.267     33.941    135.885      0.000    -65.700    300.000     0.0000     0.0000 
  92.400     25.016     33.846    -54.757    -41.267     33.846    135.624      0.000    -65.700    300.000     0.0000     0.0000 
  92.700     25.050     33.737    -54.757    -41.267     33.737    133.985      0.000    -65.700    300.000     0.0000     0.0000 
  93.000     25.083     33.615    -54.757    -41.267     33.615    131.039      0.000    -65.700    300.000     0.0000     0.0000 
  93.300     25.116     33.480    -54.757    -41.267     33.480    126.891      0.000    -65.700    300.000     0.0000     0.0000 
  93.600     25.150     33.334    -54.757    -41.267     33.334    121.686      0.000    -65.700    300.000     0.0000     0.0000 
  93.900     25.165     33.176    -54.757    -41.267     33.176    115.593      0.000    -65.700    300.000     0.0000     0.0000 
  94.200     25.180     33.007    -54.757    -41.267     33.007    108.798      0.000    -65.700    300.000     0.0000     0.0000 
  94.500     25.195     32.828    -54.757    -41.267     32.828    101.498      0.000    -65.700    300.000     0.0000     0.0000 
  94.800     25.210     32.640    -54.757    -41.267     32.640     93.893      0.000    -65.700    300.000     0.0000     0.0000 
  95.100     25.225     32.444    -54.757    -41.267     32.444     86.181      0.000    -65.700    300.000     0.0000     0.0000 
  95.400     25.240     32.239    -54.756    -41.267     32.239     78.548      0.000    -65.700    300.000     0.0000     0.0000 
  95.700     25.255     32.028    -54.756    -41.267     32.028     71.169      0.000    -65.700    300.000     0.0000     0.0000 
  96.000     25.259     31.809    -54.756    -41.267     31.809     64.205      0.000    -65.700    300.000     0.0000     0.0000 
  96.300     25.258     31.586    -54.756    -41.267     31.586     57.801      0.000    -65.700    300.000     0.0000     0.0000 
  96.600     25.257     31.357    -54.756    -41.267     31.357     52.086      0.000    -65.700    300.000     0.0000     0.0000 
  96.900     25.256     31.124    -54.756    -41.267     31.124     47.170      0.000    -65.700    300.000     0.0000     0.0000 
  97.200     25.255     30.888    -54.756    -41.267     30.888     43.141      0.000    -65.700    300.000     0.0000     0.0000 
  97.500     25.255     30.649    -54.756    -41.267     30.649     40.066      0.000    -65.700    300.000     0.0000     0.0000 
  97.800     25.254     30.408    -54.756    -41.267     30.408     37.998      0.000    -65.700    300.000     0.0000     0.0000 
  98.100     25.248     30.166    -54.756    -41.267     30.166     36.972      0.000    -65.700    300.000     0.0000     0.0000 
  98.400     25.234     29.924    -54.756    -41.267     29.924     37.011      0.000    -65.700    300.000     0.0000     0.0000 
  98.700     25.220     29.682    -54.756    -41.267     29.682     38.122      0.000    -65.700    300.000     0.0000     0.0000 
  99.000     25.206     29.441    -54.756    -41.267     29.441     40.288      0.000    -65.700    300.000     0.0000     0.0000 
  99.300     25.192     29.202    -54.756    -41.267     29.202     43.475      0.000    -65.700    300.000     0.0000     0.0000 
  99.600     25.178     28.965    -54.755    -41.267     28.965     47.621      0.000    -65.700    300.000     0.0000     0.0000 
  99.900     25.164     28.732    -54.755    -41.267     28.732     52.642      0.000    -65.700    300.000     0.0000     0.0000 
 100.200     25.150     28.502    -54.755    -41.267     28.502     58.431      0.000    -65.700    300.000     0.0000     0.0000 
 100.500     25.126     28.277    -54.755    -41.267     28.277     64.856      0.000    -65.700    300.000     0.0000     0.0000 
 100.800     25.102     28.057    -54.755    -41.267     28.057     71.767      0.000    -65.700    300.000     0.0000     0.0000 
 101.100     25.078     27.842    -54.755    -41.267     27.842     78.993      0.000    -65.700    300.000     0.0000     0.0000 
 101.400     25.054     27.634    -54.755    -41.267     27.634     86.352      0.000    -65.700    300.000     0.0000     0.0000 
 101.700     25.030     27.433    -54.755    -41.267     27.433     93.651      0.000    -65.700    300.000     0.0000     0.0000 
 102.000     25.006     27.239    -54.755    -41.267     27.239    100.694      0.000    -65.700    300.000     0.0000     0.0000 
 102.300     24.982     27.052    -54.755    -41.267     27.052    107.287      0.000    -65.700    300.000     0.0000     0.0000 
 102.600     24.953     26.874    -54.755    -41.267     26.874    113.244      0.000    -65.700    300.000     0.0000     0.0000 
 102.900     24.922     26.705    -54.755    -41.267     26.705    118.400      0.000    -65.700    300.000     0.0000     0.0000 
 103.200     24.890     26.545    -54.755    -41.267     26.545    122.619      0.000    -65.700    300.000     0.0000     0.0000 
 103.500     24.859     26.394    -54.755    -41.267     26.394    125.793      0.000    -65.700    300.000     0.0000     0.0000 
 103.800     24.828     26.252    -54.755    -41.267     26.252    127.845      0.000    -65.700    300.000     0.0000     0.0000 
 104.100     24.797     26.121    -54.755    -41.267     26.121    128.732      0.000    -65.700    300.000     0.0000     0.0000 
 104.400     24.766     26.000    -54.754    -41.267     26.000    128.440      0.000    -65.700    300.000     0.0000     0.0000 
 104.700     24.733     25.890    -54.754    -41.267     25.890    126.989      0.000    -65.700    300.000     0.0000     0.0000 
 105.000     24.698     25.790    -54.754    -41.267     25.790    124.434      0.000    -65.700    300.000     0.0000     0.0000 
 105.300     24.662     25.701    -54.754    -41.267     25.701    120.862      0.000    -65.700    300.000     0.0000     0.0000 
 105.600     24.627     25.624    -54.754    -41.267     25.624    116.385      0.000    -65.700    300.000     0.0000     0.0000 
 105.900     24.592     25.557    -54.754    -41.267     25.557    111.139      0.000    -65.700    300.000     0.0000     0.0000 
 106.200     24.556     25.501    -54.754    -41.267     25.501    105.278      0.000    -65.700    300.000     0.0000     0.0000 
 106.500     24.521     25.457    -54.754    -41.267     25.457     98.964      0.000    -65.700    300.000     0.0000     0.0000 
 106.800     24.486     25.423    -54.754    -41.267     25.423     92.363      0.000    -65.700    300.000     0.0000     0.0000 
 107.100     24.449     25.401    -54.754    -41.267     25.401     85.643      0.000    -65.700    300.000     0.0000     0.0000 
 107.400     24.412     25.389    -54.754    -41.267     25.389     78.967      0.000    -65.700    300.000     0.0000     0.0000 
 107.700     24.375     25.389    -54.754    -41.267     25.389     72.493      0.000    -65.700    300.000     0.0000     0.0000 
 108.000     24.338     25.399    -54.754    -41.267     25.399     66.366      0.000    -65.700    300.000     0.0000     0.0000 
 108.300     24.301     25.419    -54.754    -41.267     25.419     60.724      0.000    -65.700    300.000     0.0000     0.0000 
 108.600     24.264     25.450    -54.754    -41.267     25.450     55.686      0.000    -65.700    300.000     0.0000     0.0000 
 108.900     24.227     25.491    -54.754    -41.267     25.491     51.358      0.000    -65.700    300.000     0.0000     0.0000 
 109.200     24.191     25.542    -54.754    -41.267     25.542     47.825      0.000    -65.700    300.000     0.0000     0.0000 
 109.500     24.155     25.602    -54.753    -41.267     25.602     45.154      0.000    -65.700    300.000     0.0000     0.0000 
 109.800     24.118     25.671    -54.753    -41.267     25.671     43.392      0.000    -65.700    300.000     0.0000     0.0000 
 110.100     24.082     25.750    -54.753    -41.267     25.750     42.575      0.000    -65.700    300.000     0.0000     0.0000 
 110.400     24.046     25.837    -54.753    -41.267     25.837     42.720      0.000    -65.700    300.000     0.0000     0.0000 
 110.700     24.009     25.931    -54.753    -41.267     25.931     43.826      0.000    -65.700    300.000     0.0000     0.0000 
 111.000     23.973     26.034    -54.753    -41.267     26.034     45.873      0.000    -65.700    300.000     0.0000     0.0000 
 111.300     23.938     26.144    -54.753    -41.267     26.144     48.819      0.000    -65.700    300.000     0.0000     0.0000 
 111.600     23.904     26.260    -54.753    -41.267     26.260     52.600      0.000    -65.700    300.000     0.0000     0.0000 
 111.900     23.869     26.383    -54.753    -41.267     26.383     57.131      0.000    -65.700    300.000     0.0000     0.0000 
 112.200     23.835     26.512    -54.753    -41.267     26.512     62.307      0.000    -65.700    300.000     0.0000     0.0000 
 112.500     23.801     26.647    -54.753    -41.267     26.647     68.005      0.000    -65.700    300.000     0.0000     0.0000 
 112.800     23.767     26.786    -54.753    -41.267     26.786     74.086      0.000    -65.700    300.000     0.0000     0.0000 
 113.100     23.733     26.930    -54.753    -41.267     26.930     80.400      0.000    -65.700    300.000     0.0000     0.0000 
 113.400     23.699     27.078    -54.753    -41.267     27.078     86.786      0.000    -65.700    300.000     0.0000     0.0000 
 113.700     23.669     27.229    -54.753    -41.267     27.229     93.081      0.000    -65.700    300.000     0.0000     0.0000 
 114.000     23.638     27.383    -54.753    -41.267     27.383     99.119      0.000    -65.700    300.000     0.0000     0.0000 
 114.300     23.607     27.540    -54.753    -41.267     27.540    104.739      0.000    -65.700    300.000     0.0000     0.0000 
 114.600     23.577     27.698    -54.753    -41.267     27.698    109.790      0.000    -65.700    300.000     0.0000     0.0000 
 114.900     23.546     27.858    -54.752    -41.267     27.858    114.138      0.000    -65.700    300.000     0.0000     0.0000 
 115.200     23.515     28.019    -54.752    -41.267     28.019    117.673      0.000    -65.700    300.000     0.0000     0.0000 
 115.500     23.485     28.180    -54.752    -41.267     28.180    120.310      0.000    -65.700    300.000     0.0000     0.0000 
 115.800     23.457     28.341    -54.752    -41.267     28.341    121.991      0.000    -65.700    300.000     0.0000     0.0000 
 116.100     23.430     28.501    -54.752    -41.267     28.501    122.677      0.000    -65.700    300.000     0.0000     0.0000 
 116.400     23.403     28.661    -54.752    -41.267     28.661    122.362      0.000    -65.700    300.000     0.0000     0.0000 
 116.700     23.376     28.818    -54.752    -41.267     28.818    121.062      0.000    -65.700    300.000     0.0000     0.0000 
 117.000     23.350     28.974    -54.752    -41.267     28.974    118.820      0.000    -65.700    300.000     0.0000     0.0000 
 117.300     23.323     29.127    -54.752    -41.267     29.127    115.709      0.000    -65.700    300.000     0.0000     0.0000 
 117.600     23.296     29.278    -54.752    -41.267     29.278    111.822      0.000    -65.700    300.000     0.0000     0.0000 
 117.900     23.271     29.425    -54.752    -41.267     29.425    107.270      0.000    -65.700    300.000     0.0000     0.0000 
 118.200     23.248     29.568    -54.752    -41.267     29.568    102.180      0.000    -65.700    300.000     0.0000     0.0000 
 118.500     23.225     29.708    -54.752    -41.267     29.708     96.689      0.000    -65.700    300.000     0.0000     0.0000 
 118.800     23.202     29.842    -54.752    -41.267     29.842     90.941      0.000    -65.700    300.000     0.0000     0.0000 
 119.100     23.179     29.972    -54.752    -41.267     29.972     85.081      0.000    -65.700    300.000     0.0000     0.0000 
 119.400     23.157     30.097    -54.752    -41.267     30.097     79.251      0.000    -65.700    300.000     0.0000     0.0000 
 119.700     23.134     30.217    -54.752    -41.267     30.217     73.587      0.000    -65.700    300.000     0.0000     0.0000 
 120.000     23.111     30.330    -54.752    -41.267     30.330     68.223      0.000    -65.700    300.000     0.0000     0.0000 
 120.300     23.092     30.438    -54.751    -41.267     30.438     63.281      0.000    -65.700    300.000     0.0000     0.0000 
 120.600     23.073     30.539    -54.751    -41.267     30.539     58.873      0.000    -65.700    300.000     0.0000     0.0000 
 120.900     23.053     30.634    -54.751    -41.267     30.634     55.097      0.000    -65.700    300.000     0.0000     0.0000 
 121.200     23.034     30.723    -54.751    -41.267     30.723     52.029      0.000    -65.700    300.000     0.0000     0.0000 
 121.500     23.015     30.804    -54.751    -41.267     30.804     49.732      0.000    -65.700    300.000     0.0000     0.0000 
 121.800     22.996     30.879    -54.751    -41.267     30.879     48.249      0.000    -65.700    300.000     0.0000     0.0000 
 122.100     22.976     30.946    -54.751    -41.267     30.946     47.611      0.000    -65.700    300.000     0.0000     0.0000 
 122.400     22.959     31.006    -54.751    -41.267     31.006     47.830      0.000    -65.700    300.000     0.0000     0.0000 
 122.700     22.942     31.059    -54.751    -41.267     31.059     48.902      0.000    -65.700    300.000     0.0000     0.0000 
 123.000     22.926     31.105    -54.751    -41.267     31.105     50.804      0.000    -65.700    300.000     0.0000     0.0000 
 123.300     22.909     31.143    -54.751    -41.267     31.143     53.492      0.000    -65.700    300.000     0.0000     0.0000 
 123.600     22.893     31.174    -54.751    -41.267     31.174     56.904      0.000    -65.700    300.000     0.0000     0.0000 
 123.900     22.876     31.197    -54.751    -41.267     31.197     60.957      0.000    -65.700    300.000     0.0000     0.0000 
 124.200     22.860     31.214    -54.751    -41.267     31.214     65.555      0.000    -65.700    300.000     0.0000     0.0000 
 124.500     22.844     31.222    -54.751    -41.267     31.222     70.584      0.000    -65.700    300.000     0.0000     0.0000 
 124.800     22.829     31.224    -54.751    -41.267     31.224     75.920      0.000    -65.700    300.000     0.0000     0.0000 
 125.100     22.814     31.219    -54.751    -41.267     31.219     81.430      0.000    -65.700    300.000     0.0000     0.0000 
 125.400     22.800     31.206    -54.751    -41.267     31.206     86.975      0.000    -65.700    300.000     0.0000     0.0000 
 125.700     22.785     31.187    -54.751    -41.267     31.187     92.414      0.000    -65.700    300.000     0.0000     0.0000 
 126.000     22.770     31.161    -54.751    -41.267     31.161     97.607      0.000    -65.700    300.000     0.0000     0.0000 
 126.300     22.755     31.128    -54.750    -41.267     31.128    102.419      0.000    -65.700    300.000     0.0000     0.0000 
 126.600     22.740     31.089    -54.750    -41.267     31.089    106.723      0.000    -65.700    300.000     0.0000     0.0000 
 126.900     22.726     31.044    -54.750    -41.267     31.044    110.409      0.000    -65.700    300.000     0.0000     0.0000 
 127.200     22.712     30.994    -54.750    -41.267     30.994    113.389      0.000    -65.700    300.000     0.0000     0.0000 
 127.500     22.698     30.937    -54.750    -41.267     30.937    115.593      0.000    -65.700    300.000     0.0000     0.0000 
 127.800     22.683     30.875    -54.750    -41.267     30.875    116.974      0.000    -65.700    300.000     0.0000     0.0000 
 128.100     22.669     30.808    -54.750    -41.267     30.808    117.502      0.000    -65.700    300.000     0.0000     0.0000 
 128.400     22.655     30.736    -54.750    -41.267     30.736    117.171      0.000    -65.700    300.000     0.0000     0.0000 
 128.700     22.641     30.660    -54.750    -41.267     30.660    115.996      0.000    -65.700    300.000     0.0000     0.0000 
 129.000     22.626     30.579    -54.750    -41.267     30.579    114.014      0.000    -65.700    300.000     0.0000     0.0000 
 129.300     22.611     30.495    -54.750    -41.267     30.495    111.284      0.000    -65.700    300.000     0.0000     0.0000 
 129.600     22.596     30.406    -54.750    -41.267     30.406    107.886      0.000    -65.700    300.000     0.0000     0.0000 
 129.900     22.581     30.315    -54.750    -41.267     30.315    103.915      0.000    -65.700    300.000     0.0000     0.0000 
 130.200     22.566     30.220    -54.750    -41.267     30.220     99.477      0.000    -65.700    300.000     0.0000     0.0000 
 130.500     22.551     30.123    -54.750    -41.267     30.123     94.690      0.000    -65.700    300.000     0.0000     0.0000 
 130.800     22.536     30.023    -54.750    -41.267     30.023     89.676      0.000    -65.700    300.000     0.0000     0.0000 
 131.100     22.520     29.921    -54.750    -41.267     29.921     84.561      0.000    -65.700    300.000     0.0000     0.0000 
 131.400     22.503     29.818    -54.750    -41.267     29.818     79.470      0.000    -65.700    300.000     0.0000     0.0000 
 131.700     22.486     29.713    -54.750    -41.267     29.713     74.526      0.000    -65.700    300.000     0.0000     0.0000 
 132.000     22.469     29.608    -54.749    -41.267     29.608     69.845      0.000    -65.700    300.000     0.0000     0.0000 
 132.300     22.451     29.502    -54.749    -41.267     29.502     65.537      0.000    -65.700    300.000     0.0000     0.0000 
 132.600     22.434     29.395    -54.749    -41.267     29.395     61.702      0.000    -65.700    300.000     0.0000     0.0000 
 132.900     22.417     29.288    -54.749    -41.267     29.288     58.426      0.000    -65.700    300.000     0.0000     0.0000 
 133.200     22.400     29.182    -54.749    -41.267     29.182     55.781      0.000    -65.700    300.000     0.0000     0.0000 
 133.500     22.382     29.077    -54.749    -41.267     29.077     53.819      0.000    -65.700    300.000     0.0000     0.0000 
 133.800     22.365     28.972    -54.749    -41.267     28.972     52.581      0.000    -65.700    300.000     0.0000     0.0000 
 134.100     22.345     28.868    -54.749    -41.267     28.868     52.091      0.000    -65.700    300.000     0.0000     0.0000 
 134.400     22.324     28.767    -54.749    -41.267     28.767     52.360      0.000    -65.700    300.000     0.0000     0.0000 
 134.700     22.303     28.667    -54.749    -41.267     28.667     53.380      0.000    -65.700    300.000     0.0000     0.0000 
 135.000     22.281     28.569    -54.749    -41.267     28.569     55.127      0.000    -65.700    300.000     0.0000     0.0000 
 135.300     22.260     28.473    -54.749    -41.267     28.473     57.559      0.000    -65.700    300.000     0.0000     0.0000 
 135.600     22.238     28.381    -54.749    -41.267     28.381     60.616      0.000    -65.700    300.000     0.0000     0.0000 
 135.900     22.217     28.291    -54.749    -41.267     28.291     64.222      0.000    -65.700    300.000     0.0000     0.0000 
 136.200     22.196     28.204    -54.749    -41.267     28.204     68.289      0.000    -65.700    300.000     0.0000     0.0000 
 136.500     22.174     28.121    -54.749    -41.267     28.121     72.714      0.000    -65.700    300.000     0.0000     0.0000 
 136.800     22.153     28.041    -54.749    -41.267     28.041     77.388      0.000    -65.700    300.000     0.0000     0.0000 
 137.100     22.126     27.965    -54.749    -41.267     27.965     82.194      0.000    -65.700    300.000     0.0000     0.0000 
 137.400     22.100     27.892    -54.749    -41.267     27.892     87.011      0.000    -65.700    300.000     0.0000     0.0000 
 137.700     22.073     27.824    -54.749    -41.267     27.824     91.717      0.000    -65.700    300.000     0.0000     0.0000 
 138.000     22.046     27.760    -54.748    -41.267     27.760     96.193      0.000    -65.700    300.000     0.0000     0.0000 
 138.300     22.020     27.701    -54.748    -41.267     27.701    100.324      0.000    -65.700    300.000     0.0000     0.0000 
 138.600     21.993     27.646    -54.748    -41.267     27.646    104.005      0.000    -65.700    300.000     0.0000     0.0000 
 138.900     21.966     27.595    -54.748    -41.267     27.595    107.143      0.000    -65.700    300.000     0.0000     0.0000 
 139.200     21.940     27.550    -54.748    -41.267     27.550    109.664      0.000    -65.700    300.000     0.0000     0.0000 
 139.500     21.913     27.509    -54.748    -41.267     27.509    111.512      0.000    -65.700    300.000     0.0000     0.0000 
 139.800     21.885     27.473    -54.748    -41.267     27.473    112.648      0.000    -65.700    300.000     0.0000     0.0000 
 140.100     21.852     27.441    -54.748    -41.267     27.441    113.048      0.000    -65.700    300.000     0.0000     0.0000 
 140.400     21.820     27.415    -54.748    -41.267     27.415    112.707      0.000    -65.700    300.000     0.0000     0.0000 
 140.700     21.787     27.393    -54.748    -41.267     27.393    111.640      0.000    -65.700    300.000     0.0000     0.0000 
 141.000     21.755     27.377    -54.748    -41.267     27.377    109.878      0.000    -65.700    300.000     0.0000     0.0000 
 141.300     21.722     27.365    -54.748    -41.267     27.365    107.472      0.000    -65.700    300.000     0.0000     0.0000 
 141.600     21.690     27.358    -54.748    -41.267     27.358    104.489      0.000    -65.700    300.000     0.0000     0.0000 
 141.900     21.657     27.356    -54.748    -41.267     27.356    101.011      0.000    -65.700    300.000     0.0000     0.0000 
 142.200     21.625     27.358    -54.748    -41.267     27.358     97.131      0.000    -65.700    300.000     0.0000     0.0000 
 142.500     21.592     27.365    -54.748    -41.267     27.365     92.950      0.000    -65.700    300.000     0.0000     0.0000 
 142.800     21.556     27.377    -54.748    -41.267     27.377     88.574      0.000    -65.700    300.000     0.0000     0.0000 
 143.100     21.518     27.393    -54.748    -41.267     27.393     84.111      0.000    -65.700    300.000     0.0000     0.0000 
 143.400     21.480     27.414    -54.748    -41.267     27.414     79.671      0.000    -65.700    300.000     0.0000     0.0000 
 143.700     21.441     27.439    -54.748    -41.267     27.439     75.360      0.000    -65.700    300.000     0.0000     0.0000 
 144.000     21.403     27.468    -54.748    -41.267     27.468     71.283      0.000    -65.700    300.000     0.0000     0.0000 
 144.300     21.365     27.501    -54.747    -41.267     27.501     67.538      0.000    -65.700    300.000     0.0000     0.0000 
 144.600     21.327     27.537    -54.747    -41.267     27.537     64.212      0.000    -65.700    300.000     0.0000     0.0000 
 144.900     21.289     27.577    -54.747    -41.267     27.577     61.382      0.000    -65.700    300.000     0.0000     0.0000 
 145.200     21.250     27.621    -54.747    -41.267     27.621     59.111      0.000    -65.700    300.000     0.0000     0.0000 
 145.500     21.212     27.668    -54.747    -41.267     27.668     57.445      0.000    -65.700    300.000     0.0000     0.0000 
 145.800     21.169     27.718    -54.747    -41.267     27.718     56.418      0.000    -65.700    300.000     0.0000     0.0000 
 146.100     21.126     27.771    -54.747    -41.267     27.771     56.050      0.000    -65.700    300.000     0.0000     0.0000 
 146.400     21.082     27.827    -54.747    -41.267     27.827     56.350      0.000    -65.700    300.000     0.0000     0.0000 
 146.700     21.039     27.885    -54.747    -41.267     27.885     57.308      0.000    -65.700    300.000     0.0000     0.0000 
 147.000     20.996     27.945    -54.747    -41.267     27.945     58.901      0.000    -65.700    300.000     0.0000     0.0000 
 147.300     20.953     28.007    -54.747    -41.267     28.007     61.088      0.000    -65.700    300.000     0.0000     0.0000 
 147.600     20.909     28.071    -54.747    -41.267     28.071     63.814      0.000    -65.700    300.000     0.0000     0.0000 
 147.900     20.866     28.137    -54.747    -41.267     28.137     67.011      0.000    -65.700    300.000     0.0000     0.0000 
 148.200     20.823     28.204    -54.747    -41.267     28.204     70.598      0.000    -65.700    300.000     0.0000     0.0000 
 148.500     20.778     28.273    -54.747    -41.267     28.273     74.486      0.000    -65.700    300.000     0.0000     0.0000 
 148.800     20.731     28.342    -54.747    -41.267     28.342     78.576      0.000    -65.700    300.000     0.0000     0.0000 
 149.100     20.684     28.412    -54.747    -41.267     28.412     82.766      0.000    -65.700    300.000     0.0000     0.0000 
 149.400     20.637     28.482    -54.747    -41.267     28.482     86.951      0.000    -65.700    300.000     0.0000     0.0000 
 149.700     20.590     28.553    -54.747    -41.267     28.553     91.027      0.000    -65.700    300.000     0.0000     0.0000 
 150.000     20.543     28.623    -54.747    -41.267     28.623     94.891      0.000    -65.700    300.000     0.0000     0.0000 
 150.300     20.496     28.694    -54.747    -41.267     28.694     98.445      0.000    -65.700    300.000     0.0000     0.0000 
 150.600     20.449     28.764    -54.746    -41.267     28.764    101.599      0.000    -65.700    300.000     0.0000     0.0000 
 150.900     20.402     28.834    -54.746    -41.267     28.834    104.276      0.000    -65.700    300.000     0.0000     0.0000 
 151.200     20.355     28.902    -54.746    -41.267     28.902    106.415      0.000    -65.700    300.000     0.0000     0.0000 
 151.500     20.306     28.970    -54.746    -41.267     28.970    107.967      0.000    -65.700    300.000     0.0000     0.0000 
 151.800     20.257     29.037    -54.746    -41.267     29.037    108.901      0.000    -65.700    300.000     0.0000     0.0000 
 152.100     20.207     29.102    -54.746    -41.267     29.102    109.198      0.000    -65.700    300.000     0.0000     0.0000 
 152.400     20.158     29.166    -54.746    -41.267     29.166    108.854      0.000    -65.700    300.000     0.0000     0.0000 
 152.700     20.108     29.227    -54.746    -41.267     29.227    107.881      0.000    -65.700    300.000     0.0000     0.0000 
 153.000     20.059     29.287    -54.746    -41.267     29.287    106.309      0.000    -65.700    300.000     0.0000     0.0000 
 153.300     20.009     29.345    -54.746    -41.267     29.345    104.182      0.000    -65.700    300.000     0.0000     0.0000 
 153.600     19.960     29.401    -54.746    -41.267     29.401    101.557      0.000    -65.700    300.000     0.0000     0.0000 
 153.900     19.911     29.455    -54.746    -41.267     29.455     98.506      0.000    -65.700    300.000     0.0000     0.0000 
 154.200     19.861     29.506    -54.746    -41.267     29.506     95.107      0.000    -65.700    300.000     0.0000     0.0000 
 154.500     19.811     29.554    -54.746    -41.267     29.554     91.450      0.000    -65.700    300.000     0.0000     0.0000 
 154.800     19.761     29.600    -54.746    -41.267     29.600     87.625      0.000    -65.700    300.000     0.0000     0.0000 
 155.100     19.711     29.643    -54.746    -41.267     29.643     83.731      0.000    -65.700    300.000     0.0000     0.0000 
 155.400     19.661     29.683    -54.746    -41.267     29.683     79.861      0.000    -65.700    300.000     0.0000     0.0000 
 155.700     19.611     29.720    -54.746    -41.267     29.720     76.110      0.000    -65.700    300.000     0.0000     0.0000 
 156.000     19.561     29.754    -54.746    -41.267     29.754     72.567      0.000    -65.700    300.000     0.0000     0.0000 
 156.300     19.511     29.785    -54.746    -41.267     29.785     69.319      0.000    -65.700    300.000     0.0000     0.0000 
 156.600     19.461     29.813    -54.746    -41.267     29.813     66.443      0.000    -65.700    300.000     0.0000     0.0000 
 156.900     19.411     29.837    -54.745    -41.267     29.837     64.006      0.000    -65.700    300.000     0.0000     0.0000 
 157.200     19.361     29.859    -54.745    -41.267     29.859     62.061      0.000    -65.700    300.000     0.0000     0.0000 
 157.500     19.312     29.877    -54.745    -41.267     29.877     60.650      0.000    -65.700    300.000     0.0000     0.0000 
 157.800     19.263     29.892    -54.745    -41.267     29.892     59.801      0.000    -65.700    300.000     0.0000     0.0000 
 158.100     19.214     29.903    -54.745    -41.267     29.903     59.533      0.000    -65.700    300.000     0.0000     0.0000 
 158.400     19.165     29.912    -54.745    -41.267     29.912     59.849      0.000    -65.700    300.000     0.0000     0.0000 
 158.700     19.116     29.917    -54.745    -41.267     29.917     60.741      0.000    -65.700    300.000     0.0000     0.0000 
 159.000     19.067     29.919    -54.745    -41.267     29.919     62.185      0.000    -65.700    300.000     0.0000     0.0000 
 159.300     19.018     29.918    -54.745    -41.267     29.918     64.145      0.000    -65.700    300.000     0.0000     0.0000 
 159.600     18.970     29.914    -54.745    -41.267     29.914     66.569      0.000    -65.700    300.000     0.0000     0.0000 
 159.900     18.921     29.907    -54.745    -41.267     29.907     69.396      0.000    -65.700    300.000     0.0000     0.0000 
 160.200     18.874     29.897    -54.745    -41.267     29.897     72.555      0.000    -65.700    300.000     0.0000     0.0000 
 160.500     18.827     29.884    -54.745    -41.267     29.884     75.966      0.000    -65.700    300.000     0.0000     0.0000 
 160.800     18.781     29.868    -54.745    -41.267     29.868     79.542      0.000    -65.700    300.000     0.0000     0.0000 
 161.100     18.735     29.849    -54.745    -41.267     29.849     83.194      0.000    -65.700    300.000     0.0000     0.0000 
 161.400     18.689     29.828    -54.745    -41.267     29.828     86.832      0.000    -65.700    300.000     0.0000     0.0000 
 161.700     18.643     29.804    -54.745    -41.267     29.804     90.365      0.000    -65.700    300.000     0.0000     0.0000 
 162.000     18.596     29.778    -54.745    -41.267     29.778     93.703      0.000    -65.700    300.000     0.0000     0.0000 
 162.300     18.550     29.750    -54.745    -41.267     29.750     96.764      0.000    -65.700    300.000     0.0000     0.0000 
 162.600     18.504     29.719    -54.745    -41.267     29.719     99.471      0.000    -65.700    300.000     0.0000     0.0000 
 162.900     18.458     29.686    -54.745    -41.267     29.686    101.758      0.000    -65.700    300.000     0.0000     0.0000 
 163.200     18.416     29.652    -54.745    -41.267     29.652    103.574      0.000    -65.700    300.000     0.0000     0.0000 
 163.500     18.374     29.615    -54.744    -41.267     29.615    104.879      0.000    -65.700    300.000     0.0000     0.0000 
 163.800     18.332     29.577    -54.744    -41.267     29.577    105.646      0.000    -65.700    300.000     0.0000     0.0000 
 164.100     18.290     29.537    -54.744    -41.267     29.537    105.859      0.000    -65.700    300.000     0.0000     0.0000 
 164.400     18.248     29.496    -54.744    -41.267     29.496    105.517      0.000    -65.700    300.000     0.0000     0.0000 
 164.700     18.206     29.454    -54.744    -41.267     29.454    104.630      0.000    -65.700    300.000     0.0000     0.0000 
 165.000     18.164     29.411    -54.744    -41.267     29.411    103.224      0.000    -65.700    300.000     0.0000     0.0000 
 165.300     18.122     29.367    -54.744    -41.267     29.367    101.339      0.000    -65.700    300.000     0.0000     0.0000 
 165.600     18.080     29.321    -54.744    -41.267     29.321     99.026      0.000    -65.700    300.000     0.0000     0.0000 
 165.900     18.039     29.276    -54.744    -41.267     29.276     96.346      0.000    -65.700    300.000     0.0000     0.0000 
 166.200     18.003     29.229    -54.744    -41.267     29.229     93.367      0.000    -65.700    300.000     0.0000     0.0000 
 166.500     17.966     29.183    -54.744    -41.267     29.183     90.167      0.000    -65.700    300.000     0.0000     0.0000 
 166.800     17.929     29.136    -54.744    -41.267     29.136     86.827      0.000    -65.700    300.000     0.0000     0.0000 
 167.100     17.892     29.089    -54.744    -41.267     29.089     83.429      0.000    -65.700    300.000     0.0000     0.0000 
 167.400     17.856     29.042    -54.744    -41.267     29.042     80.057      0.000    -65.700    300.000     0.0000     0.0000 
 167.700     17.819     28.996    -54.744    -41.267     28.996     76.793      0.000    -65.700    300.000     0.0000     0.0000 
 168.000     17.782     28.950    -54.744    -41.267     28.950     73.717      0.000    -65.700    300.000     0.0000     0.0000 
 168.300     17.745     28.904    -54.744    -41.267     28.904     70.903      0.000    -65.700    300.000     0.0000     0.0000 
 168.600     17.709     28.859    -54.744    -41.267     28.859     68.420      0.000    -65.700    300.000     0.0000     0.0000 
 168.900     17.676     28.815    -54.744    -41.267     28.815     66.325      0.000    -65.700    300.000     0.0000     0.0000 
 169.200     17.645     28.771    -54.744    -41.267     28.771     64.664      0.000    -65.700    300.000     0.0000     0.0000 
 169.500     17.615     28.729    -54.744    -41.267     28.729     63.472      0.000    -65.700    300.000     0.0000     0.0000 
 169.800     17.584     28.688    -54.744    -41.267     28.688     62.776      0.000    -65.700    300.000     0.0000     0.0000 
 170.100     17.553     28.648    -54.743    -41.267     28.648     62.587      0.000    -65.700    300.000     0.0000     0.0000 
 170.400     17.523     28.609    -54.743    -41.267     28.609     62.910      0.000    -65.700    300.000     0.0000     0.0000 
 170.700     17.492     28.572    -54.743    -41.267     28.572     63.734      0.000    -65.700    300.000     0.0000     0.0000 
 171.000     17.461     28.536    -54.743    -41.267     28.536     65.039      0.000    -65.700    300.000     0.0000     0.0000 
 171.300     17.431     28.502    -54.743    -41.267     28.502     66.789      0.000    -65.700    300.000     0.0000     0.0000 
 171.600     17.400     28.469    -54.743    -41.267     28.469     68.941      0.000    -65.700    300.000     0.0000     0.0000 
 171.900     17.376     28.439    -54.743    -41.267     28.439     71.437      0.000    -65.700    300.000     0.0000     0.0000 
 172.200     17.352     28.410    -54.743    -41.267     28.410     74.215      0.000    -65.700    300.000     0.0000     0.0000 
 172.500     17.328     28.383    -54.743    -41.267     28.383     77.205      0.000    -65.700    300.000     0.0000     0.0000 
 172.800     17.303     28.358    -54.743    -41.267     28.358     80.330      0.000    -65.700    300.000     0.0000     0.0000 
 173.100     17.279     28.335    -54.743    -41.267     28.335     83.514      0.000    -65.700    300.000     0.0000     0.0000 
 173.400     17.255     28.314    -54.743    -41.267     28.314     86.676      0.000    -65.700    300.000     0.0000     0.0000 
 173.700     17.231     28.295    -54.743    -41.267     28.295     89.739      0.000    -65.700    300.000     0.0000     0.0000 
 174.000     17.207     28.278    -54.743    -41.267     28.278     92.626      0.000    -65.700    300.000     0.0000     0.0000 
 174.300     17.183     28.264    -54.743    -41.267     28.264     95.264      0.000    -65.700    300.000     0.0000     0.0000 
 174.600     17.161     28.251    -54.743    -41.267     28.251     97.589      0.000    -65.700    300.000     0.0000     0.0000 
 174.900     17.143     28.241    -54.743    -41.267     28.241     99.544      0.000    -65.700    300.000     0.0000     0.0000 
 175.200     17.126     28.233    -54.743    -41.267     28.233    101.087      0.000    -65.700    300.000     0.0000     0.0000 
 175.500     17.108     28.227    -54.743    -41.267     28.227    102.184      0.000    -65.700    300.000     0.0000     0.0000 
 175.800     17.091     28.223    -54.743    -41.267     28.223    102.811      0.000    -65.700    300.000     0.0000     0.0000 
 176.100     17.073     28.221    -54.743    -41.267     28.221    102.957      0.000    -65.700    300.000     0.0000     0.0000 
 176.400     17.055     28.221    -54.743    -41.267     28.221    102.621      0.000    -65.700    300.000     0.0000     0.0000 
 176.700     17.038     28.223    -54.742    -41.267     28.223    101.813      0.000    -65.700    300.000     0.0000     0.0000 
 177.000     17.020     28.228    -54.742    -41.267     28.228    100.556      0.000    -65.700    300.000     0.0000     0.0000 
 177.300     17.003     28.234    -54.742    -41.267     28.234     98.884      0.000    -65.700    300.000     0.0000     0.0000 
 177.600     16.989     28.242    -54.742    -41.267     28.242     96.843      0.000    -65.700    300.000     0.0000     0.0000 
 177.900     16.978     28.252    -54.742    -41.267     28.252     94.486      0.000    -65.700    300.000     0.0000     0.0000 
 178.200     16.967     28.264    -54.742    -41.267     28.264     91.874      0.000    -65.700    300.000     0.0000     0.0000 
 178.500     16.956     28.278    -54.742    -41.267     28.278     89.074      0.000    -65.700    300.000     0.0000     0.0000 
 178.800     16.945     28.293    -54.742    -41.267     28.293     86.156      0.000    -65.700    300.000     0.0000     0.0000 
 179.100     16.934     28.310    -54.742    -41.267     28.310     83.192      0.000    -65.700    300.000     0.0000     0.0000 
 179.400     16.922     28.329    -54.742    -41.267     28.329     80.256      0.000    -65.700    300.000     0.0000     0.0000 
 179.700     16.911     28.349    -54.742    -41.267     28.349     77.418      0.000    -65.700    300.000     0.0000     0.0000 
 180.000     16.900     28.370    -54.742    -41.267     28.370     74.750      0.000    -65.700    300.000     0.0000     0.0000 
 180.300     16.889     28.393    -54.742    -41.267     28.393     72.315      0.000    -65.700    300.000     0.0000     0.0000 
 180.600     16.884     28.417    -54.742    -41.267     28.417     70.174      0.000    -65.700    300.000     0.0000     0.0000 
 180.900     16.879     28.442    -54.742    -41.267     28.442     68.375      0.000    -65.700    300.000     0.0000     0.0000 
 181.200     16.873     28.468    -54.742    -41.267     28.468     66.959      0.000    -65.700    300.000     0.0000     0.0000 
 181.500     16.868     28.495    -54.742    -41.267     28.495     65.956      0.000    -65.700    300.000     0.0000     0.0000 
 181.800     16.863     28.523    -54.742    -41.267     28.523     65.386      0.000    -65.700    300.000     0.0000     0.0000 
 182.100     16.858     28.551    -54.742    -41.267     28.551     65.261      0.000    -65.700    300.000     0.0000     0.0000 
 182.400     16.852     28.581    -54.742    -41.267     28.581     65.582      0.000    -65.700    300.000     0.0000     0.0000 
 182.700     16.847     28.610    -54.742    -41.267     28.610     66.340      0.000    -65.700    300.000     0.0000     0.0000 
 183.000     16.842     28.641    -54.742    -41.267     28.641     67.515      0.000    -65.700    300.000     0.0000     0.0000 
 183.300     16.838     28.671    -54.742    -41.267     28.671     69.076      0.000    -65.700    300.000     0.0000     0.0000 
 183.600     16.838     28.702    -54.741    -41.267     28.702     70.982      0.000    -65.700    300.000     0.0000     0.0000 
 183.900     16.839     28.733    -54.741    -41.267     28.733     73.184      0.000    -65.700    300.000     0.0000     0.0000 
 184.200     16.839     28.764    -54.741    -41.267     28.764     75.625      0.000    -65.700    300.000     0.0000     0.0000 
 184.500     16.839     28.795    -54.741    -41.267     28.795     78.244      0.000    -65.700    300.000     0.0000     0.0000 
 184.800     16.839     28.826    -54.741    -41.267     28.826     80.975      0.000    -65.700    300.000     0.0000     0.0000 
 185.100     16.839     28.857    -54.741    -41.267     28.857     83.750      0.000    -65.700    300.000     0.0000     0.0000 
 185.400     16.839     28.887    -54.741    -41.267     28.887     86.499      0.000    -65.700    300.000     0.0000     0.0000 
 185.700     16.839     28.917    -54.741    -41.267     28.917     89.155      0.000    -65.700    300.000     0.0000     0.0000 
 186.000     16.839     28.946    -54.741    -41.267     28.946     91.652      0.000    -65.700    300.000     0.0000     0.0000 
 186.300     16.842     28.975    -54.741    -41.267     28.975     93.927      0.000    -65.700    300.000     0.0000     0.0000 
 186.600     16.846     29.004    -54.741    -41.267     29.004     95.925      0.000    -65.700    300.000     0.0000     0.0000 
 186.900     16.851     29.031    -54.741    -41.267     29.031     97.598      0.000    -65.700    300.000     0.0000     0.0000 
 187.200     16.855     29.058    -54.741    -41.267     29.058     98.908      0.000    -65.700    300.000     0.0000     0.0000 
 187.500     16.860     29.084    -54.741    -41.267     29.084     99.829      0.000    -65.700    300.000     0.0000     0.0000 
 187.800     16.864     29.109    -54.741    -41.267     29.109    100.341      0.000    -65.700    300.000     0.0000     0.0000 
 188.100     16.869     29.132    -54.741    -41.267     29.132    100.433      0.000    -65.700    300.000     0.0000     0.0000 
 188.400     16.873     29.155    -54.741    -41.267     29.155    100.106      0.000    -65.700    300.000     0.0000     0.0000 
 188.700     16.878     29.177    -54.741    -41.267     29.177     99.370      0.000    -65.700    300.000     0.0000     0.0000 
 189.000     16.883     29.198    -54.741    -41.267     29.198     98.246      0.000    -65.700    300.000     0.0000     0.0000 
 189.300     16.891     29.217    -54.741    -41.267     29.217     96.763      0.000    -65.700    300.000     0.0000     0.0000 
 189.600     16.899     29.235    -54.741    -41.267     29.235     94.961      0.000    -65.700    300.000     0.0000     0.0000 
 189.900     16.907     29.252    -54.741    -41.267     29.252     92.888      0.000    -65.700    300.000     0.0000     0.0000 
 190.200     16.915     29.267    -54.741    -41.267     29.267     90.595      0.000    -65.700    300.000     0.0000     0.0000 
 190.500     16.923     29.282    -54.741    -41.267     29.282     88.144      0.000    -65.700    300.000     0.0000     0.0000 
 190.800     16.931     29.294    -54.740    -41.267     29.294     85.594      0.000    -65.700    300.000     0.0000     0.0000 
 191.100     16.939     29.306    -54.740    -41.267     29.306     83.010      0.000    -65.700    300.000     0.0000     0.0000 
 191.400     16.947     29.316    -54.740    -41.267     29.316     80.455      0.000    -65.700    300.000     0.0000     0.0000 
 191.700     16.955     29.324    -54.740    -41.267     29.324     77.991      0.000    -65.700    300.000     0.0000     0.0000 
 192.000     16.965     29.332    -54.740    -41.267     29.332     75.678      0.000    -65.700    300.000     0.0000     0.0000 
 192.300     16.976     29.337    -54.740    -41.267     29.337     73.574      0.000    -65.700    300.000     0.0000     0.0000 
 192.600     16.987     29.342    -54.740    -41.267     29.342     71.729      0.000    -65.700    300.000     0.0000     0.0000 
 192.900     16.997     29.345    -54.740    -41.267     29.345     70.187      0.000    -65.700    300.000     0.0000     0.0000 
 193.200     17.008     29.346    -54.740    -41.267     29.346     68.981      0.000    -65.700    300.000     0.0000     0.0000 
 193.500     17.019     29.346    -54.740    -41.267     29.346     68.137      0.000    -65.700    300.000     0.0000     0.0000 
 193.800     17.029     29.345    -54.740    -41.267     29.345     67.673      0.000    -65.700    300.000     0.0000     0.0000 
 194.100     17.040     29.342    -54.740    -41.267     29.342     67.598      0.000    -65.700    300.000     0.0000     0.0000 
 194.400     17.050     29.339    -54.740    -41.267     29.339     67.912      0.000    -65.700    300.000     0.0000     0.0000 
 194.700     17.063     29.333    -54.740    -41.267     29.333     68.607      0.000    -65.700    300.000     0.0000     0.0000 
 195.000     17.075     29.327    -54.740    -41.267     29.327     69.663      0.000    -65.700    300.000     0.0000     0.0000 
 195.300     17.088     29.319    -54.740    -41.267     29.319     71.052      0.000    -65.700    300.000     0.0000     0.0000 
 195.600     17.100     29.310    -54.740    -41.267     29.310     72.739      0.000    -65.700    300.000     0.0000     0.0000 
 195.900     17.113     29.300    -54.740    -41.267     29.300     74.679      0.000    -65.700    300.000     0.0000     0.0000 
 196.200     17.125     29.289    -54.740    -41.267     29.289     76.824      0.000    -65.700    300.000     0.0000     0.0000 
 196.500     17.138     29.277    -54.740    -41.267     29.277     79.117      0.000    -65.700    300.000     0.0000     0.0000 
 196.800     17.150     29.264    -54.740    -41.267     29.264     81.503      0.000    -65.700    300.000     0.0000     0.0000 
 197.100     17.163     29.250    -54.740    -41.267     29.250     83.921      0.000    -65.700    300.000     0.0000     0.0000 
 197.400     17.176     29.235    -54.740    -41.267     29.235     86.311      0.000    -65.700    300.000     0.0000     0.0000 
 197.700     17.190     29.220    -54.740    -41.267     29.220     88.615      0.000    -65.700    300.000     0.0000     0.0000 
 198.000     17.204     29.203    -54.739    -41.267     29.203     90.774      0.000    -65.700    300.000     0.0000     0.0000 
 198.300     17.217     29.186    -54.739    -41.267     29.186     92.736      0.000    -65.700    300.000     0.0000     0.0000 
 198.600     17.231     29.168    -54.739    -41.267     29.168     94.453      0.000    -65.700    300.000     0.0000     0.0000 
 198.900     17.244     29.150    -54.739    -41.267     29.150     95.885      0.000    -65.700    300.000     0.0000     0.0000 
 199.200     17.258     29.131    -54.739    -41.267     29.131     96.998      0.000    -65.700    300.000     0.0000     0.0000 
 199.500     17.271     29.112    -54.739    -41.267     29.112     97.771      0.000    -65.700    300.000     0.0000     0.0000 
 199.800     17.285     29.092    -54.739    -41.267     29.092     98.186      0.000    -65.700    300.000     0.0000     0.0000 
