   0.450      0.003      0.000    -65.338    -58.670      0.000      0.006      0.000    -65.700    300.000     0.0000     0.0000 
   0.900      0.006      0.001    -64.987    -57.401      0.001      0.072      0.000    -65.700    300.000     0.0000     0.0000 
   1.350      0.009      0.002    -64.647    -56.188      0.002      0.508      0.000    -65.700    300.000     0.0000     0.0000 
   1.800      0.012      0.006    -64.317    -55.031      0.006      2.341      0.000    -65.700    300.000     0.0000     0.0000 
   2.250      0.013      0.011    -63.998    -53.925      0.011      6.618      0.000    -65.700    300.000     0.0000     0.0000 
   2.700      0.014      0.019    -63.688    -52.869      0.019     13.928      0.000    -65.700    300.000     0.0000     0.0000 
   3.150      0.015      0.034    -63.388    -51.861      0.034     22.626      0.000    -65.700    300.000     0.0000     0.0000 
   3.600      0.016      0.059    -63.098    -50.898      0.059     32.392      0.000    -65.700    300.000     0.0000     0.0000 
   4.050      0.019      0.099    -62.816    -49.978      0.099     41.585      0.000    -65.700    300.000     0.0000     0.0000 
   4.500      0.021      0.162    -62.543    -49.100      0.162     50.901      0.000    -65.700    300.000     0.0000     0.0000 
   4.950      0.023      0.221    -62.279    -48.261      0.221     60.215      0.000    -65.700    300.000     0.0000     0.0000 
   5.400      0.025      0.345    -62.022    -47.460      0.345     68.450      0.000    -65.700    300.000     0.0000     0.0000 
   5.850      0.030      0.458    -61.774    -46.696      0.458     76.625      0.000    -65.700    300.000     0.0000     0.0000 
   6.300      0.034      0.683    -61.533    -45.965      0.683     83.717      0.000    -65.700    300.000     0.0000     0.0000 
   6.750      0.038      0.878    -61.300    -45.268      0.878     90.758      0.000    -65.700    300.000     0.0000     0.0000 
   7.200      0.045      1.252    -61.074    -44.602      1.252     97.751      0.000    -65.700    300.000     0.0000     0.0000 
   7.650      0.054      1.561    -60.855    -43.966      1.561    103.714      0.000    -65.700    300.000     0.0000     0.0000 
   8.100      0.064      1.923    -60.642    -43.358      1.923    109.639      0.000    -65.700    300.000     0.0000     0.0000 
   8.550      0.073      2.341    -60.437    -42.778      2.341    115.512      0.000    -65.700    300.000     0.0000     0.0000 
   9.000      0.089      2.816    -60.237    -42.225      2.816    121.374      0.000    -65.700    300.000     0.0000     0.0000 
   9.450      0.110      3.349    -60.044    -41.696      3.349    126.393      0.000    -65.700    300.000     0.0000     0.0000 
   9.900      0.131      3.940    -59.857    -41.190      3.940    131.742      0.000    -65.700    300.000     0.0000     0.0000 
  10.350      0.152      4.585    -59.675    -40.708      4.585    137.071      0.000    -65.700    300.000     0.0000     0.0000 
  10.800      0.189      4.927    -59.499    -40.247      4.927    142.380      0.000    -65.700    300.000     0.0000     0.0000 
  11.250      0.234      5.649    -59.329    -39.808      5.649    146.615      0.000    -65.700    300.000     0.0000     0.0000 
  11.700      0.279      6.417    -59.164    -39.387      6.417    151.896      0.000    -65.700    300.000     0.0000     0.0000 
  12.150      0.324      6.816    -59.004    -38.986      6.816    156.111      0.000    -65.700    300.000     0.0000     0.0000 
  12.600      0.405      7.643    -58.849    -38.603      7.643    160.318      0.000    -65.700    300.000     0.0000     0.0000 
  13.050      0.496      8.502    -58.699    -38.237      8.502    163.468      0.000    -65.700    300.000     0.0000     0.0000 
  13.500      0.588      8.943    -58.553    -37.888      8.943    167.662      0.000    -65.700    300.000     0.0000     0.0000 
  13.950      0.679      9.390    -58.412    -37.554      9.390    170.804      0.000    -65.700    300.000     0.0000     0.0000 
  14.400      0.845     10.300    -58.275    -37.236     10.300    174.987      0.000    -65.700    300.000     0.0000     0.0000 
  14.850      1.020     10.762    -58.142    -36.931     10.762    178.121      0.000    -65.700    300.000     0.0000     0.0000 
  15.300      1.196     11.227    -58.014    -36.641     11.227    181.252      0.000    -65.700    300.000     0.0000     0.0000 
  15.750      1.371     12.169    -57.890    -36.363     12.169    183.338      0.000    -65.700    300.000     0.0000     0.0000 
  16.200      1.686     12.643    -57.769    -36.098     12.643    186.464      0.000    -65.700    300.000     0.0000     0.0000 
  16.650      2.001     13.120    -57.652    -35.845     13.120    189.588      0.000    -65.700    300.000     0.0000     0.0000 
  17.100      2.316     13.598    -57.539    -35.604     13.598    191.669      0.000    -65.700    300.000     0.0000     0.0000 
  17.550      2.655     14.078    -57.429    -35.373     14.078    194.789      0.000    -65.700    300.000     0.0000     0.0000 
  18.000      3.184     14.558    -57.323    -35.153     14.558    196.867      0.000    -65.700    300.000     0.0000     0.0000 
  18.450      3.712     15.039    -57.220    -34.942     15.039    198.945      0.000    -65.700    300.000     0.0000     0.0000 
  18.900      4.241     15.520    -57.120    -34.741     15.520    201.021      0.000    -65.700    300.000     0.0000     0.0000 
  19.350      4.836     16.001    -57.023    -34.549     16.001    203.097      0.000    -65.700    300.000     0.0000     0.0000 
  19.800      5.662     16.482    -56.929    -34.366     16.482    205.172      0.000    -65.700    300.000     0.0000     0.0000 
  20.250      6.487     16.963    -56.838    -34.191     16.963    207.246      0.000    -65.700    300.000     0.0000     0.0000 
  20.700      7.313     17.442    -56.750    -34.024     17.442    208.283      0.000    -65.700    300.000     0.0000     0.0000 
  21.150      8.263     17.921    -56.665    -33.864     17.921    210.355      0.000    -65.700    300.000     0.0000     0.0000 
  21.600      9.459     18.399    -56.582    -33.712     18.399    211.391      0.000    -65.700    300.000     0.0000     0.0000 
  22.050     10.656     18.876    -56.502    -33.566     18.876    213.463      0.000    -65.700    300.000     0.0000     0.0000 
  22.500     11.853     19.352    -56.424    -33.427     19.352    214.498      0.000    -65.700    300.000     0.0000     0.0000 
  22.950     13.229     19.352    -56.349    -33.295     19.352    216.569      0.000    -65.700    300.000     0.0000     0.0000 
  23.400     14.831     19.826    -56.276    -33.168     19.826    217.604      0.000    -65.700    300.000     0.0000     0.0000 
  23.850     16.433     20.299    -56.205    -33.047     20.299    218.639      0.000    -65.700    300.000     0.0000     0.0000 
  24.300     18.034     20.299    -56.137    -32.931     20.299    219.673      0.000    -65.700    300.000     0.0000     0.0000 
  24.750     19.840     20.770    -56.070    -32.821     20.770    220.708      0.000    -65.700    300.000     0.0000     0.0000 
  25.200     21.808     21.240    -56.006    -32.715     21.240    222.776      0.000    -65.700    300.000     0.0000     0.0000 
  25.650     23.776     21.240    -55.944    -32.615     21.240    223.810      0.000    -65.700    300.000     0.0000     0.0000 
  26.100     25.744     21.707    -55.883    -32.518     21.707    223.810      0.000    -65.700    300.000     0.0000     0.0000 
  26.550     27.867     22.174    -55.825    -32.427     22.174    224.844      0.000    -65.700    300.000     0.0000     0.0000 
  27.000     30.067     22.174    -55.768    -32.339     22.174    225.877      0.000    -65.700    300.000     0.0000     0.0000 
  27.450     32.266     22.638    -55.713    -32.255     22.638    226.911      0.000    -65.700    300.000     0.0000     0.0000 
  27.900     34.466     22.638    -55.660    -32.175     22.638    227.944      0.000    -65.700    300.000     0.0000     0.0000 
  28.350     36.665     23.102    -55.608    -32.099     23.102    228.977      0.000    -65.700    300.000     0.0000     0.0000 
  28.800     38.863     23.102    -55.558    -32.026     23.102    230.010      0.000    -65.700    300.000     0.0000     0.0000 
  29.250     41.062     23.562    -55.509    -31.956     23.562    230.010      0.000    -65.700    300.000     0.0000     0.0000 
  29.700     43.260     23.562    -55.462    -31.890     23.562    231.043      0.000    -65.700    300.000     0.0000     0.0000 
  30.150     45.195     24.021    -55.417    -31.826     24.021    232.076      0.000    -65.700    300.000     0.0000     0.0000 
  30.600     47.096     24.021    -55.373    -31.766     24.021    232.076      0.000    -65.700    300.000     0.0000     0.0000 
  31.050     48.997     24.479    -55.330    -31.708     24.479    233.108      0.000    -65.700    300.000     0.0000     0.0000 
  31.500     50.899     24.479    -55.288    -31.653     24.479    233.108      0.000    -65.700    300.000     0.0000     0.0000 
  31.950     52.207     24.479    -55.248    -31.600     24.479    234.141      0.000    -65.700    300.000     0.0000     0.0000 
  32.400     53.515     24.935    -55.209    -31.549     24.935    234.141      0.000    -65.700    300.000     0.0000     0.0000 
  32.850     54.823     24.935    -55.172    -31.501     24.935    235.173      0.000    -65.700    300.000     0.0000     0.0000 
  33.300     56.041     25.389    -55.135    -31.455     25.389    235.173      0.000    -65.700    300.000     0.0000     0.0000 
  33.750     56.536     25.389    -55.100    -31.411     25.389    236.205      0.000    -65.700    300.000     0.0000     0.0000 
  34.200     57.031     25.389    -55.065    -31.369     25.389    236.205      0.000    -65.700    300.000     0.0000     0.0000 
  34.650     57.526     25.841    -55.032    -31.329     25.841    237.237      0.000    -65.700    300.000     0.0000     0.0000 
  35.100     57.778     25.841    -55.000    -31.291     25.841    237.237      0.000    -65.700    300.000     0.0000     0.0000 
  35.550     57.175     25.841    -54.969    -31.254     25.841    237.237      0.000    -65.700    300.000     0.0000     0.0000 
  36.000     56.573     26.292    -54.938    -31.220     26.292    238.269      0.000    -65.700    300.000     0.0000     0.0000 
  36.450     55.971     26.292    -54.909    -31.186     26.292    238.269      0.000    -65.700    300.000     0.0000     0.0000 
  36.900     55.369     26.292    -54.880    -31.154     26.292    238.269      0.000    -65.700    300.000     0.0000     0.0000 
  37.350     54.766     26.292    -54.853    -31.124     26.292    239.300      0.000    -65.700    300.000     0.0000     0.0000 
  37.800     53.698     26.739    -54.826    -31.095     26.739    239.300      0.000    -65.700    300.000     0.0000     0.0000 
  38.250     52.047     26.739    -54.800    -31.067     26.739    239.300      0.000    -65.700    300.000     0.0000     0.0000 
  38.700     50.397     26.739    -54.775    -31.041     26.739    240.332      0.000    -65.700    300.000     0.0000     0.0000 
  39.150     48.746     26.739    -54.751    -31.016     26.739    240.332      0.000    -65.700    300.000     0.0000     0.0000 
  39.600     47.096     27.187    -54.727    -30.992     27.187    240.332      0.000    -65.700    300.000     0.0000     0.0000 
  40.050     45.445     27.187    -54.705    -30.969     27.187    240.332      0.000    -65.700    300.000     0.0000     0.0000 
  40.500     43.498     27.187    -54.682    -30.947     27.187    240.332      0.000    -65.700    300.000     0.0000     0.0000 
  40.950     41.403     27.187    -54.661    -30.926     27.187    241.363      0.000    -65.700    300.000     0.0000     0.0000 
  41.400     39.307     27.631    -54.640    -30.905     27.631    241.363      0.000    -65.700    300.000     0.0000     0.0000 
  41.850     37.212     27.631    -54.620    -30.886     27.631    241.363      0.000    -65.700    300.000     0.0000     0.0000 
  42.300     35.116     27.631    -54.601    -30.868     27.631    241.363      0.000    -65.700    300.000     0.0000     0.0000 
  42.750     33.021     27.631    -54.582    -30.851     27.631    241.363      0.000    -65.700    300.000     0.0000     0.0000 
  43.200     31.080     27.631    -54.563    -30.834     27.631    242.395      0.000    -65.700    300.000     0.0000     0.0000 
  43.650     29.158     27.631    -54.546    -30.818     27.631    242.395      0.000    -65.700    300.000     0.0000     0.0000 
  44.100     27.236     28.075    -54.528    -30.803     28.075    242.395      0.000    -65.700    300.000     0.0000     0.0000 
  44.550     25.314     28.075    -54.512    -30.788     28.075    242.395      0.000    -65.700    300.000     0.0000     0.0000 
  45.000     23.392     28.075    -54.496    -30.774     28.075    242.395      0.000    -65.700    300.000     0.0000     0.0000 
  45.450     21.530     28.075    -54.480    -30.761     28.075    242.395      0.000    -65.700    300.000     0.0000     0.0000 
  45.900     20.149     28.075    -54.465    -30.748     28.075    242.395      0.000    -65.700    300.000     0.0000     0.0000 
  46.350     18.767     28.075    -54.450    -30.736     28.075    243.426      0.000    -65.700    300.000     0.0000     0.0000 
  46.800     17.385     28.515    -54.436    -30.725     28.515    243.426      0.000    -65.700    300.000     0.0000     0.0000 
  47.250     16.003     28.515    -54.422    -30.714     28.515    243.426      0.000    -65.700    300.000     0.0000     0.0000 
  47.700     14.622     28.515    -54.409    -30.703     28.515    243.426      0.000    -65.700    300.000     0.0000     0.0000 
  48.150     13.441     28.515    -54.396    -30.693     28.515    243.426      0.000    -65.700    300.000     0.0000     0.0000 
  48.600     12.662     28.515    -54.383    -30.684     28.515    243.426      0.000    -65.700    300.000     0.0000     0.0000 
  49.050     11.883     28.515    -54.371    -30.674     28.515    243.426      0.000    -65.700    300.000     0.0000     0.0000 
  49.500     11.103     28.515    -54.359    -30.666     28.515    243.426      0.000    -65.700    300.000     0.0000     0.0000 
  49.950     10.324     28.515    -54.348    -30.657     28.515    243.426      0.000    -65.700    300.000     0.0000     0.0000 
  50.400      9.545     28.956    -54.337    -30.649     28.956    243.426      0.000    -65.700    300.000     0.0000     0.0000 
  50.850      9.029     28.956    -54.326    -30.642     28.956    244.457      0.000    -65.700    300.000     0.0000     0.0000 
  51.300      8.723     28.956    -54.316    -30.634     28.956    244.457      0.000    -65.700    300.000     0.0000     0.0000 
  51.750      8.417     28.956    -54.305    -30.627     28.956    244.457      0.000    -65.700    300.000     0.0000     0.0000 
  52.200      8.111     28.956    -54.296    -30.621     28.956    244.457      0.000    -65.700    300.000     0.0000     0.0000 
  52.650      7.805     28.956    -54.286    -30.614     28.956    244.457      0.000    -65.700    300.000     0.0000     0.0000 
  53.100      7.499     28.956    -54.277    -30.608     28.956    244.457      0.000    -65.700    300.000     0.0000     0.0000 
  53.550      7.423     28.956    -54.268    -30.603     28.956    244.457      0.000    -65.700    300.000     0.0000     0.0000 
  54.000      7.414     28.956    -54.260    -30.597     28.956    244.457      0.000    -65.700    300.000     0.0000     0.0000 
  54.450      7.405     28.956    -54.251    -30.592     28.956    244.457      0.000    -65.700    300.000     0.0000     0.0000 
  54.900      7.396     29.393    -54.243    -30.587     29.393    244.457      0.000    -65.700    300.000     0.0000     0.0000 
  55.350      7.386     29.393    -54.235    -30.582     29.393    244.457      0.000    -65.700    300.000     0.0000     0.0000 
  55.800      7.377     29.393    -54.228    -30.577     29.393    244.457      0.000    -65.700    300.000     0.0000     0.0000 
  56.250      7.527     29.393    -54.220    -30.573     29.393    244.457      0.000    -65.700    300.000     0.0000     0.0000 
  56.700      7.676     29.393    -54.213    -30.569     29.393    244.457      0.000    -65.700    300.000     0.0000     0.0000 
  57.150      7.826     29.393    -54.206    -30.565     29.393    244.457      0.000    -65.700    300.000     0.0000     0.0000 
  57.600      7.976     29.393    -54.200    -30.561     29.393    244.457      0.000    -65.700    300.000     0.0000     0.0000 
  58.050      8.125     29.393    -54.193    -30.557     29.393    244.457      0.000    -65.700    300.000     0.0000     0.0000 
  58.500      8.292     29.393    -54.187    -30.554     29.393    244.457      0.000    -65.700    300.000     0.0000     0.0000 
  58.950      8.520     29.393    -54.181    -30.551     29.393    244.457      0.000    -65.700    300.000     0.0000     0.0000 
  59.400      8.747     29.393    -54.175    -30.547     29.393    245.488      0.000    -65.700    300.000     0.0000     0.0000 
  59.850      8.975     29.393    -54.169    -30.544     29.393    245.488      0.000    -65.700    300.000     0.0000     0.0000 
  60.300      9.202     29.393    -54.163    -30.541     29.393    245.488      0.000    -65.700    300.000     0.0000     0.0000 
  60.750      9.430     29.393    -54.158    -30.539     29.393    245.488      0.000    -65.700    300.000     0.0000     0.0000 
  61.200      9.674     29.393    -54.153    -30.536     29.393    245.488      0.000    -65.700    300.000     0.0000     0.0000 
  61.650      9.940     29.831    -54.148    -30.534     29.831    245.488      0.000    -65.700    300.000     0.0000     0.0000 
  62.100     10.205     29.831    -54.143    -30.531     29.831    245.488      0.000    -65.700    300.000     0.0000     0.0000 
  62.550     10.470     29.831    -54.138    -30.529     29.831    245.488      0.000    -65.700    300.000     0.0000     0.0000 
  63.000     10.736     29.831    -54.134    -30.527     29.831    245.488      0.000    -65.700    300.000     0.0000     0.0000 
  63.450     11.001     29.831    -54.129    -30.525     29.831    245.488      0.000    -65.700    300.000     0.0000     0.0000 
  63.900     11.280     29.831    -54.125    -30.523     29.831    245.488      0.000    -65.700    300.000     0.0000     0.0000 
  64.350     11.565     29.831    -54.121    -30.521     29.831    245.488      0.000    -65.700    300.000     0.0000     0.0000 
  64.800     11.850     29.831    -54.117    -30.519     29.831    245.488      0.000    -65.700    300.000     0.0000     0.0000 
  65.250     12.134     29.831    -54.113    -30.517     29.831    245.488      0.000    -65.700    300.000     0.0000     0.0000 
  65.700     12.419     29.831    -54.109    -30.515     29.831    245.488      0.000    -65.700    300.000     0.0000     0.0000 
  66.150     12.704     29.831    -54.105    -30.514     29.831    245.488      0.000    -65.700    300.000     0.0000     0.0000 
  66.600     12.997     29.831    -54.102    -30.512     29.831    245.488      0.000    -65.700    300.000     0.0000     0.0000 
  67.050     13.290     29.831    -54.098    -30.511     29.831    245.488      0.000    -65.700    300.000     0.0000     0.0000 
  67.500     13.584     29.831    -54.095    -30.509     29.831    245.488      0.000    -65.700    300.000     0.0000     0.0000 
  67.950     13.877     29.831    -54.091    -30.508     29.831    245.488      0.000    -65.700    300.000     0.0000     0.0000 
  68.400     14.171     29.831    -54.088    -30.507     29.831    245.488      0.000    -65.700    300.000     0.0000     0.0000 
  68.850     14.464     29.831    -54.085    -30.506     29.831    245.488      0.000    -65.700    300.000     0.0000     0.0000 
  69.300     14.758     29.831    -54.082    -30.504     29.831    245.488      0.000    -65.700    300.000     0.0000     0.0000 
  69.750     15.052     29.831    -54.079    -30.503     29.831    245.488      0.000    -65.700    300.000     0.0000     0.0000 
  70.200     15.346     29.831    -54.077    -30.502     29.831    245.488      0.000    -65.700    300.000     0.0000     0.0000 
  70.650     15.640     29.831    -54.074    -30.501     29.831    245.488      0.000    -65.700    300.000     0.0000     0.0000 
  71.100     15.934     29.831    -54.071    -30.500     29.831    245.488      0.000    -65.700    300.000     0.0000     0.0000 
  71.550     16.226     29.831    -54.069    -30.499     29.831    245.488      0.000    -65.700    300.000     0.0000     0.0000 
  72.000     16.512     29.831    -54.066    -30.499     29.831    245.488      0.000    -65.700    300.000     0.0000     0.0000 
  72.450     16.798     29.831    -54.064    -30.498     29.831    245.488      0.000    -65.700    300.000     0.0000     0.0000 
  72.900     17.084     29.831    -54.062    -30.497     29.831    245.488      0.000    -65.700    300.000     0.0000     0.0000 
  73.350     17.371     29.831    -54.059    -30.496     29.831    245.488      0.000    -65.700    300.000     0.0000     0.0000 
  73.800     17.657     29.831    -54.057    -30.495     29.831    245.488      0.000    -65.700    300.000     0.0000     0.0000 
  74.250     17.935     29.831    -54.055    -30.495     29.831    245.488      0.000    -65.700    300.000     0.0000     0.0000 
  74.700     18.206     29.831    -54.053    -30.494     29.831    245.488      0.000    -65.700    300.000     0.0000     0.0000 
  75.150     18.476     29.831    -54.051    -30.493     29.831    245.488      0.000    -65.700    300.000     0.0000     0.0000 
  75.600     18.747     30.264    -54.049    -30.493     30.264    245.488      0.000    -65.700    300.000     0.0000     0.0000 
  76.050     19.018     30.264    -54.047    -30.492     30.264    245.488      0.000    -65.700    300.000     0.0000     0.0000 
  76.500     19.289     30.264    -54.046    -30.492     30.264    245.488      0.000    -65.700    300.000     0.0000     0.0000 
  76.950     19.542     30.264    -54.044    -30.491     30.264    245.488      0.000    -65.700    300.000     0.0000     0.0000 
  77.400     19.790     30.264    -54.042    -30.491     30.264    245.488      0.000    -65.700    300.000     0.0000     0.0000 
  77.850     20.038     30.264    -54.041    -30.490     30.264    245.488      0.000    -65.700    300.000     0.0000     0.0000 
  78.300     20.286     30.264    -54.039    -30.490     30.264    245.488      0.000    -65.700    300.000     0.0000     0.0000 
  78.750     20.534     30.264    -54.037    -30.489     30.264    245.488      0.000    -65.700    300.000     0.0000     0.0000 
  79.200     20.782     30.264    -54.036    -30.489     30.264    245.488      0.000    -65.700    300.000     0.0000     0.0000 
  79.650     21.001     30.264    -54.035    -30.489     30.264    245.488      0.000    -65.700    300.000     0.0000     0.0000 
  80.100     21.220     30.264    -54.033    -30.488     30.264    245.488      0.000    -65.700    300.000     0.0000     0.0000 
  80.550     21.438     30.264    -54.032    -30.488     30.264    245.488      0.000    -65.700    300.000     0.0000     0.0000 
  81.000     21.657     30.264    -54.031    -30.487     30.264    245.488      0.000    -65.700    300.000     0.0000     0.0000 
  81.450     21.876     30.264    -54.029    -30.487     30.264    245.488      0.000    -65.700    300.000     0.0000     0.0000 
  81.900     22.087     30.264    -54.028    -30.487     30.264    245.488      0.000    -65.700    300.000     0.0000     0.0000 
  82.350     22.272     30.264    -54.027    -30.486     30.264    245.488      0.000    -65.700    300.000     0.0000     0.0000 
  82.800     22.457     30.264    -54.026    -30.486     30.264    245.488      0.000    -65.700    300.000     0.0000     0.0000 
  83.250     22.641     30.264    -54.025    -30.486     30.264    245.488      0.000    -65.700    300.000     0.0000     0.0000 
  83.700     22.826     30.264    -54.023    -30.486     30.264    245.488      0.000    -65.700    300.000     0.0000     0.0000 
  84.150     23.011     30.264    -54.022    -30.485     30.264    245.488      0.000    -65.700    300.000     0.0000     0.0000 
  84.600     23.179     30.264    -54.021    -30.485     30.264    245.488      0.000    -65.700    300.000     0.0000     0.0000 
  85.050     23.326     30.264    -54.020    -30.485     30.264    245.488      0.000    -65.700    300.000     0.0000     0.0000 
  85.500     23.474     30.264    -54.019    -30.485     30.264    245.488      0.000    -65.700    300.000     0.0000     0.0000 
  85.950     23.621     30.264    -54.019    -30.484     30.264    245.488      0.000    -65.700    300.000     0.0000     0.0000 
  86.400     23.769     30.264    -54.018    -30.484     30.264    245.488      0.000    -65.700    300.000     0.0000     0.0000 
  86.850     23.916     30.264    -54.017    -30.484     30.264    245.488      0.000    -65.700    300.000     0.0000     0.0000 
  87.300     24.040     30.264    -54.016    -30.484     30.264    245.488      0.000    -65.700    300.000     0.0000     0.0000 
  87.750     24.152     30.264    -54.015    -30.484     30.264    245.488      0.000    -65.700    300.000     0.0000     0.0000 
  88.200     24.264     30.264    -54.014    -30.484     30.264    245.488      0.000    -65.700    300.000     0.0000     0.0000 
  88.650     24.377     30.264    -54.014    -30.483     30.264    245.488      0.000    -65.700    300.000     0.0000     0.0000 
  89.100     24.489     30.264    -54.013    -30.483     30.264    245.488      0.000    -65.700    300.000     0.0000     0.0000 
  89.550     24.576     30.264    -54.012    -30.483     30.264    245.488      0.000    -65.700    300.000     0.0000     0.0000 
  90.000     24.656     30.264    -54.011    -30.483     30.264    245.488      0.000    -65.700    300.000     0.0000     0.0000 
  90.450     24.736     30.264    -54.011    -30.483     30.264    245.488      0.000    -65.700    300.000     0.0000     0.0000 
  90.900     24.816     30.264    -54.010    -30.483     30.264    245.488      0.000    -65.700    300.000     0.0000     0.0000 
  91.350     24.897     30.264    -54.009    -30.483     30.264    245.488      0.000    -65.700    300.000     0.0000     0.0000 
  91.800     24.950     30.264    -54.009    -30.482     30.264    245.488      0.000    -65.700    300.000     0.0000     0.0000 
  92.250     25.000     30.264    -54.008    -30.482     30.264    245.488      0.000    -65.700    300.000     0.0000     0.0000 
  92.700     25.050     30.264    -54.008    -30.482     30.264    245.488      0.000    -65.700    300.000     0.0000     0.0000 
  93.150     25.100     30.264    -54.007    -30.482     30.264    245.488      0.000    -65.700    300.000     0.0000     0.0000 
  93.600     25.150     30.264    -54.007    -30.482     30.264    245.488      0.000    -65.700    300.000     0.0000     0.0000 
  94.050     25.172     30.264    -54.006    -30.482     30.264    245.488      0.000    -65.700    300.000     0.0000     0.0000 
  94.500     25.195     30.264    -54.005    -30.482     30.264    245.488      0.000    -65.700    300.000     0.0000     0.0000 
  94.950     25.217     30.264    -54.005    -30.482     30.264    245.488      0.000    -65.700    300.000     0.0000     0.0000 
  95.400     25.240     30.264    -54.005    -30.482     30.264    245.488      0.000    -65.700    300.000     0.0000     0.0000 
  95.850     25.260     30.264    -54.004    -30.482     30.264    245.488      0.000    -65.700    300.000     0.0000     0.0000 
  96.300     25.258     30.264    -54.004    -30.482     30.264    245.488      0.000    -65.700    300.000     0.0000     0.0000 
  96.750     25.257     30.264    -54.003    -30.482     30.264    245.488      0.000    -65.700    300.000     0.0000     0.0000 
  97.200     25.255     30.264    -54.003    -30.481     30.264    245.488      0.000    -65.700    300.000     0.0000     0.0000 
  97.650     25.254     30.264    -54.002    -30.481     30.264    245.488      0.000    -65.700    300.000     0.0000     0.0000 
  98.100     25.248     30.264    -54.002    -30.481     30.264    245.488      0.000    -65.700    300.000     0.0000     0.0000 
  98.550     25.227     30.264    -54.002    -30.481     30.264    245.488      0.000    -65.700    300.000     0.0000     0.0000 
  99.000     25.206     30.264    -54.001    -30.481     30.264    245.488      0.000    -65.700    300.000     0.0000     0.0000 
  99.450     25.185     30.264    -54.001    -30.481     30.264    245.488      0.000    -65.700    300.000     0.0000     0.0000 
  99.900     25.164     30.264    -54.000    -30.481     30.264    245.488      0.000    -65.700    300.000     0.0000     0.0000 
 100.350     25.138     30.264    -54.000    -30.481     30.264    245.488      0.000    -65.700    300.000     0.0000     0.0000 
 100.800     25.102     30.264    -54.000    -30.481     30.264    245.488      0.000    -65.700    300.000     0.0000     0.0000 
 101.250     25.066     30.264    -53.999    -30.481     30.264    245.488      0.000    -65.700    300.000     0.0000     0.0000 
 101.700     25.030     30.264    -53.999    -30.481     30.264    245.488      0.000    -65.700    300.000     0.0000     0.0000 
 102.150     24.994     30.264    -53.999    -30.481     30.264    245.488      0.000    -65.700    300.000     0.0000     0.0000 
 102.600     24.953     30.264    -53.999    -30.481     30.264    245.488      0.000    -65.700    300.000     0.0000     0.0000 
 103.050     24.906     30.264    -53.998    -30.481     30.264    245.488      0.000    -65.700    300.000     0.0000     0.0000 
 103.500     24.859     30.264    -53.998    -30.481     30.264    245.488      0.000    -65.700    300.000     0.0000     0.0000 
 103.950     24.812     30.264    -53.998    -30.481     30.264    245.488      0.000    -65.700    300.000     0.0000     0.0000 
 104.400     24.766     30.264    -53.998    -30.481     30.264    245.488      0.000    -65.700    300.000     0.0000     0.0000 
 104.850     24.715     30.264    -53.997    -30.481     30.264    245.488      0.000    -65.700    300.000     0.0000     0.0000 
 105.300     24.662     30.264    -53.997    -30.481     30.264    245.488      0.000    -65.700    300.000     0.0000     0.0000 
 105.750     24.609     30.264    -53.997    -30.481     30.264    245.488      0.000    -65.700    300.000     0.0000     0.0000 
 106.200     24.556     30.264    -53.997    -30.481     30.264    245.488      0.000    -65.700    300.000     0.0000     0.0000 
 106.650     24.503     30.264    -53.996    -30.481     30.264    245.488      0.000    -65.700    300.000     0.0000     0.0000 
 107.100     24.449     30.264    -53.996    -30.481     30.264    245.488      0.000    -65.700    300.000     0.0000     0.0000 
 107.550     24.394     30.264    -53.996    -30.481     30.264    245.488      0.000    -65.700    300.000     0.0000     0.0000 
 108.000     24.338     30.264    -53.996    -30.481     30.264    245.488      0.000    -65.700    300.000     0.0000     0.0000 
 108.450     24.283     30.264    -53.996    -30.480     30.264    245.488      0.000    -65.700    300.000     0.0000     0.0000 
 108.900     24.227     30.264    -53.995    -30.480     30.264    245.488      0.000    -65.700    300.000     0.0000     0.0000 
 109.350     24.173     30.264    -53.995    -30.480     30.264    245.488      0.000    -65.700    300.000     0.0000     0.0000 
 109.800     24.118     30.264    -53.995    -30.480     30.264    245.488      0.000    -65.700    300.000     0.0000     0.0000 
 110.250     24.064     30.264    -53.995    -30.480     30.264    245.488      0.000    -65.700    300.000     0.0000     0.0000 
 110.700     24.009     30.264    -53.995    -30.480     30.264    245.488      0.000    -65.700    300.000     0.0000     0.0000 
 111.150     23.955     30.264    -53.995    -30.480     30.264    245.488      0.000    -65.700    300.000     0.0000     0.0000 
 111.600     23.904     30.264    -53.994    -30.480     30.264    245.488      0.000    -65.700    300.000     0.0000     0.0000 
 112.050     23.852     30.264    -53.994    -30.480     30.264    245.488      0.000    -65.700    300.000     0.0000     0.0000 
 112.500     23.801     30.264    -53.994    -30.480     30.264    245.488      0.000    -65.700    300.000     0.0000     0.0000 
 112.950     23.750     30.264    -53.994    -30.480     30.264    245.488      0.000    -65.700    300.000     0.0000     0.0000 
 113.400     23.699     30.264    -53.994    -30.480     30.264    245.488      0.000    -65.700    300.000     0.0000     0.0000 
 113.850     23.653     30.264    -53.994    -30.480     30.264    245.488      0.000    -65.700    300.000     0.0000     0.0000 
 114.300     23.607     30.264    -53.994    -30.480     30.264    245.488      0.000    -65.700    300.000     0.0000     0.0000 
 114.750     23.561     30.264    -53.993    -30.480     30.264    245.488      0.000    -65.700    300.000     0.0000     0.0000 
 115.200     23.515     30.264    -53.993    -30.480     30.264    245.488      0.000    -65.700    300.000     0.0000     0.0000 
 115.650     23.470     30.264    -53.993    -30.480     30.264    245.488      0.000    -65.700    300.000     0.0000     0.0000 
 116.100     23.430     30.264    -53.993    -30.480     30.264    245.488      0.000    -65.700    300.000     0.0000     0.0000 
 116.550     23.390     30.264    -53.993    -30.480     30.264    245.488      0.000    -65.700    300.000     0.0000     0.0000 
 117.000     23.350     30.264    -53.993    -30.480     30.264    245.488      0.000    -65.700    300.000     0.0000     0.0000 
 117.450     23.309     30.264    -53.993    -30.480     30.264    245.488      0.000    -65.700    300.000     0.0000     0.0000 
 117.900     23.271     30.264    -53.993    -30.480     30.264    245.488      0.000    -65.700    300.000     0.0000     0.0000 
 118.350     23.236     30.264    -53.993    -30.480     30.264    245.488      0.000    -65.700    300.000     0.0000     0.0000 
 118.800     23.202     30.264    -53.992    -30.480     30.264    245.488      0.000    -65.700    300.000     0.0000     0.0000 
 119.250     23.168     30.264    -53.992    -30.480     30.264    245.488      0.000    -65.700    300.000     0.0000     0.0000 
 119.700     23.134     30.264    -53.992    -30.480     30.264    245.488      0.000    -65.700    300.000     0.0000     0.0000 
 120.150     23.101     30.264    -53.992    -30.480     30.264    245.488      0.000    -65.700    300.000     0.0000     0.0000 
 120.600     23.073     30.264    -53.992    -30.480     30.264    245.488      0.000    -65.700    300.000     0.0000     0.0000 
 121.050     23.044     30.264    -53.992    -30.480     30.264    245.488      0.000    -65.700    300.000     0.0000     0.0000 
 121.500     23.015     30.264    -53.992    -30.480     30.264    245.488      0.000    -65.700    300.000     0.0000     0.0000 
 121.950     22.986     30.264    -53.992    -30.480     30.264    245.488      0.000    -65.700    300.000     0.0000     0.0000 
 122.400     22.959     30.264    -53.992    -30.480     30.264    245.488      0.000    -65.700    300.000     0.0000     0.0000 
 122.850     22.934     30.264    -53.992    -30.480     30.264    245.488      0.000    -65.700    300.000     0.0000     0.0000 
 123.300     22.909     30.264    -53.992    -30.480     30.264    245.488      0.000    -65.700    300.000     0.0000     0.0000 
 123.750     22.885     30.264    -53.992    -30.480     30.264    245.488      0.000    -65.700    300.000     0.0000     0.0000 
 124.200     22.860     30.264    -53.992    -30.480     30.264    245.488      0.000    -65.700    300.000     0.0000     0.0000 
 124.650     22.837     30.264    -53.991    -30.480     30.264    245.488      0.000    -65.700    300.000     0.0000     0.0000 
 125.100     22.814     30.264    -53.991    -30.480     30.264    245.488      0.000    -65.700    300.000     0.0000     0.0000 
 125.550     22.792     30.264    -53.991    -30.480     30.264    245.488      0.000    -65.700    300.000     0.0000     0.0000 
 126.000     22.770     30.264    -53.991    -30.480     30.264    245.488      0.000    -65.700    300.000     0.0000     0.0000 
 126.450     22.748     30.264    -53.991    -30.480     30.264    245.488      0.000    -65.700    300.000     0.0000     0.0000 
 126.900     22.726     30.264    -53.991    -30.480     30.264    245.488      0.000    -65.700    300.000     0.0000     0.0000 
 127.350     22.705     30.264    -53.991    -30.480     30.264    245.488      0.000    -65.700    300.000     0.0000     0.0000 
 127.800     22.683     30.264    -53.991    -30.480     30.264    245.488      0.000    -65.700    300.000     0.0000     0.0000 
 128.250     22.662     30.264    -53.991    -30.480     30.264    245.488      0.000    -65.700    300.000     0.0000     0.0000 
 128.700     22.641     30.264    -53.991    -30.480     30.264    245.488      0.000    -65.700    300.000     0.0000     0.0000 
 129.150     22.618     30.264    -53.991    -30.480     30.264    245.488      0.000    -65.700    300.000     0.0000     0.0000 
 129.600     22.596     30.264    -53.991    -30.480     30.264    245.488      0.000    -65.700    300.000     0.0000     0.0000 
 130.050     22.574     30.264    -53.991    -30.480     30.264    245.488      0.000    -65.700    300.000     0.0000     0.0000 
 130.500     22.551     30.264    -53.991    -30.480     30.264    245.488      0.000    -65.700    300.000     0.0000     0.0000 
 130.950     22.529     30.264    -53.991    -30.480     30.264    245.488      0.000    -65.700    300.000     0.0000     0.0000 
 131.400     22.503     30.264    -53.991    -30.480     30.264    245.488      0.000    -65.700    300.000     0.0000     0.0000 
 131.850     22.477     30.264    -53.991    -30.480     30.264    245.488      0.000    -65.700    300.000     0.0000     0.0000 
 132.300     22.451     30.264    -53.991    -30.480     30.264    245.488      0.000    -65.700    300.000     0.0000     0.0000 
 132.750     22.426     30.264    -53.991    -30.480     30.264    245.488      0.000    -65.700    300.000     0.0000     0.0000 
 133.200     22.400     30.264    -53.991    -30.480     30.264    245.488      0.000    -65.700    300.000     0.0000     0.0000 
 133.650     22.374     30.264    -53.991    -30.480     30.264    245.488      0.000    -65.700    300.000     0.0000     0.0000 
 134.100     22.345     30.264    -53.991    -30.480     30.264    245.488      0.000    -65.700    300.000     0.0000     0.0000 
 134.550     22.313     30.264    -53.990    -30.480     30.264    245.488      0.000    -65.700    300.000     0.0000     0.0000 
 135.000     22.281     30.264    -53.990    -30.480     30.264    245.488      0.000    -65.700    300.000     0.0000     0.0000 
 135.450     22.249     30.264    -53.990    -30.480     30.264    245.488      0.000    -65.700    300.000     0.0000     0.0000 
 135.900     22.217     30.264    -53.990    -30.480     30.264    245.488      0.000    -65.700    300.000     0.0000     0.0000 
 136.350     22.185     30.264    -53.990    -30.480     30.264    245.488      0.000    -65.700    300.000     0.0000     0.0000 
 136.800     22.153     30.264    -53.990    -30.480     30.264    245.488      0.000    -65.700    300.000     0.0000     0.0000 
 137.250     22.113     30.264    -53.990    -30.480     30.264    245.488      0.000    -65.700    300.000     0.0000     0.0000 
 137.700     22.073     30.264    -53.990    -30.480     30.264    245.488      0.000    -65.700    300.000     0.0000     0.0000 
 138.150     22.033     30.264    -53.990    -30.480     30.264    245.488      0.000    -65.700    300.000     0.0000     0.0000 
 138.600     21.993     30.264    -53.990    -30.480     30.264    245.488      0.000    -65.700    300.000     0.0000     0.0000 
 139.050     21.953     30.264    -53.990    -30.480     30.264    245.488      0.000    -65.700    300.000     0.0000     0.0000 
 139.500     21.913     30.264    -53.990    -30.480     30.264    245.488      0.000    -65.700    300.000     0.0000     0.0000 
 139.950     21.868     30.264    -53.990    -30.480     30.264    245.488      0.000    -65.700    300.000     0.0000     0.0000 
 140.400     21.820     30.264    -53.990    -30.480     30.264    245.488      0.000    -65.700    300.000     0.0000     0.0000 
 140.850     21.771     30.264    -53.990    -30.480     30.264    245.488      0.000    -65.700    300.000     0.0000     0.0000 
 141.300     21.722     30.264    -53.990    -30.480     30.264    245.488      0.000    -65.700    300.000     0.0000     0.0000 
 141.750     21.673     30.264    -53.990    -30.480     30.264    245.488      0.000    -65.700    300.000     0.0000     0.0000 
 142.200     21.625     30.264    -53.990    -30.480     30.264    245.488      0.000    -65.700    300.000     0.0000     0.0000 
 142.650     21.575     30.264    -53.990    -30.480     30.264    245.488      0.000    -65.700    300.000     0.0000     0.0000 
 143.100     21.518     30.264    -53.990    -30.480     30.264    245.488      0.000    -65.700    300.000     0.0000     0.0000 
 143.550     21.460     30.264    -53.990    -30.480     30.264    245.488      0.000    -65.700    300.000     0.0000     0.0000 
 144.000     21.403     30.264    -53.990    -30.480     30.264    245.488      0.000    -65.700    300.000     0.0000     0.0000 
 144.450     21.346     30.264    -53.990    -30.480     30.264    245.488      0.000    -65.700    300.000     0.0000     0.0000 
 144.900     21.289     30.264    -53.990    -30.480     30.264    245.488      0.000    -65.700    300.000     0.0000     0.0000 
 145.350     21.231     30.264    -53.990    -30.480     30.264    245.488      0.000    -65.700    300.000     0.0000     0.0000 
 145.800     21.169     30.264    -53.990    -30.480     30.264    245.488      0.000    -65.700    300.000     0.0000     0.0000 
 146.250     21.104     30.264    -53.990    -30.480     30.264    245.488      0.000    -65.700    300.000     0.0000     0.0000 
 146.700     21.039     30.264    -53.990    -30.480     30.264    245.488      0.000    -65.700    300.000     0.0000     0.0000 
 147.150     20.974     30.264    -53.990    -30.480     30.264    245.488      0.000    -65.700    300.000     0.0000     0.0000 
 147.600     20.909     30.264    -53.990    -30.480     30.264    245.488      0.000    -65.700    300.000     0.0000     0.0000 
 148.050     20.845     30.264    -53.990    -30.480     30.264    245.488      0.000    -65.700    300.000     0.0000     0.0000 
 148.500     20.778     30.264    -53.990    -30.480     30.264    245.488      0.000    -65.700    300.000     0.0000     0.0000 
 148.950     20.708     30.264    -53.990    -30.480     30.264    245.488      0.000    -65.700    300.000     0.0000     0.0000 
 149.400     20.637     30.264    -53.990    -30.480     30.264    245.488      0.000    -65.700    300.000     0.0000     0.0000 
 149.850     20.567     30.264    -53.990    -30.480     30.264    245.488      0.000    -65.700    300.000     0.0000     0.0000 
 150.300     20.496     30.264    -53.990    -30.480     30.264    245.488      0.000    -65.700    300.000     0.0000     0.0000 
 150.750     20.425     30.264    -53.990    -30.480     30.264    245.488      0.000    -65.700    300.000     0.0000     0.0000 
 151.200     20.355     30.264    -53.990    -30.480     30.264    245.488      0.000    -65.700    300.000     0.0000     0.0000 
 151.650     20.281     30.264    -53.990    -30.480     30.264    245.488      0.000    -65.700    300.000     0.0000     0.0000 
 152.100     20.207     30.264    -53.990    -30.480     30.264    245.488      0.000    -65.700    300.000     0.0000     0.0000 
 152.550     20.133     30.264    -53.990    -30.480     30.264    245.488      0.000    -65.700    300.000     0.0000     0.0000 
 153.000     20.059     30.264    -53.990    -30.480     30.264    245.488      0.000    -65.700    300.000     0.0000     0.0000 
 153.450     19.985     30.264    -53.990    -30.480     30.264    245.488      0.000    -65.700    300.000     0.0000     0.0000 
 153.900     19.911     30.264    -53.990    -30.480     30.264    245.488      0.000    -65.700    300.000     0.0000     0.0000 
 154.350     19.836     30.264    -53.990    -30.480     30.264    245.488      0.000    -65.700    300.000     0.0000     0.0000 
 154.800     19.761     30.264    -53.990    -30.480     30.264    245.488      0.000    -65.700    300.000     0.0000     0.0000 
 155.250     19.686     30.264    -53.990    -30.480     30.264    245.488      0.000    -65.700    300.000     0.0000     0.0000 
 155.700     19.611     30.264    -53.990    -30.480     30.264    245.488      0.000    -65.700    300.000     0.0000     0.0000 
 156.150     19.536     30.264    -53.990    -30.480     30.264    245.488      0.000    -65.700    300.000     0.0000     0.0000 
 156.600     19.461     30.264    -53.990    -30.480     30.264    245.488      0.000    -65.700    300.000     0.0000     0.0000 
 157.050     19.386     30.264    -53.990    -30.480     30.264    245.488      0.000    -65.700    300.000     0.0000     0.0000 
 157.500     19.312     30.264    -53.990    -30.480     30.264    245.488      0.000    -65.700    300.000     0.0000     0.0000 
 157.950     19.239     30.264    -53.990    -30.480     30.264    245.488      0.000    -65.700    300.000     0.0000     0.0000 
 158.400     19.165     30.264    -53.990    -30.480     30.264    245.488      0.000    -65.700    300.000     0.0000     0.0000 
 158.850     19.092     30.264    -53.990    -30.480     30.264    245.488      0.000    -65.700    300.000     0.0000     0.0000 
 159.300     19.018     30.264    -53.990    -30.480     30.264    245.488      0.000    -65.700    300.000     0.0000     0.0000 
 159.750     18.945     30.264    -53.990    -30.480     30.264    245.488      0.000    -65.700    300.000     0.0000     0.0000 
 160.200     18.874     30.264    -53.990    -30.480     30.264    245.488      0.000    -65.700    300.000     0.0000     0.0000 
 160.650     18.804     30.264    -53.990    -30.480     30.264    245.488      0.000    -65.700    300.000     0.0000     0.0000 
 161.100     18.735     30.264    -53.990    -30.480     30.264    245.488      0.000    -65.700    300.000     0.0000     0.0000 
 161.550     18.666     30.264    -53.990    -30.480     30.264    245.488      0.000    -65.700    300.000     0.0000     0.0000 
 162.000     18.596     30.264    -53.990    -30.480     30.264    245.488      0.000    -65.700    300.000     0.0000     0.0000 
 162.450     18.527     30.264    -53.990    -30.480     30.264    245.488      0.000    -65.700    300.000     0.0000     0.0000 
 162.900     18.458     30.264    -53.990    -30.480     30.264    245.488      0.000    -65.700    300.000     0.0000     0.0000 
 163.350     18.395     30.264    -53.990    -30.480     30.264    245.488      0.000    -65.700    300.000     0.0000     0.0000 
 163.800     18.332     30.264    -53.990    -30.480     30.264    245.488      0.000    -65.700    300.000     0.0000     0.0000 
 164.250     18.269     30.264    -53.990    -30.480     30.264    245.488      0.000    -65.700    300.000     0.0000     0.0000 
 164.700     18.206     30.264    -53.990    -30.480     30.264    245.488      0.000    -65.700    300.000     0.0000     0.0000 
 165.150     18.143     30.264    -53.990    -30.480     30.264    245.488      0.000    -65.700    300.000     0.0000     0.0000 
 165.600     18.080     30.264    -53.990    -30.480     30.264    245.488      0.000    -65.700    300.000     0.0000     0.0000 
 166.050     18.021     30.264    -53.990    -30.480     30.264    245.488      0.000    -65.700    300.000     0.0000     0.0000 
 166.500     17.966     30.264    -53.990    -30.480     30.264    245.488      0.000    -65.700    300.000     0.0000     0.0000 
 166.950     17.911     30.264    -53.990    -30.480     30.264    245.488      0.000    -65.700    300.000     0.0000     0.0000 
 167.400     17.856     30.264    -53.990    -30.480     30.264    245.488      0.000    -65.700    300.000     0.0000     0.0000 
 167.850     17.801     30.264    -53.990    -30.480     30.264    245.488      0.000    -65.700    300.000     0.0000     0.0000 
 168.300     17.745     30.264    -53.990    -30.480     30.264    245.488      0.000    -65.700    300.000     0.0000     0.0000 
 168.750     17.691     30.264    -53.990    -30.480     30.264    245.488      0.000    -65.700    300.000     0.0000     0.0000 
 169.200     17.645     30.264    -53.990    -30.480     30.264    245.488      0.000    -65.700    300.000     0.0000     0.0000 
 169.650     17.599     30.264    -53.990    -30.480     30.264    245.488      0.000    -65.700    300.000     0.0000     0.0000 
 170.100     17.553     30.264    -53.990    -30.480     30.264    245.488      0.000    -65.700    300.000     0.0000     0.0000 
 170.550     17.507     30.264    -53.990    -30.480     30.264    245.488      0.000    -65.700    300.000     0.0000     0.0000 
 171.000     17.461     30.264    -53.990    -30.480     30.264    245.488      0.000    -65.700    300.000     0.0000     0.0000 
 171.450     17.415     30.264    -53.990    -30.480     30.264    245.488      0.000    -65.700    300.000     0.0000     0.0000 
 171.900     17.376     30.264    -53.990    -30.480     30.264    245.488      0.000    -65.700    300.000     0.0000     0.0000 
 172.350     17.340     30.264    -53.990    -30.480     30.264    245.488      0.000    -65.700    300.000     0.0000     0.0000 
 172.800     17.303     30.264    -53.990    -30.480     30.264    245.488      0.000    -65.700    300.000     0.0000     0.0000 
 173.250     17.267     30.264    -53.990    -30.480     30.264    245.488      0.000    -65.700    300.000     0.0000     0.0000 
 173.700     17.231     30.264    -53.990    -30.480     30.264    245.488      0.000    -65.700    300.000     0.0000     0.0000 
 174.150     17.195     30.264    -53.990    -30.480     30.264    245.488      0.000    -65.700    300.000     0.0000     0.0000 
 174.600     17.161     30.264    -53.990    -30.480     30.264    245.488      0.000    -65.700    300.000     0.0000     0.0000 
 175.050     17.134     30.264    -53.990    -30.480     30.264    245.488      0.000    -65.700    300.000     0.0000     0.0000 
 175.500     17.108     30.264    -53.990    -30.480     30.264    245.488      0.000    -65.700    300.000     0.0000     0.0000 
 175.950     17.082     30.264    -53.990    -30.480     30.264    245.488      0.000    -65.700    300.000     0.0000     0.0000 
 176.400     17.055     30.264    -53.990    -30.480     30.264    245.488      0.000    -65.700    300.000     0.0000     0.0000 
 176.850     17.029     30.264    -53.990    -30.480     30.264    245.488      0.000    -65.700    300.000     0.0000     0.0000 
 177.300     17.003     30.264    -53.990    -30.480     30.264    245.488      0.000    -65.700    300.000     0.0000     0.0000 
 177.750     16.984     30.264    -53.990    -30.480     30.264    245.488      0.000    -65.700    300.000     0.0000     0.0000 
 178.200     16.967     30.264    -53.990    -30.480     30.264    245.488      0.000    -65.700    300.000     0.0000     0.0000 
 178.650     16.950     30.264    -53.990    -30.480     30.264    245.488      0.000    -65.700    300.000     0.0000     0.0000 
 179.100     16.934     30.264    -53.990    -30.480     30.264    245.488      0.000    -65.700    300.000     0.0000     0.0000 
 179.550     16.917     30.264    -53.990    -30.480     30.264    245.488      0.000    -65.700    300.000     0.0000     0.0000 
 180.000     16.900     30.264    -53.990    -30.480     30.264    245.488      0.000    -65.700    300.000     0.0000     0.0000 
 180.450     16.886     30.264    -53.990    -30.480     30.264    245.488      0.000    -65.700    300.000     0.0000     0.0000 
 180.900     16.879     30.264    -53.990    -30.480     30.264    245.488      0.000    -65.700    300.000     0.0000     0.0000 
 181.350     16.871     30.264    -53.990    -30.480     30.264    245.488      0.000    -65.700    300.000     0.0000     0.0000 
 181.800     16.863     30.264    -53.990    -30.480     30.264    245.488      0.000    -65.700    300.000     0.0000     0.0000 
 182.250     16.855     30.264    -53.990    -30.480     30.264    245.488      0.000    -65.700    300.000     0.0000     0.0000 
 182.700     16.847     30.264    -53.990    -30.480     30.264    245.488      0.000    -65.700    300.000     0.0000     0.0000 
 183.150     16.839     30.264    -53.990    -30.480     30.264    245.488      0.000    -65.700    300.000     0.0000     0.0000 
 183.600     16.838     30.264    -53.990    -30.480     30.264    245.488      0.000    -65.700    300.000     0.0000     0.0000 
 184.050     16.839     30.264    -53.990    -30.480     30.264    245.488      0.000    -65.700    300.000     0.0000     0.0000 
 184.500     16.839     30.264    -53.990    -30.480     30.264    245.488      0.000    -65.700    300.000     0.0000     0.0000 
 184.950     16.839     30.264    -53.990    -30.480     30.264    245.488      0.000    -65.700    300.000     0.0000     0.0000 
 185.400     16.839     30.264    -53.990    -30.480     30.264    245.488      0.000    -65.700    300.000     0.0000     0.0000 
 185.850     16.839     30.264    -53.990    -30.480     30.264    245.488      0.000    -65.700    300.000     0.0000     0.0000 
 186.300     16.842     30.264    -53.990    -30.480     30.264    245.488      0.000    -65.700    300.000     0.0000     0.0000 
 186.750     16.849     30.264    -53.990    -30.480     30.264    245.488      0.000    -65.700    300.000     0.0000     0.0000 
 187.200     16.855     30.264    -53.990    -30.480     30.264    245.488      0.000    -65.700    300.000     0.0000     0.0000 
 187.650     16.862     30.264    -53.990    -30.480     30.264    245.488      0.000    -65.700    300.000     0.0000     0.0000 
 188.100     16.869     30.264    -53.990    -30.480     30.264    245.488      0.000    -65.700    300.000     0.0000     0.0000 
 188.550     16.876     30.264    -53.990    -30.480     30.264    245.488      0.000    -65.700    300.000     0.0000     0.0000 
 189.000     16.883     30.264    -53.990    -30.480     30.264    245.488      0.000    -65.700    300.000     0.0000     0.0000 
 189.450     16.895     30.264    -53.990    -30.480     30.264    245.488      0.000    -65.700    300.000     0.0000     0.0000 
 189.900     16.907     30.264    -53.990    -30.480     30.264    245.488      0.000    -65.700    300.000     0.0000     0.0000 
 190.350     16.919     30.264    -53.990    -30.480     30.264    245.488      0.000    -65.700    300.000     0.0000     0.0000 
 190.800     16.931     30.264    -53.990    -30.480     30.264    245.488      0.000    -65.700    300.000     0.0000     0.0000 
 191.250     16.943     30.264    -53.990    -30.480     30.264    245.488      0.000    -65.700    300.000     0.0000     0.0000 
 191.700     16.955     30.264    -53.990    -30.480     30.264    245.488      0.000    -65.700    300.000     0.0000     0.0000 
 192.150     16.971     30.264    -53.990    -30.480     30.264    245.488      0.000    -65.700    300.000     0.0000     0.0000 
 192.600     16.987     30.264    -53.990    -30.480     30.264    245.488      0.000    -65.700    300.000     0.0000     0.0000 
 193.050     17.003     30.264    -53.990    -30.480     30.264    245.488      0.000    -65.700    300.000     0.0000     0.0000 
 193.500     17.019     30.264    -53.990    -30.480     30.264    245.488      0.000    -65.700    300.000     0.0000     0.0000 
 193.950     17.035     30.264    -53.990    -30.480     30.264    245.488      0.000    -65.700    300.000     0.0000     0.0000 
 194.400     17.050     30.264    -53.990    -30.480     30.264    245.488      0.000    -65.700    300.000     0.0000     0.0000 
 194.850     17.069     30.264    -53.990    -30.480     30.264    245.488      0.000    -65.700    300.000     0.0000     0.0000 
 195.300     17.088     30.264    -53.990    -30.480     30.264    245.488      0.000    -65.700    300.000     0.0000     0.0000 
 195.750     17.107     30.264    -53.990    -30.480     30.264    245.488      0.000    -65.700    300.000     0.0000     0.0000 
 196.200     17.125     30.264    -53.990    -30.480     30.264    245.488      0.000    -65.700    300.000     0.0000     0.0000 
 196.650     17.144     30.264    -53.990    -30.480     30.264    245.488      0.000    -65.700    300.000     0.0000     0.0000 
 197.100     17.163     30.264    -53.990    -30.480     30.264    245.488      0.000    -65.700    300.000     0.0000     0.0000 
 197.550     17.183     30.264    -53.990    -30.480     30.264    245.488      0.000    -65.700    300.000     0.0000     0.0000 
 198.000     17.203     30.264    -53.990    -30.480     30.264    245.488      0.000    -65.700    300.000     0.0000     0.0000 
 198.450     17.224     30.264    -53.990    -30.480     30.264    245.488      0.000    -65.700    300.000     0.0000     0.0000 
 198.900     17.244     30.264    -53.990    -30.480     30.264    245.488      0.000    -65.700    300.000     0.0000     0.0000 
 199.350     17.265     30.264    -53.990    -30.480     30.264    245.488      0.000    -65.700    300.000     0.0000     0.0000 
 199.800     17.285     30.264    -53.990    -30.480     30.264    245.488      0.000    -65.700    300.000     0.0000     0.0000 
