   0.300      0.002      0.000    -65.538    -59.406      0.000      0.000      0.000    -65.700    200.000     0.0000     0.0000 
   0.600      0.004      0.000    -65.380    -58.830      0.000      0.000      0.000    -65.700    200.000     0.0000     0.0000 
   0.900      0.006      0.000    -65.225    -58.272      0.000      0.000      0.000    -65.700    200.000     0.0000     0.0000 
   1.200      0.008      0.000    -65.074    -57.731      0.000      0.000      0.000    -65.700    200.000     0.0000     0.0000 
   1.500      0.010      0.000    -64.925    -57.207      0.000      0.000      0.000    -65.700    200.000     0.0000     0.0000 
   1.800      0.012      0.000    -64.780    -56.699      0.000      0.000      0.000    -65.700    200.000     0.0000     0.0000 
   2.100      0.013      0.000    -64.637    -56.207      0.000      0.000      0.000    -65.700    200.000     0.0000     0.0000 
   2.400      0.013      0.001    -64.498    -55.731      0.001      0.000      0.000    -65.700    200.000     0.0000     0.0000 
   2.700      0.014      0.001    -64.361    -55.270      0.001      0.000      0.000    -65.700    200.000     0.0000     0.0000 
   3.000      0.015      0.002    -64.227    -54.824      0.002      0.000      0.000    -65.700    200.000     0.0000     0.0000 
   3.300      0.016      0.002    -64.097    -54.392      0.002      0.000      0.000    -65.700    200.000     0.0000     0.0000 
   3.600      0.016      0.003    -63.968    -53.975      0.003      0.000      0.000    -65.700    200.000     0.0000     0.0000 
   3.900      0.018      0.004    -63.843    -53.572      0.004      0.000      0.000    -65.700    200.000     0.0000     0.0000 
   4.200      0.019      0.006    -63.720    -53.182      0.006      0.001      0.000    -65.700    200.000     0.0000     0.0000 
   4.500      0.021      0.008    -63.599    -52.806      0.008      0.004      0.000    -65.700    200.000     0.0000     0.0000 
   4.800      0.022      0.011    -63.482    -52.443      0.011      0.011      0.000    -65.700    200.000     0.0000     0.0000 
   5.100      0.023      0.014    -63.366    -52.093      0.014      0.032      0.000    -65.700    200.000     0.0000     0.0000 
   5.400      0.025      0.019    -63.253    -51.756      0.019      0.085      0.000    -65.700    200.000     0.0000     0.0000 
   5.700      0.028      0.024    -63.143    -51.431      0.024      0.207      0.000    -65.700    200.000     0.0000     0.0000 
   6.000      0.031      0.031    -63.034    -51.118      0.031      0.458      0.000    -65.700    200.000     0.0000     0.0000 
   6.300      0.034      0.040    -62.928    -50.816      0.040      0.950      0.000    -65.700    200.000     0.0000     0.0000 
   6.600      0.037      0.051    -62.824    -50.527      0.051      1.872      0.000    -65.700    200.000     0.0000     0.0000 
   6.900      0.040      0.063    -62.723    -50.248      0.063      3.407      0.000    -65.700    200.000     0.0000     0.0000 
   7.200      0.045      0.078    -62.623    -49.981      0.078      5.827      0.000    -65.700    200.000     0.0000     0.0000 
   7.500      0.051      0.097    -62.526    -49.725      0.097      9.556      0.000    -65.700    200.000     0.0000     0.0000 
   7.800      0.057      0.118    -62.430    -49.479      0.118     15.063      0.000    -65.700    200.000     0.0000     0.0000 
   8.100      0.064      0.143    -62.337    -49.243      0.143     22.397      0.000    -65.700    200.000     0.0000     0.0000 
   8.400      0.070      0.173    -62.246    -49.018      0.173     31.897      0.000    -65.700    200.000     0.0000     0.0000 
   8.700      0.076      0.206    -62.156    -48.802      0.206     43.662      0.000    -65.700    200.000     0.0000     0.0000 
   9.000      0.089      0.244    -62.069    -48.597      0.244     57.451      0.000    -65.700    200.000     0.0000     0.0000 
   9.300      0.103      0.288    -61.983    -48.400      0.288     72.805      0.000    -65.700    200.000     0.0000     0.0000 
   9.600      0.117      0.338    -61.899    -48.213      0.338     89.508      0.000    -65.700    200.000     0.0000     0.0000 
   9.900      0.131      0.393    -61.817    -48.034      0.393    106.317      0.000    -65.700    200.000     0.0000     0.0000 
  10.200      0.145      0.455    -61.736    -47.864      0.455    122.239      0.000    -65.700    200.000     0.0000     0.0000 
  10.500      0.159      0.524    -61.658    -47.703      0.524    136.839      0.000    -65.700    200.000     0.0000     0.0000 
  10.800      0.189      0.600    -61.581    -47.550      0.600    149.712      0.000    -65.700    200.000     0.0000     0.0000 
  11.100      0.219      0.683    -61.505    -47.404      0.683    160.043      0.000    -65.700    200.000     0.0000     0.0000 
  11.400      0.249      0.776    -61.432    -47.266      0.776    167.534      0.000    -65.700    200.000     0.0000     0.0000 
  11.700      0.279      0.877    -61.359    -47.136      0.877    171.952      0.000    -65.700    200.000     0.0000     0.0000 
  12.000      0.309      0.986    -61.289    -47.012      0.986    172.919      0.000    -65.700    200.000     0.0000     0.0000 
  12.300      0.344      1.103    -61.219    -46.896      1.103    171.030      0.000    -65.700    200.000     0.0000     0.0000 
  12.600      0.405      1.229    -61.152    -46.786      1.229    166.510      0.000    -65.700    200.000     0.0000     0.0000 
  12.900      0.466      1.364    -61.085    -46.682      1.364    159.528      0.000    -65.700    200.000     0.0000     0.0000 
  13.200      0.527      1.509    -61.021    -46.584      1.509    150.953      0.000    -65.700    200.000     0.0000     0.0000 
  13.500      0.588      1.663    -60.957    -46.493      1.663    141.033      0.000    -65.700    200.000     0.0000     0.0000 
  13.800      0.649      1.830    -60.895    -46.407      1.830    130.224      0.000    -65.700    200.000     0.0000     0.0000 
  14.100      0.728      2.042    -60.834    -46.326      2.042    118.856      0.000    -65.700    200.000     0.0000     0.0000 
  14.400      0.845      2.237    -60.775    -46.250      2.237    107.301      0.000    -65.700    200.000     0.0000     0.0000 
  14.700      0.962      2.436    -60.716    -46.179      2.436     95.906      0.000    -65.700    200.000     0.0000     0.0000 
  15.000      1.079      2.645    -60.659    -46.113      2.645     84.928      0.000    -65.700    200.000     0.0000     0.0000 
  15.300      1.196      2.866    -60.604    -46.051      2.866     74.460      0.000    -65.700    200.000     0.0000     0.0000 
  15.600      1.313      3.098    -60.549    -45.993      3.098     64.676      0.000    -65.700    200.000     0.0000     0.0000 
  15.900      1.476      3.343    -60.496    -45.940      3.343     55.733      0.000    -65.700    200.000     0.0000     0.0000 
  16.200      1.686      3.600    -60.443    -45.890      3.600     47.695      0.000    -65.700    200.000     0.0000     0.0000 
  16.500      1.896      3.869    -60.392    -45.843      3.869     40.478      0.000    -65.700    200.000     0.0000     0.0000 
  16.800      2.106      4.149    -60.342    -45.800      4.149     34.057      0.000    -65.700    200.000     0.0000     0.0000 
  17.100      2.316      4.438    -60.293    -45.760      4.438     28.420      0.000    -65.700    200.000     0.0000     0.0000 
  17.400      2.526      4.735    -60.246    -45.724      4.735     23.562      0.000    -65.700    200.000     0.0000     0.0000 
  17.700      2.831      5.045    -60.199    -45.689      5.045     19.402      0.000    -65.700    200.000     0.0000     0.0000 
  18.000      3.184      5.364    -60.153    -45.658      5.364     15.859      0.000    -65.700    200.000     0.0000     0.0000 
  18.300      3.536      5.692    -60.108    -45.629      5.692     12.878      0.000    -65.700    200.000     0.0000     0.0000 
  18.600      3.889      6.028    -60.064    -45.602      6.028     10.411      0.000    -65.700    200.000     0.0000     0.0000 
  18.900      4.241      6.369    -60.021    -45.578      6.369      8.404      0.000    -65.700    200.000     0.0000     0.0000 
  19.200      4.594      6.718    -59.979    -45.555      6.718      6.814      0.000    -65.700    200.000     0.0000     0.0000 
  19.500      5.111      7.071    -59.938    -45.534      7.071      5.611      0.000    -65.700    200.000     0.0000     0.0000 
  19.800      5.662      7.431    -59.898    -45.516      7.431      4.779      0.000    -65.700    200.000     0.0000     0.0000 
  20.100      6.212      7.797    -59.859    -45.498      7.797      4.322      0.000    -65.700    200.000     0.0000     0.0000 
  20.400      6.763      8.165    -59.820    -45.483      8.165      4.258      0.000    -65.700    200.000     0.0000     0.0000 
  20.700      7.313      8.541    -59.783    -45.468      8.541      4.622      0.000    -65.700    200.000     0.0000     0.0000 
  21.000      7.864      8.920    -59.746    -45.455      8.920      5.464      0.000    -65.700    200.000     0.0000     0.0000 
  21.300      8.662      9.302    -59.710    -45.443      9.302      6.848      0.000    -65.700    200.000     0.0000     0.0000 
  21.600      9.459      9.690    -59.675    -45.432      9.690      8.843      0.000    -65.700    200.000     0.0000     0.0000 
  21.900     10.257     10.080    -59.640    -45.423     10.080     11.520      0.000    -65.700    200.000     0.0000     0.0000 
  22.200     11.055     10.470    -59.607    -45.414     10.470     14.941      0.000    -65.700    200.000     0.0000     0.0000 
  22.500     11.853     10.859    -59.574    -45.406     10.859     19.154      0.000    -65.700    200.000     0.0000     0.0000 
  22.800     12.695     11.246    -59.542    -45.399     11.246     24.195      0.000    -65.700    200.000     0.0000     0.0000 
  23.100     13.763     11.634    -59.510    -45.392     11.634     30.064      0.000    -65.700    200.000     0.0000     0.0000 
  23.400     14.831     12.019    -59.479    -45.387     12.019     36.721      0.000    -65.700    200.000     0.0000     0.0000 
  23.700     15.899     12.401    -59.449    -45.381     12.401     44.093      0.000    -65.700    200.000     0.0000     0.0000 
  24.000     16.966     12.784    -59.420    -45.377     12.784     52.068      0.000    -65.700    200.000     0.0000     0.0000 
  24.300     18.034     13.164    -59.391    -45.373     13.164     60.501      0.000    -65.700    200.000     0.0000     0.0000 
  24.600     19.184     13.539    -59.363    -45.369     13.539     69.218      0.000    -65.700    200.000     0.0000     0.0000 
  24.900     20.496     13.915    -59.335    -45.366     13.915     78.020      0.000    -65.700    200.000     0.0000     0.0000 
  25.200     21.808     14.288    -59.309    -45.363     14.288     86.698      0.000    -65.700    200.000     0.0000     0.0000 
  25.500     23.120     14.654    -59.282    -45.361     14.654     95.035      0.000    -65.700    200.000     0.0000     0.0000 
  25.800     24.432     15.018    -59.257    -45.359     15.018    102.821      0.000    -65.700    200.000     0.0000     0.0000 
  26.100     25.744     15.377    -59.231    -45.357     15.377    109.863      0.000    -65.700    200.000     0.0000     0.0000 
  26.400     27.134     15.727    -59.207    -45.355     15.727    115.989      0.000    -65.700    200.000     0.0000     0.0000 
  26.700     28.600     16.073    -59.183    -45.354     16.073    121.059      0.000    -65.700    200.000     0.0000     0.0000 
  27.000     30.067     16.411    -59.159    -45.353     16.411    124.966      0.000    -65.700    200.000     0.0000     0.0000 
  27.300     31.533     16.740    -59.136    -45.352     16.740    127.643      0.000    -65.700    200.000     0.0000     0.0000 
  27.600     32.999     17.062    -59.114    -45.351     17.062    129.060      0.000    -65.700    200.000     0.0000     0.0000 
  27.900     34.466     17.377    -59.092    -45.350     17.377    129.227      0.000    -65.700    200.000     0.0000     0.0000 
  28.200     35.932     17.681    -59.070    -45.350     17.681    128.185      0.000    -65.700    200.000     0.0000     0.0000 
  28.500     37.397     17.977    -59.049    -45.349     17.977    126.009      0.000    -65.700    200.000     0.0000     0.0000 
  28.800     38.863     18.268    -59.029    -45.349     18.268    122.798      0.000    -65.700    200.000     0.0000     0.0000 
  29.100     40.329     18.550    -59.009    -45.349     18.550    118.672      0.000    -65.700    200.000     0.0000     0.0000 
  29.400     41.794     18.820    -58.989    -45.348     18.820    113.761      0.000    -65.700    200.000     0.0000     0.0000 
  29.700     43.260     19.090    -58.970    -45.348     19.090    108.208      0.000    -65.700    200.000     0.0000     0.0000 
  30.000     44.561     19.352    -58.951    -45.348     19.352    102.154      0.000    -65.700    200.000     0.0000     0.0000 
  30.300     45.828     19.604    -58.933    -45.348     19.604     95.740      0.000    -65.700    200.000     0.0000     0.0000 
  30.600     47.096     19.845    -58.915    -45.348     19.845     89.099      0.000    -65.700    200.000     0.0000     0.0000 
  30.900     48.363     20.081    -58.898    -45.348     20.081     82.357      0.000    -65.700    200.000     0.0000     0.0000 
  31.200     49.631     20.305    -58.880    -45.349     20.305     75.626      0.000    -65.700    200.000     0.0000     0.0000 
  31.500     50.899     20.518    -58.864    -45.349     20.518     69.005      0.000    -65.700    200.000     0.0000     0.0000 
  31.800     51.771     20.722    -58.847    -45.349     20.722     62.580      0.000    -65.700    200.000     0.0000     0.0000 
  32.100     52.643     20.918    -58.832    -45.349     20.918     56.422      0.000    -65.700    200.000     0.0000     0.0000 
  32.400     53.515     21.103    -58.816    -45.349     21.103     50.590      0.000    -65.700    200.000     0.0000     0.0000 
  32.700     54.387     21.276    -58.801    -45.349     21.276     45.130      0.000    -65.700    200.000     0.0000     0.0000 
  33.000     55.259     21.443    -58.786    -45.350     21.443     40.077      0.000    -65.700    200.000     0.0000     0.0000 
  33.300     56.041     21.601    -58.771    -45.350     21.601     35.457      0.000    -65.700    200.000     0.0000     0.0000 
  33.600     56.371     21.749    -58.757    -45.350     21.749     31.292      0.000    -65.700    200.000     0.0000     0.0000 
  33.900     56.701     21.884    -58.743    -45.350     21.884     27.594      0.000    -65.700    200.000     0.0000     0.0000 
  34.200     57.031     22.015    -58.730    -45.351     22.015     24.376      0.000    -65.700    200.000     0.0000     0.0000 
  34.500     57.361     22.140    -58.716    -45.351     22.140     21.647      0.000    -65.700    200.000     0.0000     0.0000 
  34.800     57.691     22.254    -58.703    -45.351     22.254     19.417      0.000    -65.700    200.000     0.0000     0.0000 
  35.100     57.778     22.356    -58.691    -45.351     22.356     17.697      0.000    -65.700    200.000     0.0000     0.0000 
  35.400     57.376     22.452    -58.678    -45.351     22.452     16.497      0.000    -65.700    200.000     0.0000     0.0000 
  35.700     56.975     22.543    -58.666    -45.352     22.543     15.829      0.000    -65.700    200.000     0.0000     0.0000 
  36.000     56.573     22.625    -58.654    -45.352     22.625     15.706      0.000    -65.700    200.000     0.0000     0.0000 
  36.300     56.172     22.695    -58.643    -45.352     22.695     16.140      0.000    -65.700    200.000     0.0000     0.0000 
  36.600     55.770     22.756    -58.632    -45.352     22.756     17.141      0.000    -65.700    200.000     0.0000     0.0000 
  36.900     55.369     22.813    -58.621    -45.352     22.813     18.715      0.000    -65.700    200.000     0.0000     0.0000 
  37.200     54.967     22.862    -58.610    -45.352     22.862     20.864      0.000    -65.700    200.000     0.0000     0.0000 
  37.500     54.566     22.901    -58.599    -45.353     22.901     23.581      0.000    -65.700    200.000     0.0000     0.0000 
  37.800     53.698     22.930    -58.589    -45.353     22.930     26.852      0.000    -65.700    200.000     0.0000     0.0000 
  38.100     52.598     22.952    -58.579    -45.353     22.952     30.651      0.000    -65.700    200.000     0.0000     0.0000 
  38.400     51.497     22.970    -58.569    -45.353     22.970     34.942      0.000    -65.700    200.000     0.0000     0.0000 
  38.700     50.397     22.979    -58.560    -45.353     22.979     39.675      0.000    -65.700    200.000     0.0000     0.0000 
  39.000     49.296     22.979    -58.550    -45.353     22.979     44.791      0.000    -65.700    200.000     0.0000     0.0000 
  39.300     48.196     22.969    -58.541    -45.353     22.969     50.217      0.000    -65.700    200.000     0.0000     0.0000 
  39.600     47.096     22.957    -58.532    -45.354     22.957     55.869      0.000    -65.700    200.000     0.0000     0.0000 
  39.900     45.995     22.943    -58.524    -45.354     22.943     61.657      0.000    -65.700    200.000     0.0000     0.0000 
  40.200     44.895     22.921    -58.515    -45.354     22.921     67.483      0.000    -65.700    200.000     0.0000     0.0000 
  40.500     43.498     22.891    -58.507    -45.354     22.891     73.244      0.000    -65.700    200.000     0.0000     0.0000 
  40.800     42.101     22.852    -58.499    -45.354     22.852     78.839      0.000    -65.700    200.000     0.0000     0.0000 
  41.100     40.704     22.808    -58.491    -45.354     22.808     84.168      0.000    -65.700    200.000     0.0000     0.0000 
  41.400     39.307     22.764    -58.483    -45.354     22.764     89.136      0.000    -65.700    200.000     0.0000     0.0000 
  41.700     37.910     22.713    -58.476    -45.354     22.713     93.653      0.000    -65.700    200.000     0.0000     0.0000 
  42.000     36.513     22.654    -58.468    -45.354     22.654     97.642      0.000    -65.700    200.000     0.0000     0.0000 
  42.300     35.116     22.588    -58.461    -45.354     22.588    101.036      0.000    -65.700    200.000     0.0000     0.0000 
  42.600     33.720     22.515    -58.454    -45.354     22.515    103.783      0.000    -65.700    200.000     0.0000     0.0000 
  42.900     32.361     22.441    -58.447    -45.354     22.441    105.842      0.000    -65.700    200.000     0.0000     0.0000 
  43.200     31.080     22.362    -58.440    -45.354     22.362    107.190      0.000    -65.700    200.000     0.0000     0.0000 
  43.500     29.799     22.276    -58.434    -45.354     22.276    107.818      0.000    -65.700    200.000     0.0000     0.0000 
  43.800     28.517     22.185    -58.427    -45.354     22.185    107.732      0.000    -65.700    200.000     0.0000     0.0000 
  44.100     27.236     22.086    -58.421    -45.354     22.086    106.952      0.000    -65.700    200.000     0.0000     0.0000 
  44.400     25.955     21.984    -58.415    -45.355     21.984    105.511      0.000    -65.700    200.000     0.0000     0.0000 
  44.700     24.673     21.885    -58.409    -45.355     21.885    103.452      0.000    -65.700    200.000     0.0000     0.0000 
  45.000     23.392     21.781    -58.403    -45.355     21.781    100.828      0.000    -65.700    200.000     0.0000     0.0000 
  45.300     22.111     21.673    -58.398    -45.355     21.673     97.701      0.000    -65.700    200.000     0.0000     0.0000 
  45.600     21.070     21.559    -58.392    -45.355     21.559     94.137      0.000    -65.700    200.000     0.0000     0.0000 
  45.900     20.149     21.441    -58.387    -45.355     21.441     90.205      0.000    -65.700    200.000     0.0000     0.0000 
  46.200     19.227     21.319    -58.381    -45.355     21.319     85.978      0.000    -65.700    200.000     0.0000     0.0000 
  46.500     18.306     21.201    -58.376    -45.355     21.201     81.528      0.000    -65.700    200.000     0.0000     0.0000 
  46.800     17.385     21.082    -58.371    -45.355     21.082     76.927      0.000    -65.700    200.000     0.0000     0.0000 
  47.100     16.464     20.959    -58.366    -45.355     20.959     72.245      0.000    -65.700    200.000     0.0000     0.0000 
  47.400     15.543     20.833    -58.361    -45.355     20.833     67.549      0.000    -65.700    200.000     0.0000     0.0000 
  47.700     14.622     20.702    -58.357    -45.355     20.702     62.900      0.000    -65.700    200.000     0.0000     0.0000 
  48.000     13.701     20.568    -58.352    -45.355     20.568     58.359      0.000    -65.700    200.000     0.0000     0.0000 
  48.300     13.181     20.433    -58.348    -45.355     20.433     53.979      0.000    -65.700    200.000     0.0000     0.0000 
  48.600     12.662     20.299    -58.343    -45.355     20.299     49.810      0.000    -65.700    200.000     0.0000     0.0000 
  48.900     12.142     20.163    -58.339    -45.355     20.163     45.897      0.000    -65.700    200.000     0.0000     0.0000 
  49.200     11.623     20.025    -58.335    -45.355     20.025     42.280      0.000    -65.700    200.000     0.0000     0.0000 
  49.500     11.103     19.884    -58.331    -45.355     19.884     38.996      0.000    -65.700    200.000     0.0000     0.0000 
  49.800     10.584     19.741    -58.327    -45.355     19.741     36.076      0.000    -65.700    200.000     0.0000     0.0000 
  50.100     10.064     19.595    -58.323    -45.355     19.595     33.549      0.000    -65.700    200.000     0.0000     0.0000 
  50.400      9.545     19.450    -58.319    -45.355     19.450     31.439      0.000    -65.700    200.000     0.0000     0.0000 
  50.700      9.131     19.311    -58.315    -45.355     19.311     29.767      0.000    -65.700    200.000     0.0000     0.0000 
  51.000      8.927     19.174    -58.312    -45.355     19.174     28.548      0.000    -65.700    200.000     0.0000     0.0000 
  51.300      8.723     19.035    -58.308    -45.355     19.035     27.796      0.000    -65.700    200.000     0.0000     0.0000 
  51.600      8.519     18.895    -58.305    -45.355     18.895     27.517      0.000    -65.700    200.000     0.0000     0.0000 
  51.900      8.315     18.754    -58.302    -45.355     18.754     27.715      0.000    -65.700    200.000     0.0000     0.0000 
  52.200      8.111     18.612    -58.298    -45.355     18.612     28.389      0.000    -65.700    200.000     0.0000     0.0000 
  52.500      7.907     18.469    -58.295    -45.355     18.469     29.530      0.000    -65.700    200.000     0.0000     0.0000 
  52.800      7.703     18.327    -58.292    -45.355     18.327     31.124      0.000    -65.700    200.000     0.0000     0.0000 
  53.100      7.499     18.192    -58.289    -45.355     18.192     33.153      0.000    -65.700    200.000     0.0000     0.0000 
  53.400      7.426     18.058    -58.286    -45.355     18.058     35.591      0.000    -65.700    200.000     0.0000     0.0000 
  53.700      7.420     17.925    -58.283    -45.355     17.925     38.404      0.000    -65.700    200.000     0.0000     0.0000 
  54.000      7.414     17.791    -58.280    -45.355     17.791     41.556      0.000    -65.700    200.000     0.0000     0.0000 
  54.300      7.408     17.657    -58.278    -45.355     17.657     45.002      0.000    -65.700    200.000     0.0000     0.0000 
  54.600      7.402     17.523    -58.275    -45.355     17.523     48.692      0.000    -65.700    200.000     0.0000     0.0000 
  54.900      7.396     17.390    -58.272    -45.355     17.390     52.573      0.000    -65.700    200.000     0.0000     0.0000 
  55.200      7.389     17.258    -58.270    -45.355     17.258     56.587      0.000    -65.700    200.000     0.0000     0.0000 
  55.500      7.383     17.128    -58.267    -45.355     17.128     60.672      0.000    -65.700    200.000     0.0000     0.0000 
  55.800      7.377     17.001    -58.265    -45.355     17.001     64.766      0.000    -65.700    200.000     0.0000     0.0000 
  56.100      7.477     16.877    -58.262    -45.355     16.877     68.806      0.000    -65.700    200.000     0.0000     0.0000 
  56.400      7.577     16.753    -58.260    -45.355     16.753     72.729      0.000    -65.700    200.000     0.0000     0.0000 
  56.700      7.676     16.631    -58.258    -45.355     16.631     76.475      0.000    -65.700    200.000     0.0000     0.0000 
  57.000      7.776     16.510    -58.256    -45.355     16.510     79.987      0.000    -65.700    200.000     0.0000     0.0000 
  57.300      7.876     16.390    -58.253    -45.355     16.390     83.212      0.000    -65.700    200.000     0.0000     0.0000 
  57.600      7.976     16.272    -58.251    -45.355     16.272     86.103      0.000    -65.700    200.000     0.0000     0.0000 
  57.900      8.075     16.156    -58.249    -45.355     16.156     88.619      0.000    -65.700    200.000     0.0000     0.0000 
  58.200      8.175     16.042    -58.247    -45.355     16.042     90.724      0.000    -65.700    200.000     0.0000     0.0000 
  58.500      8.292     15.939    -58.245    -45.355     15.939     92.392      0.000    -65.700    200.000     0.0000     0.0000 
  58.800      8.444     15.841    -58.243    -45.355     15.841     93.604      0.000    -65.700    200.000     0.0000     0.0000 
  59.100      8.596     15.746    -58.241    -45.355     15.746     94.347      0.000    -65.700    200.000     0.0000     0.0000 
  59.400      8.747     15.652    -58.240    -45.355     15.652     94.619      0.000    -65.700    200.000     0.0000     0.0000 
  59.700      8.899     15.561    -58.238    -45.355     15.561     94.424      0.000    -65.700    200.000     0.0000     0.0000 
  60.000      9.051     15.471    -58.236    -45.355     15.471     93.774      0.000    -65.700    200.000     0.0000     0.0000 
  60.300      9.202     15.383    -58.234    -45.355     15.383     92.686      0.000    -65.700    200.000     0.0000     0.0000 
  60.600      9.354     15.297    -58.233    -45.355     15.297     91.188      0.000    -65.700    200.000     0.0000     0.0000 
  60.900      9.505     15.213    -58.231    -45.355     15.213     89.309      0.000    -65.700    200.000     0.0000     0.0000 
  61.200      9.674     15.132    -58.230    -45.355     15.132     87.086      0.000    -65.700    200.000     0.0000     0.0000 
  61.500      9.851     15.053    -58.228    -45.355     15.053     84.557      0.000    -65.700    200.000     0.0000     0.0000 
  61.800     10.028     14.980    -58.226    -45.355     14.980     81.767      0.000    -65.700    200.000     0.0000     0.0000 
  62.100     10.205     14.910    -58.225    -45.355     14.910     78.761      0.000    -65.700    200.000     0.0000     0.0000 
  62.400     10.382     14.844    -58.224    -45.355     14.844     75.586      0.000    -65.700    200.000     0.0000     0.0000 
  62.700     10.559     14.779    -58.222    -45.355     14.779     72.289      0.000    -65.700    200.000     0.0000     0.0000 
  63.000     10.736     14.717    -58.221    -45.355     14.717     68.919      0.000    -65.700    200.000     0.0000     0.0000 
  63.300     10.913     14.658    -58.220    -45.355     14.658     65.524      0.000    -65.700    200.000     0.0000     0.0000 
  63.600     11.090     14.601    -58.218    -45.355     14.601     62.151      0.000    -65.700    200.000     0.0000     0.0000 
  63.900     11.280     14.546    -58.217    -45.355     14.546     58.845      0.000    -65.700    200.000     0.0000     0.0000 
  64.200     11.470     14.494    -58.216    -45.355     14.494     55.650      0.000    -65.700    200.000     0.0000     0.0000 
  64.500     11.660     14.445    -58.215    -45.355     14.445     52.606      0.000    -65.700    200.000     0.0000     0.0000 
  64.800     11.850     14.399    -58.213    -45.355     14.399     49.751      0.000    -65.700    200.000     0.0000     0.0000 
  65.100     12.039     14.355    -58.212    -45.355     14.355     47.120      0.000    -65.700    200.000     0.0000     0.0000 
  65.400     12.229     14.316    -58.211    -45.355     14.316     44.745      0.000    -65.700    200.000     0.0000     0.0000 
  65.700     12.419     14.282    -58.210    -45.355     14.282     42.654      0.000    -65.700    200.000     0.0000     0.0000 
  66.000     12.609     14.253    -58.209    -45.355     14.253     40.870      0.000    -65.700    200.000     0.0000     0.0000 
  66.300     12.801     14.226    -58.208    -45.355     14.226     39.414      0.000    -65.700    200.000     0.0000     0.0000 
  66.600     12.997     14.201    -58.207    -45.355     14.201     38.303      0.000    -65.700    200.000     0.0000     0.0000 
  66.900     13.192     14.179    -58.206    -45.355     14.179     37.547      0.000    -65.700    200.000     0.0000     0.0000 
  67.200     13.388     14.159    -58.205    -45.355     14.159     37.154      0.000    -65.700    200.000     0.0000     0.0000 
  67.500     13.584     14.142    -58.204    -45.355     14.142     37.127      0.000    -65.700    200.000     0.0000     0.0000 
  67.800     13.779     14.127    -58.203    -45.355     14.127     37.463      0.000    -65.700    200.000     0.0000     0.0000 
  68.100     13.975     14.114    -58.202    -45.355     14.114     38.156      0.000    -65.700    200.000     0.0000     0.0000 
  68.400     14.171     14.104    -58.201    -45.355     14.104     39.192      0.000    -65.700    200.000     0.0000     0.0000 
  68.700     14.367     14.097    -58.200    -45.355     14.097     40.556      0.000    -65.700    200.000     0.0000     0.0000 
  69.000     14.562     14.091    -58.200    -45.355     14.091     42.227      0.000    -65.700    200.000     0.0000     0.0000 
  69.300     14.758     14.088    -58.199    -45.355     14.088     44.178      0.000    -65.700    200.000     0.0000     0.0000 
  69.600     14.954     14.088    -58.198    -45.355     14.088     46.381      0.000    -65.700    200.000     0.0000     0.0000 
  69.900     15.150     14.091    -58.197    -45.355     14.091     48.803      0.000    -65.700    200.000     0.0000     0.0000 
  70.200     15.346     14.101    -58.196    -45.355     14.101     51.407      0.000    -65.700    200.000     0.0000     0.0000 
  70.500     15.542     14.114    -58.196    -45.355     14.114     54.155      0.000    -65.700    200.000     0.0000     0.0000 
  70.800     15.738     14.128    -58.195    -45.355     14.128     57.005      0.000    -65.700    200.000     0.0000     0.0000 
  71.100     15.934     14.144    -58.194    -45.355     14.144     59.915      0.000    -65.700    200.000     0.0000     0.0000 
  71.400     16.130     14.163    -58.194    -45.355     14.163     62.842      0.000    -65.700    200.000     0.0000     0.0000 
  71.700     16.321     14.182    -58.193    -45.355     14.182     65.743      0.000    -65.700    200.000     0.0000     0.0000 
  72.000     16.512     14.204    -58.192    -45.355     14.204     68.575      0.000    -65.700    200.000     0.0000     0.0000 
  72.300     16.703     14.227    -58.192    -45.355     14.227     71.298      0.000    -65.700    200.000     0.0000     0.0000 
  72.600     16.894     14.251    -58.191    -45.355     14.251     73.872      0.000    -65.700    200.000     0.0000     0.0000 
  72.900     17.084     14.277    -58.190    -45.355     14.277     76.261      0.000    -65.700    200.000     0.0000     0.0000 
  73.200     17.275     14.305    -58.190    -45.355     14.305     78.433      0.000    -65.700    200.000     0.0000     0.0000 
  73.500     17.466     14.334    -58.189    -45.355     14.334     80.358      0.000    -65.700    200.000     0.0000     0.0000 
  73.800     17.657     14.365    -58.189    -45.355     14.365     82.010      0.000    -65.700    200.000     0.0000     0.0000 
  74.100     17.845     14.397    -58.188    -45.355     14.397     83.370      0.000    -65.700    200.000     0.0000     0.0000 
  74.400     18.025     14.430    -58.188    -45.355     14.430     84.420      0.000    -65.700    200.000     0.0000     0.0000 
  74.700     18.206     14.465    -58.187    -45.355     14.465     85.150      0.000    -65.700    200.000     0.0000     0.0000 
  75.000     18.386     14.501    -58.186    -45.355     14.501     85.555      0.000    -65.700    200.000     0.0000     0.0000 
  75.300     18.567     14.538    -58.186    -45.355     14.538     85.631      0.000    -65.700    200.000     0.0000     0.0000 
  75.600     18.747     14.562    -58.186    -45.355     14.562     85.384      0.000    -65.700    200.000     0.0000     0.0000 
  75.900     18.928     14.582    -58.185    -45.355     14.582     84.822      0.000    -65.700    200.000     0.0000     0.0000 
  76.200     19.108     14.603    -58.185    -45.355     14.603     83.958      0.000    -65.700    200.000     0.0000     0.0000 
  76.500     19.289     14.627    -58.184    -45.355     14.627     82.809      0.000    -65.700    200.000     0.0000     0.0000 
  76.800     19.459     14.653    -58.184    -45.355     14.653     81.396      0.000    -65.700    200.000     0.0000     0.0000 
  77.100     19.625     14.681    -58.183    -45.355     14.681     79.744      0.000    -65.700    200.000     0.0000     0.0000 
  77.400     19.790     14.712    -58.183    -45.355     14.712     77.880      0.000    -65.700    200.000     0.0000     0.0000 
  77.700     19.955     14.745    -58.182    -45.355     14.745     75.834      0.000    -65.700    200.000     0.0000     0.0000 
  78.000     20.121     14.780    -58.182    -45.355     14.780     73.637      0.000    -65.700    200.000     0.0000     0.0000 
  78.300     20.286     14.817    -58.182    -45.355     14.817     71.324      0.000    -65.700    200.000     0.0000     0.0000 
  78.600     20.451     14.856    -58.181    -45.355     14.856     68.927      0.000    -65.700    200.000     0.0000     0.0000 
  78.900     20.617     14.896    -58.181    -45.355     14.896     66.483      0.000    -65.700    200.000     0.0000     0.0000 
  79.200     20.782     14.938    -58.180    -45.355     14.938     64.026      0.000    -65.700    200.000     0.0000     0.0000 
  79.500     20.928     14.981    -58.180    -45.355     14.981     61.591      0.000    -65.700    200.000     0.0000     0.0000 
  79.800     21.074     15.026    -58.180    -45.355     15.026     59.211      0.000    -65.700    200.000     0.0000     0.0000 
  80.100     21.220     15.072    -58.179    -45.355     15.072     56.919      0.000    -65.700    200.000     0.0000     0.0000 
  80.400     21.365     15.118    -58.179    -45.355     15.118     54.745      0.000    -65.700    200.000     0.0000     0.0000 
  80.700     21.511     15.166    -58.179    -45.355     15.166     52.717      0.000    -65.700    200.000     0.0000     0.0000 
  81.000     21.657     15.214    -58.178    -45.355     15.214     50.862      0.000    -65.700    200.000     0.0000     0.0000 
  81.300     21.803     15.263    -58.178    -45.355     15.263     49.202      0.000    -65.700    200.000     0.0000     0.0000 
  81.600     21.949     15.313    -58.178    -45.355     15.313     47.760      0.000    -65.700    200.000     0.0000     0.0000 
  81.900     22.087     15.364    -58.178    -45.355     15.364     46.551      0.000    -65.700    200.000     0.0000     0.0000 
  82.200     22.210     15.414    -58.177    -45.355     15.414     45.590      0.000    -65.700    200.000     0.0000     0.0000 
  82.500     22.333     15.466    -58.177    -45.355     15.466     44.888      0.000    -65.700    200.000     0.0000     0.0000 
  82.800     22.457     15.519    -58.177    -45.355     15.519     44.452      0.000    -65.700    200.000     0.0000     0.0000 
  83.100     22.580     15.574    -58.176    -45.355     15.574     44.284      0.000    -65.700    200.000     0.0000     0.0000 
  83.400     22.703     15.629    -58.176    -45.355     15.629     44.386      0.000    -65.700    200.000     0.0000     0.0000 
  83.700     22.826     15.683    -58.176    -45.355     15.683     44.752      0.000    -65.700    200.000     0.0000     0.0000 
  84.000     22.949     15.738    -58.176    -45.355     15.738     45.374      0.000    -65.700    200.000     0.0000     0.0000 
  84.300     23.072     15.792    -58.175    -45.355     15.792     46.242      0.000    -65.700    200.000     0.0000     0.0000 
  84.600     23.179     15.845    -58.175    -45.355     15.845     47.340      0.000    -65.700    200.000     0.0000     0.0000 
  84.900     23.277     15.899    -58.175    -45.355     15.899     48.651      0.000    -65.700    200.000     0.0000     0.0000 
  85.200     23.376     15.951    -58.175    -45.355     15.951     50.154      0.000    -65.700    200.000     0.0000     0.0000 
  85.500     23.474     16.003    -58.174    -45.355     16.003     51.825      0.000    -65.700    200.000     0.0000     0.0000 
  85.800     23.572     16.055    -58.174    -45.355     16.055     53.640      0.000    -65.700    200.000     0.0000     0.0000 
  86.100     23.671     16.106    -58.174    -45.355     16.106     55.570      0.000    -65.700    200.000     0.0000     0.0000 
  86.400     23.769     16.156    -58.174    -45.355     16.156     57.587      0.000    -65.700    200.000     0.0000     0.0000 
  86.700     23.867     16.205    -58.174    -45.355     16.205     59.660      0.000    -65.700    200.000     0.0000     0.0000 
  87.000     23.966     16.253    -58.173    -45.355     16.253     61.760      0.000    -65.700    200.000     0.0000     0.0000 
  87.300     24.040     16.301    -58.173    -45.355     16.301     63.855      0.000    -65.700    200.000     0.0000     0.0000 
  87.600     24.115     16.348    -58.173    -45.355     16.348     65.916      0.000    -65.700    200.000     0.0000     0.0000 
  87.900     24.190     16.394    -58.173    -45.355     16.394     67.913      0.000    -65.700    200.000     0.0000     0.0000 
  88.200     24.264     16.439    -58.173    -45.355     16.439     69.819      0.000    -65.700    200.000     0.0000     0.0000 
  88.500     24.339     16.483    -58.172    -45.355     16.483     71.606      0.000    -65.700    200.000     0.0000     0.0000 
  88.800     24.414     16.526    -58.172    -45.355     16.526     73.251      0.000    -65.700    200.000     0.0000     0.0000 
  89.100     24.489     16.568    -58.172    -45.355     16.568     74.731      0.000    -65.700    200.000     0.0000     0.0000 
  89.400     24.549     16.610    -58.172    -45.355     16.610     76.029      0.000    -65.700    200.000     0.0000     0.0000 
  89.700     24.603     16.650    -58.172    -45.355     16.650     77.126      0.000    -65.700    200.000     0.0000     0.0000 
  90.000     24.656     16.689    -58.172    -45.355     16.689     78.011      0.000    -65.700    200.000     0.0000     0.0000 
  90.300     24.710     16.726    -58.171    -45.355     16.726     78.673      0.000    -65.700    200.000     0.0000     0.0000 
  90.600     24.763     16.763    -58.171    -45.355     16.763     79.106      0.000    -65.700    200.000     0.0000     0.0000 
  90.900     24.816     16.799    -58.171    -45.355     16.799     79.306      0.000    -65.700    200.000     0.0000     0.0000 
  91.200     24.870     16.833    -58.171    -45.355     16.833     79.274      0.000    -65.700    200.000     0.0000     0.0000 
  91.500     24.917     16.867    -58.171    -45.355     16.867     79.013      0.000    -65.700    200.000     0.0000     0.0000 
  91.800     24.950     16.899    -58.171    -45.355     16.899     78.529      0.000    -65.700    200.000     0.0000     0.0000 
  92.100     24.983     16.930    -58.171    -45.355     16.930     77.834      0.000    -65.700    200.000     0.0000     0.0000 
  92.400     25.016     16.960    -58.170    -45.355     16.960     76.939      0.000    -65.700    200.000     0.0000     0.0000 
  92.700     25.050     16.988    -58.170    -45.355     16.988     75.861      0.000    -65.700    200.000     0.0000     0.0000 
  93.000     25.083     17.016    -58.170    -45.355     17.016     74.616      0.000    -65.700    200.000     0.0000     0.0000 
  93.300     25.116     17.042    -58.170    -45.355     17.042     73.226      0.000    -65.700    200.000     0.0000     0.0000 
  93.600     25.150     17.067    -58.170    -45.355     17.067     71.712      0.000    -65.700    200.000     0.0000     0.0000 
  93.900     25.165     17.091    -58.170    -45.355     17.091     70.096      0.000    -65.700    200.000     0.0000     0.0000 
  94.200     25.180     17.114    -58.170    -45.355     17.114     68.403      0.000    -65.700    200.000     0.0000     0.0000 
  94.500     25.195     17.135    -58.170    -45.355     17.135     66.658      0.000    -65.700    200.000     0.0000     0.0000 
  94.800     25.210     17.155    -58.169    -45.355     17.155     64.887      0.000    -65.700    200.000     0.0000     0.0000 
  95.100     25.225     17.174    -58.169    -45.355     17.174     63.114      0.000    -65.700    200.000     0.0000     0.0000 
  95.400     25.240     17.192    -58.169    -45.355     17.192     61.365      0.000    -65.700    200.000     0.0000     0.0000 
  95.700     25.255     17.209    -58.169    -45.355     17.209     59.665      0.000    -65.700    200.000     0.0000     0.0000 
  96.000     25.259     17.224    -58.169    -45.355     17.224     58.036      0.000    -65.700    200.000     0.0000     0.0000 
  96.300     25.258     17.239    -58.169    -45.355     17.239     56.500      0.000    -65.700    200.000     0.0000     0.0000 
  96.600     25.257     17.252    -58.169    -45.355     17.252     55.078      0.000    -65.700    200.000     0.0000     0.0000 
  96.900     25.256     17.264    -58.169    -45.355     17.264     53.788      0.000    -65.700    200.000     0.0000     0.0000 
  97.200     25.255     17.275    -58.169    -45.355     17.275     52.647      0.000    -65.700    200.000     0.0000     0.0000 
  97.500     25.255     17.285    -58.169    -45.355     17.285     51.670      0.000    -65.700    200.000     0.0000     0.0000 
  97.800     25.254     17.293    -58.168    -45.355     17.293     50.867      0.000    -65.700    200.000     0.0000     0.0000 
  98.100     25.248     17.301    -58.168    -45.355     17.301     50.248      0.000    -65.700    200.000     0.0000     0.0000 
  98.400     25.234     17.308    -58.168    -45.355     17.308     49.819      0.000    -65.700    200.000     0.0000     0.0000 
  98.700     25.220     17.313    -58.168    -45.355     17.313     49.585      0.000    -65.700    200.000     0.0000     0.0000 
  99.000     25.206     17.318    -58.168    -45.355     17.318     49.547      0.000    -65.700    200.000     0.0000     0.0000 
  99.300     25.192     17.321    -58.168    -45.355     17.321     49.703      0.000    -65.700    200.000     0.0000     0.0000 
  99.600     25.178     17.323    -58.168    -45.355     17.323     50.048      0.000    -65.700    200.000     0.0000     0.0000 
  99.900     25.164     17.325    -58.168    -45.355     17.325     50.576      0.000    -65.700    200.000     0.0000     0.0000 
 100.200     25.150     17.325    -58.168    -45.355     17.325     51.277      0.000    -65.700    200.000     0.0000     0.0000 
 100.500     25.126     17.325    -58.168    -45.355     17.325     52.138      0.000    -65.700    200.000     0.0000     0.0000 
 100.800     25.102     17.323    -58.168    -45.355     17.323     53.147      0.000    -65.700    200.000     0.0000     0.0000 
 101.100     25.078     17.321    -58.168    -45.355     17.321     54.286      0.000    -65.700    200.000     0.0000     0.0000 
 101.400     25.054     17.318    -58.167    -45.355     17.318     55.538      0.000    -65.700    200.000     0.0000     0.0000 
 101.700     25.030     17.313    -58.167    -45.355     17.313     56.884      0.000    -65.700    200.000     0.0000     0.0000 
 102.000     25.006     17.309    -58.167    -45.355     17.309     58.304      0.000    -65.700    200.000     0.0000     0.0000 
 102.300     24.982     17.303    -58.167    -45.355     17.303     59.777      0.000    -65.700    200.000     0.0000     0.0000 
 102.600     24.953     17.296    -58.167    -45.355     17.296     61.280      0.000    -65.700    200.000     0.0000     0.0000 
 102.900     24.922     17.289    -58.167    -45.355     17.289     62.792      0.000    -65.700    200.000     0.0000     0.0000 
 103.200     24.890     17.281    -58.167    -45.355     17.281     64.291      0.000    -65.700    200.000     0.0000     0.0000 
 103.500     24.859     17.272    -58.167    -45.355     17.272     65.756      0.000    -65.700    200.000     0.0000     0.0000 
 103.800     24.828     17.262    -58.167    -45.355     17.262     67.166      0.000    -65.700    200.000     0.0000     0.0000 
 104.100     24.797     17.252    -58.167    -45.355     17.252     68.502      0.000    -65.700    200.000     0.0000     0.0000 
 104.400     24.766     17.241    -58.167    -45.355     17.241     69.746      0.000    -65.700    200.000     0.0000     0.0000 
 104.700     24.733     17.230    -58.167    -45.355     17.230     70.881      0.000    -65.700    200.000     0.0000     0.0000 
 105.000     24.698     17.218    -58.167    -45.355     17.218     71.893      0.000    -65.700    200.000     0.0000     0.0000 
 105.300     24.662     17.205    -58.167    -45.355     17.205     72.769      0.000    -65.700    200.000     0.0000     0.0000 
 105.600     24.627     17.192    -58.167    -45.355     17.192     73.497      0.000    -65.700    200.000     0.0000     0.0000 
 105.900     24.592     17.178    -58.166    -45.355     17.178     74.070      0.000    -65.700    200.000     0.0000     0.0000 
 106.200     24.556     17.164    -58.166    -45.355     17.164     74.481      0.000    -65.700    200.000     0.0000     0.0000 
 106.500     24.521     17.149    -58.166    -45.355     17.149     74.726      0.000    -65.700    200.000     0.0000     0.0000 
 106.800     24.486     17.133    -58.166    -45.355     17.133     74.804      0.000    -65.700    200.000     0.0000     0.0000 
 107.100     24.449     17.118    -58.166    -45.355     17.118     74.716      0.000    -65.700    200.000     0.0000     0.0000 
 107.400     24.412     17.102    -58.166    -45.355     17.102     74.465      0.000    -65.700    200.000     0.0000     0.0000 
 107.700     24.375     17.085    -58.166    -45.355     17.085     74.057      0.000    -65.700    200.000     0.0000     0.0000 
 108.000     24.338     17.068    -58.166    -45.355     17.068     73.500      0.000    -65.700    200.000     0.0000     0.0000 
 108.300     24.301     17.051    -58.166    -45.355     17.051     72.803      0.000    -65.700    200.000     0.0000     0.0000 
 108.600     24.264     17.033    -58.166    -45.355     17.033     71.979      0.000    -65.700    200.000     0.0000     0.0000 
 108.900     24.227     17.016    -58.166    -45.355     17.016     71.040      0.000    -65.700    200.000     0.0000     0.0000 
 109.200     24.191     16.997    -58.166    -45.355     16.997     70.002      0.000    -65.700    200.000     0.0000     0.0000 
 109.500     24.155     16.979    -58.166    -45.355     16.979     68.880      0.000    -65.700    200.000     0.0000     0.0000 
 109.800     24.118     16.960    -58.166    -45.355     16.960     67.691      0.000    -65.700    200.000     0.0000     0.0000 
 110.100     24.082     16.942    -58.166    -45.355     16.942     66.454      0.000    -65.700    200.000     0.0000     0.0000 
 110.400     24.046     16.923    -58.166    -45.355     16.923     65.186      0.000    -65.700    200.000     0.0000     0.0000 
 110.700     24.009     16.904    -58.166    -45.355     16.904     63.905      0.000    -65.700    200.000     0.0000     0.0000 
 111.000     23.973     16.884    -58.166    -45.355     16.884     62.630      0.000    -65.700    200.000     0.0000     0.0000 
 111.300     23.938     16.865    -58.166    -45.355     16.865     61.380      0.000    -65.700    200.000     0.0000     0.0000 
 111.600     23.904     16.845    -58.166    -45.355     16.845     60.171      0.000    -65.700    200.000     0.0000     0.0000 
 111.900     23.869     16.826    -58.166    -45.355     16.826     59.020      0.000    -65.700    200.000     0.0000     0.0000 
 112.200     23.835     16.806    -58.165    -45.355     16.806     57.942      0.000    -65.700    200.000     0.0000     0.0000 
 112.500     23.801     16.787    -58.165    -45.355     16.787     56.952      0.000    -65.700    200.000     0.0000     0.0000 
 112.800     23.767     16.767    -58.165    -45.355     16.767     56.063      0.000    -65.700    200.000     0.0000     0.0000 
 113.100     23.733     16.747    -58.165    -45.355     16.747     55.286      0.000    -65.700    200.000     0.0000     0.0000 
 113.400     23.699     16.728    -58.165    -45.355     16.728     54.630      0.000    -65.700    200.000     0.0000     0.0000 
 113.700     23.669     16.708    -58.165    -45.355     16.708     54.104      0.000    -65.700    200.000     0.0000     0.0000 
 114.000     23.638     16.689    -58.165    -45.355     16.689     53.713      0.000    -65.700    200.000     0.0000     0.0000 
 114.300     23.607     16.669    -58.165    -45.355     16.669     53.462      0.000    -65.700    200.000     0.0000     0.0000 
 114.600     23.577     16.650    -58.165    -45.355     16.650     53.351      0.000    -65.700    200.000     0.0000     0.0000 
 114.900     23.546     16.631    -58.165    -45.355     16.631     53.382      0.000    -65.700    200.000     0.0000     0.0000 
 115.200     23.515     16.612    -58.165    -45.355     16.612     53.552      0.000    -65.700    200.000     0.0000     0.0000 
 115.500     23.485     16.593    -58.165    -45.355     16.593     53.856      0.000    -65.700    200.000     0.0000     0.0000 
 115.800     23.457     16.575    -58.165    -45.355     16.575     54.290      0.000    -65.700    200.000     0.0000     0.0000 
 116.100     23.430     16.556    -58.165    -45.355     16.556     54.844      0.000    -65.700    200.000     0.0000     0.0000 
 116.400     23.403     16.538    -58.165    -45.355     16.538     55.511      0.000    -65.700    200.000     0.0000     0.0000 
 116.700     23.376     16.520    -58.165    -45.355     16.520     56.279      0.000    -65.700    200.000     0.0000     0.0000 
 117.000     23.350     16.502    -58.165    -45.355     16.502     57.136      0.000    -65.700    200.000     0.0000     0.0000 
 117.300     23.323     16.484    -58.165    -45.355     16.484     58.068      0.000    -65.700    200.000     0.0000     0.0000 
 117.600     23.296     16.467    -58.165    -45.355     16.467     59.062      0.000    -65.700    200.000     0.0000     0.0000 
 117.900     23.271     16.450    -58.165    -45.355     16.450     60.102      0.000    -65.700    200.000     0.0000     0.0000 
 118.200     23.248     16.433    -58.165    -45.355     16.433     61.174      0.000    -65.700    200.000     0.0000     0.0000 
 118.500     23.225     16.417    -58.165    -45.355     16.417     62.261      0.000    -65.700    200.000     0.0000     0.0000 
 118.800     23.202     16.401    -58.165    -45.355     16.401     63.348      0.000    -65.700    200.000     0.0000     0.0000 
 119.100     23.179     16.385    -58.165    -45.355     16.385     64.419      0.000    -65.700    200.000     0.0000     0.0000 
 119.400     23.157     16.370    -58.165    -45.355     16.370     65.459      0.000    -65.700    200.000     0.0000     0.0000 
 119.700     23.134     16.355    -58.165    -45.355     16.355     66.454      0.000    -65.700    200.000     0.0000     0.0000 
 120.000     23.111     16.340    -58.165    -45.355     16.340     67.391      0.000    -65.700    200.000     0.0000     0.0000 
 120.300     23.092     16.325    -58.165    -45.355     16.325     68.256      0.000    -65.700    200.000     0.0000     0.0000 
 120.600     23.073     16.311    -58.164    -45.355     16.311     69.038      0.000    -65.700    200.000     0.0000     0.0000 
 120.900     23.053     16.298    -58.164    -45.355     16.298     69.728      0.000    -65.700    200.000     0.0000     0.0000 
 121.200     23.034     16.285    -58.164    -45.355     16.285     70.316      0.000    -65.700    200.000     0.0000     0.0000 
 121.500     23.015     16.272    -58.164    -45.355     16.272     70.796      0.000    -65.700    200.000     0.0000     0.0000 
 121.800     22.996     16.259    -58.164    -45.355     16.259     71.162      0.000    -65.700    200.000     0.0000     0.0000 
 122.100     22.976     16.247    -58.164    -45.355     16.247     71.410      0.000    -65.700    200.000     0.0000     0.0000 
 122.400     22.959     16.236    -58.164    -45.355     16.236     71.539      0.000    -65.700    200.000     0.0000     0.0000 
 122.700     22.942     16.224    -58.164    -45.355     16.224     71.547      0.000    -65.700    200.000     0.0000     0.0000 
 123.000     22.926     16.214    -58.164    -45.355     16.214     71.437      0.000    -65.700    200.000     0.0000     0.0000 
 123.300     22.909     16.203    -58.164    -45.355     16.203     71.210      0.000    -65.700    200.000     0.0000     0.0000 
 123.600     22.893     16.193    -58.164    -45.355     16.193     70.873      0.000    -65.700    200.000     0.0000     0.0000 
 123.900     22.876     16.184    -58.164    -45.355     16.184     70.431      0.000    -65.700    200.000     0.0000     0.0000 
 124.200     22.860     16.175    -58.164    -45.355     16.175     69.891      0.000    -65.700    200.000     0.0000     0.0000 
 124.500     22.844     16.166    -58.164    -45.355     16.166     69.263      0.000    -65.700    200.000     0.0000     0.0000 
 124.800     22.829     16.158    -58.164    -45.355     16.158     68.557      0.000    -65.700    200.000     0.0000     0.0000 
 125.100     22.814     16.150    -58.164    -45.355     16.150     67.783      0.000    -65.700    200.000     0.0000     0.0000 
 125.400     22.800     16.143    -58.164    -45.355     16.143     66.953      0.000    -65.700    200.000     0.0000     0.0000 
 125.700     22.785     16.136    -58.164    -45.355     16.136     66.081      0.000    -65.700    200.000     0.0000     0.0000 
 126.000     22.770     16.129    -58.164    -45.355     16.129     65.178      0.000    -65.700    200.000     0.0000     0.0000 
 126.300     22.755     16.123    -58.164    -45.355     16.123     64.259      0.000    -65.700    200.000     0.0000     0.0000 
 126.600     22.740     16.118    -58.164    -45.355     16.118     63.335      0.000    -65.700    200.000     0.0000     0.0000 
 126.900     22.726     16.112    -58.164    -45.355     16.112     62.422      0.000    -65.700    200.000     0.0000     0.0000 
 127.200     22.712     16.108    -58.164    -45.355     16.108     61.530      0.000    -65.700    200.000     0.0000     0.0000 
 127.500     22.698     16.103    -58.164    -45.355     16.103     60.674      0.000    -65.700    200.000     0.0000     0.0000 
 127.800     22.683     16.099    -58.164    -45.355     16.099     59.863      0.000    -65.700    200.000     0.0000     0.0000 
 128.100     22.669     16.096    -58.164    -45.355     16.096     59.111      0.000    -65.700    200.000     0.0000     0.0000 
 128.400     22.655     16.093    -58.164    -45.355     16.093     58.425      0.000    -65.700    200.000     0.0000     0.0000 
 128.700     22.641     16.090    -58.164    -45.355     16.090     57.816      0.000    -65.700    200.000     0.0000     0.0000 
 129.000     22.626     16.088    -58.164    -45.355     16.088     57.290      0.000    -65.700    200.000     0.0000     0.0000 
 129.300     22.611     16.086    -58.164    -45.355     16.086     56.854      0.000    -65.700    200.000     0.0000     0.0000 
 129.600     22.596     16.084    -58.164    -45.355     16.084     56.514      0.000    -65.700    200.000     0.0000     0.0000 
 129.900     22.581     16.083    -58.164    -45.355     16.083     56.273      0.000    -65.700    200.000     0.0000     0.0000 
 130.200     22.566     16.082    -58.164    -45.355     16.082     56.133      0.000    -65.700    200.000     0.0000     0.0000 
 130.500     22.551     16.082    -58.164    -45.355     16.082     56.095      0.000    -65.700    200.000     0.0000     0.0000 
 130.800     22.536     16.082    -58.164    -45.355     16.082     56.159      0.000    -65.700    200.000     0.0000     0.0000 
 131.100     22.520     16.082    -58.164    -45.355     16.082     56.321      0.000    -65.700    200.000     0.0000     0.0000 
 131.400     22.503     16.083    -58.163    -45.355     16.083     56.580      0.000    -65.700    200.000     0.0000     0.0000 
 131.700     22.486     16.084    -58.163    -45.355     16.084     56.929      0.000    -65.700    200.000     0.0000     0.0000 
 132.000     22.469     16.085    -58.163    -45.355     16.085     57.362      0.000    -65.700    200.000     0.0000     0.0000 
 132.300     22.451     16.087    -58.163    -45.355     16.087     57.874      0.000    -65.700    200.000     0.0000     0.0000 
 132.600     22.434     16.089    -58.163    -45.355     16.089     58.455      0.000    -65.700    200.000     0.0000     0.0000 
 132.900     22.417     16.091    -58.163    -45.355     16.091     59.095      0.000    -65.700    200.000     0.0000     0.0000 
 133.200     22.400     16.094    -58.163    -45.355     16.094     59.787      0.000    -65.700    200.000     0.0000     0.0000 
 133.500     22.382     16.096    -58.163    -45.355     16.096     60.518      0.000    -65.700    200.000     0.0000     0.0000 
 133.800     22.365     16.100    -58.163    -45.355     16.100     61.278      0.000    -65.700    200.000     0.0000     0.0000 
 134.100     22.345     16.103    -58.163    -45.355     16.103     62.056      0.000    -65.700    200.000     0.0000     0.0000 
 134.400     22.324     16.107    -58.163    -45.355     16.107     62.841      0.000    -65.700    200.000     0.0000     0.0000 
 134.700     22.303     16.111    -58.163    -45.355     16.111     63.620      0.000    -65.700    200.000     0.0000     0.0000 
 135.000     22.281     16.115    -58.163    -45.355     16.115     64.384      0.000    -65.700    200.000     0.0000     0.0000 
 135.300     22.260     16.119    -58.163    -45.355     16.119     65.122      0.000    -65.700    200.000     0.0000     0.0000 
 135.600     22.238     16.124    -58.163    -45.355     16.124     65.823      0.000    -65.700    200.000     0.0000     0.0000 
 135.900     22.217     16.129    -58.163    -45.355     16.129     66.477      0.000    -65.700    200.000     0.0000     0.0000 
 136.200     22.196     16.134    -58.163    -45.355     16.134     67.077      0.000    -65.700    200.000     0.0000     0.0000 
 136.500     22.174     16.140    -58.163    -45.355     16.140     67.615      0.000    -65.700    200.000     0.0000     0.0000 
 136.800     22.153     16.145    -58.163    -45.355     16.145     68.083      0.000    -65.700    200.000     0.0000     0.0000 
 137.100     22.126     16.151    -58.163    -45.355     16.151     68.476      0.000    -65.700    200.000     0.0000     0.0000 
 137.400     22.100     16.157    -58.163    -45.355     16.157     68.789      0.000    -65.700    200.000     0.0000     0.0000 
 137.700     22.073     16.163    -58.163    -45.355     16.163     69.018      0.000    -65.700    200.000     0.0000     0.0000 
 138.000     22.046     16.169    -58.163    -45.355     16.169     69.163      0.000    -65.700    200.000     0.0000     0.0000 
 138.300     22.020     16.175    -58.163    -45.355     16.175     69.220      0.000    -65.700    200.000     0.0000     0.0000 
 138.600     21.993     16.182    -58.163    -45.355     16.182     69.192      0.000    -65.700    200.000     0.0000     0.0000 
 138.900     21.966     16.188    -58.163    -45.355     16.188     69.078      0.000    -65.700    200.000     0.0000     0.0000 
 139.200     21.940     16.195    -58.163    -45.355     16.195     68.882      0.000    -65.700    200.000     0.0000     0.0000 
 139.500     21.913     16.202    -58.163    -45.355     16.202     68.608      0.000    -65.700    200.000     0.0000     0.0000 
 139.800     21.885     16.209    -58.163    -45.355     16.209     68.261      0.000    -65.700    200.000     0.0000     0.0000 
 140.100     21.852     16.216    -58.163    -45.355     16.216     67.845      0.000    -65.700    200.000     0.0000     0.0000 
 140.400     21.820     16.223    -58.163    -45.355     16.223     67.369      0.000    -65.700    200.000     0.0000     0.0000 
 140.700     21.787     16.230    -58.163    -45.355     16.230     66.839      0.000    -65.700    200.000     0.0000     0.0000 
 141.000     21.755     16.238    -58.163    -45.355     16.238     66.264      0.000    -65.700    200.000     0.0000     0.0000 
 141.300     21.722     16.245    -58.163    -45.355     16.245     65.653      0.000    -65.700    200.000     0.0000     0.0000 
 141.600     21.690     16.252    -58.163    -45.355     16.252     65.014      0.000    -65.700    200.000     0.0000     0.0000 
 141.900     21.657     16.260    -58.163    -45.355     16.260     64.357      0.000    -65.700    200.000     0.0000     0.0000 
 142.200     21.625     16.267    -58.163    -45.355     16.267     63.692      0.000    -65.700    200.000     0.0000     0.0000 
 142.500     21.592     16.275    -58.163    -45.355     16.275     63.028      0.000    -65.700    200.000     0.0000     0.0000 
 142.800     21.556     16.282    -58.163    -45.355     16.282     62.375      0.000    -65.700    200.000     0.0000     0.0000 
 143.100     21.518     16.290    -58.163    -45.355     16.290     61.741      0.000    -65.700    200.000     0.0000     0.0000 
 143.400     21.480     16.297    -58.163    -45.355     16.297     61.136      0.000    -65.700    200.000     0.0000     0.0000 
 143.700     21.441     16.304    -58.163    -45.355     16.304     60.568      0.000    -65.700    200.000     0.0000     0.0000 
 144.000     21.403     16.312    -58.163    -45.355     16.312     60.044      0.000    -65.700    200.000     0.0000     0.0000 
 144.300     21.365     16.319    -58.163    -45.355     16.319     59.571      0.000    -65.700    200.000     0.0000     0.0000 
 144.600     21.327     16.327    -58.163    -45.355     16.327     59.156      0.000    -65.700    200.000     0.0000     0.0000 
 144.900     21.289     16.334    -58.162    -45.355     16.334     58.803      0.000    -65.700    200.000     0.0000     0.0000 
 145.200     21.250     16.341    -58.162    -45.355     16.341     58.517      0.000    -65.700    200.000     0.0000     0.0000 
 145.500     21.212     16.348    -58.162    -45.355     16.348     58.300      0.000    -65.700    200.000     0.0000     0.0000 
 145.800     21.169     16.356    -58.162    -45.355     16.356     58.156      0.000    -65.700    200.000     0.0000     0.0000 
 146.100     21.126     16.363    -58.162    -45.355     16.363     58.085      0.000    -65.700    200.000     0.0000     0.0000 
 146.400     21.082     16.370    -58.162    -45.355     16.370     58.087      0.000    -65.700    200.000     0.0000     0.0000 
 146.700     21.039     16.377    -58.162    -45.355     16.377     58.162      0.000    -65.700    200.000     0.0000     0.0000 
 147.000     20.996     16.384    -58.162    -45.355     16.384     58.308      0.000    -65.700    200.000     0.0000     0.0000 
 147.300     20.953     16.390    -58.162    -45.355     16.390     58.521      0.000    -65.700    200.000     0.0000     0.0000 
 147.600     20.909     16.397    -58.162    -45.355     16.397     58.798      0.000    -65.700    200.000     0.0000     0.0000 
 147.900     20.866     16.404    -58.162    -45.355     16.404     59.134      0.000    -65.700    200.000     0.0000     0.0000 
 148.200     20.823     16.410    -58.162    -45.355     16.410     59.524      0.000    -65.700    200.000     0.0000     0.0000 
 148.500     20.778     16.416    -58.162    -45.355     16.416     59.961      0.000    -65.700    200.000     0.0000     0.0000 
 148.800     20.731     16.423    -58.162    -45.355     16.423     60.438      0.000    -65.700    200.000     0.0000     0.0000 
 149.100     20.684     16.429    -58.162    -45.355     16.429     60.949      0.000    -65.700    200.000     0.0000     0.0000 
 149.400     20.637     16.435    -58.162    -45.355     16.435     61.486      0.000    -65.700    200.000     0.0000     0.0000 
 149.700     20.590     16.441    -58.162    -45.355     16.441     62.040      0.000    -65.700    200.000     0.0000     0.0000 
 150.000     20.543     16.446    -58.162    -45.355     16.446     62.603      0.000    -65.700    200.000     0.0000     0.0000 
 150.300     20.496     16.452    -58.162    -45.355     16.452     63.168      0.000    -65.700    200.000     0.0000     0.0000 
 150.600     20.449     16.458    -58.162    -45.355     16.458     63.726      0.000    -65.700    200.000     0.0000     0.0000 
 150.900     20.402     16.463    -58.162    -45.355     16.463     64.270      0.000    -65.700    200.000     0.0000     0.0000 
 151.200     20.355     16.468    -58.162    -45.355     16.468     64.792      0.000    -65.700    200.000     0.0000     0.0000 
 151.500     20.306     16.473    -58.162    -45.355     16.473     65.284      0.000    -65.700    200.000     0.0000     0.0000 
 151.800     20.257     16.478    -58.162    -45.355     16.478     65.741      0.000    -65.700    200.000     0.0000     0.0000 
 152.100     20.207     16.483    -58.162    -45.355     16.483     66.155      0.000    -65.700    200.000     0.0000     0.0000 
 152.400     20.158     16.487    -58.162    -45.355     16.487     66.523      0.000    -65.700    200.000     0.0000     0.0000 
 152.700     20.108     16.492    -58.162    -45.355     16.492     66.839      0.000    -65.700    200.000     0.0000     0.0000 
 153.000     20.059     16.496    -58.162    -45.355     16.496     67.099      0.000    -65.700    200.000     0.0000     0.0000 
 153.300     20.009     16.500    -58.162    -45.355     16.500     67.300      0.000    -65.700    200.000     0.0000     0.0000 
 153.600     19.960     16.504    -58.162    -45.355     16.504     67.441      0.000    -65.700    200.000     0.0000     0.0000 
 153.900     19.911     16.508    -58.162    -45.355     16.508     67.520      0.000    -65.700    200.000     0.0000     0.0000 
 154.200     19.861     16.511    -58.162    -45.355     16.511     67.536      0.000    -65.700    200.000     0.0000     0.0000 
 154.500     19.811     16.515    -58.162    -45.355     16.515     67.491      0.000    -65.700    200.000     0.0000     0.0000 
 154.800     19.761     16.518    -58.162    -45.355     16.518     67.385      0.000    -65.700    200.000     0.0000     0.0000 
 155.100     19.711     16.521    -58.162    -45.355     16.521     67.220      0.000    -65.700    200.000     0.0000     0.0000 
 155.400     19.661     16.524    -58.162    -45.355     16.524     67.001      0.000    -65.700    200.000     0.0000     0.0000 
 155.700     19.611     16.527    -58.162    -45.355     16.527     66.730      0.000    -65.700    200.000     0.0000     0.0000 
 156.000     19.561     16.530    -58.162    -45.355     16.530     66.412      0.000    -65.700    200.000     0.0000     0.0000 
 156.300     19.511     16.532    -58.162    -45.355     16.532     66.053      0.000    -65.700    200.000     0.0000     0.0000 
 156.600     19.461     16.535    -58.162    -45.355     16.535     65.657      0.000    -65.700    200.000     0.0000     0.0000 
 156.900     19.411     16.537    -58.162    -45.355     16.537     65.231      0.000    -65.700    200.000     0.0000     0.0000 
 157.200     19.361     16.539    -58.162    -45.355     16.539     64.782      0.000    -65.700    200.000     0.0000     0.0000 
 157.500     19.312     16.541    -58.162    -45.355     16.541     64.315      0.000    -65.700    200.000     0.0000     0.0000 
 157.800     19.263     16.542    -58.162    -45.355     16.542     63.839      0.000    -65.700    200.000     0.0000     0.0000 
 158.100     19.214     16.544    -58.162    -45.355     16.544     63.359      0.000    -65.700    200.000     0.0000     0.0000 
 158.400     19.165     16.545    -58.162    -45.355     16.545     62.883      0.000    -65.700    200.000     0.0000     0.0000 
 158.700     19.116     16.546    -58.162    -45.355     16.546     62.417      0.000    -65.700    200.000     0.0000     0.0000 
 159.000     19.067     16.547    -58.162    -45.355     16.547     61.968      0.000    -65.700    200.000     0.0000     0.0000 
 159.300     19.018     16.548    -58.162    -45.355     16.548     61.542      0.000    -65.700    200.000     0.0000     0.0000 
 159.600     18.970     16.549    -58.162    -45.355     16.549     61.144      0.000    -65.700    200.000     0.0000     0.0000 
 159.900     18.921     16.550    -58.161    -45.355     16.550     60.781      0.000    -65.700    200.000     0.0000     0.0000 
 160.200     18.874     16.550    -58.161    -45.355     16.550     60.457      0.000    -65.700    200.000     0.0000     0.0000 
 160.500     18.827     16.550    -58.161    -45.355     16.550     60.175      0.000    -65.700    200.000     0.0000     0.0000 
 160.800     18.781     16.551    -58.161    -45.355     16.551     59.940      0.000    -65.700    200.000     0.0000     0.0000 
 161.100     18.735     16.551    -58.161    -45.355     16.551     59.753      0.000    -65.700    200.000     0.0000     0.0000 
 161.400     18.689     16.551    -58.161    -45.355     16.551     59.618      0.000    -65.700    200.000     0.0000     0.0000 
 161.700     18.643     16.550    -58.161    -45.355     16.550     59.536      0.000    -65.700    200.000     0.0000     0.0000 
 162.000     18.596     16.550    -58.161    -45.355     16.550     59.506      0.000    -65.700    200.000     0.0000     0.0000 
 162.300     18.550     16.550    -58.161    -45.355     16.550     59.529      0.000    -65.700    200.000     0.0000     0.0000 
 162.600     18.504     16.549    -58.161    -45.355     16.549     59.604      0.000    -65.700    200.000     0.0000     0.0000 
 162.900     18.458     16.548    -58.161    -45.355     16.548     59.729      0.000    -65.700    200.000     0.0000     0.0000 
 163.200     18.416     16.547    -58.161    -45.355     16.547     59.902      0.000    -65.700    200.000     0.0000     0.0000 
 163.500     18.374     16.546    -58.161    -45.355     16.546     60.119      0.000    -65.700    200.000     0.0000     0.0000 
 163.800     18.332     16.545    -58.161    -45.355     16.545     60.378      0.000    -65.700    200.000     0.0000     0.0000 
 164.100     18.290     16.544    -58.161    -45.355     16.544     60.673      0.000    -65.700    200.000     0.0000     0.0000 
 164.400     18.248     16.543    -58.161    -45.355     16.543     61.000      0.000    -65.700    200.000     0.0000     0.0000 
 164.700     18.206     16.541    -58.161    -45.355     16.541     61.355      0.000    -65.700    200.000     0.0000     0.0000 
 165.000     18.164     16.540    -58.161    -45.355     16.540     61.731      0.000    -65.700    200.000     0.0000     0.0000 
 165.300     18.122     16.538    -58.161    -45.355     16.538     62.123      0.000    -65.700    200.000     0.0000     0.0000 
 165.600     18.080     16.537    -58.161    -45.355     16.537     62.526      0.000    -65.700    200.000     0.0000     0.0000 
 165.900     18.039     16.535    -58.161    -45.355     16.535     62.933      0.000    -65.700    200.000     0.0000     0.0000 
 166.200     18.003     16.533    -58.161    -45.355     16.533     63.339      0.000    -65.700    200.000     0.0000     0.0000 
 166.500     17.966     16.531    -58.161    -45.355     16.531     63.738      0.000    -65.700    200.000     0.0000     0.0000 
 166.800     17.929     16.529    -58.161    -45.355     16.529     64.124      0.000    -65.700    200.000     0.0000     0.0000 
 167.100     17.892     16.527    -58.161    -45.355     16.527     64.492      0.000    -65.700    200.000     0.0000     0.0000 
 167.400     17.856     16.525    -58.161    -45.355     16.525     64.837      0.000    -65.700    200.000     0.0000     0.0000 
 167.700     17.819     16.523    -58.161    -45.355     16.523     65.154      0.000    -65.700    200.000     0.0000     0.0000 
 168.000     17.782     16.521    -58.161    -45.355     16.521     65.440      0.000    -65.700    200.000     0.0000     0.0000 
 168.300     17.745     16.518    -58.161    -45.355     16.518     65.690      0.000    -65.700    200.000     0.0000     0.0000 
 168.600     17.709     16.516    -58.161    -45.355     16.516     65.902      0.000    -65.700    200.000     0.0000     0.0000 
 168.900     17.676     16.513    -58.161    -45.355     16.513     66.072      0.000    -65.700    200.000     0.0000     0.0000 
 169.200     17.645     16.511    -58.161    -45.355     16.511     66.200      0.000    -65.700    200.000     0.0000     0.0000 
 169.500     17.615     16.508    -58.161    -45.355     16.508     66.284      0.000    -65.700    200.000     0.0000     0.0000 
 169.800     17.584     16.506    -58.161    -45.355     16.506     66.322      0.000    -65.700    200.000     0.0000     0.0000 
 170.100     17.553     16.503    -58.161    -45.355     16.503     66.316      0.000    -65.700    200.000     0.0000     0.0000 
 170.400     17.523     16.501    -58.161    -45.355     16.501     66.265      0.000    -65.700    200.000     0.0000     0.0000 
 170.700     17.492     16.498    -58.161    -45.355     16.498     66.171      0.000    -65.700    200.000     0.0000     0.0000 
 171.000     17.461     16.495    -58.161    -45.355     16.495     66.036      0.000    -65.700    200.000     0.0000     0.0000 
 171.300     17.431     16.492    -58.161    -45.355     16.492     65.863      0.000    -65.700    200.000     0.0000     0.0000 
 171.600     17.400     16.490    -58.161    -45.355     16.490     65.653      0.000    -65.700    200.000     0.0000     0.0000 
 171.900     17.376     16.487    -58.161    -45.355     16.487     65.412      0.000    -65.700    200.000     0.0000     0.0000 
 172.200     17.352     16.484    -58.161    -45.355     16.484     65.142      0.000    -65.700    200.000     0.0000     0.0000 
 172.500     17.328     16.481    -58.161    -45.355     16.481     64.847      0.000    -65.700    200.000     0.0000     0.0000 
 172.800     17.303     16.479    -58.161    -45.355     16.479     64.533      0.000    -65.700    200.000     0.0000     0.0000 
 173.100     17.279     16.476    -58.161    -45.355     16.476     64.203      0.000    -65.700    200.000     0.0000     0.0000 
 173.400     17.255     16.473    -58.161    -45.355     16.473     63.864      0.000    -65.700    200.000     0.0000     0.0000 
 173.700     17.231     16.470    -58.161    -45.355     16.470     63.519      0.000    -65.700    200.000     0.0000     0.0000 
 174.000     17.207     16.467    -58.161    -45.355     16.467     63.173      0.000    -65.700    200.000     0.0000     0.0000 
 174.300     17.183     16.465    -58.161    -45.355     16.465     62.832      0.000    -65.700    200.000     0.0000     0.0000 
 174.600     17.161     16.462    -58.161    -45.355     16.462     62.501      0.000    -65.700    200.000     0.0000     0.0000 
 174.900     17.143     16.459    -58.161    -45.355     16.459     62.184      0.000    -65.700    200.000     0.0000     0.0000 
 175.200     17.126     16.456    -58.161    -45.355     16.456     61.884      0.000    -65.700    200.000     0.0000     0.0000 
 175.500     17.108     16.454    -58.161    -45.355     16.454     61.608      0.000    -65.700    200.000     0.0000     0.0000 
 175.800     17.091     16.451    -58.160    -45.355     16.451     61.357      0.000    -65.700    200.000     0.0000     0.0000 
 176.100     17.073     16.448    -58.160    -45.355     16.448     61.135      0.000    -65.700    200.000     0.0000     0.0000 
 176.400     17.055     16.445    -58.160    -45.355     16.445     60.945      0.000    -65.700    200.000     0.0000     0.0000 
 176.700     17.038     16.443    -58.160    -45.355     16.443     60.790      0.000    -65.700    200.000     0.0000     0.0000 
 177.000     17.020     16.440    -58.160    -45.355     16.440     60.670      0.000    -65.700    200.000     0.0000     0.0000 
 177.300     17.003     16.438    -58.160    -45.355     16.438     60.588      0.000    -65.700    200.000     0.0000     0.0000 
 177.600     16.989     16.435    -58.160    -45.355     16.435     60.544      0.000    -65.700    200.000     0.0000     0.0000 
 177.900     16.978     16.433    -58.160    -45.355     16.433     60.538      0.000    -65.700    200.000     0.0000     0.0000 
 178.200     16.967     16.430    -58.160    -45.355     16.430     60.570      0.000    -65.700    200.000     0.0000     0.0000 
 178.500     16.956     16.428    -58.160    -45.355     16.428     60.639      0.000    -65.700    200.000     0.0000     0.0000 
 178.800     16.945     16.425    -58.160    -45.355     16.425     60.743      0.000    -65.700    200.000     0.0000     0.0000 
 179.100     16.934     16.423    -58.160    -45.355     16.423     60.881      0.000    -65.700    200.000     0.0000     0.0000 
 179.400     16.922     16.421    -58.160    -45.355     16.421     61.050      0.000    -65.700    200.000     0.0000     0.0000 
 179.700     16.911     16.418    -58.160    -45.355     16.418     61.247      0.000    -65.700    200.000     0.0000     0.0000 
 180.000     16.900     16.416    -58.160    -45.355     16.416     61.470      0.000    -65.700    200.000     0.0000     0.0000 
 180.300     16.889     16.414    -58.160    -45.355     16.414     61.714      0.000    -65.700    200.000     0.0000     0.0000 
 180.600     16.884     16.412    -58.160    -45.355     16.412     61.977      0.000    -65.700    200.000     0.0000     0.0000 
 180.900     16.879     16.410    -58.160    -45.355     16.410     62.253      0.000    -65.700    200.000     0.0000     0.0000 
 181.200     16.873     16.408    -58.160    -45.355     16.408     62.539      0.000    -65.700    200.000     0.0000     0.0000 
 181.500     16.868     16.406    -58.160    -45.355     16.406     62.832      0.000    -65.700    200.000     0.0000     0.0000 
 181.800     16.863     16.404    -58.160    -45.355     16.404     63.125      0.000    -65.700    200.000     0.0000     0.0000 
 182.100     16.858     16.402    -58.160    -45.355     16.402     63.416      0.000    -65.700    200.000     0.0000     0.0000 
 182.400     16.852     16.400    -58.160    -45.355     16.400     63.700      0.000    -65.700    200.000     0.0000     0.0000 
 182.700     16.847     16.398    -58.160    -45.355     16.398     63.974      0.000    -65.700    200.000     0.0000     0.0000 
 183.000     16.842     16.397    -58.160    -45.355     16.397     64.233      0.000    -65.700    200.000     0.0000     0.0000 
 183.300     16.838     16.395    -58.160    -45.355     16.395     64.473      0.000    -65.700    200.000     0.0000     0.0000 
 183.600     16.838     16.394    -58.160    -45.355     16.394     64.693      0.000    -65.700    200.000     0.0000     0.0000 
 183.900     16.839     16.392    -58.160    -45.355     16.392     64.889      0.000    -65.700    200.000     0.0000     0.0000 
 184.200     16.839     16.391    -58.160    -45.355     16.391     65.058      0.000    -65.700    200.000     0.0000     0.0000 
 184.500     16.839     16.389    -58.160    -45.355     16.389     65.199      0.000    -65.700    200.000     0.0000     0.0000 
 184.800     16.839     16.388    -58.160    -45.355     16.388     65.310      0.000    -65.700    200.000     0.0000     0.0000 
 185.100     16.839     16.387    -58.160    -45.355     16.387     65.389      0.000    -65.700    200.000     0.0000     0.0000 
 185.400     16.839     16.385    -58.160    -45.355     16.385     65.436      0.000    -65.700    200.000     0.0000     0.0000 
 185.700     16.839     16.384    -58.160    -45.355     16.384     65.450      0.000    -65.700    200.000     0.0000     0.0000 
 186.000     16.839     16.383    -58.160    -45.355     16.383     65.433      0.000    -65.700    200.000     0.0000     0.0000 
 186.300     16.842     16.382    -58.160    -45.355     16.382     65.384      0.000    -65.700    200.000     0.0000     0.0000 
 186.600     16.846     16.381    -58.160    -45.355     16.381     65.304      0.000    -65.700    200.000     0.0000     0.0000 
 186.900     16.851     16.380    -58.160    -45.355     16.380     65.195      0.000    -65.700    200.000     0.0000     0.0000 
 187.200     16.855     16.379    -58.160    -45.355     16.379     65.060      0.000    -65.700    200.000     0.0000     0.0000 
 187.500     16.860     16.379    -58.160    -45.355     16.379     64.899      0.000    -65.700    200.000     0.0000     0.0000 
 187.800     16.864     16.378    -58.160    -45.355     16.378     64.716      0.000    -65.700    200.000     0.0000     0.0000 
 188.100     16.869     16.377    -58.160    -45.355     16.377     64.514      0.000    -65.700    200.000     0.0000     0.0000 
 188.400     16.873     16.377    -58.160    -45.355     16.377     64.295      0.000    -65.700    200.000     0.0000     0.0000 
 188.700     16.878     16.376    -58.160    -45.355     16.376     64.064      0.000    -65.700    200.000     0.0000     0.0000 
 189.000     16.883     16.376    -58.160    -45.355     16.376     63.823      0.000    -65.700    200.000     0.0000     0.0000 
 189.300     16.891     16.375    -58.160    -45.355     16.375     63.576      0.000    -65.700    200.000     0.0000     0.0000 
 189.600     16.899     16.375    -58.160    -45.355     16.375     63.327      0.000    -65.700    200.000     0.0000     0.0000 
 189.900     16.907     16.375    -58.160    -45.355     16.375     63.079      0.000    -65.700    200.000     0.0000     0.0000 
 190.200     16.915     16.374    -58.160    -45.355     16.374     62.835      0.000    -65.700    200.000     0.0000     0.0000 
 190.500     16.923     16.374    -58.160    -45.355     16.374     62.600      0.000    -65.700    200.000     0.0000     0.0000 
 190.800     16.931     16.374    -58.160    -45.355     16.374     62.376      0.000    -65.700    200.000     0.0000     0.0000 
 191.100     16.939     16.374    -58.160    -45.355     16.374     62.167      0.000    -65.700    200.000     0.0000     0.0000 
 191.400     16.947     16.374    -58.160    -45.355     16.374     61.975      0.000    -65.700    200.000     0.0000     0.0000 
 191.700     16.955     16.374    -58.160    -45.355     16.374     61.802      0.000    -65.700    200.000     0.0000     0.0000 
 192.000     16.965     16.374    -58.160    -45.355     16.374     61.652      0.000    -65.700    200.000     0.0000     0.0000 
 192.300     16.976     16.374    -58.160    -45.355     16.374     61.525      0.000    -65.700    200.000     0.0000     0.0000 
 192.600     16.987     16.374    -58.160    -45.355     16.374     61.423      0.000    -65.700    200.000     0.0000     0.0000 
 192.900     16.997     16.375    -58.160    -45.355     16.375     61.348      0.000    -65.700    200.000     0.0000     0.0000 
 193.200     17.008     16.375    -58.159    -45.355     16.375     61.300      0.000    -65.700    200.000     0.0000     0.0000 
 193.500     17.019     16.375    -58.159    -45.355     16.375     61.279      0.000    -65.700    200.000     0.0000     0.0000 
 193.800     17.029     16.375    -58.159    -45.355     16.375     61.286      0.000    -65.700    200.000     0.0000     0.0000 
 194.100     17.040     16.376    -58.159    -45.355     16.376     61.320      0.000    -65.700    200.000     0.0000     0.0000 
 194.400     17.050     16.376    -58.159    -45.355     16.376     61.380      0.000    -65.700    200.000     0.0000     0.0000 
 194.700     17.063     16.377    -58.159    -45.355     16.377     61.465      0.000    -65.700    200.000     0.0000     0.0000 
 195.000     17.075     16.377    -58.159    -45.355     16.377     61.574      0.000    -65.700    200.000     0.0000     0.0000 
 195.300     17.088     16.378    -58.159    -45.355     16.378     61.704      0.000    -65.700    200.000     0.0000     0.0000 
 195.600     17.100     16.378    -58.159    -45.355     16.378     61.854      0.000    -65.700    200.000     0.0000     0.0000 
 195.900     17.113     16.379    -58.159    -45.355     16.379     62.021      0.000    -65.700    200.000     0.0000     0.0000 
 196.200     17.125     16.380    -58.159    -45.355     16.380     62.203      0.000    -65.700    200.000     0.0000     0.0000 
 196.500     17.138     16.380    -58.159    -45.355     16.380     62.396      0.000    -65.700    200.000     0.0000     0.0000 
 196.800     17.150     16.381    -58.159    -45.355     16.381     62.599      0.000    -65.700    200.000     0.0000     0.0000 
 197.100     17.163     16.382    -58.159    -45.355     16.382     62.807      0.000    -65.700    200.000     0.0000     0.0000 
 197.400     17.176     16.383    -58.159    -45.355     16.383     63.019      0.000    -65.700    200.000     0.0000     0.0000 
 197.700     17.190     16.383    -58.159    -45.355     16.383     63.230      0.000    -65.700    200.000     0.0000     0.0000 
 198.000     17.204     16.384    -58.159    -45.355     16.384     63.438      0.000    -65.700    200.000     0.0000     0.0000 
 198.300     17.217     16.385    -58.159    -45.355     16.385     63.640      0.000    -65.700    200.000     0.0000     0.0000 
 198.600     17.231     16.386    -58.159    -45.355     16.386     63.833      0.000    -65.700    200.000     0.0000     0.0000 
 198.900     17.244     16.387    -58.159    -45.355     16.387     64.015      0.000    -65.700    200.000     0.0000     0.0000 
 199.200     17.258     16.388    -58.159    -45.355     16.388     64.182      0.000    -65.700    200.000     0.0000     0.0000 
 199.500     17.271     16.389    -58.159    -45.355     16.389     64.334      0.000    -65.700    200.000     0.0000     0.0000 
 199.800     17.285     16.390    -58.159    -45.355     16.390     64.468      0.000    -65.700    200.000     0.0000     0.0000 
