   0.300      0.002      0.000    -65.296    -58.515      0.000      0.000      0.000    -65.700    500.000     0.0000     0.0000 
   0.600      0.004      0.000    -64.901    -57.076      0.000      0.000      0.000    -65.700    500.000     0.0000     0.0000 
   0.900      0.006      0.000    -64.514    -55.680      0.000      0.000      0.000    -65.700    500.000     0.0000     0.0000 
   1.200      0.008      0.000    -64.134    -54.328      0.000      0.000      0.000    -65.700    500.000     0.0000     0.0000 
   1.500      0.010      0.000    -63.763    -53.018      0.000      0.000      0.000    -65.700    500.000     0.0000     0.0000 
   1.800      0.012      0.000    -63.399    -51.750      0.000      0.000      0.000    -65.700    500.000     0.0000     0.0000 
   2.100      0.013      0.000    -63.043    -50.523      0.000      0.000      0.000    -65.700    500.000     0.0000     0.0000 
   2.400      0.013      0.001    -62.695    -49.337      0.001      0.000      0.000    -65.700    500.000     0.0000     0.0000 
   2.700      0.014      0.002    -62.353    -48.191      0.002      0.000      0.000    -65.700    500.000     0.0000     0.0000 
   3.000      0.015      0.006    -62.019    -47.086      0.006      0.012      0.000    -65.700    500.000     0.0000     0.0000 
   3.300      0.016      0.013    -61.692    -46.021      0.013      0.189      0.000    -65.700    500.000     0.0000     0.0000 
   3.600      0.016      0.029    -61.371    -44.997      0.029      1.935      0.000    -65.700    500.000     0.0000     0.0000 
   3.900      0.018      0.062    -61.058    -44.014      0.062     11.969      0.000    -65.700    500.000     0.0000     0.0000 
   4.200      0.019      0.127    -60.750    -43.074      0.127     54.241      0.000    -65.700    500.000     0.0000     0.0000 
   4.500      0.021      0.244    -60.450    -42.176      0.244    165.205      0.000    -65.700    500.000     0.0000     0.0000 
   4.800      0.022      0.454    -60.156    -41.323      0.454    344.094      0.000    -65.700    500.000     0.0000     0.0000 
   5.100      0.023      0.803    -59.867    -40.515      0.803    542.646      0.000    -65.700    500.000     0.0000     0.0000 
   5.400      0.025      1.364    -59.585    -39.753      1.364    646.057      0.000    -65.700    500.000     0.0000     0.0000 
   5.700      0.028      2.226    -59.309    -39.040      2.226    595.366      0.000    -65.700    500.000     0.0000     0.0000 
   6.000      0.031      3.513    -59.039    -38.376      3.513    445.731      0.000    -65.700    500.000     0.0000     0.0000 
   6.300      0.034      5.407    -58.775    -37.764      5.407    274.906      0.000    -65.700    500.000     0.0000     0.0000 
   6.600      0.037      8.030    -58.516    -37.204      8.030    144.199      0.000    -65.700    500.000     0.0000     0.0000 
   6.900      0.040     11.432    -58.263    -36.698     11.432     65.721      0.000    -65.700    500.000     0.0000     0.0000 
   7.200      0.045     16.008    -58.015    -36.246     16.008     26.651      0.000    -65.700    500.000     0.0000     0.0000 
   7.500      0.051     21.681    -57.773    -35.849     21.681      9.792      0.000    -65.700    500.000     0.0000     0.0000 
   7.800      0.057     28.650    -57.536    -35.506     28.650      3.298      0.000    -65.700    500.000     0.0000     0.0000 
   8.100      0.064     37.024    -57.304    -35.217     37.024      1.066      0.000    -65.700    500.000     0.0000     0.0000 
   8.400      0.070     46.503    -57.077    -34.981     46.503      0.331      0.000    -65.700    500.000     0.0000     0.0000 
   8.700      0.076     57.052    -56.855    -34.795     57.052      0.097      0.000    -65.700    500.000     0.0000     0.0000 
   9.000      0.089     68.371    -56.637    -34.657     68.371      0.026      0.000    -65.700    500.000     0.0000     0.0000 
   9.300      0.103     80.327    -56.425    -34.565     80.327      0.009      0.000    -65.700    500.000     0.0000     0.0000 
   9.600      0.117     92.496    -56.217    -34.513     92.496      0.004      0.000    -65.700    500.000     0.0000     0.0000 
   9.900      0.131    104.466    -56.014    -34.499    104.466      0.001      0.000    -65.700    500.000     0.0000     0.0000 
  10.200      0.145    115.803    -55.816    -34.518    115.803      0.000      0.000    -65.700    500.000     0.0000     0.0000 
  10.500      0.159    126.014    -55.621    -34.565    126.014      0.000      0.000    -65.700    500.000     0.0000     0.0000 
  10.800      0.189    134.933    -55.432    -34.636    134.933      0.003      0.000    -65.700    500.000     0.0000     0.0000 
  11.100      0.219    141.881    -55.246    -34.725    141.881      0.039      0.000    -65.700    500.000     0.0000     0.0000 
  11.400      0.249    147.097    -55.065    -34.830    147.097      0.378      0.000    -65.700    500.000     0.0000     0.0000 
  11.700      0.279    150.552    -54.888    -34.944    150.552      2.636      0.000    -65.700    500.000     0.0000     0.0000 
  12.000      0.309    151.856    -54.715    -35.066    151.856     12.735      0.000    -65.700    500.000     0.0000     0.0000 
  12.300      0.344    151.057    -54.546    -35.191    151.057     43.557      0.000    -65.700    500.000     0.0000     0.0000 
  12.600      0.405    148.368    -54.381    -35.316    148.368    110.237      0.000    -65.700    500.000     0.0000     0.0000 
  12.900      0.466    143.933    -54.219    -35.439    143.933    215.688      0.000    -65.700    500.000     0.0000     0.0000 
  13.200      0.527    137.888    -54.062    -35.558    137.888    338.645      0.000    -65.700    500.000     0.0000     0.0000 
  13.500      0.588    130.746    -53.908    -35.671    130.746    442.382      0.000    -65.700    500.000     0.0000     0.0000 
  13.800      0.649    122.551    -53.758    -35.777    122.551    496.632      0.000    -65.700    500.000     0.0000     0.0000 
  14.100      0.728    113.781    -53.612    -35.874    113.781    488.028      0.000    -65.700    500.000     0.0000     0.0000 
  14.400      0.845    104.585    -53.469    -35.964    104.585    421.223      0.000    -65.700    500.000     0.0000     0.0000 
  14.700      0.962     95.231    -53.329    -36.044     95.231    318.583      0.000    -65.700    500.000     0.0000     0.0000 
  15.000      1.079     86.066    -53.193    -36.115     86.066    210.841      0.000    -65.700    500.000     0.0000     0.0000 
  15.300      1.196     77.047    -53.061    -36.178     77.047    122.426      0.000    -65.700    500.000     0.0000     0.0000 
  15.600      1.313     68.420    -52.931    -36.232     68.420     62.720      0.000    -65.700    500.000     0.0000     0.0000 
  15.900      1.476     60.251    -52.805    -36.278     60.251     28.549      0.000    -65.700    500.000     0.0000     0.0000 
  16.200      1.686     52.652    -52.683    -36.316     52.652     11.638      0.000    -65.700    500.000     0.0000     0.0000 
  16.500      1.896     45.711    -52.563    -36.346     45.711      4.287      0.000    -65.700    500.000     0.0000     0.0000 
  16.800      2.106     39.428    -52.446    -36.371     39.428      1.445      0.000    -65.700    500.000     0.0000     0.0000 
  17.100      2.316     33.773    -52.333    -36.389     33.773      0.454      0.000    -65.700    500.000     0.0000     0.0000 
  17.400      2.526     28.733    -52.222    -36.402     28.733      0.137      0.000    -65.700    500.000     0.0000     0.0000 
  17.700      2.831     24.311    -52.115    -36.410     24.311      0.041      0.000    -65.700    500.000     0.0000     0.0000 
  18.000      3.184     20.465    -52.010    -36.415     20.465      0.012      0.000    -65.700    500.000     0.0000     0.0000 
  18.300      3.536     17.118    -51.908    -36.415     17.118      0.004      0.000    -65.700    500.000     0.0000     0.0000 
  18.600      3.889     14.246    -51.809    -36.413     14.246      0.002      0.000    -65.700    500.000     0.0000     0.0000 
  18.900      4.241     11.799    -51.713    -36.408     11.799      0.007      0.000    -65.700    500.000     0.0000     0.0000 
  19.200      4.594      9.728    -51.620    -36.402      9.728      0.059      0.000    -65.700    500.000     0.0000     0.0000 
  19.500      5.111      7.982    -51.529    -36.393      7.982      0.467      0.000    -65.700    500.000     0.0000     0.0000 
  19.800      5.662      6.519    -51.440    -36.384      6.519      2.620      0.000    -65.700    500.000     0.0000     0.0000 
  20.100      6.212      5.306    -51.355    -36.374      5.306     10.461      0.000    -65.700    500.000     0.0000     0.0000 
  20.400      6.763      4.305    -51.271    -36.363      4.305     30.953      0.000    -65.700    500.000     0.0000     0.0000 
  20.700      7.313      3.484    -51.191    -36.352      3.484     71.876      0.000    -65.700    500.000     0.0000     0.0000 
  21.000      7.864      2.819    -51.112    -36.341      2.819    137.401      0.000    -65.700    500.000     0.0000     0.0000 
  21.300      8.662      2.286    -51.036    -36.330      2.286    222.902      0.000    -65.700    500.000     0.0000     0.0000 
  21.600      9.459      1.868    -50.963    -36.320      1.868    312.385      0.000    -65.700    500.000     0.0000     0.0000 
  21.900     10.257      1.552    -50.891    -36.310      1.552    384.686      0.000    -65.700    500.000     0.0000     0.0000 
  22.200     11.055      1.330    -50.822    -36.300      1.330    424.527      0.000    -65.700    500.000     0.0000     0.0000 
  22.500     11.853      1.198    -50.755    -36.292      1.198    425.409      0.000    -65.700    500.000     0.0000     0.0000 
  22.800     12.695      1.156    -50.691    -36.284      1.156    387.821      0.000    -65.700    500.000     0.0000     0.0000 
  23.100     13.763      1.212    -50.628    -36.277      1.212    320.477      0.000    -65.700    500.000     0.0000     0.0000 
  23.400     14.831      1.376    -50.567    -36.270      1.376    239.340      0.000    -65.700    500.000     0.0000     0.0000 
  23.700     15.899      1.666    -50.509    -36.264      1.666    161.495      0.000    -65.700    500.000     0.0000     0.0000 
  24.000     16.966      2.102    -50.452    -36.259      2.102     98.567      0.000    -65.700    500.000     0.0000     0.0000 
  24.300     18.034      2.711    -50.397    -36.255      2.711     54.475      0.000    -65.700    500.000     0.0000     0.0000 
  24.600     19.184      3.524    -50.344    -36.251      3.524     27.253      0.000    -65.700    500.000     0.0000     0.0000 
  24.900     20.496      4.577    -50.293    -36.248      4.577     12.331      0.000    -65.700    500.000     0.0000     0.0000 
  25.200     21.808      5.907    -50.244    -36.246      5.907      5.043      0.000    -65.700    500.000     0.0000     0.0000 
  25.500     23.120      7.551    -50.197    -36.244      7.551      1.867      0.000    -65.700    500.000     0.0000     0.0000 
  25.800     24.432      9.549    -50.151    -36.243      9.549      0.629      0.000    -65.700    500.000     0.0000     0.0000 
  26.100     25.744     11.936    -50.107    -36.242     11.936      0.196      0.000    -65.700    500.000     0.0000     0.0000 
  26.400     27.134     14.742    -50.064    -36.241     14.742      0.058      0.000    -65.700    500.000     0.0000     0.0000 
  26.700     28.600     17.991    -50.023    -36.241     17.991      0.019      0.000    -65.700    500.000     0.0000     0.0000 
  27.000     30.067     21.697    -49.984    -36.241     21.697      0.015      0.000    -65.700    500.000     0.0000     0.0000 
  27.300     31.533     25.862    -49.946    -36.241     25.862      0.071      0.000    -65.700    500.000     0.0000     0.0000 
  27.600     32.999     30.475    -49.909    -36.242     30.475      0.453      0.000    -65.700    500.000     0.0000     0.0000 
  27.900     34.466     35.513    -49.874    -36.243     35.513      2.179      0.000    -65.700    500.000     0.0000     0.0000 
  28.200     35.932     40.933    -49.840    -36.243     40.933      7.727      0.000    -65.700    500.000     0.0000     0.0000 
  28.500     37.397     46.681    -49.808    -36.244     46.681     21.180      0.000    -65.700    500.000     0.0000     0.0000 
  28.800     38.863     52.686    -49.777    -36.245     52.686     47.285      0.000    -65.700    500.000     0.0000     0.0000 
  29.100     40.329     58.866    -49.747    -36.246     58.866     89.680      0.000    -65.700    500.000     0.0000     0.0000 
  29.400     41.794     65.127    -49.718    -36.247     65.127    148.685      0.000    -65.700    500.000     0.0000     0.0000 
  29.700     43.260     71.366    -49.690    -36.248     71.366    219.075      0.000    -65.700    500.000     0.0000     0.0000 
  30.000     44.561     77.477    -49.664    -36.249     77.477    289.229      0.000    -65.700    500.000     0.0000     0.0000 
  30.300     45.828     83.349    -49.639    -36.250     83.349    345.145      0.000    -65.700    500.000     0.0000     0.0000 
  30.600     47.096     88.877    -49.614    -36.251     88.877    377.422      0.000    -65.700    500.000     0.0000     0.0000 
  30.900     48.363     93.958    -49.591    -36.251     93.958    382.308      0.000    -65.700    500.000     0.0000     0.0000 
  31.200     49.631     98.499    -49.569    -36.252     98.499    359.476      0.000    -65.700    500.000     0.0000     0.0000 
  31.500     50.899    102.419    -49.548    -36.253    102.419    312.540      0.000    -65.700    500.000     0.0000     0.0000 
  31.800     51.771    105.650    -49.527    -36.254    105.650    250.464      0.000    -65.700    500.000     0.0000     0.0000 
  32.100     52.643    108.140    -49.508    -36.254    108.140    184.871      0.000    -65.700    500.000     0.0000     0.0000 
  32.400     53.515    109.856    -49.489    -36.255    109.856    125.849      0.000    -65.700    500.000     0.0000     0.0000 
  32.700     54.387    110.779    -49.471    -36.255    110.779     79.015      0.000    -65.700    500.000     0.0000     0.0000 
  33.000     55.259    110.911    -49.454    -36.255    110.911     45.730      0.000    -65.700    500.000     0.0000     0.0000 
  33.300     56.041    110.269    -49.438    -36.256    110.269     24.347      0.000    -65.700    500.000     0.0000     0.0000 
  33.600     56.371    108.886    -49.422    -36.256    108.886     11.895      0.000    -65.700    500.000     0.0000     0.0000 
  33.900     56.701    106.808    -49.407    -36.256    106.808      5.317      0.000    -65.700    500.000     0.0000     0.0000 
  34.200     57.031    104.093    -49.393    -36.256    104.093      2.166      0.000    -65.700    500.000     0.0000     0.0000 
  34.500     57.361    100.808    -49.380    -36.256    100.808      0.804      0.000    -65.700    500.000     0.0000     0.0000 
  34.800     57.691     97.029    -49.367    -36.256     97.029      0.278      0.000    -65.700    500.000     0.0000     0.0000 
  35.100     57.778     92.832    -49.355    -36.256     92.832      0.104      0.000    -65.700    500.000     0.0000     0.0000 
  35.400     57.376     88.299    -49.343    -36.256     88.299      0.103      0.000    -65.700    500.000     0.0000     0.0000 
  35.700     56.975     83.509    -49.332    -36.256     83.509      0.401      0.000    -65.700    500.000     0.0000     0.0000 
  36.000     56.573     78.542    -49.321    -36.256     78.542      1.672      0.000    -65.700    500.000     0.0000     0.0000 
  36.300     56.172     73.471    -49.311    -36.256     73.471      5.466      0.000    -65.700    500.000     0.0000     0.0000 
  36.600     55.770     68.365    -49.301    -36.256     68.365     14.292      0.000    -65.700    500.000     0.0000     0.0000 
  36.900     55.369     63.287    -49.292    -36.256     63.287     31.292      0.000    -65.700    500.000     0.0000     0.0000 
  37.200     54.967     58.293    -49.283    -36.256     58.293     59.422      0.000    -65.700    500.000     0.0000     0.0000 
  37.500     54.566     53.431    -49.275    -36.256     53.431    100.232      0.000    -65.700    500.000     0.0000     0.0000 
  37.800     53.698     48.742    -49.267    -36.256     48.742    152.632      0.000    -65.700    500.000     0.0000     0.0000 
  38.100     52.598     44.259    -49.259    -36.256     44.259    211.934      0.000    -65.700    500.000     0.0000     0.0000 
  38.400     51.497     40.008    -49.252    -36.256     40.008    269.618      0.000    -65.700    500.000     0.0000     0.0000 
  38.700     50.397     36.008    -49.245    -36.256     36.008    315.701      0.000    -65.700    500.000     0.0000     0.0000 
  39.000     49.296     32.273    -49.239    -36.256     32.273    343.460      0.000    -65.700    500.000     0.0000     0.0000 
  39.300     48.196     28.809    -49.233    -36.255     28.809    350.350      0.000    -65.700    500.000     0.0000     0.0000 
  39.600     47.096     25.621    -49.227    -36.255     25.621    335.911      0.000    -65.700    500.000     0.0000     0.0000 
  39.900     45.995     22.706    -49.221    -36.255     22.706    301.784      0.000    -65.700    500.000     0.0000     0.0000 
  40.200     44.895     20.061    -49.216    -36.255     20.061    253.323      0.000    -65.700    500.000     0.0000     0.0000 
  40.500     43.498     17.679    -49.211    -36.255     17.679    198.529      0.000    -65.700    500.000     0.0000     0.0000 
  40.800     42.101     15.553    -49.206    -36.255     15.553    145.317      0.000    -65.700    500.000     0.0000     0.0000 
  41.100     40.704     13.674    -49.201    -36.255     13.674     99.458      0.000    -65.700    500.000     0.0000     0.0000 
  41.400     39.307     12.033    -49.197    -36.255     12.033     63.598      0.000    -65.700    500.000     0.0000     0.0000 
  41.700     37.910     10.621    -49.193    -36.255     10.621     37.934      0.000    -65.700    500.000     0.0000     0.0000 
  42.000     36.513      9.431    -49.189    -36.255      9.431     21.074      0.000    -65.700    500.000     0.0000     0.0000 
  42.300     35.116      8.458    -49.185    -36.255      8.458     10.867      0.000    -65.700    500.000     0.0000     0.0000 
  42.600     33.720      7.696    -49.181    -36.255      7.696      5.181      0.000    -65.700    500.000     0.0000     0.0000 
  42.900     32.361      7.143    -49.178    -36.255      7.143      2.282      0.000    -65.700    500.000     0.0000     0.0000 
  43.200     31.080      6.799    -49.174    -36.255      6.799      0.955      0.000    -65.700    500.000     0.0000     0.0000 
  43.500     29.799      6.666    -49.171    -36.255      6.666      0.452      0.000    -65.700    500.000     0.0000     0.0000 
  43.800     28.517      6.747    -49.168    -36.255      6.747      0.477      0.000    -65.700    500.000     0.0000     0.0000 
  44.100     27.236      7.047    -49.165    -36.255      7.047      1.282      0.000    -65.700    500.000     0.0000     0.0000 
  44.400     25.955      7.574    -49.163    -36.255      7.574      3.791      0.000    -65.700    500.000     0.0000     0.0000 
  44.700     24.673      8.335    -49.160    -36.255      8.335      9.591      0.000    -65.700    500.000     0.0000     0.0000 
  45.000     23.392      9.338    -49.157    -36.255      9.338     20.788      0.000    -65.700    500.000     0.0000     0.0000 
  45.300     22.111     10.593    -49.155    -36.255     10.593     39.668      0.000    -65.700    500.000     0.0000     0.0000 
  45.600     21.070     12.106    -49.153    -36.255     12.106     68.024      0.000    -65.700    500.000     0.0000     0.0000 
  45.900     20.149     13.884    -49.150    -36.255     13.884    106.325      0.000    -65.700    500.000     0.0000     0.0000 
  46.200     19.227     15.932    -49.148    -36.255     15.932    153.022      0.000    -65.700    500.000     0.0000     0.0000 
  46.500     18.306     18.250    -49.146    -36.255     18.250    204.139      0.000    -65.700    500.000     0.0000     0.0000 
  46.800     17.385     20.837    -49.144    -36.255     20.837    253.160      0.000    -65.700    500.000     0.0000     0.0000 
  47.100     16.464     23.687    -49.142    -36.255     23.687    292.512      0.000    -65.700    500.000     0.0000     0.0000 
  47.400     15.543     26.789    -49.140    -36.255     26.789    317.055      0.000    -65.700    500.000     0.0000     0.0000 
  47.700     14.622     30.130    -49.138    -36.255     30.130    325.041      0.000    -65.700    500.000     0.0000     0.0000 
  48.000     13.701     33.687    -49.136    -36.255     33.687    316.032      0.000    -65.700    500.000     0.0000     0.0000 
  48.300     13.181     37.437    -49.135    -36.255     37.437    290.734      0.000    -65.700    500.000     0.0000     0.0000 
  48.600     12.662     41.348    -49.133    -36.255     41.348    252.204      0.000    -65.700    500.000     0.0000     0.0000 
  48.900     12.142     45.387    -49.131    -36.255     45.387    206.226      0.000    -65.700    500.000     0.0000     0.0000 
  49.200     11.623     49.513    -49.130    -36.255     49.513    159.040      0.000    -65.700    500.000     0.0000     0.0000 
  49.500     11.103     53.683    -49.128    -36.255     53.683    115.705      0.000    -65.700    500.000     0.0000     0.0000 
  49.800     10.584     57.852    -49.127    -36.255     57.852     79.451      0.000    -65.700    500.000     0.0000     0.0000 
  50.100     10.064     61.972    -49.125    -36.255     61.972     51.442      0.000    -65.700    500.000     0.0000     0.0000 
  50.400      9.545     65.994    -49.124    -36.255     65.994     31.341      0.000    -65.700    500.000     0.0000     0.0000 
  50.700      9.131     69.868    -49.122    -36.255     69.868     17.930      0.000    -65.700    500.000     0.0000     0.0000 
  51.000      8.927     73.546    -49.121    -36.255     73.546      9.600      0.000    -65.700    500.000     0.0000     0.0000 
  51.300      8.723     76.983    -49.119    -36.255     76.983      4.823      0.000    -65.700    500.000     0.0000     0.0000 
  51.600      8.519     80.134    -49.118    -36.255     80.134      2.369      0.000    -65.700    500.000     0.0000     0.0000 
  51.900      8.315     82.962    -49.117    -36.255     82.962      1.351      0.000    -65.700    500.000     0.0000     0.0000 
  52.200      8.111     85.430    -49.115    -36.255     85.430      1.388      0.000    -65.700    500.000     0.0000     0.0000 
  52.500      7.907     87.510    -49.114    -36.255     87.510      2.779      0.000    -65.700    500.000     0.0000     0.0000 
  52.800      7.703     89.178    -49.113    -36.255     89.178      6.465      0.000    -65.700    500.000     0.0000     0.0000 
  53.100      7.499     90.418    -49.111    -36.255     90.418     13.848      0.000    -65.700    500.000     0.0000     0.0000 
  53.400      7.426     91.219    -49.110    -36.255     91.219     26.592      0.000    -65.700    500.000     0.0000     0.0000 
  53.700      7.420     91.577    -49.109    -36.255     91.577     46.307      0.000    -65.700    500.000     0.0000     0.0000 
  54.000      7.414     91.495    -49.108    -36.255     91.495     74.042      0.000    -65.700    500.000     0.0000     0.0000 
  54.300      7.408     90.982    -49.106    -36.255     90.982    109.687      0.000    -65.700    500.000     0.0000     0.0000 
  54.600      7.402     90.053    -49.105    -36.255     90.053    151.584      0.000    -65.700    500.000     0.0000     0.0000 
  54.900      7.396     88.727    -49.104    -36.255     88.727    196.369      0.000    -65.700    500.000     0.0000     0.0000 
  55.200      7.389     87.030    -49.103    -36.255     87.030    238.984      0.000    -65.700    500.000     0.0000     0.0000 
  55.500      7.383     84.991    -49.102    -36.255     84.991    273.542      0.000    -65.700    500.000     0.0000     0.0000 
  55.800      7.377     82.642    -49.100    -36.255     82.642    295.857      0.000    -65.700    500.000     0.0000     0.0000 
  56.100      7.477     80.018    -49.099    -36.255     80.018    304.491      0.000    -65.700    500.000     0.0000     0.0000 
  56.400      7.577     77.154    -49.098    -36.255     77.154    299.096      0.000    -65.700    500.000     0.0000     0.0000 
  56.700      7.676     74.090    -49.097    -36.255     74.090    279.970      0.000    -65.700    500.000     0.0000     0.0000 
  57.000      7.776     70.864    -49.096    -36.255     70.864    248.983      0.000    -65.700    500.000     0.0000     0.0000 
  57.300      7.876     67.512    -49.094    -36.255     67.512    210.149      0.000    -65.700    500.000     0.0000     0.0000 
  57.600      7.976     64.072    -49.093    -36.255     64.072    168.519      0.000    -65.700    500.000     0.0000     0.0000 
  57.900      8.075     60.579    -49.092    -36.255     60.579    128.438      0.000    -65.700    500.000     0.0000     0.0000 
  58.200      8.175     57.067    -49.091    -36.255     57.067     93.003      0.000    -65.700    500.000     0.0000     0.0000 
  58.500      8.292     53.568    -49.090    -36.255     53.568     63.987      0.000    -65.700    500.000     0.0000     0.0000 
  58.800      8.444     50.111    -49.088    -36.255     50.111     41.789      0.000    -65.700    500.000     0.0000     0.0000 
  59.100      8.596     46.722    -49.087    -36.255     46.722     25.837      0.000    -65.700    500.000     0.0000     0.0000 
  59.400      8.747     43.426    -49.086    -36.255     43.426     15.090      0.000    -65.700    500.000     0.0000     0.0000 
  59.700      8.899     40.244    -49.085    -36.255     40.244      8.391      0.000    -65.700    500.000     0.0000     0.0000 
  60.000      9.051     37.194    -49.084    -36.255     37.194      4.658      0.000    -65.700    500.000     0.0000     0.0000 
  60.300      9.202     34.293    -49.083    -36.255     34.293      2.991      0.000    -65.700    500.000     0.0000     0.0000 
  60.600      9.354     31.555    -49.081    -36.255     31.555      2.952      0.000    -65.700    500.000     0.0000     0.0000 
  60.900      9.505     28.992    -49.080    -36.255     28.992      4.806      0.000    -65.700    500.000     0.0000     0.0000 
  61.200      9.674     26.614    -49.079    -36.255     26.614      9.403      0.000    -65.700    500.000     0.0000     0.0000 
  61.500      9.851     24.429    -49.078    -36.255     24.429     17.908      0.000    -65.700    500.000     0.0000     0.0000 
  61.800     10.028     22.444    -49.077    -36.255     22.444     31.571      0.000    -65.700    500.000     0.0000     0.0000 
  62.100     10.205     20.666    -49.076    -36.255     20.666     51.483      0.000    -65.700    500.000     0.0000     0.0000 
  62.400     10.382     19.098    -49.075    -36.255     19.098     78.195      0.000    -65.700    500.000     0.0000     0.0000 
  62.700     10.559     17.746    -49.073    -36.255     17.746    111.295      0.000    -65.700    500.000     0.0000     0.0000 
  63.000     10.736     16.612    -49.072    -36.255     16.612    149.175      0.000    -65.700    500.000     0.0000     0.0000 
  63.300     10.913     15.699    -49.071    -36.255     15.699    189.003      0.000    -65.700    500.000     0.0000     0.0000 
  63.600     11.090     15.011    -49.070    -36.255     15.011    226.743      0.000    -65.700    500.000     0.0000     0.0000 
  63.900     11.280     14.549    -49.069    -36.255     14.549    257.653      0.000    -65.700    500.000     0.0000     0.0000 
  64.200     11.470     14.315    -49.068    -36.255     14.315    278.202      0.000    -65.700    500.000     0.0000     0.0000 
  64.500     11.660     14.311    -49.067    -36.255     14.311    287.187      0.000    -65.700    500.000     0.0000     0.0000 
  64.800     11.850     14.538    -49.065    -36.255     14.538    284.389      0.000    -65.700    500.000     0.0000     0.0000 
  65.100     12.039     14.995    -49.064    -36.255     14.995    269.831      0.000    -65.700    500.000     0.0000     0.0000 
  65.400     12.229     15.684    -49.063    -36.255     15.684    244.682      0.000    -65.700    500.000     0.0000     0.0000 
  65.700     12.419     16.602    -49.062    -36.255     16.602    211.731      0.000    -65.700    500.000     0.0000     0.0000 
  66.000     12.609     17.747    -49.061    -36.255     17.747    174.971      0.000    -65.700    500.000     0.0000     0.0000 
  66.300     12.801     19.115    -49.060    -36.255     19.115    138.237      0.000    -65.700    500.000     0.0000     0.0000 
  66.600     12.997     20.700    -49.059    -36.255     20.700    104.385      0.000    -65.700    500.000     0.0000     0.0000 
  66.900     13.192     22.495    -49.058    -36.255     22.495     75.278      0.000    -65.700    500.000     0.0000     0.0000 
  67.200     13.388     24.492    -49.057    -36.255     24.492     51.837      0.000    -65.700    500.000     0.0000     0.0000 
  67.500     13.584     26.678    -49.055    -36.255     26.678     34.047      0.000    -65.700    500.000     0.0000     0.0000 
  67.800     13.779     29.042    -49.054    -36.255     29.042     21.296      0.000    -65.700    500.000     0.0000     0.0000 
  68.100     13.975     31.566    -49.053    -36.255     31.566     12.818      0.000    -65.700    500.000     0.0000     0.0000 
  68.400     14.171     34.234    -49.052    -36.255     34.234      7.803      0.000    -65.700    500.000     0.0000     0.0000 
  68.700     14.367     37.025    -49.051    -36.255     37.025      5.415      0.000    -65.700    500.000     0.0000     0.0000 
  69.000     14.562     39.919    -49.050    -36.255     39.919      5.174      0.000    -65.700    500.000     0.0000     0.0000 
  69.300     14.758     42.890    -49.049    -36.255     42.890      7.277      0.000    -65.700    500.000     0.0000     0.0000 
  69.600     14.954     45.913    -49.048    -36.255     45.913     12.462      0.000    -65.700    500.000     0.0000     0.0000 
  69.900     15.150     48.963    -49.047    -36.255     48.963     21.662      0.000    -65.700    500.000     0.0000     0.0000 
  70.200     15.346     52.010    -49.046    -36.255     52.010     35.774      0.000    -65.700    500.000     0.0000     0.0000 
  70.500     15.542     55.026    -49.045    -36.255     55.026     55.484      0.000    -65.700    500.000     0.0000     0.0000 
  70.800     15.738     57.983    -49.044    -36.255     57.983     81.006      0.000    -65.700    500.000     0.0000     0.0000 
  71.100     15.934     60.851    -49.043    -36.255     60.851    111.773      0.000    -65.700    500.000     0.0000     0.0000 
  71.400     16.130     63.603    -49.042    -36.255     63.603    146.278      0.000    -65.700    500.000     0.0000     0.0000 
  71.700     16.321     66.210    -49.041    -36.255     66.210    182.107      0.000    -65.700    500.000     0.0000     0.0000 
  72.000     16.512     68.648    -49.040    -36.255     68.648    215.976      0.000    -65.700    500.000     0.0000     0.0000 
  72.300     16.703     70.892    -49.039    -36.255     70.892    244.021      0.000    -65.700    500.000     0.0000     0.0000 
  72.600     16.894     72.920    -49.038    -36.255     72.920    263.193      0.000    -65.700    500.000     0.0000     0.0000 
  72.900     17.084     74.712    -49.037    -36.255     74.712    272.394      0.000    -65.700    500.000     0.0000     0.0000 
  73.200     17.275     76.252    -49.036    -36.255     76.252    271.500      0.000    -65.700    500.000     0.0000     0.0000 
  73.500     17.466     77.526    -49.035    -36.255     77.526    260.393      0.000    -65.700    500.000     0.0000     0.0000 
  73.800     17.657     78.523    -49.034    -36.255     78.523    239.807      0.000    -65.700    500.000     0.0000     0.0000 
  74.100     17.845     79.235    -49.033    -36.255     79.235    211.750      0.000    -65.700    500.000     0.0000     0.0000 
  74.400     18.025     79.659    -49.032    -36.255     79.659    179.283      0.000    -65.700    500.000     0.0000     0.0000 
  74.700     18.206     79.794    -49.031    -36.255     79.794    145.737      0.000    -65.700    500.000     0.0000     0.0000 
  75.000     18.386     79.641    -49.030    -36.255     79.641    113.782      0.000    -65.700    500.000     0.0000     0.0000 
  75.300     18.567     79.207    -49.029    -36.255     79.207     85.249      0.000    -65.700    500.000     0.0000     0.0000 
  75.600     18.747     78.499    -49.028    -36.255     78.499     61.246      0.000    -65.700    500.000     0.0000     0.0000 
  75.900     18.928     77.530    -49.027    -36.255     77.530     42.187      0.000    -65.700    500.000     0.0000     0.0000 
  76.200     19.108     76.313    -49.026    -36.255     76.313     27.893      0.000    -65.700    500.000     0.0000     0.0000 
  76.500     19.289     74.864    -49.025    -36.255     74.864     17.904      0.000    -65.700    500.000     0.0000     0.0000 
  76.800     19.459     73.201    -49.024    -36.255     73.201     11.680      0.000    -65.700    500.000     0.0000     0.0000 
  77.100     19.625     71.344    -49.024    -36.255     71.344      8.529      0.000    -65.700    500.000     0.0000     0.0000 
  77.400     19.790     69.313    -49.023    -36.255     69.313      7.969      0.000    -65.700    500.000     0.0000     0.0000 
  77.700     19.955     67.131    -49.022    -36.255     67.131     10.119      0.000    -65.700    500.000     0.0000     0.0000 
  78.000     20.121     64.820    -49.021    -36.255     64.820     15.595      0.000    -65.700    500.000     0.0000     0.0000 
  78.300     20.286     62.403    -49.020    -36.255     62.403     25.127      0.000    -65.700    500.000     0.0000     0.0000 
  78.600     20.451     59.903    -49.019    -36.255     59.903     39.327      0.000    -65.700    500.000     0.0000     0.0000 
  78.900     20.617     57.344    -49.018    -36.255     57.344     58.577      0.000    -65.700    500.000     0.0000     0.0000 
  79.200     20.782     54.747    -49.017    -36.255     54.747     82.853      0.000    -65.700    500.000     0.0000     0.0000 
  79.500     20.928     52.135    -49.017    -36.255     52.135    111.507      0.000    -65.700    500.000     0.0000     0.0000 
  79.800     21.074     49.530    -49.016    -36.255     49.530    143.146      0.000    -65.700    500.000     0.0000     0.0000 
  80.100     21.220     46.951    -49.015    -36.255     46.951    175.692      0.000    -65.700    500.000     0.0000     0.0000 
  80.400     21.365     44.418    -49.014    -36.255     44.418    206.436      0.000    -65.700    500.000     0.0000     0.0000 
  80.700     21.511     41.950    -49.013    -36.255     41.950    232.169      0.000    -65.700    500.000     0.0000     0.0000 
  81.000     21.657     39.563    -49.013    -36.255     39.563    250.216      0.000    -65.700    500.000     0.0000     0.0000 
  81.300     21.803     37.273    -49.012    -36.255     37.273    259.528      0.000    -65.700    500.000     0.0000     0.0000 
  81.600     21.949     35.096    -49.011    -36.255     35.096    260.043      0.000    -65.700    500.000     0.0000     0.0000 
  81.900     22.087     33.045    -49.010    -36.255     33.045    251.630      0.000    -65.700    500.000     0.0000     0.0000 
  82.200     22.210     31.132    -49.010    -36.255     31.132    234.679      0.000    -65.700    500.000     0.0000     0.0000 
  82.500     22.333     29.368    -49.009    -36.255     29.368    210.688      0.000    -65.700    500.000     0.0000     0.0000 
  82.800     22.457     27.764    -49.008    -36.255     27.764    182.031      0.000    -65.700    500.000     0.0000     0.0000 
  83.100     22.580     26.329    -49.007    -36.255     26.329    151.453      0.000    -65.700    500.000     0.0000     0.0000 
  83.400     22.703     25.069    -49.007    -36.255     25.069    121.478      0.000    -65.700    500.000     0.0000     0.0000 
  83.700     22.826     23.992    -49.006    -36.255     23.992     93.903      0.000    -65.700    500.000     0.0000     0.0000 
  84.000     22.949     23.103    -49.005    -36.255     23.103     69.892      0.000    -65.700    500.000     0.0000     0.0000 
  84.300     23.072     22.407    -49.004    -36.255     22.407     50.078      0.000    -65.700    500.000     0.0000     0.0000 
  84.600     23.179     21.908    -49.004    -36.255     21.908     34.625      0.000    -65.700    500.000     0.0000     0.0000 
  84.900     23.277     21.607    -49.003    -36.255     21.607     23.410      0.000    -65.700    500.000     0.0000     0.0000 
  85.200     23.376     21.506    -49.002    -36.255     21.506     16.121      0.000    -65.700    500.000     0.0000     0.0000 
  85.500     23.474     21.605    -49.002    -36.255     21.605     12.225      0.000    -65.700    500.000     0.0000     0.0000 
  85.800     23.572     21.903    -49.001    -36.255     21.903     11.259      0.000    -65.700    500.000     0.0000     0.0000 
  86.100     23.671     22.397    -49.000    -36.255     22.397     13.277      0.000    -65.700    500.000     0.0000     0.0000 
  86.400     23.769     23.085    -49.000    -36.255     23.085     18.785      0.000    -65.700    500.000     0.0000     0.0000 
  86.700     23.867     23.961    -48.999    -36.255     23.961     28.351      0.000    -65.700    500.000     0.0000     0.0000 
  87.000     23.966     25.020    -48.998    -36.255     25.020     42.367      0.000    -65.700    500.000     0.0000     0.0000 
  87.300     24.040     26.253    -48.998    -36.255     26.253     60.984      0.000    -65.700    500.000     0.0000     0.0000 
  87.600     24.115     27.652    -48.997    -36.255     27.652     84.009      0.000    -65.700    500.000     0.0000     0.0000 
  87.900     24.190     29.207    -48.996    -36.255     29.207    110.753      0.000    -65.700    500.000     0.0000     0.0000 
  88.200     24.264     30.906    -48.996    -36.255     30.906    139.935      0.000    -65.700    500.000     0.0000     0.0000 
  88.500     24.339     32.736    -48.995    -36.255     32.736    169.746      0.000    -65.700    500.000     0.0000     0.0000 
  88.800     24.414     34.683    -48.994    -36.255     34.683    197.906      0.000    -65.700    500.000     0.0000     0.0000 
  89.100     24.489     36.733    -48.994    -36.255     36.733    221.718      0.000    -65.700    500.000     0.0000     0.0000 
  89.400     24.549     38.868    -48.993    -36.255     38.868    238.805      0.000    -65.700    500.000     0.0000     0.0000 
  89.700     24.603     41.072    -48.993    -36.255     41.072    248.163      0.000    -65.700    500.000     0.0000     0.0000 
  90.000     24.656     43.325    -48.992    -36.255     43.325    249.761      0.000    -65.700    500.000     0.0000     0.0000 
  90.300     24.710     45.610    -48.991    -36.255     45.610    243.513      0.000    -65.700    500.000     0.0000     0.0000 
  90.600     24.763     47.907    -48.991    -36.255     47.907    229.517      0.000    -65.700    500.000     0.0000     0.0000 
  90.900     24.816     50.196    -48.990    -36.255     50.196    208.907      0.000    -65.700    500.000     0.0000     0.0000 
  91.200     24.870     52.457    -48.990    -36.255     52.457    183.578      0.000    -65.700    500.000     0.0000     0.0000 
  91.500     24.917     54.671    -48.989    -36.255     54.671    155.796      0.000    -65.700    500.000     0.0000     0.0000 
  91.800     24.950     56.819    -48.989    -36.255     56.819    127.782      0.000    -65.700    500.000     0.0000     0.0000 
  92.100     24.983     58.881    -48.988    -36.255     58.881    101.355      0.000    -65.700    500.000     0.0000     0.0000 
  92.400     25.016     60.840    -48.988    -36.255     60.840     77.708      0.000    -65.700    500.000     0.0000     0.0000 
  92.700     25.050     62.678    -48.987    -36.255     62.678     57.577      0.000    -65.700    500.000     0.0000     0.0000 
  93.000     25.083     64.380    -48.986    -36.255     64.380     41.339      0.000    -65.700    500.000     0.0000     0.0000 
  93.300     25.116     65.931    -48.986    -36.255     65.931     29.148      0.000    -65.700    500.000     0.0000     0.0000 
  93.600     25.150     67.318    -48.985    -36.255     67.318     20.958      0.000    -65.700    500.000     0.0000     0.0000 
  93.900     25.165     68.530    -48.985    -36.255     68.530     16.381      0.000    -65.700    500.000     0.0000     0.0000 
  94.200     25.180     69.556    -48.984    -36.255     69.556     14.965      0.000    -65.700    500.000     0.0000     0.0000 
  94.500     25.195     70.389    -48.984    -36.255     70.389     16.699      0.000    -65.700    500.000     0.0000     0.0000 
  94.800     25.210     71.023    -48.983    -36.255     71.023     22.017      0.000    -65.700    500.000     0.0000     0.0000 
  95.100     25.225     71.455    -48.983    -36.255     71.455     31.379      0.000    -65.700    500.000     0.0000     0.0000 
  95.400     25.240     71.681    -48.982    -36.255     71.681     45.011      0.000    -65.700    500.000     0.0000     0.0000 
  95.700     25.255     71.703    -48.982    -36.255     71.703     62.883      0.000    -65.700    500.000     0.0000     0.0000 
  96.000     25.259     71.523    -48.981    -36.255     71.523     84.680      0.000    -65.700    500.000     0.0000     0.0000 
  96.300     25.258     71.143    -48.981    -36.255     71.143    109.692      0.000    -65.700    500.000     0.0000     0.0000 
  96.600     25.257     70.571    -48.981    -36.255     70.571    136.739      0.000    -65.700    500.000     0.0000     0.0000 
  96.900     25.256     69.812    -48.980    -36.255     69.812    164.223      0.000    -65.700    500.000     0.0000     0.0000 
  97.200     25.255     68.878    -48.980    -36.255     68.878    190.201      0.000    -65.700    500.000     0.0000     0.0000 
  97.500     25.255     67.777    -48.979    -36.255     67.777    212.394      0.000    -65.700    500.000     0.0000     0.0000 
  97.800     25.254     66.521    -48.979    -36.255     66.521    228.684      0.000    -65.700    500.000     0.0000     0.0000 
  98.100     25.248     65.124    -48.978    -36.255     65.124    238.067      0.000    -65.700    500.000     0.0000     0.0000 
  98.400     25.234     63.599    -48.978    -36.255     63.599    240.503      0.000    -65.700    500.000     0.0000     0.0000 
  98.700     25.220     61.961    -48.977    -36.255     61.961    235.960      0.000    -65.700    500.000     0.0000     0.0000 
  99.000     25.206     60.226    -48.977    -36.255     60.226    224.397      0.000    -65.700    500.000     0.0000     0.0000 
  99.300     25.192     58.408    -48.976    -36.255     58.408    206.623      0.000    -65.700    500.000     0.0000     0.0000 
  99.600     25.178     56.526    -48.976    -36.255     56.526    184.206      0.000    -65.700    500.000     0.0000     0.0000 
  99.900     25.164     54.594    -48.976    -36.255     54.594    159.009      0.000    -65.700    500.000     0.0000     0.0000 
 100.200     25.150     52.629    -48.975    -36.255     52.629    132.950      0.000    -65.700    500.000     0.0000     0.0000 
 100.500     25.126     50.647    -48.975    -36.255     50.647    107.755      0.000    -65.700    500.000     0.0000     0.0000 
 100.800     25.102     48.665    -48.974    -36.255     48.665     84.705      0.000    -65.700    500.000     0.0000     0.0000 
 101.100     25.078     46.699    -48.974    -36.255     46.699     64.595      0.000    -65.700    500.000     0.0000     0.0000 
 101.400     25.054     44.763    -48.974    -36.255     44.763     47.921      0.000    -65.700    500.000     0.0000     0.0000 
 101.700     25.030     42.872    -48.973    -36.255     42.872     35.022      0.000    -65.700    500.000     0.0000     0.0000 
 102.000     25.006     41.041    -48.973    -36.255     41.041     26.060      0.000    -65.700    500.000     0.0000     0.0000 
 102.300     24.982     39.282    -48.972    -36.255     39.282     20.831      0.000    -65.700    500.000     0.0000     0.0000 
 102.600     24.953     37.609    -48.972    -36.255     37.609     18.937      0.000    -65.700    500.000     0.0000     0.0000 
 102.900     24.922     36.034    -48.972    -36.255     36.034     20.311      0.000    -65.700    500.000     0.0000     0.0000 
 103.200     24.890     34.566    -48.971    -36.255     34.566     25.303      0.000    -65.700    500.000     0.0000     0.0000 
 103.500     24.859     33.217    -48.971    -36.255     33.217     34.286      0.000    -65.700    500.000     0.0000     0.0000 
 103.800     24.828     31.994    -48.971    -36.255     31.994     47.377      0.000    -65.700    500.000     0.0000     0.0000 
 104.100     24.797     30.907    -48.970    -36.255     30.907     64.422      0.000    -65.700    500.000     0.0000     0.0000 
 104.400     24.766     29.962    -48.970    -36.255     29.962     85.017      0.000    -65.700    500.000     0.0000     0.0000 
 104.700     24.733     29.165    -48.969    -36.255     29.165    108.445      0.000    -65.700    500.000     0.0000     0.0000 
 105.000     24.698     28.521    -48.969    -36.255     28.521    133.614      0.000    -65.700    500.000     0.0000     0.0000 
 105.300     24.662     28.033    -48.969    -36.255     28.033    159.102      0.000    -65.700    500.000     0.0000     0.0000 
 105.600     24.627     27.705    -48.968    -36.255     27.705    183.230      0.000    -65.700    500.000     0.0000     0.0000 
 105.900     24.592     27.537    -48.968    -36.255     27.537    204.035      0.000    -65.700    500.000     0.0000     0.0000 
 106.200     24.556     27.531    -48.968    -36.255     27.531    219.601      0.000    -65.700    500.000     0.0000     0.0000 
 106.500     24.521     27.685    -48.967    -36.255     27.685    228.943      0.000    -65.700    500.000     0.0000     0.0000 
 106.800     24.486     27.997    -48.967    -36.255     27.997    232.035      0.000    -65.700    500.000     0.0000     0.0000 
 107.100     24.449     28.465    -48.967    -36.255     28.465    228.899      0.000    -65.700    500.000     0.0000     0.0000 
 107.400     24.412     29.083    -48.966    -36.255     29.083    219.417      0.000    -65.700    500.000     0.0000     0.0000 
 107.700     24.375     29.847    -48.966    -36.255     29.847    204.065      0.000    -65.700    500.000     0.0000     0.0000 
 108.000     24.338     30.751    -48.966    -36.255     30.751    184.166      0.000    -65.700    500.000     0.0000     0.0000 
 108.300     24.301     31.786    -48.965    -36.255     31.786    161.311      0.000    -65.700    500.000     0.0000     0.0000 
 108.600     24.264     32.944    -48.965    -36.255     32.944    137.156      0.000    -65.700    500.000     0.0000     0.0000 
 108.900     24.227     34.215    -48.965    -36.255     34.215    113.261      0.000    -65.700    500.000     0.0000     0.0000 
 109.200     24.191     35.589    -48.964    -36.255     35.589     90.943      0.000    -65.700    500.000     0.0000     0.0000 
 109.500     24.155     37.056    -48.964    -36.255     37.056     71.090      0.000    -65.700    500.000     0.0000     0.0000 
 109.800     24.118     38.601    -48.964    -36.255     38.601     54.256      0.000    -65.700    500.000     0.0000     0.0000 
 110.100     24.082     40.214    -48.963    -36.255     40.214     40.883      0.000    -65.700    500.000     0.0000     0.0000 
 110.400     24.046     41.880    -48.963    -36.255     41.880     31.301      0.000    -65.700    500.000     0.0000     0.0000 
 110.700     24.009     43.585    -48.963    -36.255     43.585     25.488      0.000    -65.700    500.000     0.0000     0.0000 
 111.000     23.973     45.316    -48.962    -36.255     45.316     23.117      0.000    -65.700    500.000     0.0000     0.0000 
 111.300     23.938     47.058    -48.962    -36.255     47.058     24.072      0.000    -65.700    500.000     0.0000     0.0000 
 111.600     23.904     48.796    -48.962    -36.255     48.796     28.631      0.000    -65.700    500.000     0.0000     0.0000 
 111.900     23.869     50.517    -48.962    -36.255     50.517     37.109      0.000    -65.700    500.000     0.0000     0.0000 
 112.200     23.835     52.205    -48.961    -36.255     52.205     49.550      0.000    -65.700    500.000     0.0000     0.0000 
 112.500     23.801     53.846    -48.961    -36.255     53.846     65.714      0.000    -65.700    500.000     0.0000     0.0000 
 112.800     23.767     55.428    -48.961    -36.255     55.428     85.139      0.000    -65.700    500.000     0.0000     0.0000 
 113.100     23.733     56.937    -48.960    -36.255     56.937    107.109      0.000    -65.700    500.000     0.0000     0.0000 
 113.400     23.699     58.360    -48.960    -36.255     58.360    130.607      0.000    -65.700    500.000     0.0000     0.0000 
 113.700     23.669     59.686    -48.960    -36.255     59.686    154.347      0.000    -65.700    500.000     0.0000     0.0000 
 114.000     23.638     60.905    -48.960    -36.255     60.905    176.848      0.000    -65.700    500.000     0.0000     0.0000 
 114.300     23.607     62.006    -48.959    -36.255     62.006    196.428      0.000    -65.700    500.000     0.0000     0.0000 
 114.600     23.577     62.982    -48.959    -36.255     62.982    211.381      0.000    -65.700    500.000     0.0000     0.0000 
 114.900     23.546     63.825    -48.959    -36.255     63.825    220.720      0.000    -65.700    500.000     0.0000     0.0000 
 115.200     23.515     64.528    -48.958    -36.255     64.528    224.355      0.000    -65.700    500.000     0.0000     0.0000 
 115.500     23.485     65.087    -48.958    -36.255     65.087    222.335      0.000    -65.700    500.000     0.0000     0.0000 
 115.800     23.457     65.498    -48.958    -36.255     65.498    214.557      0.000    -65.700    500.000     0.0000     0.0000 
 116.100     23.430     65.759    -48.958    -36.255     65.759    201.286      0.000    -65.700    500.000     0.0000     0.0000 
 116.400     23.403     65.869    -48.957    -36.255     65.869    183.589      0.000    -65.700    500.000     0.0000     0.0000 
 116.700     23.376     65.829    -48.957    -36.255     65.829    162.872      0.000    -65.700    500.000     0.0000     0.0000 
 117.000     23.350     65.640    -48.957    -36.255     65.640    140.541      0.000    -65.700    500.000     0.0000     0.0000 
 117.300     23.323     65.305    -48.957    -36.255     65.305    118.002      0.000    -65.700    500.000     0.0000     0.0000 
 117.600     23.296     64.830    -48.956    -36.255     64.830     96.507      0.000    -65.700    500.000     0.0000     0.0000 
 117.900     23.271     64.218    -48.956    -36.255     64.218     77.050      0.000    -65.700    500.000     0.0000     0.0000 
 118.200     23.248     63.476    -48.956    -36.255     63.476     60.267      0.000    -65.700    500.000     0.0000     0.0000 
 118.500     23.225     62.613    -48.956    -36.255     62.613     46.636      0.000    -65.700    500.000     0.0000     0.0000 
 118.800     23.202     61.637    -48.955    -36.255     61.637     36.588      0.000    -65.700    500.000     0.0000     0.0000 
 119.100     23.179     60.556    -48.955    -36.255     60.556     30.274      0.000    -65.700    500.000     0.0000     0.0000 
 119.400     23.157     59.381    -48.955    -36.255     59.381     27.445      0.000    -65.700    500.000     0.0000     0.0000 
 119.700     23.134     58.123    -48.955    -36.255     58.123     27.942      0.000    -65.700    500.000     0.0000     0.0000 
 120.000     23.111     56.793    -48.954    -36.255     56.793     31.987      0.000    -65.700    500.000     0.0000     0.0000 
 120.300     23.092     55.402    -48.954    -36.255     55.402     39.867      0.000    -65.700    500.000     0.0000     0.0000 
 120.600     23.073     53.963    -48.954    -36.255     53.963     51.585      0.000    -65.700    500.000     0.0000     0.0000 
 120.900     23.053     52.488    -48.954    -36.255     52.488     66.843      0.000    -65.700    500.000     0.0000     0.0000 
 121.200     23.034     50.988    -48.953    -36.255     50.988     85.134      0.000    -65.700    500.000     0.0000     0.0000 
 121.500     23.015     49.478    -48.953    -36.255     49.478    105.748      0.000    -65.700    500.000     0.0000     0.0000 
 121.800     22.996     47.968    -48.953    -36.255     47.968    127.735      0.000    -65.700    500.000     0.0000     0.0000 
 122.100     22.976     46.470    -48.953    -36.255     46.470    149.928      0.000    -65.700    500.000     0.0000     0.0000 
 122.400     22.959     44.998    -48.952    -36.255     44.998    171.016      0.000    -65.700    500.000     0.0000     0.0000 
 122.700     22.942     43.561    -48.952    -36.255     43.561    189.526      0.000    -65.700    500.000     0.0000     0.0000 
 123.000     22.926     42.172    -48.952    -36.255     42.172    203.910      0.000    -65.700    500.000     0.0000     0.0000 
 123.300     22.909     40.840    -48.952    -36.255     40.840    213.191      0.000    -65.700    500.000     0.0000     0.0000 
 123.600     22.893     39.576    -48.951    -36.255     39.576    217.247      0.000    -65.700    500.000     0.0000     0.0000 
 123.900     22.876     38.389    -48.951    -36.255     38.389    216.172      0.000    -65.700    500.000     0.0000     0.0000 
 124.200     22.860     37.288    -48.951    -36.255     37.288    209.860      0.000    -65.700    500.000     0.0000     0.0000 
 124.500     22.844     36.281    -48.951    -36.255     36.281    198.417      0.000    -65.700    500.000     0.0000     0.0000 
 124.800     22.829     35.374    -48.950    -36.255     35.374    182.650      0.000    -65.700    500.000     0.0000     0.0000 
 125.100     22.814     34.575    -48.950    -36.255     34.575    163.840      0.000    -65.700    500.000     0.0000     0.0000 
 125.400     22.800     33.888    -48.950    -36.255     33.888    143.229      0.000    -65.700    500.000     0.0000     0.0000 
 125.700     22.785     33.318    -48.950    -36.255     33.318    122.048      0.000    -65.700    500.000     0.0000     0.0000 
 126.000     22.770     32.868    -48.950    -36.255     32.868    101.482      0.000    -65.700    500.000     0.0000     0.0000 
 126.300     22.755     32.542    -48.949    -36.255     32.542     82.521      0.000    -65.700    500.000     0.0000     0.0000 
 126.600     22.740     32.341    -48.949    -36.255     32.341     65.907      0.000    -65.700    500.000     0.0000     0.0000 
 126.900     22.726     32.266    -48.949    -36.255     32.266     52.191      0.000    -65.700    500.000     0.0000     0.0000 
 127.200     22.712     32.316    -48.949    -36.255     32.316     41.837      0.000    -65.700    500.000     0.0000     0.0000 
 127.500     22.698     32.490    -48.948    -36.255     32.490     35.103      0.000    -65.700    500.000     0.0000     0.0000 
 127.800     22.683     32.786    -48.948    -36.255     32.786     31.833      0.000    -65.700    500.000     0.0000     0.0000 
 128.100     22.669     33.202    -48.948    -36.255     33.202     31.866      0.000    -65.700    500.000     0.0000     0.0000 
 128.400     22.655     33.732    -48.948    -36.255     33.732     35.374      0.000    -65.700    500.000     0.0000     0.0000 
 128.700     22.641     34.372    -48.948    -36.255     34.372     42.606      0.000    -65.700    500.000     0.0000     0.0000 
 129.000     22.626     35.117    -48.947    -36.255     35.117     53.549      0.000    -65.700    500.000     0.0000     0.0000 
 129.300     22.611     35.959    -48.947    -36.255     35.959     67.878      0.000    -65.700    500.000     0.0000     0.0000 
 129.600     22.596     36.892    -48.947    -36.255     36.892     85.065      0.000    -65.700    500.000     0.0000     0.0000 
 129.900     22.581     37.907    -48.947    -36.255     37.907    104.411      0.000    -65.700    500.000     0.0000     0.0000 
 130.200     22.566     38.995    -48.947    -36.255     38.995    125.024      0.000    -65.700    500.000     0.0000     0.0000 
 130.500     22.551     40.148    -48.946    -36.255     40.148    145.832      0.000    -65.700    500.000     0.0000     0.0000 
 130.800     22.536     41.356    -48.946    -36.255     41.356    165.651      0.000    -65.700    500.000     0.0000     0.0000 
 131.100     22.520     42.609    -48.946    -36.255     42.609    183.185      0.000    -65.700    500.000     0.0000     0.0000 
 131.400     22.503     43.896    -48.946    -36.255     43.896    197.054      0.000    -65.700    500.000     0.0000     0.0000 
 131.700     22.486     45.206    -48.946    -36.255     45.206    206.291      0.000    -65.700    500.000     0.0000     0.0000 
 132.000     22.469     46.528    -48.945    -36.255     46.528    210.712      0.000    -65.700    500.000     0.0000     0.0000 
 132.300     22.451     47.852    -48.945    -36.255     47.852    210.412      0.000    -65.700    500.000     0.0000     0.0000 
 132.600     22.434     49.167    -48.945    -36.255     49.167    205.322      0.000    -65.700    500.000     0.0000     0.0000 
 132.900     22.417     50.462    -48.945    -36.255     50.462    195.469      0.000    -65.700    500.000     0.0000     0.0000 
 133.200     22.400     51.727    -48.945    -36.255     51.727    181.436      0.000    -65.700    500.000     0.0000     0.0000 
 133.500     22.382     52.950    -48.944    -36.255     52.950    164.338      0.000    -65.700    500.000     0.0000     0.0000 
 133.800     22.365     54.123    -48.944    -36.255     54.123    145.330      0.000    -65.700    500.000     0.0000     0.0000 
 134.100     22.345     55.235    -48.944    -36.255     55.235    125.488      0.000    -65.700    500.000     0.0000     0.0000 
 134.400     22.324     56.279    -48.944    -36.255     56.279    105.899      0.000    -65.700    500.000     0.0000     0.0000 
 134.700     22.303     57.245    -48.944    -36.255     57.245     87.549      0.000    -65.700    500.000     0.0000     0.0000 
 135.000     22.281     58.128    -48.943    -36.255     58.128     71.212      0.000    -65.700    500.000     0.0000     0.0000 
 135.300     22.260     58.919    -48.943    -36.255     58.919     57.498      0.000    -65.700    500.000     0.0000     0.0000 
 135.600     22.238     59.612    -48.943    -36.255     59.612     46.953      0.000    -65.700    500.000     0.0000     0.0000 
 135.900     22.217     60.204    -48.943    -36.255     60.204     39.900      0.000    -65.700    500.000     0.0000     0.0000 
 136.200     22.196     60.690    -48.943    -36.255     60.690     36.249      0.000    -65.700    500.000     0.0000     0.0000 
 136.500     22.174     61.066    -48.942    -36.255     61.066     35.828      0.000    -65.700    500.000     0.0000     0.0000 
 136.800     22.153     61.331    -48.942    -36.255     61.331     38.771      0.000    -65.700    500.000     0.0000     0.0000 
 137.100     22.126     61.483    -48.942    -36.255     61.483     45.319      0.000    -65.700    500.000     0.0000     0.0000 
 137.400     22.100     61.521    -48.942    -36.255     61.521     55.462      0.000    -65.700    500.000     0.0000     0.0000 
 137.700     22.073     61.447    -48.942    -36.255     61.447     68.864      0.000    -65.700    500.000     0.0000     0.0000 
 138.000     22.046     61.262    -48.941    -36.255     61.262     84.984      0.000    -65.700    500.000     0.0000     0.0000 
 138.300     22.020     60.969    -48.941    -36.255     60.969    103.137      0.000    -65.700    500.000     0.0000     0.0000 
 138.600     21.993     60.571    -48.941    -36.255     60.571    122.482      0.000    -65.700    500.000     0.0000     0.0000 
 138.900     21.966     60.072    -48.941    -36.255     60.072    142.033      0.000    -65.700    500.000     0.0000     0.0000 
 139.200     21.940     59.476    -48.941    -36.255     59.476    160.714      0.000    -65.700    500.000     0.0000     0.0000 
 139.500     21.913     58.791    -48.941    -36.255     58.791    177.372      0.000    -65.700    500.000     0.0000     0.0000 
 139.800     21.885     58.023    -48.940    -36.255     58.023    190.760      0.000    -65.700    500.000     0.0000     0.0000 
 140.100     21.852     57.177    -48.940    -36.255     57.177    199.926      0.000    -65.700    500.000     0.0000     0.0000 
 140.400     21.820     56.263    -48.940    -36.255     56.263    204.632      0.000    -65.700    500.000     0.0000     0.0000 
 140.700     21.787     55.288    -48.940    -36.255     55.288    204.992      0.000    -65.700    500.000     0.0000     0.0000 
 141.000     21.755     54.260    -48.940    -36.255     54.260    200.958      0.000    -65.700    500.000     0.0000     0.0000 
 141.300     21.722     53.189    -48.939    -36.255     53.189    192.494      0.000    -65.700    500.000     0.0000     0.0000 
 141.600     21.690     52.084    -48.939    -36.255     52.084    180.018      0.000    -65.700    500.000     0.0000     0.0000 
 141.900     21.657     50.953    -48.939    -36.255     50.953    164.467      0.000    -65.700    500.000     0.0000     0.0000 
 142.200     21.625     49.807    -48.939    -36.255     49.807    146.937      0.000    -65.700    500.000     0.0000     0.0000 
 142.500     21.592     48.654    -48.939    -36.255     48.654    128.395      0.000    -65.700    500.000     0.0000     0.0000 
 142.800     21.556     47.505    -48.939    -36.255     47.505    109.812      0.000    -65.700    500.000     0.0000     0.0000 
 143.100     21.518     46.367    -48.938    -36.255     46.367     92.142      0.000    -65.700    500.000     0.0000     0.0000 
 143.400     21.480     45.251    -48.938    -36.255     45.251     76.187      0.000    -65.700    500.000     0.0000     0.0000 
 143.700     21.441     44.166    -48.938    -36.255     44.166     62.593      0.000    -65.700    500.000     0.0000     0.0000 
 144.000     21.403     43.119    -48.938    -36.255     43.119     51.930      0.000    -65.700    500.000     0.0000     0.0000 
 144.300     21.365     42.118    -48.938    -36.255     42.118     44.598      0.000    -65.700    500.000     0.0000     0.0000 
 144.600     21.327     41.172    -48.937    -36.255     41.172     40.594      0.000    -65.700    500.000     0.0000     0.0000 
 144.900     21.289     40.287    -48.937    -36.255     40.287     39.753      0.000    -65.700    500.000     0.0000     0.0000 
 145.200     21.250     39.471    -48.937    -36.255     39.471     42.156      0.000    -65.700    500.000     0.0000     0.0000 
 145.500     21.212     38.728    -48.937    -36.255     38.728     48.024      0.000    -65.700    500.000     0.0000     0.0000 
 145.800     21.169     38.065    -48.937    -36.255     38.065     57.360      0.000    -65.700    500.000     0.0000     0.0000 
 146.100     21.126     37.486    -48.937    -36.255     37.486     69.839      0.000    -65.700    500.000     0.0000     0.0000 
 146.400     21.082     36.995    -48.936    -36.255     36.995     84.924      0.000    -65.700    500.000     0.0000     0.0000 
 146.700     21.039     36.596    -48.936    -36.255     36.596    101.949      0.000    -65.700    500.000     0.0000     0.0000 
 147.000     20.996     36.290    -48.936    -36.255     36.290    120.119      0.000    -65.700    500.000     0.0000     0.0000 
 147.300     20.953     36.080    -48.936    -36.255     36.080    138.519      0.000    -65.700    500.000     0.0000     0.0000 
 147.600     20.909     35.966    -48.936    -36.255     35.966    156.162      0.000    -65.700    500.000     0.0000     0.0000 
 147.900     20.866     35.949    -48.936    -36.255     35.949    172.011      0.000    -65.700    500.000     0.0000     0.0000 
 148.200     20.823     36.028    -48.935    -36.255     36.028    184.941      0.000    -65.700    500.000     0.0000     0.0000 
 148.500     20.778     36.202    -48.935    -36.255     36.202    194.025      0.000    -65.700    500.000     0.0000     0.0000 
 148.800     20.731     36.469    -48.935    -36.255     36.469    198.973      0.000    -65.700    500.000     0.0000     0.0000 
 149.100     20.684     36.826    -48.935    -36.255     36.826    199.894      0.000    -65.700    500.000     0.0000     0.0000 
 149.400     20.637     37.270    -48.935    -36.255     37.270    196.768      0.000    -65.700    500.000     0.0000     0.0000 
 149.700     20.590     37.795    -48.935    -36.255     37.795    189.522      0.000    -65.700    500.000     0.0000     0.0000 
 150.000     20.543     38.399    -48.934    -36.255     38.399    178.447      0.000    -65.700    500.000     0.0000     0.0000 
 150.300     20.496     39.074    -48.934    -36.255     39.074    164.309      0.000    -65.700    500.000     0.0000     0.0000 
 150.600     20.449     39.816    -48.934    -36.255     39.816    148.129      0.000    -65.700    500.000     0.0000     0.0000 
 150.900     20.402     40.617    -48.934    -36.255     40.617    130.831      0.000    -65.700    500.000     0.0000     0.0000 
 151.200     20.355     41.471    -48.934    -36.255     41.471    113.270      0.000    -65.700    500.000     0.0000     0.0000 
 151.500     20.306     42.371    -48.934    -36.255     42.371     96.333      0.000    -65.700    500.000     0.0000     0.0000 
 151.800     20.257     43.308    -48.933    -36.255     43.308     80.830      0.000    -65.700    500.000     0.0000     0.0000 
 152.100     20.207     44.275    -48.933    -36.255     44.275     67.429      0.000    -65.700    500.000     0.0000     0.0000 
 152.400     20.158     45.264    -48.933    -36.255     45.264     56.721      0.000    -65.700    500.000     0.0000     0.0000 
 152.700     20.108     46.267    -48.933    -36.255     46.267     49.175      0.000    -65.700    500.000     0.0000     0.0000 
 153.000     20.059     47.276    -48.933    -36.255     47.276     44.864      0.000    -65.700    500.000     0.0000     0.0000 
 153.300     20.009     48.281    -48.933    -36.255     48.281     43.632      0.000    -65.700    500.000     0.0000     0.0000 
 153.600     19.960     49.275    -48.932    -36.255     49.275     45.514      0.000    -65.700    500.000     0.0000     0.0000 
 153.900     19.911     50.250    -48.932    -36.255     50.250     50.715      0.000    -65.700    500.000     0.0000     0.0000 
 154.200     19.861     51.198    -48.932    -36.255     51.198     59.253      0.000    -65.700    500.000     0.0000     0.0000 
 154.500     19.811     52.112    -48.932    -36.255     52.112     70.826      0.000    -65.700    500.000     0.0000     0.0000 
 154.800     19.761     52.983    -48.932    -36.255     52.983     84.912      0.000    -65.700    500.000     0.0000     0.0000 
 155.100     19.711     53.806    -48.932    -36.255     53.806    100.866      0.000    -65.700    500.000     0.0000     0.0000 
 155.400     19.661     54.574    -48.931    -36.255     54.574    117.938      0.000    -65.700    500.000     0.0000     0.0000 
 155.700     19.611     55.281    -48.931    -36.255     55.281    135.273      0.000    -65.700    500.000     0.0000     0.0000 
 156.000     19.561     55.922    -48.931    -36.255     55.922    151.960      0.000    -65.700    500.000     0.0000     0.0000 
 156.300     19.511     56.492    -48.931    -36.255     56.492    167.058      0.000    -65.700    500.000     0.0000     0.0000 
 156.600     19.461     56.986    -48.931    -36.255     56.986    179.553      0.000    -65.700    500.000     0.0000     0.0000 
 156.900     19.411     57.402    -48.931    -36.255     57.402    188.549      0.000    -65.700    500.000     0.0000     0.0000 
 157.200     19.361     57.737    -48.930    -36.255     57.737    193.698      0.000    -65.700    500.000     0.0000     0.0000 
 157.500     19.312     57.988    -48.930    -36.255     57.988    195.093      0.000    -65.700    500.000     0.0000     0.0000 
 157.800     19.263     58.154    -48.930    -36.255     58.154    192.739      0.000    -65.700    500.000     0.0000     0.0000 
 158.100     19.214     58.235    -48.930    -36.255     58.235    186.562      0.000    -65.700    500.000     0.0000     0.0000 
 158.400     19.165     58.230    -48.930    -36.255     58.230    176.749      0.000    -65.700    500.000     0.0000     0.0000 
 158.700     19.116     58.141    -48.930    -36.255     58.141    163.923      0.000    -65.700    500.000     0.0000     0.0000 
 159.000     19.067     57.968    -48.930    -36.255     57.968    148.989      0.000    -65.700    500.000     0.0000     0.0000 
 159.300     19.018     57.713    -48.929    -36.255     57.713    132.857      0.000    -65.700    500.000     0.0000     0.0000 
 159.600     18.970     57.381    -48.929    -36.255     57.381    116.307      0.000    -65.700    500.000     0.0000     0.0000 
 159.900     18.921     56.973    -48.929    -36.255     56.973    100.140      0.000    -65.700    500.000     0.0000     0.0000 
 160.200     18.874     56.494    -48.929    -36.255     56.494     85.144      0.000    -65.700    500.000     0.0000     0.0000 
 160.500     18.827     55.948    -48.929    -36.255     55.948     72.003      0.000    -65.700    500.000     0.0000     0.0000 
 160.800     18.781     55.341    -48.929    -36.255     55.341     61.322      0.000    -65.700    500.000     0.0000     0.0000 
 161.100     18.735     54.677    -48.928    -36.255     54.677     53.616      0.000    -65.700    500.000     0.0000     0.0000 
 161.400     18.689     53.963    -48.928    -36.255     53.963     49.037      0.000    -65.700    500.000     0.0000     0.0000 
 161.700     18.643     53.205    -48.928    -36.255     53.205     47.444      0.000    -65.700    500.000     0.0000     0.0000 
 162.000     18.596     52.410    -48.928    -36.255     52.410     48.829      0.000    -65.700    500.000     0.0000     0.0000 
 162.300     18.550     51.584    -48.928    -36.255     51.584     53.378      0.000    -65.700    500.000     0.0000     0.0000 
 162.600     18.504     50.734    -48.928    -36.255     50.734     61.138      0.000    -65.700    500.000     0.0000     0.0000 
 162.900     18.458     49.867    -48.928    -36.255     49.867     71.834      0.000    -65.700    500.000     0.0000     0.0000 
 163.200     18.416     48.991    -48.927    -36.255     48.991     84.962      0.000    -65.700    500.000     0.0000     0.0000 
 163.500     18.374     48.112    -48.927    -36.255     48.112     99.901      0.000    -65.700    500.000     0.0000     0.0000 
 163.800     18.332     47.239    -48.927    -36.255     47.239    115.939      0.000    -65.700    500.000     0.0000     0.0000 
 164.100     18.290     46.377    -48.927    -36.255     46.377    132.282      0.000    -65.700    500.000     0.0000     0.0000 
 164.400     18.248     45.534    -48.927    -36.255     45.534    148.085      0.000    -65.700    500.000     0.0000     0.0000 
 164.700     18.206     44.716    -48.927    -36.255     44.716    162.484      0.000    -65.700    500.000     0.0000     0.0000 
 165.000     18.164     43.930    -48.926    -36.255     43.930    174.558      0.000    -65.700    500.000     0.0000     0.0000 
 165.300     18.122     43.182    -48.926    -36.255     43.182    183.440      0.000    -65.700    500.000     0.0000     0.0000 
 165.600     18.080     42.478    -48.926    -36.255     42.478    188.744      0.000    -65.700    500.000     0.0000     0.0000 
 165.900     18.039     41.822    -48.926    -36.255     41.822    190.544      0.000    -65.700    500.000     0.0000     0.0000 
 166.200     18.003     41.221    -48.926    -36.255     41.221    188.876      0.000    -65.700    500.000     0.0000     0.0000 
 166.500     17.966     40.678    -48.926    -36.255     40.678    183.652      0.000    -65.700    500.000     0.0000     0.0000 
 166.800     17.929     40.197    -48.926    -36.255     40.197    174.973      0.000    -65.700    500.000     0.0000     0.0000 
 167.100     17.892     39.781    -48.925    -36.255     39.781    163.351      0.000    -65.700    500.000     0.0000     0.0000 
 167.400     17.856     39.434    -48.925    -36.255     39.434    149.576      0.000    -65.700    500.000     0.0000     0.0000 
 167.700     17.819     39.158    -48.925    -36.255     39.158    134.525      0.000    -65.700    500.000     0.0000     0.0000 
 168.000     17.782     38.955    -48.925    -36.255     38.955    118.959      0.000    -65.700    500.000     0.0000     0.0000 
 168.300     17.745     38.825    -48.925    -36.255     38.825    103.586      0.000    -65.700    500.000     0.0000     0.0000 
 168.600     17.709     38.768    -48.925    -36.255     38.768     89.143      0.000    -65.700    500.000     0.0000     0.0000 
 168.900     17.676     38.786    -48.925    -36.255     38.786     76.317      0.000    -65.700    500.000     0.0000     0.0000 
 169.200     17.645     38.877    -48.924    -36.255     38.877     65.720      0.000    -65.700    500.000     0.0000     0.0000 
 169.500     17.615     39.040    -48.924    -36.255     39.040     57.898      0.000    -65.700    500.000     0.0000     0.0000 
 169.800     17.584     39.274    -48.924    -36.255     39.274     53.081      0.000    -65.700    500.000     0.0000     0.0000 
 170.100     17.553     39.574    -48.924    -36.255     39.574     51.157      0.000    -65.700    500.000     0.0000     0.0000 
 170.400     17.523     39.940    -48.924    -36.255     39.940     52.086      0.000    -65.700    500.000     0.0000     0.0000 
 170.700     17.492     40.367    -48.924    -36.255     40.367     56.024      0.000    -65.700    500.000     0.0000     0.0000 
 171.000     17.461     40.851    -48.923    -36.255     40.851     63.035      0.000    -65.700    500.000     0.0000     0.0000 
 171.300     17.431     41.389    -48.923    -36.255     41.389     72.880      0.000    -65.700    500.000     0.0000     0.0000 
 171.600     17.400     41.974    -48.923    -36.255     41.974     85.085      0.000    -65.700    500.000     0.0000     0.0000 
 171.900     17.376     42.603    -48.923    -36.255     42.603     99.056      0.000    -65.700    500.000     0.0000     0.0000 
 172.200     17.352     43.270    -48.923    -36.255     43.270    114.122      0.000    -65.700    500.000     0.0000     0.0000 
 172.500     17.328     43.968    -48.923    -36.255     43.968    129.536      0.000    -65.700    500.000     0.0000     0.0000 
 172.800     17.303     44.693    -48.923    -36.255     44.693    144.508      0.000    -65.700    500.000     0.0000     0.0000 
 173.100     17.279     45.438    -48.922    -36.255     45.438    158.242      0.000    -65.700    500.000     0.0000     0.0000 
 173.400     17.255     46.197    -48.922    -36.255     46.197    169.903      0.000    -65.700    500.000     0.0000     0.0000 
 173.700     17.231     46.963    -48.922    -36.255     46.963    178.670      0.000    -65.700    500.000     0.0000     0.0000 
 174.000     17.207     47.730    -48.922    -36.255     47.730    184.115      0.000    -65.700    500.000     0.0000     0.0000 
 174.300     17.183     48.493    -48.922    -36.255     48.493    186.265      0.000    -65.700    500.000     0.0000     0.0000 
 174.600     17.161     49.244    -48.922    -36.255     49.244    185.179      0.000    -65.700    500.000     0.0000     0.0000 
 174.900     17.143     49.978    -48.922    -36.255     49.978    180.782      0.000    -65.700    500.000     0.0000     0.0000 
 175.200     17.126     50.689    -48.921    -36.255     50.689    173.124      0.000    -65.700    500.000     0.0000     0.0000 
 175.500     17.108     51.371    -48.921    -36.255     51.371    162.612      0.000    -65.700    500.000     0.0000     0.0000 
 175.800     17.091     52.019    -48.921    -36.255     52.019    149.935      0.000    -65.700    500.000     0.0000     0.0000 
 176.100     17.073     52.628    -48.921    -36.255     52.628    135.897      0.000    -65.700    500.000     0.0000     0.0000 
 176.400     17.055     53.193    -48.921    -36.255     53.193    121.260      0.000    -65.700    500.000     0.0000     0.0000 
 176.700     17.038     53.710    -48.921    -36.255     53.710    106.685      0.000    -65.700    500.000     0.0000     0.0000 
 177.000     17.020     54.176    -48.921    -36.255     54.176     92.833      0.000    -65.700    500.000     0.0000     0.0000 
 177.300     17.003     54.585    -48.920    -36.255     54.585     80.365      0.000    -65.700    500.000     0.0000     0.0000 
 177.600     16.989     54.937    -48.920    -36.255     54.937     69.897      0.000    -65.700    500.000     0.0000     0.0000 
 177.900     16.978     55.228    -48.920    -36.255     55.228     62.011      0.000    -65.700    500.000     0.0000     0.0000 
 178.200     16.967     55.457    -48.920    -36.255     55.457     57.004      0.000    -65.700    500.000     0.0000     0.0000 
 178.500     16.956     55.622    -48.920    -36.255     55.622     54.789      0.000    -65.700    500.000     0.0000     0.0000 
 178.800     16.945     55.722    -48.920    -36.255     55.722     55.287      0.000    -65.700    500.000     0.0000     0.0000 
 179.100     16.934     55.757    -48.920    -36.255     55.757     58.635      0.000    -65.700    500.000     0.0000     0.0000 
 179.400     16.922     55.727    -48.919    -36.255     55.727     64.923      0.000    -65.700    500.000     0.0000     0.0000 
 179.700     16.911     55.633    -48.919    -36.255     55.633     73.955      0.000    -65.700    500.000     0.0000     0.0000 
 180.000     16.900     55.477    -48.919    -36.255     55.477     85.282      0.000    -65.700    500.000     0.0000     0.0000 
 180.300     16.889     55.259    -48.919    -36.255     55.259     98.336      0.000    -65.700    500.000     0.0000     0.0000 
 180.600     16.884     54.983    -48.919    -36.255     54.983    112.481      0.000    -65.700    500.000     0.0000     0.0000 
 180.900     16.879     54.651    -48.919    -36.255     54.651    127.018      0.000    -65.700    500.000     0.0000     0.0000 
 181.200     16.873     54.266    -48.919    -36.255     54.266    141.211      0.000    -65.700    500.000     0.0000     0.0000 
 181.500     16.868     53.831    -48.918    -36.255     53.831    154.323      0.000    -65.700    500.000     0.0000     0.0000 
 181.800     16.863     53.351    -48.918    -36.255     53.351    165.585      0.000    -65.700    500.000     0.0000     0.0000 
 182.100     16.858     52.831    -48.918    -36.255     52.831    174.214      0.000    -65.700    500.000     0.0000     0.0000 
 182.400     16.852     52.273    -48.918    -36.255     52.273    179.749      0.000    -65.700    500.000     0.0000     0.0000 
 182.700     16.847     51.684    -48.918    -36.255     51.684    182.192      0.000    -65.700    500.000     0.0000     0.0000 
 183.000     16.842     51.068    -48.918    -36.255     51.068    181.625      0.000    -65.700    500.000     0.0000     0.0000 
 183.300     16.838     50.431    -48.918    -36.255     50.431    177.977      0.000    -65.700    500.000     0.0000     0.0000 
 183.600     16.838     49.778    -48.917    -36.255     49.778    171.247      0.000    -65.700    500.000     0.0000     0.0000 
 183.900     16.839     49.114    -48.917    -36.255     49.114    161.751      0.000    -65.700    500.000     0.0000     0.0000 
 184.200     16.839     48.445    -48.917    -36.255     48.445    150.100      0.000    -65.700    500.000     0.0000     0.0000 
 184.500     16.839     47.777    -48.917    -36.255     47.777    137.019      0.000    -65.700    500.000     0.0000     0.0000 
 184.800     16.839     47.114    -48.917    -36.255     47.114    123.250      0.000    -65.700    500.000     0.0000     0.0000 
 185.100     16.839     46.462    -48.917    -36.255     46.462    109.453      0.000    -65.700    500.000     0.0000     0.0000 
 185.400     16.839     45.826    -48.917    -36.255     45.826     96.221      0.000    -65.700    500.000     0.0000     0.0000 
 185.700     16.839     45.212    -48.916    -36.255     45.212     84.164      0.000    -65.700    500.000     0.0000     0.0000 
 186.000     16.839     44.624    -48.916    -36.255     44.624     73.875      0.000    -65.700    500.000     0.0000     0.0000 
 186.300     16.842     44.067    -48.916    -36.255     44.067     65.960      0.000    -65.700    500.000     0.0000     0.0000 
 186.600     16.846     43.544    -48.916    -36.255     43.544     60.778      0.000    -65.700    500.000     0.0000     0.0000 
 186.900     16.851     43.060    -48.916    -36.255     43.060     58.289      0.000    -65.700    500.000     0.0000     0.0000 
 187.200     16.855     42.619    -48.916    -36.255     42.619     58.400      0.000    -65.700    500.000     0.0000     0.0000 
 187.500     16.860     42.224    -48.916    -36.255     42.224     61.213      0.000    -65.700    500.000     0.0000     0.0000 
 187.800     16.864     41.877    -48.916    -36.255     41.877     66.824      0.000    -65.700    500.000     0.0000     0.0000 
 188.100     16.869     41.582    -48.915    -36.255     41.582     75.076      0.000    -65.700    500.000     0.0000     0.0000 
 188.400     16.873     41.339    -48.915    -36.255     41.339     85.559      0.000    -65.700    500.000     0.0000     0.0000 
 188.700     16.878     41.151    -48.915    -36.255     41.151     97.737      0.000    -65.700    500.000     0.0000     0.0000 
 189.000     16.883     41.019    -48.915    -36.255     41.019    111.009      0.000    -65.700    500.000     0.0000     0.0000 
 189.300     16.891     40.943    -48.915    -36.255     40.943    124.720      0.000    -65.700    500.000     0.0000     0.0000 
 189.600     16.899     40.923    -48.915    -36.255     40.923    138.176      0.000    -65.700    500.000     0.0000     0.0000 
 189.900     16.907     40.960    -48.915    -36.255     40.960    150.685      0.000    -65.700    500.000     0.0000     0.0000 
 190.200     16.915     41.053    -48.914    -36.255     41.053    161.546      0.000    -65.700    500.000     0.0000     0.0000 
 190.500     16.923     41.199    -48.914    -36.255     41.199    170.031      0.000    -65.700    500.000     0.0000     0.0000 
 190.800     16.931     41.399    -48.914    -36.255     41.399    175.654      0.000    -65.700    500.000     0.0000     0.0000 
 191.100     16.939     41.649    -48.914    -36.255     41.649    178.359      0.000    -65.700    500.000     0.0000     0.0000 
 191.400     16.947     41.948    -48.914    -36.255     41.948    178.238      0.000    -65.700    500.000     0.0000     0.0000 
 191.700     16.955     42.292    -48.914    -36.255     42.292    175.237      0.000    -65.700    500.000     0.0000     0.0000 
 192.000     16.965     42.678    -48.914    -36.255     42.678    169.338      0.000    -65.700    500.000     0.0000     0.0000 
 192.300     16.976     43.103    -48.913    -36.255     43.103    160.778      0.000    -65.700    500.000     0.0000     0.0000 
 192.600     16.987     43.564    -48.913    -36.255     43.564    150.087      0.000    -65.700    500.000     0.0000     0.0000 
 192.900     16.997     44.056    -48.913    -36.255     44.056    137.927      0.000    -65.700    500.000     0.0000     0.0000 
 193.200     17.008     44.574    -48.913    -36.255     44.574    124.979      0.000    -65.700    500.000     0.0000     0.0000 
 193.500     17.019     45.115    -48.913    -36.255     45.115    111.908      0.000    -65.700    500.000     0.0000     0.0000 
 193.800     17.029     45.675    -48.913    -36.255     45.675     99.302      0.000    -65.700    500.000     0.0000     0.0000 
 194.100     17.040     46.247    -48.913    -36.255     46.247     87.693      0.000    -65.700    500.000     0.0000     0.0000 
 194.400     17.050     46.828    -48.913    -36.255     46.828     77.628      0.000    -65.700    500.000     0.0000     0.0000 
 194.700     17.063     47.412    -48.912    -36.255     47.412     69.733      0.000    -65.700    500.000     0.0000     0.0000 
 195.000     17.075     47.996    -48.912    -36.255     47.996     64.420      0.000    -65.700    500.000     0.0000     0.0000 
 195.300     17.088     48.573    -48.912    -36.255     48.573     61.692      0.000    -65.700    500.000     0.0000     0.0000 
 195.600     17.100     49.140    -48.912    -36.255     49.140     61.443      0.000    -65.700    500.000     0.0000     0.0000 
 195.900     17.113     49.692    -48.912    -36.255     49.692     63.749      0.000    -65.700    500.000     0.0000     0.0000 
 196.200     17.125     50.225    -48.912    -36.255     50.225     68.718      0.000    -65.700    500.000     0.0000     0.0000 
 196.500     17.138     50.734    -48.912    -36.255     50.734     76.230      0.000    -65.700    500.000     0.0000     0.0000 
 196.800     17.150     51.215    -48.911    -36.255     51.215     85.912      0.000    -65.700    500.000     0.0000     0.0000 
 197.100     17.163     51.666    -48.911    -36.255     51.666     97.259      0.000    -65.700    500.000     0.0000     0.0000 
 197.400     17.176     52.081    -48.911    -36.255     52.081    109.703      0.000    -65.700    500.000     0.0000     0.0000 
 197.700     17.190     52.459    -48.911    -36.255     52.459    122.627      0.000    -65.700    500.000     0.0000     0.0000 
 198.000     17.204     52.796    -48.911    -36.255     52.796    135.381      0.000    -65.700    500.000     0.0000     0.0000 
 198.300     17.217     53.090    -48.911    -36.255     53.090    147.320      0.000    -65.700    500.000     0.0000     0.0000 
 198.600     17.231     53.339    -48.911    -36.255     53.339    157.794      0.000    -65.700    500.000     0.0000     0.0000 
 198.900     17.244     53.541    -48.911    -36.255     53.541    166.119      0.000    -65.700    500.000     0.0000     0.0000 
 199.200     17.258     53.696    -48.910    -36.255     53.696    171.791      0.000    -65.700    500.000     0.0000     0.0000 
 199.500     17.271     53.801    -48.910    -36.255     53.801    174.715      0.000    -65.700    500.000     0.0000     0.0000 
 199.800     17.285     53.857    -48.910    -36.255     53.857    174.987      0.000    -65.700    500.000     0.0000     0.0000 
