   0.600      0.004      0.001    -65.660    -59.851      0.001      0.000      0.000    -65.700     37.663     0.0000     0.0000 
   1.200      0.008      0.000    -65.561    -59.491      0.000      0.000      0.000    -65.700     75.113     0.0000     0.0000 
   1.800      0.012      0.000    -65.406    -58.934      0.000      0.000      0.000    -65.700    112.135     0.0000     0.0000 
   2.400      0.013      0.000    -65.199    -58.196      0.000      0.000      0.000    -65.700    148.521     0.0000     0.0000 
   3.000      0.015      0.000    -64.943    -57.292      0.000      0.000      0.000    -65.700    184.062     0.0000     0.0000 
   3.600      0.016      0.000    -64.642    -56.240      0.000      0.000      0.000    -65.700    218.558     0.0000     0.0000 
   4.200      0.019      0.001    -64.299    -55.056      0.001      0.000      0.000    -65.700    251.812     0.0000     0.0000 
   4.800      0.022      0.001    -63.919    -53.757      0.001      0.000      0.000    -65.700    283.634     0.0000     0.0000 
   5.400      0.025      0.002    -63.505    -52.361      0.002      0.000      0.000    -65.700    313.846     0.0000     0.0000 
   6.000      0.031      0.004    -63.061    -50.887      0.004      0.000      0.000    -65.700    342.274     0.0000     0.0000 
   6.600      0.037      0.009    -62.593    -49.354      0.009      0.003      0.000    -65.700    368.757     0.0000     0.0000 
   7.200      0.045      0.021    -62.104    -47.783      0.021      0.075      0.000    -65.700    393.144     0.0000     0.0000 
   7.800      0.057      0.051    -61.599    -46.195      0.051      1.271      0.000    -65.700    415.298     0.0000     0.0000 
   8.400      0.070      0.128    -61.082    -44.613      0.128     13.727      0.000    -65.700    435.092     0.0000     0.0000 
   9.000      0.089      0.319    -60.557    -43.062      0.319     87.146      0.000    -65.700    452.414     0.0000     0.0000 
   9.600      0.117      0.766    -60.030    -41.569      0.766    284.989      0.000    -65.700    467.164     0.0000     0.0000 
  10.200      0.145      1.758    -59.504    -40.161      1.758    478.145      0.000    -65.700    479.261     0.0000     0.0000 
  10.800      0.189      3.819    -58.985    -38.867      3.819    440.450      0.000    -65.700    488.634     0.0000     0.0000 
  11.400      0.249      7.725    -58.476    -37.717      7.725    241.054      0.000    -65.700    495.231     0.0000     0.0000 
  12.000      0.309     14.682    -57.981    -36.738     14.682     92.499      0.000    -65.700    499.013     0.0000     0.0000 
  12.600      0.405     25.715    -57.505    -35.952     25.715     45.239      0.000    -65.700    499.961     0.0000     0.0000 
  13.200      0.527     41.581    -57.052    -35.376     41.581     41.648      0.000    -65.700    498.067     0.0000     0.0000 
  13.800      0.649     61.472    -56.625    -35.016     61.472     13.128      0.000    -65.700    493.343     0.0000     0.0000 
  14.400      0.845     83.599    -56.228    -34.865     83.599      2.916      0.000    -65.700    485.816     0.0000     0.0000 
  15.000      1.079    104.522    -55.865    -34.909    104.522      1.811      0.000    -65.700    475.528     0.0000     0.0000 
  15.600      1.313    121.318    -55.537    -35.123    121.318     12.873      0.000    -65.700    462.539     0.0000     0.0000 
  16.200      1.686    130.764    -55.250    -35.476    130.764     64.302      0.000    -65.700    446.921     0.0000     0.0000 
  16.800      2.106    132.236    -55.004    -35.940    132.236    165.725      0.000    -65.700    428.763     0.0000     0.0000 
  17.400      2.526    126.278    -54.802    -36.486    126.278    263.486      0.000    -65.700    408.170     0.0000     0.0000 
  18.000      3.184    114.892    -54.646    -37.094    114.892    305.847      0.000    -65.700    385.257     0.0000     0.0000 
  18.600      3.889    100.432    -54.539    -37.747    100.432    285.516      0.000    -65.700    360.155     0.0000     0.0000 
  19.200      4.594     85.543    -54.480    -38.437     85.543    223.091      0.000    -65.700    333.006     0.0000     0.0000 
  19.800      5.662     75.178    -54.472    -39.160     75.178    150.103      0.000    -65.700    303.965     0.0000     0.0000 
  20.400      6.763     70.089    -54.514    -39.917     70.089     88.751      0.000    -65.700    273.197     0.0000     0.0000 
  21.000      7.864     59.207    -54.607    -40.711     59.207     47.784      0.000    -65.700    240.877     0.0000     0.0000 
  21.600      9.459     48.444    -54.751    -41.548     48.444     22.212      0.000    -65.700    207.188     0.0000     0.0000 
  22.200     11.055     39.046    -54.946    -42.434     39.046     17.975      0.000    -65.700    172.321     0.0000     0.0000 
  22.800     12.695     31.166    -55.190    -43.375     31.166     14.311      0.000    -65.700    136.476     0.0000     0.0000 
  23.400     14.831     24.685    -55.484    -44.376     24.685     10.932      0.000    -65.700     99.855     0.0000     0.0000 
  24.000     16.966     19.412    -55.824    -45.444     19.412     11.858      0.000    -65.700     62.667     0.0000     0.0000 
  24.600     19.184     15.146    -56.210    -46.583     15.146     14.640      0.000    -65.700     25.122     0.0000     0.0000 
  25.200     21.808     11.705    -56.640    -47.797     11.705     12.273      0.000    -65.700    -12.565     0.0000     0.0000 
  25.800     24.432      8.931    -57.112    -49.088      8.931      6.671      0.000    -65.700    -50.181     0.0000     0.0000 
  26.400     27.134      6.693    -57.623    -50.458      6.693      2.584      0.000    -65.700    -87.512     0.0000     0.0000 
  27.000     30.067      4.891    -58.171    -51.907      4.891      0.748      0.000    -65.700   -124.345     0.0000     0.0000 
  27.600     32.999      3.450    -58.753    -53.436      3.450      0.179      0.000    -65.700   -160.472     0.0000     0.0000 
  28.200     35.932      2.317    -59.366    -55.040      2.317      0.040      0.000    -65.700   -195.687     0.0000     0.0000 
  28.800     38.863      1.455    -60.007    -56.718      1.455      0.009      0.000    -65.700   -229.790     0.0000     0.0000 
  29.400     41.794      0.836    -60.673    -58.462      0.836      0.002      0.000    -65.700   -262.587     0.0000     0.0000 
  30.000     44.561      0.426    -61.360    -60.268      0.426      0.000      0.000    -65.700   -293.893     0.0000     0.0000 
  30.600     47.096      0.187    -62.065    -62.127      0.187      0.000      0.000    -65.700   -323.528     0.0000     0.0000 
  31.200     49.631      0.069    -62.784    -64.030      0.069      0.000      0.000    -65.700   -351.325     0.0000     0.0000 
  31.800     51.771      0.021    -63.514    -65.965      0.021      0.000      0.000    -65.700   -377.126     0.0000     0.0000 
  32.400     53.515      0.005    -64.250    -67.923      0.005      0.000      0.000    -65.700   -400.783     0.0000     0.0000 
  33.000     55.259      0.001    -64.990    -69.890      0.001      0.000      0.000    -65.700   -422.164     0.0000     0.0000 
  33.600     56.371      0.000    -65.729    -71.854      0.000      0.000      0.000    -65.700   -441.146     0.0000     0.0000 
  34.200     57.031      0.000    -66.464    -73.802      0.000      0.000      0.000    -65.700   -457.621     0.0000     0.0000 
  34.800     57.691      0.000    -67.190    -75.720      0.000      0.000      0.000    -65.700   -471.495     0.0000     0.0000 
  35.400     57.376      0.000    -67.904    -77.595      0.000      0.000      0.000    -65.700   -482.691     0.0000     0.0000 
  36.000     56.573      0.000    -68.602    -79.414      0.000      0.000      0.000    -65.700   -491.144     0.0000     0.0000 
  36.600     55.770      0.000    -69.281    -81.165      0.000      0.000      0.000    -65.700   -496.806     0.0000     0.0000 
  37.200     54.967      0.000    -69.936    -82.835      0.000      0.000      0.000    -65.700   -499.645     0.0000     0.0000 
  37.800     53.698      0.000    -70.565    -84.412      0.000      0.000      0.000    -65.700   -499.645     0.0000     0.0000 
  38.400     51.497      0.000    -71.164    -85.885      0.000      0.000      0.000    -65.700   -496.806     0.0000     0.0000 
  39.000     49.296      0.000    -71.731    -87.243      0.000     -0.000      0.000    -65.700   -491.144     0.0000     0.0000 
  39.600     47.096      0.000    -72.261    -88.478      0.000      0.000      0.000    -65.700   -482.691     0.0000     0.0000 
  40.200     44.895      0.000    -72.752    -89.579      0.000      0.000      0.000    -65.700   -471.495     0.0000     0.0000 
  40.800     42.101      0.000    -73.201    -90.539      0.000      0.000      0.000    -65.700   -457.621     0.0000     0.0000 
  41.400     39.307      0.000    -73.607    -91.350      0.000     -0.000      0.000    -65.700   -441.146     0.0000     0.0000 
  42.000     36.513      0.000    -73.967    -92.008      0.000      0.000      0.000    -65.700   -422.164     0.0000     0.0000 
  42.600     33.720     -0.000    -74.278    -92.505     -0.000      0.000      0.000    -65.700   -400.783     0.0000     0.0000 
  43.200     31.080     -0.000    -74.540    -92.838     -0.000      0.000      0.000    -65.700   -377.126     0.0000     0.0000 
  43.800     28.517     -0.000    -74.751    -93.005     -0.000     -0.000      0.000    -65.700   -351.325     0.0000     0.0000 
  44.400     25.955     -0.000    -74.910    -93.001     -0.000     -0.000      0.000    -65.700   -323.528     0.0000     0.0000 
  45.000     23.392     -0.000    -75.015    -92.827     -0.000     -0.000      0.000    -65.700   -293.893     0.0000     0.0000 
  45.600     21.070     -0.000    -75.067    -92.483     -0.000     -0.000      0.000    -65.700   -262.587     0.0000     0.0000 
  46.200     19.227     -0.000    -75.065    -91.969     -0.000     -0.000      0.000    -65.700   -229.790     0.0000     0.0000 
  46.800     17.385      0.000    -75.010    -91.286      0.000     -0.000      0.000    -65.700   -195.687     0.0000     0.0000 
  47.400     15.543     -0.000    -74.901    -90.439     -0.000      0.000      0.000    -65.700   -160.472     0.0000     0.0000 
  48.000     13.701     -0.000    -74.739    -89.431     -0.000     -0.000      0.000    -65.700   -124.345     0.0000     0.0000 
  48.600     12.662     -0.000    -74.525    -88.267     -0.000     -0.000      0.000    -65.700    -87.512     0.0000     0.0000 
  49.200     11.623     -0.000    -74.261    -86.953     -0.000     -0.000      0.000    -65.700    -50.181     0.0000     0.0000 
  49.800     10.584     -0.000    -73.948    -85.495     -0.000     -0.000      0.000    -65.700    -12.565     0.0000     0.0000 
  50.400      9.545     -0.000    -73.587    -83.901     -0.000     -0.000      0.000    -65.700     25.122     0.0000     0.0000 
  51.000      8.927     -0.000    -73.182    -82.180     -0.000      0.000      0.000    -65.700     62.667     0.0000     0.0000 
  51.600      8.519     -0.000    -72.733    -80.341     -0.000      0.000      0.000    -65.700     99.855     0.0000     0.0000 
  52.200      8.111     -0.000    -72.244    -78.393     -0.000     -0.000      0.000    -65.700    136.476     0.0000     0.0000 
  52.800      7.703     -0.000    -71.717    -76.348     -0.000      0.000      0.000    -65.700    172.321     0.0000     0.0000 
  53.400      7.426     -0.000    -71.155    -74.215     -0.000      0.000      0.000    -65.700    207.188     0.0000     0.0000 
  54.000      7.414     -0.000    -70.563    -72.008     -0.000     -0.000      0.000    -65.700    240.877     0.0000     0.0000 
  54.600      7.402     -0.000    -69.942    -69.738     -0.000      0.000      0.000    -65.700    273.197     0.0000     0.0000 
  55.200      7.389     -0.000    -69.296    -67.418     -0.000     -0.000      0.000    -65.700    303.965     0.0000     0.0000 
  55.800      7.377     -0.000    -68.630    -65.061     -0.000     -0.000      0.000    -65.700    333.006     0.0000     0.0000 
  56.400      7.577     -0.000    -67.947    -62.680     -0.000     -0.000      0.000    -65.700    360.155     0.0000     0.0000 
  57.000      7.776     -0.000    -67.251    -60.288     -0.000     -0.000      0.000    -65.700    385.257     0.0000     0.0000 
  57.600      7.976      0.000    -66.546    -57.901      0.000     -0.000      0.000    -65.700    408.170     0.0000     0.0000 
  58.200      8.175      0.000    -65.835    -55.532      0.000     -0.000      0.000    -65.700    428.763     0.0000     0.0000 
  58.800      8.444      0.000    -65.124    -53.198      0.000     -0.000      0.000    -65.700    446.921     0.0000     0.0000 
  59.400      8.747      0.000    -64.416    -50.913      0.000      0.000      0.000    -65.700    462.539     0.0000     0.0000 
  60.000      9.051      0.000    -63.716    -48.696      0.000      0.000      0.000    -65.700    475.528     0.0000     0.0000 
  60.600      9.354      0.000    -63.026    -46.566      0.000      0.011      0.000    -65.700    485.816     0.0000     0.0000 
  61.200      9.674      0.000    -62.352    -44.544      0.000      1.268      0.000    -65.700    493.343     0.0000     0.0000 
  61.800     10.028      0.001    -61.698    -42.653      0.001     34.182      0.000    -65.700    498.067     0.0000     0.0000 
  62.400     10.382      0.005    -61.066    -40.921      0.005    243.868      0.000    -65.700    499.961     0.0000     0.0000 
  63.000     10.736      0.020    -60.462    -39.375      0.020    549.237      0.000    -65.700    499.013     0.0000     0.0000 
  63.600     11.090      0.072    -59.888    -38.044      0.072    500.564      0.000    -65.700    495.231     0.0000     0.0000 
  64.200     11.470      0.233    -59.347    -36.955      0.233    238.143      0.000    -65.700    488.634     0.0000     0.0000 
  64.800     11.850      0.654    -58.844    -36.131      0.654     75.571      0.000    -65.700    479.261     0.0000     0.0000 
  65.400     12.229      1.592    -58.380    -35.583      1.592     19.307      0.000    -65.700    467.164     0.0000     0.0000 
  66.000     12.609      3.390    -57.960    -35.312      3.390      4.466      0.000    -65.700    452.414     0.0000     0.0000 
  66.600     12.997      6.401    -57.584    -35.304      6.401      0.983      0.000    -65.700    435.092     0.0000     0.0000 
  67.200     13.388     10.774    -57.256    -35.530     10.774      0.269      0.000    -65.700    415.298     0.0000     0.0000 
  67.800     13.779     16.330    -56.977    -35.955     16.330      0.978      0.000    -65.700    393.144     0.0000     0.0000 
  68.400     14.171     22.479    -56.749    -36.536     22.479     10.183      0.000    -65.700    368.757     0.0000     0.0000 
  69.000     14.562     28.375    -56.574    -37.236     28.375     46.363      0.000    -65.700    342.274     0.0000     0.0000 
  69.600     14.954     33.278    -56.452    -38.022     33.278    118.917      0.000    -65.700    313.846     0.0000     0.0000 
  70.200     15.346     37.874    -56.384    -38.869     37.874    208.859      0.000    -65.700    283.634     0.0000     0.0000 
  70.800     15.738     51.017    -56.370    -39.763     51.017    273.289      0.000    -65.700    251.812     0.0000     0.0000 
  71.400     16.130     53.539    -56.411    -40.695     53.539    277.801      0.000    -65.700    218.558     0.0000     0.0000 
  72.000     16.512     50.179    -56.506    -41.665     50.179    267.356      0.000    -65.700    184.062     0.0000     0.0000 
  72.600     16.894     44.867    -56.654    -42.674     44.867    193.264      0.000    -65.700    148.521     0.0000     0.0000 
  73.200     17.275     38.737    -56.855    -43.729     38.737    113.580      0.000    -65.700    112.135     0.0000     0.0000 
  73.800     17.657     32.306    -57.107    -44.834     32.306     59.503      0.000    -65.700     75.113     0.0000     0.0000 
  74.400     18.025     25.933    -57.408    -45.996     25.933     30.086      0.000    -65.700     37.663     0.0000     0.0000 
  75.000     18.386     19.917    -57.758    -47.222     19.917     15.291      0.000    -65.700     -0.000     0.0000     0.0000 
  75.600     18.747     14.513    -58.153    -48.516     14.513      7.728      0.000    -65.700    -37.663     0.0000     0.0000 
  76.200     19.108      9.924    -58.591    -49.881      9.924      3.701      0.000    -65.700    -75.113     0.0000     0.0000 
  76.800     19.459      6.281    -59.070    -51.321      6.281      1.552      0.000    -65.700   -112.135     0.0000     0.0000 
  77.400     19.790      3.622    -59.588    -52.837      3.622      0.520      0.000    -65.700   -148.521     0.0000     0.0000 
  78.000     20.121      1.871    -60.140    -54.426      1.871      0.134      0.000    -65.700   -184.062     0.0000     0.0000 
  78.600     20.451      0.857    -60.723    -56.088      0.857      0.030      0.000    -65.700   -218.558     0.0000     0.0000 
  79.200     20.782      0.344    -61.336    -57.817      0.344      0.006      0.000    -65.700   -251.812     0.0000     0.0000 
  79.800     21.074      0.123    -61.973    -59.608      0.123      0.001      0.000    -65.700   -283.634     0.0000     0.0000 
  80.400     21.365      0.041    -62.632    -61.455      0.041      0.000      0.000    -65.700   -313.846     0.0000     0.0000 
  81.000     21.657      0.012    -63.308    -63.347      0.012      0.000      0.000    -65.700   -342.274     0.0000     0.0000 
  81.600     21.949      0.003    -63.999    -65.276      0.003      0.000      0.000    -65.700   -368.757     0.0000     0.0000 
  82.200     22.210      0.001    -64.699    -67.231      0.001      0.000      0.000    -65.700   -393.144     0.0000     0.0000 
  82.800     22.457      0.000    -65.406    -69.198      0.000      0.000      0.000    -65.700   -415.298     0.0000     0.0000 
  83.400     22.703      0.000    -66.115    -71.167      0.000      0.000      0.000    -65.700   -435.092     0.0000     0.0000 
  84.000     22.949      0.000    -66.823    -73.123      0.000      0.000      0.000    -65.700   -452.414     0.0000     0.0000 
  84.600     23.179      0.000    -67.525    -75.055      0.000      0.000      0.000    -65.700   -467.164     0.0000     0.0000 
  85.200     23.376      0.000    -68.218    -76.947      0.000      0.000      0.000    -65.700   -479.261     0.0000     0.0000 
  85.800     23.572      0.000    -68.897    -78.788      0.000      0.000      0.000    -65.700   -488.634     0.0000     0.0000 
  86.400     23.769      0.000    -69.560    -80.565      0.000      0.000      0.000    -65.700   -495.231     0.0000     0.0000 
  87.000     23.966      0.000    -70.201    -82.265      0.000      0.000      0.000    -65.700   -499.013     0.0000     0.0000 
  87.600     24.115      0.000    -70.819    -83.875      0.000      0.000      0.000    -65.700   -499.961     0.0000     0.0000 
  88.200     24.264      0.000    -71.408    -85.385      0.000      0.000      0.000    -65.700   -498.067     0.0000     0.0000 
  88.800     24.414      0.000    -71.967    -86.784      0.000     -0.000      0.000    -65.700   -493.343     0.0000     0.0000 
  89.400     24.549      0.000    -72.491    -88.062      0.000      0.000      0.000    -65.700   -485.816     0.0000     0.0000 
  90.000     24.656      0.000    -72.978    -89.210      0.000      0.000      0.000    -65.700   -475.528     0.0000     0.0000 
  90.600     24.763      0.000    -73.426    -90.219      0.000     -0.000      0.000    -65.700   -462.539     0.0000     0.0000 
  91.200     24.870      0.000    -73.831    -91.082      0.000     -0.000      0.000    -65.700   -446.921     0.0000     0.0000 
  91.800     24.950     -0.000    -74.191    -91.792     -0.000     -0.000      0.000    -65.700   -428.763     0.0000     0.0000 
  92.400     25.016     -0.000    -74.505    -92.344     -0.000     -0.000      0.000    -65.700   -408.170     0.0000     0.0000 
  93.000     25.083     -0.000    -74.770    -92.733     -0.000     -0.000      0.000    -65.700   -385.257     0.0000     0.0000 
  93.600     25.150     -0.000    -74.985    -92.956     -0.000     -0.000      0.000    -65.700   -360.155     0.0000     0.0000 
  94.200     25.180      0.000    -75.149    -93.010      0.000     -0.000      0.000    -65.700   -333.006     0.0000     0.0000 
  94.800     25.210     -0.000    -75.260    -92.894     -0.000     -0.000      0.000    -65.700   -303.965     0.0000     0.0000 
  95.400     25.240     -0.000    -75.319    -92.607     -0.000     -0.000      0.000    -65.700   -273.197     0.0000     0.0000 
  96.000     25.259     -0.000    -75.324    -92.149     -0.000     -0.000      0.000    -65.700   -240.877     0.0000     0.0000 
  96.600     25.257     -0.000    -75.276    -91.523     -0.000     -0.000      0.000    -65.700   -207.188     0.0000     0.0000 
  97.200     25.255     -0.000    -75.175    -90.731     -0.000     -0.000      0.000    -65.700   -172.321     0.0000     0.0000 
  97.800     25.254     -0.000    -75.021    -89.777     -0.000     -0.000      0.000    -65.700   -136.476     0.0000     0.0000 
  98.400     25.234     -0.000    -74.815    -88.665     -0.000     -0.000      0.000    -65.700    -99.855     0.0000     0.0000 
  99.000     25.206     -0.000    -74.559    -87.400     -0.000     -0.000      0.000    -65.700    -62.667     0.0000     0.0000 
  99.600     25.178     -0.000    -74.254    -85.990     -0.000     -0.000      0.000    -65.700    -25.122     0.0000     0.0000 
 100.200     25.150     -0.000    -73.901    -84.441     -0.000     -0.000      0.000    -65.700     12.565     0.0000     0.0000 
 100.800     25.102     -0.000    -73.502    -82.762     -0.000     -0.000      0.000    -65.700     50.181     0.0000     0.0000 
 101.400     25.054     -0.000    -73.060    -80.961     -0.000     -0.000      0.000    -65.700     87.512     0.0000     0.0000 
 102.000     25.006     -0.000    -72.576    -79.049     -0.000     -0.000      0.000    -65.700    124.345     0.0000     0.0000 
 102.600     24.953     -0.000    -72.055    -77.035     -0.000     -0.000      0.000    -65.700    160.472     0.0000     0.0000 
 103.200     24.890     -0.000    -71.498    -74.930     -0.000     -0.000      0.000    -65.700    195.687     0.0000     0.0000 
 103.800     24.828     -0.000    -70.909    -72.747     -0.000     -0.000      0.000    -65.700    229.790     0.0000     0.0000 
 104.400     24.766     -0.000    -70.291    -70.497     -0.000     -0.000      0.000    -65.700    262.587     0.0000     0.0000 
 105.000     24.698     -0.000    -69.647    -68.193     -0.000     -0.000      0.000    -65.700    293.893     0.0000     0.0000 
 105.600     24.627     -0.000    -68.982    -65.846     -0.000     -0.000      0.000    -65.700    323.528     0.0000     0.0000 
 106.200     24.556      0.000    -68.299    -63.472      0.000     -0.000      0.000    -65.700    351.325     0.0000     0.0000 
 106.800     24.486      0.000    -67.601    -61.083      0.000     -0.000      0.000    -65.700    377.126     0.0000     0.0000 
 107.400     24.412      0.000    -66.893    -58.693      0.000      0.000      0.000    -65.700    400.783     0.0000     0.0000 
 108.000     24.338      0.000    -66.179    -56.316      0.000     -0.000      0.000    -65.700    422.164     0.0000     0.0000 
 108.600     24.264      0.000    -65.463    -53.969      0.000     -0.000      0.000    -65.700    441.146     0.0000     0.0000 
 109.200     24.191      0.000    -64.748    -51.666      0.000      0.000      0.000    -65.700    457.621     0.0000     0.0000 
 109.800     24.118      0.000    -64.040    -49.424      0.000      0.000      0.000    -65.700    471.495     0.0000     0.0000 
 110.400     24.046      0.000    -63.342    -47.263      0.000      0.001      0.000    -65.700    482.691     0.0000     0.0000 
 111.000     23.973      0.000    -62.658    -45.203      0.000      0.257      0.000    -65.700    491.144     0.0000     0.0000 
 111.600     23.904      0.003    -61.993    -43.266      0.003     11.868      0.000    -65.700    496.806     0.0000     0.0000 
 112.200     23.835      0.013    -61.349    -41.478      0.013    140.998      0.000    -65.700    499.645     0.0000     0.0000 
 112.800     23.767      0.053    -60.731    -39.866      0.053    464.801      0.000    -65.700    499.645     0.0000     0.0000 
 113.400     23.699      0.187    -60.143    -38.460      0.187    565.680      0.000    -65.700    496.806     0.0000     0.0000 
 114.000     23.638      0.579    -59.587    -37.288      0.579    326.975      0.000    -65.700    491.144     0.0000     0.0000 
 114.600     23.577      1.550    -59.067    -36.374      1.550    116.059      0.000    -65.700    482.691     0.0000     0.0000 
 115.200     23.515      3.640    -58.586    -35.734      3.640     31.327      0.000    -65.700    471.495     0.0000     0.0000 
 115.800     23.457      7.550    -58.148    -35.372      7.550      7.436      0.000    -65.700    457.621     0.0000     0.0000 
 116.400     23.403     13.825    -57.753    -35.279     13.825      1.652      0.000    -65.700    441.146     0.0000     0.0000 
 117.000     23.350     22.609    -57.406    -35.431     22.609      0.379      0.000    -65.700    422.164     0.0000     0.0000 
 117.600     23.296     33.207    -57.107    -35.794     33.207      0.438      0.000    -65.700    400.783     0.0000     0.0000 
 118.200     23.248     44.175    -56.859    -36.327     44.175      4.760      0.000    -65.700    377.126     0.0000     0.0000 
 118.800     23.202     53.811    -56.663    -36.992     53.811     29.918      0.000    -65.700    351.325     0.0000     0.0000 
 119.400     23.157     60.607    -56.520    -37.752     60.607     88.697      0.000    -65.700    323.528     0.0000     0.0000 
 120.000     23.111     64.236    -56.431    -38.581     64.236    178.187      0.000    -65.700    293.893     0.0000     0.0000 
 120.600     23.073     69.485    -56.397    -39.461     69.485    255.648      0.000    -65.700    262.587     0.0000     0.0000 
 121.200     23.034     78.375    -56.417    -40.381     78.375    284.031      0.000    -65.700    229.790     0.0000     0.0000 
 121.800     22.996     76.034    -56.491    -41.338     76.034    272.249      0.000    -65.700    195.687     0.0000     0.0000 
 122.400     22.959     68.946    -56.619    -42.333     68.946    224.018      0.000    -65.700    160.472     0.0000     0.0000 
 123.000     22.926     60.490    -56.800    -43.372     60.490    138.811      0.000    -65.700    124.345     0.0000     0.0000 
 123.600     22.893     51.731    -57.033    -44.459     51.731     75.031      0.000    -65.700     87.512     0.0000     0.0000 
 124.200     22.860     43.161    -57.317    -45.602     43.161     38.167      0.000    -65.700     50.181     0.0000     0.0000 
 124.800     22.829     35.079    -57.648    -46.806     35.079     19.368      0.000    -65.700     12.565     0.0000     0.0000 
 125.400     22.800     27.690    -58.027    -48.077     27.690      9.850      0.000    -65.700    -25.122     0.0000     0.0000 
 126.000     22.770     21.133    -58.449    -49.418     21.133      4.840      0.000    -65.700    -62.667     0.0000     0.0000 
 126.600     22.740     15.497    -58.913    -50.833     15.497      2.143      0.000    -65.700    -99.855     0.0000     0.0000 
 127.200     22.712     10.827    -59.417    -52.323     10.827      0.781      0.000    -65.700   -136.476     0.0000     0.0000 
 127.800     22.683      7.128    -59.956    -53.888      7.128      0.219      0.000    -65.700   -172.321     0.0000     0.0000 
 128.400     22.655      4.356    -60.528    -55.526      4.356      0.050      0.000    -65.700   -207.188     0.0000     0.0000 
 129.000     22.626      2.420    -61.130    -57.233      2.420      0.011      0.000    -65.700   -240.877     0.0000     0.0000 
 129.600     22.596      1.191    -61.759    -59.005      1.191      0.002      0.000    -65.700   -273.197     0.0000     0.0000 
 130.200     22.566      0.504    -62.410    -60.834      0.504      0.001      0.000    -65.700   -303.965     0.0000     0.0000 
 130.800     22.536      0.180    -63.080    -62.712      0.180      0.000      0.000    -65.700   -333.006     0.0000     0.0000 
 131.400     22.503      0.051    -63.765    -64.630      0.051      0.000      0.000    -65.700   -360.155     0.0000     0.0000 
 132.000     22.469      0.013    -64.462    -66.577      0.013      0.000      0.000    -65.700   -385.257     0.0000     0.0000 
 132.600     22.434      0.003    -65.167    -68.542      0.003      0.000      0.000    -65.700   -408.170     0.0000     0.0000 
 133.200     22.400      0.001    -65.875    -70.511      0.001      0.000      0.000    -65.700   -428.763     0.0000     0.0000 
 133.800     22.365      0.000    -66.584    -72.473      0.000      0.000      0.000    -65.700   -446.921     0.0000     0.0000 
 134.400     22.324      0.000    -67.288    -74.415      0.000      0.000      0.000    -65.700   -462.539     0.0000     0.0000 
 135.000     22.281      0.000    -67.984    -76.322      0.000      0.000      0.000    -65.700   -475.528     0.0000     0.0000 
 135.600     22.238      0.000    -68.668    -78.181      0.000      0.000      0.000    -65.700   -485.816     0.0000     0.0000 
 136.200     22.196      0.000    -69.336    -79.981      0.000      0.000      0.000    -65.700   -493.343     0.0000     0.0000 
 136.800     22.153      0.000    -69.985    -81.707      0.000      0.000      0.000    -65.700   -498.067     0.0000     0.0000 
 137.400     22.100      0.000    -70.611    -83.349      0.000      0.000      0.000    -65.700   -499.961     0.0000     0.0000 
 138.000     22.046      0.000    -71.210    -84.894      0.000      0.000      0.000    -65.700   -499.013     0.0000     0.0000 
 138.600     21.993      0.000    -71.780    -86.331      0.000      0.000      0.000    -65.700   -495.231     0.0000     0.0000 
 139.200     21.940      0.000    -72.316    -87.650      0.000      0.000      0.000    -65.700   -488.634     0.0000     0.0000 
 139.800     21.885      0.000    -72.816    -88.842      0.000     -0.000      0.000    -65.700   -479.261     0.0000     0.0000 
 140.400     21.820      0.000    -73.277    -89.898      0.000     -0.000      0.000    -65.700   -467.164     0.0000     0.0000 
 141.000     21.755      0.000    -73.697    -90.811      0.000     -0.000      0.000    -65.700   -452.414     0.0000     0.0000 
 141.600     21.690      0.000    -74.073    -91.572      0.000      0.000      0.000    -65.700   -435.092     0.0000     0.0000 
 142.200     21.625      0.000    -74.402    -92.178      0.000     -0.000      0.000    -65.700   -415.298     0.0000     0.0000 
 142.800     21.556      0.000    -74.684    -92.622      0.000     -0.000      0.000    -65.700   -393.144     0.0000     0.0000 
 143.400     21.480     -0.000    -74.916    -92.900     -0.000     -0.000      0.000    -65.700   -368.757     0.0000     0.0000 
 144.000     21.403     -0.000    -75.097    -93.011     -0.000     -0.000      0.000    -65.700   -342.274     0.0000     0.0000 
 144.600     21.327     -0.000    -75.227    -92.952     -0.000     -0.000      0.000    -65.700   -313.846     0.0000     0.0000 
 145.200     21.250     -0.000    -75.303    -92.721     -0.000     -0.000      0.000    -65.700   -283.634     0.0000     0.0000 
 145.800     21.169     -0.000    -75.327    -92.321     -0.000     -0.000      0.000    -65.700   -251.812     0.0000     0.0000 
 146.400     21.082     -0.000    -75.297    -91.751     -0.000     -0.000      0.000    -65.700   -218.558     0.0000     0.0000 
 147.000     20.996     -0.000    -75.214    -91.014     -0.000     -0.000      0.000    -65.700   -184.062     0.0000     0.0000 
 147.600     20.909     -0.000    -75.077    -90.113     -0.000     -0.000      0.000    -65.700   -148.521     0.0000     0.0000 
 148.200     20.823     -0.000    -74.889    -89.053     -0.000     -0.000      0.000    -65.700   -112.135     0.0000     0.0000 
 148.800     20.731     -0.000    -74.650    -87.838     -0.000     -0.000      0.000    -65.700    -75.113     0.0000     0.0000 
 149.400     20.637     -0.000    -74.361    -86.476     -0.000     -0.000      0.000    -65.700    -37.663     0.0000     0.0000 
 150.000     20.543     -0.000    -74.024    -84.972     -0.000     -0.000      0.000    -65.700      0.000     0.0000     0.0000 
 150.600     20.449     -0.000    -73.640    -83.335     -0.000     -0.000      0.000    -65.700     37.663     0.0000     0.0000 
 151.200     20.355     -0.000    -73.212    -81.574     -0.000     -0.000      0.000    -65.700     75.113     0.0000     0.0000 
 151.800     20.257     -0.000    -72.742    -79.698     -0.000     -0.000      0.000    -65.700    112.135     0.0000     0.0000 
 152.400     20.158     -0.000    -72.234    -77.717     -0.000     -0.000      0.000    -65.700    148.521     0.0000     0.0000 
 153.000     20.059     -0.000    -71.688    -75.641     -0.000     -0.000      0.000    -65.700    184.062     0.0000     0.0000 
 153.600     19.960     -0.000    -71.109    -73.483     -0.000     -0.000      0.000    -65.700    218.558     0.0000     0.0000 
 154.200     19.861     -0.000    -70.501    -71.254     -0.000     -0.000      0.000    -65.700    251.812     0.0000     0.0000 
 154.800     19.761     -0.000    -69.865    -68.966     -0.000     -0.000      0.000    -65.700    283.634     0.0000     0.0000 
 155.400     19.661     -0.000    -69.206    -66.632     -0.000     -0.000      0.000    -65.700    313.846     0.0000     0.0000 
 156.000     19.561     -0.000    -68.528    -64.266     -0.000     -0.000      0.000    -65.700    342.274     0.0000     0.0000 
 156.600     19.461      0.000    -67.835    -61.880      0.000     -0.000      0.000    -65.700    368.757     0.0000     0.0000 
 157.200     19.361      0.000    -67.130    -59.488      0.000     -0.000      0.000    -65.700    393.144     0.0000     0.0000 
 157.800     19.263      0.000    -66.417    -57.106      0.000     -0.000      0.000    -65.700    415.298     0.0000     0.0000 
 158.400     19.165      0.000    -65.701    -54.747      0.000     -0.000      0.000    -65.700    435.092     0.0000     0.0000 
 159.000     19.067      0.000    -64.985    -52.427      0.000     -0.000      0.000    -65.700    452.414     0.0000     0.0000 
 159.600     18.970      0.000    -64.274    -50.164      0.000      0.000      0.000    -65.700    467.164     0.0000     0.0000 
 160.200     18.874      0.000    -63.572    -47.973      0.000      0.000      0.000    -65.700    479.261     0.0000     0.0000 
 160.800     18.781      0.000    -62.883    -45.877      0.000      0.052      0.000    -65.700    488.634     0.0000     0.0000 
 161.400     18.689      0.001    -62.210    -43.896      0.001      3.893      0.000    -65.700    495.231     0.0000     0.0000 
 162.000     18.596      0.007    -61.558    -42.055      0.007     70.745      0.000    -65.700    499.013     0.0000     0.0000 
 162.600     18.504      0.030    -60.931    -40.382      0.030    350.499      0.000    -65.700    499.961     0.0000     0.0000 
 163.200     18.416      0.112    -60.332    -38.904      0.112    584.510      0.000    -65.700    498.067     0.0000     0.0000 
 163.800     18.332      0.358    -59.764    -37.651      0.358    419.328      0.000    -65.700    493.343     0.0000     0.0000 
 164.400     18.248      0.983    -59.231    -36.649      0.983    170.494      0.000    -65.700    485.816     0.0000     0.0000 
 165.000     18.164      2.360    -58.737    -35.916      2.360     49.493      0.000    -65.700    475.528     0.0000     0.0000 
 165.600     18.080      4.978    -58.283    -35.462      4.978     12.116      0.000    -65.700    462.539     0.0000     0.0000 
 166.200     18.003      9.272    -57.874    -35.281      9.272      2.735      0.000    -65.700    446.921     0.0000     0.0000 
 166.800     17.929     15.467    -57.510    -35.355     15.467      0.604      0.000    -65.700    428.763     0.0000     0.0000 
 167.400     17.856     23.250    -57.194    -35.652     23.250      0.270      0.000    -65.700    408.170     0.0000     0.0000 
 168.000     17.782     31.728    -56.929    -36.133     31.728      2.187      0.000    -65.700    385.257     0.0000     0.0000 
 168.600     17.709     39.800    -56.715    -36.758     39.800     18.206      0.000    -65.700    360.155     0.0000     0.0000 
 169.200     17.645     46.271    -56.553    -37.490     46.271     64.294      0.000    -65.700    333.006     0.0000     0.0000 
 169.800     17.584     50.633    -56.446    -38.299     50.633    147.385      0.000    -65.700    303.965     0.0000     0.0000 
 170.400     17.523     55.820    -56.393    -39.163     55.820    233.585      0.000    -65.700    273.197     0.0000     0.0000 
 171.000     17.461     66.061    -56.394    -40.070     66.061    283.913      0.000    -65.700    240.877     0.0000     0.0000 
 171.600     17.400     66.650    -56.450    -41.015     66.650    276.849      0.000    -65.700    207.188     0.0000     0.0000 
 172.200     17.352     61.609    -56.560    -41.997     61.609    251.508      0.000    -65.700    172.321     0.0000     0.0000 
 172.800     17.303     54.833    -56.723    -43.021     54.833    165.701      0.000    -65.700    136.476     0.0000     0.0000 
 173.400     17.255     47.441    -56.939    -44.091     47.441     93.113      0.000    -65.700     99.855     0.0000     0.0000 
 174.000     17.207     39.924    -57.205    -45.215     39.924     47.905      0.000    -65.700     62.667     0.0000     0.0000 
 174.600     17.161     32.615    -57.521    -46.397     32.615     24.255      0.000    -65.700     25.122     0.0000     0.0000 
 175.200     17.126     25.778    -57.883    -47.645     25.778     12.356      0.000    -65.700    -12.565     0.0000     0.0000 
 175.800     17.091     19.626    -58.291    -48.963     19.626      6.180      0.000    -65.700    -50.181     0.0000     0.0000 
 176.400     17.055     14.312    -58.742    -50.353     14.312      2.860      0.000    -65.700    -87.512     0.0000     0.0000 
 177.000     17.020      9.930    -59.232    -51.818      9.930      1.123      0.000    -65.700   -124.345     0.0000     0.0000 
 177.600     16.989      6.499    -59.760    -53.358      6.499      0.344      0.000    -65.700   -160.472     0.0000     0.0000 
 178.200     16.967      3.971    -60.321    -54.972      3.971      0.083      0.000    -65.700   -195.687     0.0000     0.0000 
 178.800     16.945      2.232    -60.914    -56.657      2.232      0.018      0.000    -65.700   -229.790     0.0000     0.0000 
 179.400     16.922      1.126    -61.534    -58.408      1.126      0.004      0.000    -65.700   -262.587     0.0000     0.0000 
 180.000     16.900      0.498    -62.178    -60.218      0.498      0.001      0.000    -65.700   -293.893     0.0000     0.0000 
 180.600     16.884      0.187    -62.842    -62.081      0.187      0.000      0.000    -65.700   -323.528     0.0000     0.0000 
 181.200     16.873      0.057    -63.523    -63.987      0.057      0.000      0.000    -65.700   -351.325     0.0000     0.0000 
 181.800     16.863      0.015    -64.217    -65.925      0.015      0.000      0.000    -65.700   -377.126     0.0000     0.0000 
 182.400     16.852      0.004    -64.919    -67.886      0.004      0.000      0.000    -65.700   -400.783     0.0000     0.0000 
 183.000     16.842      0.001    -65.627    -69.855      0.001      0.000      0.000    -65.700   -422.164     0.0000     0.0000 
 183.600     16.838      0.000    -66.336    -71.821      0.000      0.000      0.000    -65.700   -441.146     0.0000     0.0000 
 184.200     16.839      0.000    -67.042    -73.771      0.000      0.000      0.000    -65.700   -457.621     0.0000     0.0000 
 184.800     16.839      0.000    -67.742    -75.691      0.000      0.000      0.000    -65.700   -471.495     0.0000     0.0000 
 185.400     16.839      0.000    -68.430    -77.567      0.000      0.000      0.000    -65.700   -482.691     0.0000     0.0000 
 186.000     16.839      0.000    -69.105    -79.388      0.000      0.000      0.000    -65.700   -491.144     0.0000     0.0000 
 186.600     16.846      0.000    -69.761    -81.141      0.000      0.000      0.000    -65.700   -496.806     0.0000     0.0000 
 187.200     16.855      0.000    -70.395    -82.812      0.000      0.000      0.000    -65.700   -499.645     0.0000     0.0000 
 187.800     16.864      0.000    -71.004    -84.390      0.000      0.000      0.000    -65.700   -499.645     0.0000     0.0000 
 188.400     16.873      0.000    -71.584    -85.864      0.000      0.000      0.000    -65.700   -496.806     0.0000     0.0000 
 189.000     16.883      0.000    -72.132    -87.224      0.000     -0.000      0.000    -65.700   -491.144     0.0000     0.0000 
 189.600     16.899      0.000    -72.645    -88.460      0.000     -0.000      0.000    -65.700   -482.691     0.0000     0.0000 
 190.200     16.915      0.000    -73.120    -89.562      0.000     -0.000      0.000    -65.700   -471.495     0.0000     0.0000 
 190.800     16.931      0.000    -73.554    -90.523      0.000     -0.000      0.000    -65.700   -457.621     0.0000     0.0000 
 191.400     16.947      0.000    -73.945    -91.336      0.000     -0.000      0.000    -65.700   -441.146     0.0000     0.0000 
 192.000     16.965     -0.000    -74.291    -91.994     -0.000     -0.000      0.000    -65.700   -422.164     0.0000     0.0000 
 192.600     16.987     -0.000    -74.589    -92.492     -0.000     -0.000      0.000    -65.700   -400.783     0.0000     0.0000 
 193.200     17.008     -0.000    -74.839    -92.826     -0.000     -0.000      0.000    -65.700   -377.126     0.0000     0.0000 
 193.800     17.029     -0.000    -75.038    -92.993     -0.000     -0.000      0.000    -65.700   -351.325     0.0000     0.0000 
 194.400     17.050     -0.000    -75.185    -92.990     -0.000     -0.000      0.000    -65.700   -323.528     0.0000     0.0000 
 195.000     17.075     -0.000    -75.279    -92.817     -0.000     -0.000      0.000    -65.700   -293.893     0.0000     0.0000 
 195.600     17.100     -0.000    -75.321    -92.473     -0.000     -0.000      0.000    -65.700   -262.587     0.0000     0.0000 
 196.200     17.125     -0.000    -75.309    -91.959     -0.000     -0.000      0.000    -65.700   -229.790     0.0000     0.0000 
 196.800     17.150     -0.000    -75.244    -91.278     -0.000     -0.000      0.000    -65.700   -195.687     0.0000     0.0000 
 197.400     17.176     -0.000    -75.126    -90.431     -0.000     -0.000      0.000    -65.700   -160.472     0.0000     0.0000 
 198.000     17.204     -0.000    -74.955    -89.423     -0.000     -0.000      0.000    -65.700   -124.345     0.0000     0.0000 
 198.600     17.231     -0.000    -74.733    -88.260     -0.000     -0.000      0.000    -65.700    -87.512     0.0000     0.0000 
 199.200     17.258     -0.000    -74.461    -86.946     -0.000     -0.000      0.000    -65.700    -50.181     0.0000     0.0000 
 199.800     17.285     -0.000    -74.140    -85.488     -0.000     -0.000      0.000    -65.700    -12.565     0.0000     0.0000 
 200.400     17.313     -0.000    -73.771    -83.895     -0.000     -0.000      0.000    -65.700     25.122     0.0000     0.0000 
 201.000     17.341     -0.000    -73.358    -82.174     -0.000     -0.000      0.000    -65.700     62.667     0.0000     0.0000 
 201.600     17.370     -0.000    -72.902    -80.335     -0.000      0.000      0.000    -65.700     99.855     0.0000     0.0000 
 202.200     17.398     -0.000    -72.406    -78.388     -0.000      0.000      0.000    -65.700    136.476     0.0000     0.0000 
 202.800     17.426     -0.000    -71.873    -76.343     -0.000      0.000      0.000    -65.700    172.321     0.0000     0.0000 
 203.400     17.454     -0.000    -71.305    -74.211     -0.000     -0.000      0.000    -65.700    207.188     0.0000     0.0000 
 204.000     17.482     -0.000    -70.706    -72.004     -0.000      0.000      0.000    -65.700    240.877     0.0000     0.0000 
 204.600     17.510     -0.000    -70.079    -69.734     -0.000      0.000      0.000    -65.700    273.197     0.0000     0.0000 
 205.200     17.538     -0.000    -69.428    -67.414     -0.000      0.000      0.000    -65.700    303.965     0.0000     0.0000 
 205.800     17.564     -0.000    -68.756    -65.057     -0.000     -0.000      0.000    -65.700    333.006     0.0000     0.0000 
 206.400     17.591      0.000    -68.067    -62.676      0.000     -0.000      0.000    -65.700    360.155     0.0000     0.0000 
 207.000     17.618      0.000    -67.365    -60.285      0.000     -0.000      0.000    -65.700    385.257     0.0000     0.0000 
 207.600     17.645      0.000    -66.654    -57.898      0.000     -0.000      0.000    -65.700    408.170     0.0000     0.0000 
 208.200     17.670      0.000    -65.938    -55.530      0.000     -0.000      0.000    -65.700    428.763     0.0000     0.0000 
 208.800     17.695      0.000    -65.222    -53.195      0.000     -0.000      0.000    -65.700    446.921     0.0000     0.0000 
 209.400     17.720      0.000    -64.509    -50.911      0.000      0.000      0.000    -65.700    462.539     0.0000     0.0000 
 210.000     17.745      0.000    -63.803    -48.694      0.000      0.000      0.000    -65.700    475.528     0.0000     0.0000 
 210.600     17.769      0.000    -63.109    -46.564      0.000      0.009      0.000    -65.700    485.816     0.0000     0.0000 
 211.200     17.792      0.001    -62.430    -44.542      0.001      1.133      0.000    -65.700    493.343     0.0000     0.0000 
 211.800     17.814      0.004    -61.770    -42.652      0.004     32.161      0.000    -65.700    498.067     0.0000     0.0000 
 212.400     17.836      0.019    -61.134    -40.919      0.019    237.911      0.000    -65.700    499.961     0.0000     0.0000 
 213.000     17.858      0.076    -60.525    -39.373      0.076    547.746      0.000    -65.700    499.013     0.0000     0.0000 
 213.600     17.879      0.253    -59.946    -38.042      0.253    505.157      0.000    -65.700    495.231     0.0000     0.0000 
 214.200     17.898      0.727    -59.401    -36.954      0.727    241.510      0.000    -65.700    488.634     0.0000     0.0000 
 214.800     17.917      1.821    -58.893    -36.130      1.821     76.696      0.000    -65.700    479.261     0.0000     0.0000 
 215.400     17.936      4.003    -58.425    -35.582      4.003     19.581      0.000    -65.700    467.164     0.0000     0.0000 
 216.000     17.955      7.776    -58.000    -35.312      7.776      4.526      0.000    -65.700    452.414     0.0000     0.0000 
 216.600     17.970     13.479    -57.621    -35.304     13.479      0.996      0.000    -65.700    435.092     0.0000     0.0000 
 217.200     17.986     21.021    -57.288    -35.530     21.021      0.269      0.000    -65.700    415.298     0.0000     0.0000 
 217.800     18.001     29.726    -57.006    -35.955     29.726      0.939      0.000    -65.700    393.144     0.0000     0.0000 
 218.400     18.017     38.519    -56.774    -36.536     38.519      9.867      0.000    -65.700    368.757     0.0000     0.0000 
 219.000     18.031     46.088    -56.595    -37.236     46.088     45.314      0.000    -65.700    342.274     0.0000     0.0000 
 219.600     18.042     51.532    -56.469    -38.022     51.532    117.091      0.000    -65.700    313.846     0.0000     0.0000 
 220.200     18.054     55.559    -56.398    -38.869     55.559    207.258      0.000    -65.700    283.634     0.0000     0.0000 
 220.800     18.066     65.314    -56.381    -39.763     65.314    272.613      0.000    -65.700    251.812     0.0000     0.0000 
 221.400     18.078     70.629    -56.418    -40.696     70.629    278.288      0.000    -65.700    218.558     0.0000     0.0000 
 222.000     18.086     66.861    -56.510    -41.665     66.861    268.579      0.000    -65.700    184.062     0.0000     0.0000 
 222.600     18.094     60.453    -56.655    -42.675     60.453    194.405      0.000    -65.700    148.521     0.0000     0.0000 
 223.200     18.102     53.085    -56.853    -43.729     53.085    114.431      0.000    -65.700    112.135     0.0000     0.0000 
 223.800     18.111     45.392    -57.102    -44.834     45.392     60.059      0.000    -65.700     75.113     0.0000     0.0000 
 224.400     18.117     37.758    -57.401    -45.996     37.758     30.411      0.000    -65.700     37.663     0.0000     0.0000 
 225.000     18.121     30.477    -57.748    -47.222     30.477     15.472      0.000    -65.700     -0.000     0.0000     0.0000 
 225.600     18.126     23.783    -58.141    -48.516     23.783      7.824      0.000    -65.700    -37.663     0.0000     0.0000 
 226.200     18.130     17.855    -58.578    -49.881     17.855      3.748      0.000    -65.700    -75.113     0.0000     0.0000 
 226.800     18.134     12.812    -59.055    -51.322     12.812      1.571      0.000    -65.700   -112.135     0.0000     0.0000 
 227.400     18.135      8.715    -59.571    -52.837      8.715      0.526      0.000    -65.700   -148.521     0.0000     0.0000 
 228.000     18.136      5.558    -60.121    -54.426      5.558      0.136      0.000    -65.700   -184.062     0.0000     0.0000 
 228.600     18.136      3.275    -60.704    -56.088      3.275      0.030      0.000    -65.700   -218.558     0.0000     0.0000 
 229.200     18.137      1.743    -61.315    -57.817      1.743      0.007      0.000    -65.700   -251.812     0.0000     0.0000 
 229.800     18.136      0.818    -61.951    -59.608      0.818      0.001      0.000    -65.700   -283.634     0.0000     0.0000 
 230.400     18.133      0.328    -62.609    -61.455      0.328      0.000      0.000    -65.700   -313.846     0.0000     0.0000 
 231.000     18.130      0.108    -63.285    -63.347      0.108      0.000      0.000    -65.700   -342.274     0.0000     0.0000 
 231.600     18.127      0.030    -63.975    -65.276      0.030      0.000      0.000    -65.700   -368.757     0.0000     0.0000 
 232.200     18.124      0.007    -64.675    -67.231      0.007      0.000      0.000    -65.700   -393.144     0.0000     0.0000 
 232.800     18.118      0.002    -65.382    -69.198      0.002      0.000      0.000    -65.700   -415.298     0.0000     0.0000 
 233.400     18.112      0.000    -66.091    -71.167      0.000      0.000      0.000    -65.700   -435.092     0.0000     0.0000 
 234.000     18.105      0.000    -66.799    -73.123      0.000      0.000      0.000    -65.700   -452.414     0.0000     0.0000 
 234.600     18.099      0.000    -67.501    -75.055      0.000      0.000      0.000    -65.700   -467.164     0.0000     0.0000 
 235.200     18.091      0.000    -68.194    -76.947      0.000      0.000      0.000    -65.700   -479.261     0.0000     0.0000 
 235.800     18.082      0.000    -68.874    -78.789      0.000      0.000      0.000    -65.700   -488.634     0.0000     0.0000 
 236.400     18.073      0.000    -69.537    -80.565      0.000      0.000      0.000    -65.700   -495.231     0.0000     0.0000 
 237.000     18.063      0.000    -70.179    -82.265      0.000      0.000      0.000    -65.700   -499.013     0.0000     0.0000 
 237.600     18.054      0.000    -70.797    -83.875      0.000      0.000      0.000    -65.700   -499.961     0.0000     0.0000 
 238.200     18.041      0.000    -71.388    -85.385      0.000      0.000      0.000    -65.700   -498.067     0.0000     0.0000 
 238.800     18.029      0.000    -71.947    -86.784      0.000      0.000      0.000    -65.700   -493.343     0.0000     0.0000 
 239.400     18.017      0.000    -72.473    -88.062      0.000     -0.000      0.000    -65.700   -485.816     0.0000     0.0000 
 240.000     18.004      0.000    -72.961    -89.210      0.000     -0.000      0.000    -65.700   -475.528     0.0000     0.0000 
 240.600     17.991      0.000    -73.409    -90.219      0.000     -0.000      0.000    -65.700   -462.539     0.0000     0.0000 
 241.200     17.976      0.000    -73.815    -91.082      0.000     -0.000      0.000    -65.700   -446.921     0.0000     0.0000 
 241.800     17.961      0.000    -74.177    -91.792      0.000     -0.000      0.000    -65.700   -428.763     0.0000     0.0000 
 242.400     17.946      0.000    -74.491    -92.344      0.000     -0.000      0.000    -65.700   -408.170     0.0000     0.0000 
 243.000     17.931      0.000    -74.757    -92.733      0.000     -0.000      0.000    -65.700   -385.257     0.0000     0.0000 
 243.600     17.913      0.000    -74.973    -92.956      0.000     -0.000      0.000    -65.700   -360.155     0.0000     0.0000 
 244.200     17.896      0.000    -75.138    -93.010      0.000     -0.000      0.000    -65.700   -333.006     0.0000     0.0000 
 244.800     17.878      0.000    -75.251    -92.894      0.000     -0.000      0.000    -65.700   -303.965     0.0000     0.0000 
 245.400     17.860     -0.000    -75.310    -92.607     -0.000     -0.000      0.000    -65.700   -273.197     0.0000     0.0000 
 246.000     17.843     -0.000    -75.317    -92.149     -0.000     -0.000      0.000    -65.700   -240.877     0.0000     0.0000 
 246.600     17.824     -0.000    -75.269    -91.523     -0.000     -0.000      0.000    -65.700   -207.188     0.0000     0.0000 
 247.200     17.804     -0.000    -75.169    -90.731     -0.000     -0.000      0.000    -65.700   -172.321     0.0000     0.0000 
 247.800     17.784     -0.000    -75.016    -89.777     -0.000     -0.000      0.000    -65.700   -136.476     0.0000     0.0000 
 248.400     17.764     -0.000    -74.811    -88.665     -0.000     -0.000      0.000    -65.700    -99.855     0.0000     0.0000 
 249.000     17.743     -0.000    -74.556    -87.400     -0.000     -0.000      0.000    -65.700    -62.667     0.0000     0.0000 
 249.600     17.723     -0.000    -74.251    -85.990     -0.000     -0.000      0.000    -65.700    -25.122     0.0000     0.0000 
