   0.500      0.000      0.001    -65.688    -59.957      0.001      0.001      0.000    -65.700     15.705     0.0000     0.0000 
   1.000      0.000      0.001    -65.656    -59.840      0.001      0.000      0.000    -65.700     31.395     0.0000     0.0000 
   1.500      0.000      0.001    -65.604    -59.653      0.001      0.000      0.000    -65.700     47.054     0.0000     0.0000 
   2.000      0.000      0.001    -65.533    -59.398      0.001      0.000      0.000    -65.700     62.667     0.0000     0.0000 
   2.500      0.000      0.001    -65.443    -59.080      0.001      0.000      0.000    -65.700     78.217     0.0000     0.0000 
   3.000      0.000      0.001    -65.336    -58.702      0.001      0.000      0.000    -65.700     93.691     0.0000     0.0000 
   3.500      0.000      0.001    -65.212    -58.269      0.001      0.000      0.000    -65.700    109.072     0.0000     0.0000 
   4.000      0.000      0.001    -65.072    -57.782      0.001      0.000      0.000    -65.700    124.345     0.0000     0.0000 
   4.500      0.000      0.001    -64.916    -57.247      0.001      0.000      0.000    -65.700    139.496     0.0000     0.0000 
   5.000      0.000      0.001    -64.746    -56.666      0.001      0.000      0.000    -65.700    154.508     0.0000     0.0000 
   5.500      0.000      0.001    -64.561    -56.042      0.001      0.000      0.000    -65.700    169.369     0.0000     0.0000 
   6.000      0.000      0.001    -64.363    -55.379      0.001      0.000      0.000    -65.700    184.062     0.0000     0.0000 
   6.500      0.000      0.002    -64.153    -54.681      0.002      0.000      0.000    -65.700    198.574     0.0000     0.0000 
   7.000      0.000      0.003    -63.930    -53.949      0.003      0.000      0.000    -65.700    212.890     0.0000     0.0000 
   7.500      0.000      0.004    -63.696    -53.189      0.004      0.000      0.000    -65.700    226.995     0.0000     0.0000 
   8.000      0.000      0.006    -63.452    -52.402      0.006      0.001      0.000    -65.700    240.877     0.0000     0.0000 
   8.500      0.000      0.009    -63.198    -51.592      0.009      0.004      0.000    -65.700    254.521     0.0000     0.0000 
   9.000      0.000      0.015    -62.934    -50.764      0.015      0.021      0.000    -65.700    267.913     0.0000     0.0000 
   9.500      0.000      0.024    -62.662    -49.920      0.024      0.098      0.000    -65.700    281.042     0.0000     0.0000 
  10.000      0.000      0.039    -62.382    -49.063      0.039      0.432      0.000    -65.700    293.893     0.0000     0.0000 
  10.500      0.000      0.064    -62.094    -48.199      0.064      1.747      0.000    -65.700    306.454     0.0000     0.0000 
  11.000      0.000      0.105    -61.800    -47.330      0.105      6.175      0.000    -65.700    318.712     0.0000     0.0000 
  11.500      0.000      0.173    -61.501    -46.461      0.173     18.848      0.000    -65.700    330.656     0.0000     0.0000 
  12.000      0.000      0.283    -61.195    -45.597      0.283     48.733      0.000    -65.700    342.274     0.0000     0.0000 
  12.500      0.000      0.463    -60.886    -44.742      0.463    105.431      0.000    -65.700    353.553     0.0000     0.0000 
  13.000      0.000      0.753    -60.572    -43.900      0.753    190.405      0.000    -65.700    364.484     0.0000     0.0000 
  13.500      0.000      1.210    -60.255    -43.077      1.210    280.371      0.000    -65.700    375.056     0.0000     0.0000 
  14.000      0.000      1.916    -59.935    -42.278      1.916    337.423      0.000    -65.700    385.257     0.0000     0.0000 
  14.500      0.000      2.983    -59.613    -41.508      2.983    334.231      0.000    -65.700    395.078     0.0000     0.0000 
  15.000      0.000      4.574    -59.290    -40.773      4.574    274.155      0.000    -65.700    404.508     0.0000     0.0000 
  15.500      0.000      6.899    -58.965    -40.078      6.899    188.856      0.000    -65.700    413.540     0.0000     0.0000 
  16.000      0.000     10.173    -58.641    -39.427     10.173    111.349      0.000    -65.700    422.164     0.0000     0.0000 
  16.500      0.000     14.673    -58.316    -38.825     14.673     57.292      0.000    -65.700    430.371     0.0000     0.0000 
  17.000      0.000     20.665    -57.993    -38.276     20.665     26.344      0.000    -65.700    438.153     0.0000     0.0000 
  17.500      0.000     28.366    -57.671    -37.783     28.366     11.085      0.000    -65.700    445.503     0.0000     0.0000 
  18.000      0.000     37.888    -57.351    -37.348     37.888      4.363      0.000    -65.700    452.414     0.0000     0.0000 
  18.500      0.000     49.151    -57.034    -36.971     49.151      2.969      0.000    -65.700    458.877     0.0000     0.0000 
  19.000      0.000     61.856    -56.720    -36.652     61.856     12.195      0.000    -65.700    464.888     0.0000     0.0000 
  19.500      0.000     75.528    -56.410    -36.389     75.528     18.073      0.000    -65.700    470.440     0.0000     0.0000 
  20.000      0.000     89.525    -56.104    -36.179     89.525     33.824      0.000    -65.700    475.528     0.0000     0.0000 
  20.500      0.000    102.968    -55.803    -36.018    102.968     78.284      0.000    -65.700    480.147     0.0000     0.0000 
  21.000      0.000    114.939    -55.507    -35.901    114.939    151.542      0.000    -65.700    484.292     0.0000     0.0000 
  21.500      0.000    124.365    -55.217    -35.823    124.365    230.304      0.000    -65.700    487.958     0.0000     0.0000 
  22.000      0.000    130.481    -54.934    -35.777    130.481    286.249      0.000    -65.700    491.144     0.0000     0.0000 
  22.500      0.000    132.862    -54.657    -35.758    132.862    305.075      0.000    -65.700    493.844     0.0000     0.0000 
  23.000      0.000    131.352    -54.387    -35.762    131.352    284.662      0.000    -65.700    496.057     0.0000     0.0000 
  23.500      0.000    126.138    -54.126    -35.782    126.138    234.297      0.000    -65.700    497.781     0.0000     0.0000 
  24.000      0.000    117.836    -53.873    -35.815    117.836    170.176      0.000    -65.700    499.013     0.0000     0.0000 
  24.500      0.000    107.187    -53.628    -35.857    107.187    112.689      0.000    -65.700    499.753     0.0000     0.0000 
  25.000      0.000     95.018    -53.393    -35.906     95.018     73.622      0.000    -65.700    500.000     0.0000     0.0000 
  25.500      0.000     82.291    -53.167    -35.959     82.291     52.585      0.000    -65.700    499.753     0.0000     0.0000 
  26.000      0.000     69.628    -52.951    -36.016     69.628     43.122      0.000    -65.700    499.013     0.0000     0.0000 
  26.500      0.000     57.611    -52.745    -36.076     57.611     39.449      0.000    -65.700    497.781     0.0000     0.0000 
  27.000      0.000     46.734    -52.550    -36.137     46.734     42.187      0.000    -65.700    496.057     0.0000     0.0000 
  27.500      0.000     37.194    -52.366    -36.202     37.194     57.464      0.000    -65.700    493.844     0.0000     0.0000 
  28.000      0.000     29.109    -52.193    -36.269     29.109     89.517      0.000    -65.700    491.144     0.0000     0.0000 
  28.500      0.000     22.428    -52.032    -36.340     22.428    134.206      0.000    -65.700    487.958     0.0000     0.0000 
  29.000      0.000     17.046    -51.883    -36.416     17.046    179.647      0.000    -65.700    484.292     0.0000     0.0000 
  29.500      0.000     12.804    -51.746    -36.496     12.804    212.539      0.000    -65.700    480.147     0.0000     0.0000 
  30.000      0.000      9.534    -51.622    -36.583      9.534    228.188      0.000    -65.700    475.528     0.0000     0.0000 
  30.500      0.000      7.066    -51.510    -36.676      7.066    224.008      0.000    -65.700    470.440     0.0000     0.0000 
  31.000      0.000      5.249    -51.410    -36.777      5.249    203.370      0.000    -65.700    464.888     0.0000     0.0000 
  31.500      0.000      3.958    -51.324    -36.886      3.958    172.159      0.000    -65.700    458.877     0.0000     0.0000 
  32.000      0.000      3.094    -51.251    -37.004      3.094    135.938      0.000    -65.700    452.414     0.0000     0.0000 
  32.500      0.000      2.585    -51.190    -37.131      2.585    101.038      0.000    -65.700    445.503     0.0000     0.0000 
  33.000      0.000      2.385    -51.143    -37.267      2.385     73.475      0.000    -65.700    438.153     0.0000     0.0000 
  33.500      0.000      2.467    -51.110    -37.414      2.467     55.316      0.000    -65.700    430.371     0.0000     0.0000 
  34.000      0.000      2.820    -51.089    -37.571      2.820     44.391      0.000    -65.700    422.164     0.0000     0.0000 
  34.500      0.000      3.446    -51.082    -37.738      3.446     40.151      0.000    -65.700    413.540     0.0000     0.0000 
  35.000      0.000      4.333    -51.088    -37.917      4.333     44.275      0.000    -65.700    404.508     0.0000     0.0000 
  35.500      0.000      5.469    -51.107    -38.106      5.469     57.831      0.000    -65.700    395.078     0.0000     0.0000 
  36.000      0.000      6.858    -51.140    -38.307      6.858     79.449      0.000    -65.700    385.257     0.0000     0.0000 
  36.500      0.000      8.485    -51.185    -38.519      8.485    105.779      0.000    -65.700    375.056     0.0000     0.0000 
  37.000      0.000     10.315    -51.243    -38.743     10.315    130.865      0.000    -65.700    364.484     0.0000     0.0000 
  37.500      0.000     12.301    -51.315    -38.979     12.301    150.539      0.000    -65.700    353.553     0.0000     0.0000 
  38.000      0.000     14.385    -51.399    -39.228     14.385    162.781      0.000    -65.700    342.274     0.0000     0.0000 
  38.500      0.000     16.502    -51.495    -39.489     16.502    167.438      0.000    -65.700    330.656     0.0000     0.0000 
  39.000      0.000     18.590    -51.604    -39.763     18.590    164.879      0.000    -65.700    318.712     0.0000     0.0000 
  39.500      0.000     20.602    -51.726    -40.050     20.602    157.613      0.000    -65.700    306.454     0.0000     0.0000 
  40.000      0.000     22.535    -51.859    -40.350     22.535    144.003      0.000    -65.700    293.893     0.0000     0.0000 
  40.500      0.000     24.454    -52.004    -40.665     24.454    126.971      0.000    -65.700    281.042     0.0000     0.0000 
  41.000      0.000     26.510    -52.162    -40.994     26.510    108.711      0.000    -65.700    267.913     0.0000     0.0000 
  41.500      0.000     28.848    -52.330    -41.338     28.848     90.592      0.000    -65.700    254.521     0.0000     0.0000 
  42.000      0.000     31.540    -52.510    -41.698     31.540     74.339      0.000    -65.700    240.877     0.0000     0.0000 
  42.500      0.000     34.270    -52.702    -42.073     34.270     60.571      0.000    -65.700    226.995     0.0000     0.0000 
  43.000      0.000     36.470    -52.904    -42.464     36.470     51.968      0.000    -65.700    212.890     0.0000     0.0000 
  43.500      0.000     37.675    -53.117    -42.872     37.675     47.300      0.000    -65.700    198.574     0.0000     0.0000 
  44.000      0.000     37.640    -53.341    -43.298     37.640     45.298      0.000    -65.700    184.062     0.0000     0.0000 
  44.500      0.000     36.387    -53.575    -43.741     36.387     47.158      0.000    -65.700    169.369     0.0000     0.0000 
  45.000      0.000     34.298    -53.819    -44.203     34.298     53.482      0.000    -65.700    154.508     0.0000     0.0000 
  45.500      0.000     31.742    -54.073    -44.683     31.742     65.317      0.000    -65.700    139.496     0.0000     0.0000 
  46.000      0.000     28.985    -54.337    -45.184     28.985     79.317      0.000    -65.700    124.345     0.0000     0.0000 
  46.500      0.000     26.165    -54.611    -45.704     26.165     87.387      0.000    -65.700    109.072     0.0000     0.0000 
  47.000      0.000     23.359    -54.894    -46.245     23.359     81.713      0.000    -65.700     93.691     0.0000     0.0000 
  47.500      0.000     20.614    -55.187    -46.806     20.614     70.155      0.000    -65.700     78.217     0.0000     0.0000 
  48.000      0.000     17.967    -55.488    -47.390     17.967     57.694      0.000    -65.700     62.667     0.0000     0.0000 
  48.500      0.000     15.448    -55.798    -47.995     15.448     45.781      0.000    -65.700     47.054     0.0000     0.0000 
  49.000      0.000     13.082    -56.116    -48.622     13.082     35.095      0.000    -65.700     31.395     0.0000     0.0000 
  49.500      0.000     10.894    -56.443    -49.273     10.894     25.896      0.000    -65.700     15.705     0.0000     0.0000 
  50.000      0.000      8.901    -56.778    -49.946      8.901     18.249      0.000    -65.700     -0.000     0.0000     0.0000 
  50.500      0.000      7.120    -57.120    -50.643      7.120     12.142      0.000    -65.700    -15.705     0.0000     0.0000 
  51.000      0.000      5.559    -57.471    -51.363      5.559      7.519      0.000    -65.700    -31.395     0.0000     0.0000 
  51.500      0.000      4.224    -57.828    -52.106      4.224      4.264      0.000    -65.700    -47.054     0.0000     0.0000 
  52.000      0.000      3.112    -58.192    -52.874      3.112      2.179      0.000    -65.700    -62.667     0.0000     0.0000 
  52.500      0.000      2.214    -58.564    -53.664      2.214      0.992      0.000    -65.700    -78.217     0.0000     0.0000 
  53.000      0.000      1.514    -58.941    -54.478      1.514      0.403      0.000    -65.700    -93.691     0.0000     0.0000 
  53.500      0.000      0.991    -59.325    -55.315      0.991      0.150      0.000    -65.700   -109.072     0.0000     0.0000 
  54.000      0.000      0.616    -59.715    -56.175      0.616      0.053      0.000    -65.700   -124.345     0.0000     0.0000 
  54.500      0.000      0.363    -60.111    -57.056      0.363      0.019      0.000    -65.700   -139.496     0.0000     0.0000 
  55.000      0.000      0.201    -60.512    -57.960      0.201      0.007      0.000    -65.700   -154.508     0.0000     0.0000 
  55.500      0.000      0.104    -60.918    -58.884      0.104      0.002      0.000    -65.700   -169.369     0.0000     0.0000 
  56.000      0.000      0.050    -61.328    -59.828      0.050      0.001      0.000    -65.700   -184.062     0.0000     0.0000 
  56.500      0.000      0.023    -61.743    -60.791      0.023      0.000      0.000    -65.700   -198.574     0.0000     0.0000 
  57.000      0.000      0.010    -62.162    -61.772      0.010      0.000      0.000    -65.700   -212.890     0.0000     0.0000 
  57.500      0.000      0.004    -62.585    -62.769      0.004      0.000      0.000    -65.700   -226.995     0.0000     0.0000 
  58.000      0.000      0.002    -63.011    -63.783      0.002      0.000      0.000    -65.700   -240.877     0.0000     0.0000 
  58.500      0.000      0.001    -63.439    -64.811      0.001      0.000      0.000    -65.700   -254.521     0.0000     0.0000 
  59.000      0.000      0.000    -63.871    -65.852      0.000      0.000      0.000    -65.700   -267.913     0.0000     0.0000 
  59.500      0.000      0.000    -64.305    -66.904      0.000      0.000      0.000    -65.700   -281.042     0.0000     0.0000 
  60.000      0.000      0.000    -64.740    -67.966      0.000      0.000      0.000    -65.700   -293.893     0.0000     0.0000 
  60.500      0.000      0.000    -65.178    -69.037      0.000      0.000      0.000    -65.700   -306.454     0.0000     0.0000 
  61.000      0.000      0.000    -65.616    -70.115      0.000      0.000      0.000    -65.700   -318.712     0.0000     0.0000 
  61.500      0.000      0.000    -66.055    -71.199      0.000      0.000      0.000    -65.700   -330.656     0.0000     0.0000 
  62.000      0.000      0.000    -66.494    -72.286      0.000      0.000      0.000    -65.700   -342.274     0.0000     0.0000 
  62.500      0.000      0.000    -66.933    -73.375      0.000      0.000      0.000    -65.700   -353.553     0.0000     0.0000 
  63.000      0.000      0.000    -67.372    -74.464      0.000      0.000      0.000    -65.700   -364.484     0.0000     0.0000 
  63.500      0.000      0.000    -67.809    -75.552      0.000      0.000      0.000    -65.700   -375.056     0.0000     0.0000 
  64.000      0.000      0.000    -68.246    -76.638      0.000      0.000      0.000    -65.700   -385.257     0.0000     0.0000 
  64.500      0.000      0.000    -68.680    -77.719      0.000      0.000      0.000    -65.700   -395.078     0.0000     0.0000 
  65.000      0.000      0.000    -69.113    -78.794      0.000      0.000      0.000    -65.700   -404.508     0.0000     0.0000 
  65.500      0.000      0.000    -69.543    -79.861      0.000      0.000      0.000    -65.700   -413.540     0.0000     0.0000 
  66.000      0.000      0.000    -69.969    -80.919      0.000      0.000      0.000    -65.700   -422.164     0.0000     0.0000 
  66.500      0.000      0.000    -70.393    -81.967      0.000      0.000      0.000    -65.700   -430.371     0.0000     0.0000 
  67.000      0.000      0.000    -70.812    -83.002      0.000      0.000      0.000    -65.700   -438.153     0.0000     0.0000 
  67.500      0.000      0.000    -71.228    -84.023      0.000     -0.000      0.000    -65.700   -445.503     0.0000     0.0000 
  68.000      0.000      0.000    -71.638    -85.029      0.000      0.000      0.000    -65.700   -452.414     0.0000     0.0000 
  68.500      0.000      0.000    -72.044    -86.019      0.000     -0.000      0.000    -65.700   -458.877     0.0000     0.0000 
  69.000      0.000      0.000    -72.444    -86.990      0.000     -0.000      0.000    -65.700   -464.888     0.0000     0.0000 
  69.500      0.000      0.000    -72.838    -87.943      0.000     -0.000      0.000    -65.700   -470.440     0.0000     0.0000 
  70.000      0.000      0.000    -73.226    -88.874      0.000     -0.000      0.000    -65.700   -475.528     0.0000     0.0000 
  70.500      0.000      0.000    -73.607    -89.784      0.000     -0.000      0.000    -65.700   -480.147     0.0000     0.0000 
  71.000      0.000     -0.000    -73.981    -90.670     -0.000     -0.000      0.000    -65.700   -484.292     0.0000     0.0000 
  71.500      0.000     -0.000    -74.347    -91.532     -0.000     -0.000      0.000    -65.700   -487.958     0.0000     0.0000 
  72.000      0.000     -0.000    -74.706    -92.369     -0.000     -0.000      0.000    -65.700   -491.144     0.0000     0.0000 
  72.500      0.000     -0.000    -75.056    -93.179     -0.000     -0.000      0.000    -65.700   -493.844     0.0000     0.0000 
  73.000      0.000     -0.000    -75.398    -93.961     -0.000     -0.000      0.000    -65.700   -496.057     0.0000     0.0000 
  73.500      0.000     -0.000    -75.730    -94.715     -0.000      0.000      0.000    -65.700   -497.781     0.0000     0.0000 
  74.000      0.000     -0.000    -76.054    -95.438     -0.000      0.000      0.000    -65.700   -499.013     0.0000     0.0000 
  74.500      0.000     -0.000    -76.367    -96.131     -0.000      0.000      0.000    -65.700   -499.753     0.0000     0.0000 
  75.000      0.000     -0.000    -76.671    -96.793     -0.000      0.000      0.000    -65.700   -500.000     0.0000     0.0000 
  75.500      0.000     -0.000    -76.964    -97.422     -0.000     -0.000      0.000    -65.700   -499.753     0.0000     0.0000 
  76.000      0.000     -0.000    -77.247    -98.018     -0.000     -0.000      0.000    -65.700   -499.013     0.0000     0.0000 
  76.500      0.000     -0.000    -77.519    -98.579     -0.000     -0.000      0.000    -65.700   -497.781     0.0000     0.0000 
  77.000      0.000     -0.000    -77.780    -99.106     -0.000     -0.000      0.000    -65.700   -496.057     0.0000     0.0000 
  77.500      0.000     -0.000    -78.029    -99.597     -0.000      0.000      0.000    -65.700   -493.844     0.0000     0.0000 
  78.000      0.000     -0.000    -78.266   -100.053     -0.000     -0.000      0.000    -65.700   -491.144     0.0000     0.0000 
  78.500      0.000     -0.000    -78.492   -100.471     -0.000      0.000      0.000    -65.700   -487.958     0.0000     0.0000 
  79.000      0.000     -0.000    -78.705   -100.852     -0.000      0.000      0.000    -65.700   -484.292     0.0000     0.0000 
  79.500      0.000     -0.000    -78.906   -101.195     -0.000     -0.000      0.000    -65.700   -480.147     0.0000     0.0000 
  80.000      0.000     -0.000    -79.094   -101.500     -0.000     -0.000      0.000    -65.700   -475.528     0.0000     0.0000 
  80.500      0.000     -0.000    -79.269   -101.766     -0.000     -0.000      0.000    -65.700   -470.440     0.0000     0.0000 
  81.000      0.000     -0.000    -79.431   -101.993     -0.000     -0.000      0.000    -65.700   -464.888     0.0000     0.0000 
  81.500      0.000     -0.000    -79.580   -102.181     -0.000     -0.000      0.000    -65.700   -458.877     0.0000     0.0000 
  82.000      0.000     -0.000    -79.715   -102.328     -0.000     -0.000      0.000    -65.700   -452.414     0.0000     0.0000 
  82.500      0.000     -0.000    -79.837   -102.436     -0.000     -0.000      0.000    -65.700   -445.503     0.0000     0.0000 
  83.000      0.000     -0.000    -79.946   -102.504     -0.000     -0.000      0.000    -65.700   -438.153     0.0000     0.0000 
  83.500      0.000     -0.000    -80.040   -102.531     -0.000     -0.000      0.000    -65.700   -430.371     0.0000     0.0000 
  84.000      0.000     -0.000    -80.121   -102.517     -0.000     -0.000      0.000    -65.700   -422.164     0.0000     0.0000 
  84.500      0.000     -0.000    -80.187   -102.463     -0.000     -0.000      0.000    -65.700   -413.540     0.0000     0.0000 
  85.000      0.000     -0.000    -80.240   -102.368     -0.000     -0.000      0.000    -65.700   -404.508     0.0000     0.0000 
  85.500      0.000     -0.000    -80.278   -102.233     -0.000     -0.000      0.000    -65.700   -395.078     0.0000     0.0000 
  86.000      0.000     -0.000    -80.303   -102.057     -0.000     -0.000      0.000    -65.700   -385.257     0.0000     0.0000 
  86.500      0.000     -0.000    -80.313   -101.841     -0.000     -0.000      0.000    -65.700   -375.056     0.0000     0.0000 
  87.000      0.000     -0.000    -80.308   -101.584     -0.000     -0.000      0.000    -65.700   -364.484     0.0000     0.0000 
  87.500      0.000     -0.000    -80.290   -101.288     -0.000     -0.000      0.000    -65.700   -353.553     0.0000     0.0000 
  88.000      0.000     -0.000    -80.257   -100.951     -0.000     -0.000      0.000    -65.700   -342.274     0.0000     0.0000 
  88.500      0.000     -0.000    -80.210   -100.575     -0.000     -0.000      0.000    -65.700   -330.656     0.0000     0.0000 
  89.000      0.000     -0.000    -80.149   -100.159     -0.000     -0.000      0.000    -65.700   -318.712     0.0000     0.0000 
  89.500      0.000     -0.000    -80.074    -99.705     -0.000      0.000      0.000    -65.700   -306.454     0.0000     0.0000 
  90.000      0.000     -0.000    -79.985    -99.212     -0.000     -0.000      0.000    -65.700   -293.893     0.0000     0.0000 
  90.500      0.000     -0.000    -79.882    -98.681     -0.000     -0.000      0.000    -65.700   -281.042     0.0000     0.0000 
  91.000      0.000     -0.000    -79.765    -98.112     -0.000     -0.000      0.000    -65.700   -267.913     0.0000     0.0000 
  91.500      0.000     -0.000    -79.634    -97.506     -0.000     -0.000      0.000    -65.700   -254.521     0.0000     0.0000 
  92.000      0.000     -0.000    -79.490    -96.864     -0.000     -0.000      0.000    -65.700   -240.877     0.0000     0.0000 
  92.500      0.000     -0.000    -79.332    -96.185     -0.000     -0.000      0.000    -65.700   -226.995     0.0000     0.0000 
  93.000      0.000     -0.000    -79.161    -95.472     -0.000     -0.000      0.000    -65.700   -212.890     0.0000     0.0000 
  93.500      0.000     -0.000    -78.976    -94.723     -0.000     -0.000      0.000    -65.700   -198.574     0.0000     0.0000 
  94.000      0.000     -0.000    -78.779    -93.941     -0.000     -0.000      0.000    -65.700   -184.062     0.0000     0.0000 
  94.500      0.000     -0.000    -78.569    -93.126     -0.000     -0.000      0.000    -65.700   -169.369     0.0000     0.0000 
  95.000      0.000     -0.000    -78.346    -92.278     -0.000     -0.000      0.000    -65.700   -154.508     0.0000     0.0000 
  95.500      0.000     -0.000    -78.111    -91.398     -0.000     -0.000      0.000    -65.700   -139.496     0.0000     0.0000 
  96.000      0.000     -0.000    -77.863    -90.488     -0.000     -0.000      0.000    -65.700   -124.345     0.0000     0.0000 
  96.500      0.000     -0.000    -77.604    -89.548     -0.000     -0.000      0.000    -65.700   -109.072     0.0000     0.0000 
  97.000      0.000     -0.000    -77.333    -88.579     -0.000     -0.000      0.000    -65.700    -93.691     0.0000     0.0000 
  97.500      0.000      0.000    -77.050    -87.582      0.000      0.000      0.000    -65.700    -78.217     0.0000     0.0000 
  98.000      0.000     -0.000    -76.757    -86.557     -0.000      0.000      0.000    -65.700    -62.667     0.0000     0.0000 
  98.500      0.000      0.000    -76.452    -85.507      0.000     -0.000      0.000    -65.700    -47.054     0.0000     0.0000 
  99.000      0.000     -0.000    -76.137    -84.431     -0.000     -0.000      0.000    -65.700    -31.395     0.0000     0.0000 
  99.500      0.000     -0.000    -75.812    -83.332     -0.000     -0.000      0.000    -65.700    -15.705     0.0000     0.0000 
 100.000      0.000     -0.000    -75.477    -82.209     -0.000     -0.000      0.000    -65.700     -0.000     0.0000     0.0000 
 100.500      0.000     -0.000    -75.132    -81.064     -0.000     -0.000      0.000    -65.700     15.705     0.0000     0.0000 
 101.000      0.000     -0.000    -74.778    -79.899     -0.000     -0.000      0.000    -65.700     31.395     0.0000     0.0000 
 101.500      0.000     -0.000    -74.415    -78.714     -0.000     -0.000      0.000    -65.700     47.054     0.0000     0.0000 
 102.000      0.000     -0.000    -74.043    -77.511     -0.000     -0.000      0.000    -65.700     62.667     0.0000     0.0000 
 102.500      0.000     -0.000    -73.663    -76.290     -0.000     -0.000      0.000    -65.700     78.217     0.0000     0.0000 
 103.000      0.000     -0.000    -73.276    -75.053     -0.000     -0.000      0.000    -65.700     93.691     0.0000     0.0000 
 103.500      0.000     -0.000    -72.881    -73.801     -0.000     -0.000      0.000    -65.700    109.072     0.0000     0.0000 
 104.000      0.000     -0.000    -72.479    -72.536     -0.000     -0.000      0.000    -65.700    124.345     0.0000     0.0000 
 104.500      0.000     -0.000    -72.070    -71.258     -0.000     -0.000      0.000    -65.700    139.496     0.0000     0.0000 
 105.000      0.000     -0.000    -71.655    -69.970     -0.000     -0.000      0.000    -65.700    154.508     0.0000     0.0000 
 105.500      0.000     -0.000    -71.234    -68.671     -0.000     -0.000      0.000    -65.700    169.369     0.0000     0.0000 
 106.000      0.000     -0.000    -70.808    -67.364     -0.000     -0.000      0.000    -65.700    184.062     0.0000     0.0000 
 106.500      0.000     -0.000    -70.377    -66.050     -0.000     -0.000      0.000    -65.700    198.574     0.0000     0.0000 
 107.000      0.000     -0.000    -69.941    -64.730     -0.000     -0.000      0.000    -65.700    212.890     0.0000     0.0000 
 107.500      0.000      0.000    -69.501    -63.406      0.000     -0.000      0.000    -65.700    226.995     0.0000     0.0000 
 108.000      0.000      0.000    -69.057    -62.079      0.000     -0.000      0.000    -65.700    240.877     0.0000     0.0000 
 108.500      0.000      0.000    -68.610    -60.752      0.000     -0.000      0.000    -65.700    254.521     0.0000     0.0000 
 109.000      0.000      0.000    -68.160    -59.424      0.000     -0.000      0.000    -65.700    267.913     0.0000     0.0000 
 109.500      0.000      0.000    -67.708    -58.099      0.000     -0.000      0.000    -65.700    281.042     0.0000     0.0000 
 110.000      0.000      0.000    -67.254    -56.777      0.000     -0.000      0.000    -65.700    293.893     0.0000     0.0000 
 110.500      0.000      0.000    -66.799    -55.462      0.000     -0.000      0.000    -65.700    306.454     0.0000     0.0000 
 111.000      0.000      0.000    -66.342    -54.154      0.000      0.000      0.000    -65.700    318.712     0.0000     0.0000 
 111.500      0.000      0.000    -65.885    -52.857      0.000      0.000      0.000    -65.700    330.656     0.0000     0.0000 
 112.000      0.000      0.000    -65.428    -51.573      0.000      0.000      0.000    -65.700    342.274     0.0000     0.0000 
 112.500      0.000      0.000    -64.971    -50.304      0.000      0.001      0.000    -65.700    353.553     0.0000     0.0000 
 113.000      0.000      0.000    -64.515    -49.055      0.000      0.013      0.000    -65.700    364.484     0.0000     0.0000 
 113.500      0.000      0.000    -64.061    -47.828      0.000      0.184      0.000    -65.700    375.056     0.0000     0.0000 
 114.000      0.000      0.000    -63.608    -46.628      0.000      1.839      0.000    -65.700    385.257     0.0000     0.0000 
 114.500      0.000      0.001    -63.157    -45.460      0.001     12.314      0.000    -65.700    395.078     0.0000     0.0000 
 115.000      0.000      0.003    -62.710    -44.328      0.003     52.964      0.000    -65.700    404.508     0.0000     0.0000 
 115.500      0.000      0.009    -62.265    -43.238      0.009    153.343      0.000    -65.700    413.540     0.0000     0.0000 
 116.000      0.000      0.023    -61.824    -42.196      0.023    299.563      0.000    -65.700    422.164     0.0000     0.0000 
 116.500      0.000      0.060    -61.386    -41.208      0.060    412.588      0.000    -65.700    430.371     0.0000     0.0000 
 117.000      0.000      0.143    -60.954    -40.282      0.143    411.807      0.000    -65.700    438.153     0.0000     0.0000 
 117.500      0.000      0.321    -60.526    -39.424      0.321    310.943      0.000    -65.700    445.503     0.0000     0.0000 
 118.000      0.000      0.681    -60.104    -38.640      0.681    186.079      0.000    -65.700    452.414     0.0000     0.0000 
 118.500      0.000      1.381    -59.688    -37.936      1.381     93.244      0.000    -65.700    458.877     0.0000     0.0000 
 119.000      0.000      2.646    -59.278    -37.317      2.646     52.613      0.000    -65.700    464.888     0.0000     0.0000 
 119.500      0.000      4.793    -58.874    -36.785      4.793     46.152      0.000    -65.700    470.440     0.0000     0.0000 
 120.000      0.000      8.290    -58.478    -36.341      8.290     48.219      0.000    -65.700    475.528     0.0000     0.0000 
 120.500      0.000     13.642    -58.089    -35.984     13.642     48.098      0.000    -65.700    480.147     0.0000     0.0000 
 121.000      0.000     21.308    -57.709    -35.711     21.308     43.235      0.000    -65.700    484.292     0.0000     0.0000 
 121.500      0.000     31.631    -57.336    -35.516     31.631     33.843      0.000    -65.700    487.958     0.0000     0.0000 
 122.000      0.000     44.681    -56.973    -35.391     44.681     26.679      0.000    -65.700    491.144     0.0000     0.0000 
 122.500      0.000     60.213    -56.619    -35.327     60.213     40.636      0.000    -65.700    493.844     0.0000     0.0000 
 123.000      0.000     77.470    -56.274    -35.314     77.470     92.968      0.000    -65.700    496.057     0.0000     0.0000 
 123.500      0.000     95.300    -55.940    -35.343     95.300    172.745      0.000    -65.700    497.781     0.0000     0.0000 
 124.000      0.000    112.125    -55.615    -35.403    112.125    243.760      0.000    -65.700    499.013     0.0000     0.0000 
 124.500      0.000    126.454    -55.302    -35.485    126.454    282.075      0.000    -65.700    499.753     0.0000     0.0000 
 125.000      0.000    136.970    -54.999    -35.582    136.970    280.568      0.000    -65.700    500.000     0.0000     0.0000 
 125.500      0.000    143.053    -54.708    -35.688    143.053    242.484      0.000    -65.700    499.753     0.0000     0.0000 
 126.000      0.000    144.057    -54.429    -35.797    144.057    186.561      0.000    -65.700    499.013     0.0000     0.0000 
 126.500      0.000    140.146    -54.162    -35.906    140.146    137.111      0.000    -65.700    497.781     0.0000     0.0000 
 127.000      0.000    131.992    -53.907    -36.014    131.992    106.556      0.000    -65.700    496.057     0.0000     0.0000 
 127.500      0.000    120.634    -53.665    -36.118    120.634     92.403      0.000    -65.700    493.844     0.0000     0.0000 
 128.000      0.000    107.291    -53.436    -36.220    107.291     85.684      0.000    -65.700    491.144     0.0000     0.0000 
 128.500      0.000     93.051    -53.221    -36.319     93.051     81.060      0.000    -65.700    487.958     0.0000     0.0000 
 129.000      0.000     78.788    -53.018    -36.416     78.788     75.071      0.000    -65.700    484.292     0.0000     0.0000 
 129.500      0.000     65.330    -52.830    -36.513     65.330     69.652      0.000    -65.700    480.147     0.0000     0.0000 
 130.000      0.000     53.151    -52.655    -36.611     53.151     73.417      0.000    -65.700    475.528     0.0000     0.0000 
 130.500      0.000     42.516    -52.495    -36.711     42.516     90.274      0.000    -65.700    470.440     0.0000     0.0000 
 131.000      0.000     33.505    -52.349    -36.816     33.505    122.384      0.000    -65.700    464.888     0.0000     0.0000 
 131.500      0.000     26.063    -52.217    -36.926     26.063    156.335      0.000    -65.700    458.877     0.0000     0.0000 
 132.000      0.000     20.061    -52.100    -37.043     20.061    178.807      0.000    -65.700    452.414     0.0000     0.0000 
 132.500      0.000     15.301    -51.997    -37.167     15.301    186.151      0.000    -65.700    445.503     0.0000     0.0000 
 133.000      0.000     11.589    -51.909    -37.300     11.589    180.272      0.000    -65.700    438.153     0.0000     0.0000 
 133.500      0.000      8.737    -51.836    -37.443      8.737    166.250      0.000    -65.700    430.371     0.0000     0.0000 
 134.000      0.000      6.569    -51.778    -37.595      6.569    147.303      0.000    -65.700    422.164     0.0000     0.0000 
 134.500      0.000      4.941    -51.734    -37.759      4.941    127.611      0.000    -65.700    413.540     0.0000     0.0000 
 135.000      0.000      3.736    -51.705    -37.933      3.736    109.836      0.000    -65.700    404.508     0.0000     0.0000 
 135.500      0.000      2.871    -51.691    -38.119      2.871     94.955      0.000    -65.700    395.078     0.0000     0.0000 
 136.000      0.000      2.302    -51.691    -38.317      2.302     83.584      0.000    -65.700    385.257     0.0000     0.0000 
 136.500      0.000      1.842    -51.706    -38.526      1.842     75.387      0.000    -65.700    375.056     0.0000     0.0000 
 137.000      0.000      1.519    -51.735    -38.748      1.519     69.450      0.000    -65.700    364.484     0.0000     0.0000 
 137.500      0.000      1.350    -51.779    -38.982      1.350     66.128      0.000    -65.700    353.553     0.0000     0.0000 
 138.000      0.000      1.334    -51.837    -39.229      1.334     66.699      0.000    -65.700    342.274     0.0000     0.0000 
 138.500      0.000      1.462    -51.908    -39.489      1.462     72.159      0.000    -65.700    330.656     0.0000     0.0000 
 139.000      0.000      1.726    -51.993    -39.762      1.726     82.599      0.000    -65.700    318.712     0.0000     0.0000 
 139.500      0.000      2.115    -52.092    -40.048      2.115     97.018      0.000    -65.700    306.454     0.0000     0.0000 
 140.000      0.000      2.620    -52.204    -40.349      2.620    109.104      0.000    -65.700    293.893     0.0000     0.0000 
 140.500      0.000      3.227    -52.330    -40.663      3.227    119.165      0.000    -65.700    281.042     0.0000     0.0000 
 141.000      0.000      3.926    -52.468    -40.992      3.926    126.216      0.000    -65.700    267.913     0.0000     0.0000 
 141.500      0.000      4.722    -52.619    -41.336      4.722    129.253      0.000    -65.700    254.521     0.0000     0.0000 
 142.000      0.000      5.690    -52.782    -41.696      5.690    128.777      0.000    -65.700    240.877     0.0000     0.0000 
 142.500      0.000      6.970    -52.958    -42.071      6.970    124.870      0.000    -65.700    226.995     0.0000     0.0000 
 143.000      0.000      8.618    -53.145    -42.462      8.618    119.726      0.000    -65.700    212.890     0.0000     0.0000 
 143.500      0.000     10.499    -53.345    -42.871     10.499    114.110      0.000    -65.700    198.574     0.0000     0.0000 
 144.000      0.000     12.217    -53.555    -43.296     12.217    107.070      0.000    -65.700    184.062     0.0000     0.0000 
 144.500      0.000     13.303    -53.777    -43.740     13.303    100.296      0.000    -65.700    169.369     0.0000     0.0000 
 145.000      0.000     13.646    -54.010    -44.202     13.646     91.467      0.000    -65.700    154.508     0.0000     0.0000 
 145.500      0.000     13.364    -54.254    -44.682     13.364     82.863      0.000    -65.700    139.496     0.0000     0.0000 
 146.000      0.000     12.692    -54.508    -45.183     12.692     74.280      0.000    -65.700    124.345     0.0000     0.0000 
 146.500      0.000     11.798    -54.772    -45.703     11.798     65.526      0.000    -65.700    109.072     0.0000     0.0000 
 147.000      0.000     10.772    -55.046    -46.244     10.772     54.519      0.000    -65.700     93.691     0.0000     0.0000 
 147.500      0.000      9.667    -55.330    -46.806      9.667     43.773      0.000    -65.700     78.217     0.0000     0.0000 
 148.000      0.000      8.521    -55.624    -47.389      8.521     34.597      0.000    -65.700     62.667     0.0000     0.0000 
 148.500      0.000      7.371    -55.927    -47.994      7.371     26.793      0.000    -65.700     47.054     0.0000     0.0000 
 149.000      0.000      6.247    -56.238    -48.622      6.247     20.209      0.000    -65.700     31.395     0.0000     0.0000 
 149.500      0.000      5.178    -56.559    -49.272      5.178     14.742      0.000    -65.700     15.705     0.0000     0.0000 
 150.000      0.000      4.189    -56.888    -49.946      4.189     10.305      0.000    -65.700      0.000     0.0000     0.0000 
 150.500      0.000      3.299    -57.225    -50.642      3.299      6.820      0.000    -65.700    -15.705     0.0000     0.0000 
 151.000      0.000      2.521    -57.570    -51.362      2.521      4.216      0.000    -65.700    -31.395     0.0000     0.0000 
 151.500      0.000      1.864    -57.922    -52.106      1.864      2.398      0.000    -65.700    -47.054     0.0000     0.0000 
 152.000      0.000      1.329    -58.282    -52.873      1.329      1.237      0.000    -65.700    -62.667     0.0000     0.0000 
 152.500      0.000      0.909    -58.649    -53.664      0.909      0.572      0.000    -65.700    -78.217     0.0000     0.0000 
 153.000      0.000      0.594    -59.023    -54.478      0.594      0.237      0.000    -65.700    -93.691     0.0000     0.0000 
 153.500      0.000      0.369    -59.403    -55.315      0.369      0.090      0.000    -65.700   -109.072     0.0000     0.0000 
 154.000      0.000      0.217    -59.789    -56.175      0.217      0.032      0.000    -65.700   -124.345     0.0000     0.0000 
 154.500      0.000      0.120    -60.182    -57.056      0.120      0.011      0.000    -65.700   -139.496     0.0000     0.0000 
 155.000      0.000      0.062    -60.579    -57.959      0.062      0.004      0.000    -65.700   -154.508     0.0000     0.0000 
 155.500      0.000      0.030    -60.982    -58.883      0.030      0.001      0.000    -65.700   -169.369     0.0000     0.0000 
 156.000      0.000      0.014    -61.390    -59.827      0.014      0.000      0.000    -65.700   -184.062     0.0000     0.0000 
 156.500      0.000      0.006    -61.802    -60.790      0.006      0.000      0.000    -65.700   -198.574     0.0000     0.0000 
 157.000      0.000      0.003    -62.219    -61.771      0.003      0.000      0.000    -65.700   -212.890     0.0000     0.0000 
 157.500      0.000      0.001    -62.639    -62.769      0.001      0.000      0.000    -65.700   -226.995     0.0000     0.0000 
 158.000      0.000      0.001    -63.063    -63.783      0.001      0.000      0.000    -65.700   -240.877     0.0000     0.0000 
 158.500      0.000      0.000    -63.490    -64.811      0.000      0.000      0.000    -65.700   -254.521     0.0000     0.0000 
 159.000      0.000      0.000    -63.919    -65.851      0.000      0.000      0.000    -65.700   -267.913     0.0000     0.0000 
 159.500      0.000      0.000    -64.351    -66.904      0.000      0.000      0.000    -65.700   -281.042     0.0000     0.0000 
 160.000      0.000      0.000    -64.785    -67.966      0.000      0.000      0.000    -65.700   -293.893     0.0000     0.0000 
 160.500      0.000      0.000    -65.221    -69.037      0.000      0.000      0.000    -65.700   -306.454     0.0000     0.0000 
 161.000      0.000      0.000    -65.657    -70.115      0.000      0.000      0.000    -65.700   -318.712     0.0000     0.0000 
 161.500      0.000      0.000    -66.095    -71.198      0.000      0.000      0.000    -65.700   -330.656     0.0000     0.0000 
 162.000      0.000      0.000    -66.533    -72.285      0.000      0.000      0.000    -65.700   -342.274     0.0000     0.0000 
 162.500      0.000      0.000    -66.970    -73.375      0.000      0.000      0.000    -65.700   -353.553     0.0000     0.0000 
 163.000      0.000      0.000    -67.408    -74.464      0.000      0.000      0.000    -65.700   -364.484     0.0000     0.0000 
 163.500      0.000      0.000    -67.844    -75.552      0.000      0.000      0.000    -65.700   -375.056     0.0000     0.0000 
 164.000      0.000      0.000    -68.280    -76.638      0.000      0.000      0.000    -65.700   -385.257     0.0000     0.0000 
 164.500      0.000      0.000    -68.713    -77.719      0.000      0.000      0.000    -65.700   -395.078     0.0000     0.0000 
 165.000      0.000      0.000    -69.145    -78.794      0.000      0.000      0.000    -65.700   -404.508     0.0000     0.0000 
 165.500      0.000      0.000    -69.574    -79.861      0.000      0.000      0.000    -65.700   -413.540     0.0000     0.0000 
 166.000      0.000      0.000    -70.000    -80.919      0.000      0.000      0.000    -65.700   -422.164     0.0000     0.0000 
 166.500      0.000      0.000    -70.423    -81.967      0.000     -0.000      0.000    -65.700   -430.371     0.0000     0.0000 
 167.000      0.000      0.000    -70.842    -83.002      0.000     -0.000      0.000    -65.700   -438.153     0.0000     0.0000 
 167.500      0.000      0.000    -71.256    -84.023      0.000     -0.000      0.000    -65.700   -445.503     0.0000     0.0000 
 168.000      0.000      0.000    -71.666    -85.029      0.000     -0.000      0.000    -65.700   -452.414     0.0000     0.0000 
 168.500      0.000      0.000    -72.071    -86.019      0.000     -0.000      0.000    -65.700   -458.877     0.0000     0.0000 
 169.000      0.000      0.000    -72.470    -86.990      0.000     -0.000      0.000    -65.700   -464.888     0.0000     0.0000 
 169.500      0.000      0.000    -72.864    -87.943      0.000     -0.000      0.000    -65.700   -470.440     0.0000     0.0000 
 170.000      0.000      0.000    -73.251    -88.874      0.000     -0.000      0.000    -65.700   -475.528     0.0000     0.0000 
 170.500      0.000     -0.000    -73.631    -89.784     -0.000     -0.000      0.000    -65.700   -480.147     0.0000     0.0000 
 171.000      0.000     -0.000    -74.005    -90.670     -0.000     -0.000      0.000    -65.700   -484.292     0.0000     0.0000 
 171.500      0.000      0.000    -74.371    -91.532      0.000     -0.000      0.000    -65.700   -487.958     0.0000     0.0000 
 172.000      0.000      0.000    -74.728    -92.369      0.000     -0.000      0.000    -65.700   -491.144     0.0000     0.0000 
 172.500      0.000     -0.000    -75.078    -93.179     -0.000     -0.000      0.000    -65.700   -493.844     0.0000     0.0000 
 173.000      0.000      0.000    -75.419    -93.961      0.000     -0.000      0.000    -65.700   -496.057     0.0000     0.0000 
 173.500      0.000     -0.000    -75.752    -94.714     -0.000     -0.000      0.000    -65.700   -497.781     0.0000     0.0000 
 174.000      0.000      0.000    -76.074    -95.438      0.000     -0.000      0.000    -65.700   -499.013     0.0000     0.0000 
 174.500      0.000      0.000    -76.388    -96.131      0.000     -0.000      0.000    -65.700   -499.753     0.0000     0.0000 
 175.000      0.000     -0.000    -76.691    -96.793     -0.000      0.000      0.000    -65.700   -500.000     0.0000     0.0000 
 175.500      0.000     -0.000    -76.984    -97.422     -0.000      0.000      0.000    -65.700   -499.753     0.0000     0.0000 
 176.000      0.000     -0.000    -77.266    -98.018     -0.000      0.000      0.000    -65.700   -499.013     0.0000     0.0000 
 176.500      0.000     -0.000    -77.537    -98.579     -0.000      0.000      0.000    -65.700   -497.781     0.0000     0.0000 
 177.000      0.000     -0.000    -77.798    -99.106     -0.000      0.000      0.000    -65.700   -496.057     0.0000     0.0000 
 177.500      0.000     -0.000    -78.046    -99.597     -0.000      0.000      0.000    -65.700   -493.844     0.0000     0.0000 
 178.000      0.000     -0.000    -78.283   -100.053     -0.000      0.000      0.000    -65.700   -491.144     0.0000     0.0000 
 178.500      0.000      0.000    -78.508   -100.471      0.000      0.000      0.000    -65.700   -487.958     0.0000     0.0000 
 179.000      0.000      0.000    -78.721   -100.852      0.000     -0.000      0.000    -65.700   -484.292     0.0000     0.0000 
 179.500      0.000     -0.000    -78.921   -101.195     -0.000     -0.000      0.000    -65.700   -480.147     0.0000     0.0000 
 180.000      0.000     -0.000    -79.109   -101.500     -0.000     -0.000      0.000    -65.700   -475.528     0.0000     0.0000 
 180.500      0.000     -0.000    -79.284   -101.766     -0.000     -0.000      0.000    -65.700   -470.440     0.0000     0.0000 
 181.000      0.000      0.000    -79.446   -101.993      0.000     -0.000      0.000    -65.700   -464.888     0.0000     0.0000 
 181.500      0.000      0.000    -79.594   -102.181      0.000     -0.000      0.000    -65.700   -458.877     0.0000     0.0000 
 182.000      0.000     -0.000    -79.729   -102.328     -0.000     -0.000      0.000    -65.700   -452.414     0.0000     0.0000 
 182.500      0.000     -0.000    -79.851   -102.436     -0.000     -0.000      0.000    -65.700   -445.503     0.0000     0.0000 
 183.000      0.000     -0.000    -79.959   -102.504     -0.000     -0.000      0.000    -65.700   -438.153     0.0000     0.0000 
 183.500      0.000     -0.000    -80.053   -102.531     -0.000     -0.000      0.000    -65.700   -430.371     0.0000     0.0000 
 184.000      0.000     -0.000    -80.133   -102.517     -0.000     -0.000      0.000    -65.700   -422.164     0.0000     0.0000 
 184.500      0.000     -0.000    -80.199   -102.463     -0.000     -0.000      0.000    -65.700   -413.540     0.0000     0.0000 
 185.000      0.000     -0.000    -80.252   -102.368     -0.000     -0.000      0.000    -65.700   -404.508     0.0000     0.0000 
 185.500      0.000     -0.000    -80.290   -102.233     -0.000     -0.000      0.000    -65.700   -395.078     0.0000     0.0000 
 186.000      0.000     -0.000    -80.314   -102.057     -0.000     -0.000      0.000    -65.700   -385.257     0.0000     0.0000 
 186.500      0.000      0.000    -80.324   -101.841      0.000     -0.000      0.000    -65.700   -375.056     0.0000     0.0000 
 187.000      0.000     -0.000    -80.319   -101.584     -0.000     -0.000      0.000    -65.700   -364.484     0.0000     0.0000 
 187.500      0.000     -0.000    -80.300   -101.288     -0.000     -0.000      0.000    -65.700   -353.553     0.0000     0.0000 
 188.000      0.000     -0.000    -80.268   -100.951     -0.000     -0.000      0.000    -65.700   -342.274     0.0000     0.0000 
 188.500      0.000     -0.000    -80.220   -100.575     -0.000     -0.000      0.000    -65.700   -330.656     0.0000     0.0000 
 189.000      0.000      0.000    -80.159   -100.159      0.000     -0.000      0.000    -65.700   -318.712     0.0000     0.0000 
 189.500      0.000      0.000    -80.084    -99.705      0.000     -0.000      0.000    -65.700   -306.454     0.0000     0.0000 
 190.000      0.000     -0.000    -79.995    -99.212     -0.000     -0.000      0.000    -65.700   -293.893     0.0000     0.0000 
 190.500      0.000     -0.000    -79.891    -98.681     -0.000     -0.000      0.000    -65.700   -281.042     0.0000     0.0000 
 191.000      0.000      0.000    -79.774    -98.112      0.000     -0.000      0.000    -65.700   -267.913     0.0000     0.0000 
 191.500      0.000      0.000    -79.643    -97.506      0.000     -0.000      0.000    -65.700   -254.521     0.0000     0.0000 
 192.000      0.000      0.000    -79.499    -96.864      0.000     -0.000      0.000    -65.700   -240.877     0.0000     0.0000 
 192.500      0.000      0.000    -79.341    -96.185      0.000     -0.000      0.000    -65.700   -226.995     0.0000     0.0000 
 193.000      0.000      0.000    -79.169    -95.472      0.000     -0.000      0.000    -65.700   -212.890     0.0000     0.0000 
 193.500      0.000     -0.000    -78.985    -94.723     -0.000     -0.000      0.000    -65.700   -198.574     0.0000     0.0000 
 194.000      0.000     -0.000    -78.787    -93.941     -0.000     -0.000      0.000    -65.700   -184.062     0.0000     0.0000 
 194.500      0.000     -0.000    -78.577    -93.126     -0.000     -0.000      0.000    -65.700   -169.369     0.0000     0.0000 
 195.000      0.000     -0.000    -78.354    -92.278     -0.000     -0.000      0.000    -65.700   -154.508     0.0000     0.0000 
 195.500      0.000     -0.000    -78.119    -91.398     -0.000     -0.000      0.000    -65.700   -139.496     0.0000     0.0000 
 196.000      0.000     -0.000    -77.871    -90.488     -0.000     -0.000      0.000    -65.700   -124.345     0.0000     0.0000 
 196.500      0.000     -0.000    -77.611    -89.548     -0.000     -0.000      0.000    -65.700   -109.072     0.0000     0.0000 
 197.000      0.000     -0.000    -77.340    -88.579     -0.000     -0.000      0.000    -65.700    -93.691     0.0000     0.0000 
 197.500      0.000     -0.000    -77.057    -87.582     -0.000     -0.000      0.000    -65.700    -78.217     0.0000     0.0000 
 198.000      0.000     -0.000    -76.764    -86.557     -0.000     -0.000      0.000    -65.700    -62.667     0.0000     0.0000 
 198.500      0.000     -0.000    -76.459    -85.507     -0.000     -0.000      0.000    -65.700    -47.054     0.0000     0.0000 
 199.000      0.000     -0.000    -76.144    -84.431     -0.000     -0.000      0.000    -65.700    -31.395     0.0000     0.0000 
 199.500      0.000     -0.000    -75.818    -83.332     -0.000     -0.000      0.000    -65.700    -15.705     0.0000     0.0000 
 200.000      0.000     -0.000    -75.483    -82.209     -0.000     -0.000      0.000    -65.700     -0.000     0.0000     0.0000 
