   0.300      0.002      0.000    -65.457    -59.107      0.000      0.031      0.000    -65.700    300.000     0.0000     0.0000 
   0.600      0.004      0.000    -65.220    -58.241      0.000      0.015      0.000    -65.700    300.000     0.0000     0.0000 
   0.900      0.006      0.000    -64.987    -57.402      0.000      0.007      0.000    -65.700    300.000     0.0000     0.0000 
   1.200      0.008      0.000    -64.759    -56.588      0.000      0.004      0.000    -65.700    300.000     0.0000     0.0000 
   1.500      0.010      0.000    -64.536    -55.800      0.000      0.002      0.000    -65.700    300.000     0.0000     0.0000 
   1.800      0.012      0.000    -64.317    -55.037      0.000      0.001      0.000    -65.700    300.000     0.0000     0.0000 
   2.100      0.013      0.001    -64.103    -54.298      0.001      0.000      0.000    -65.700    300.000     0.0000     0.0000 
   2.400      0.013      0.001    -63.894    -53.583      0.001      0.000      0.000    -65.700    300.000     0.0000     0.0000 
   2.700      0.014      0.002    -63.689    -52.892      0.002      0.000      0.000    -65.700    300.000     0.0000     0.0000 
   3.000      0.015      0.004    -63.488    -52.223      0.004      0.000      0.000    -65.700    300.000     0.0000     0.0000 
   3.300      0.016      0.006    -63.291    -51.577      0.006      0.000      0.000    -65.700    300.000     0.0000     0.0000 
   3.600      0.016      0.009    -63.099    -50.953      0.009      0.001      0.000    -65.700    300.000     0.0000     0.0000 
   3.900      0.018      0.014    -62.910    -50.351      0.014      0.003      0.000    -65.700    300.000     0.0000     0.0000 
   4.200      0.019      0.022    -62.725    -49.771      0.022      0.014      0.000    -65.700    300.000     0.0000     0.0000 
   4.500      0.021      0.033    -62.545    -49.213      0.033      0.063      0.000    -65.700    300.000     0.0000     0.0000 
   4.800      0.022      0.050    -62.368    -48.675      0.050      0.249      0.000    -65.700    300.000     0.0000     0.0000 
   5.100      0.023      0.074    -62.195    -48.159      0.074      0.894      0.000    -65.700    300.000     0.0000     0.0000 
   5.400      0.025      0.108    -62.025    -47.663      0.108      2.652      0.000    -65.700    300.000     0.0000     0.0000 
   5.700      0.028      0.156    -61.859    -47.188      0.156      6.841      0.000    -65.700    300.000     0.0000     0.0000 
   6.000      0.031      0.220    -61.696    -46.733      0.220     15.635      0.000    -65.700    300.000     0.0000     0.0000 
   6.300      0.034      0.331    -61.537    -46.299      0.331     31.732      0.000    -65.700    300.000     0.0000     0.0000 
   6.600      0.037      0.460    -61.382    -45.885      0.460     57.533      0.000    -65.700    300.000     0.0000     0.0000 
   6.900      0.040      0.621    -61.229    -45.490      0.621     94.005      0.000    -65.700    300.000     0.0000     0.0000 
   7.200      0.045      0.825    -61.080    -45.116      0.825    139.930      0.000    -65.700    300.000     0.0000     0.0000 
   7.500      0.051      1.079    -60.934    -44.761      1.079    192.099      0.000    -65.700    300.000     0.0000     0.0000 
   7.800      0.057      1.394    -60.791    -44.425      1.394    242.230      0.000    -65.700    300.000     0.0000     0.0000 
   8.100      0.064      1.774    -60.651    -44.109      1.774    283.813      0.000    -65.700    300.000     0.0000     0.0000 
   8.400      0.070      2.227    -60.514    -43.811      2.227    309.967      0.000    -65.700    300.000     0.0000     0.0000 
   8.700      0.076      2.763    -60.380    -43.532      2.763    317.173      0.000    -65.700    300.000     0.0000     0.0000 
   9.000      0.089      3.394    -60.249    -43.271      3.394    306.750      0.000    -65.700    300.000     0.0000     0.0000 
   9.300      0.103      4.126    -60.121    -43.027      4.126    281.070      0.000    -65.700    300.000     0.0000     0.0000 
   9.600      0.117      4.964    -59.995    -42.802      4.964    245.243      0.000    -65.700    300.000     0.0000     0.0000 
   9.900      0.131      5.912    -59.872    -42.592      5.912    204.758      0.000    -65.700    300.000     0.0000     0.0000 
  10.200      0.145      6.972    -59.752    -42.400      6.972    164.290      0.000    -65.700    300.000     0.0000     0.0000 
  10.500      0.159      8.147    -59.634    -42.223      8.147    126.992      0.000    -65.700    300.000     0.0000     0.0000 
  10.800      0.189      9.438    -59.519    -42.062      9.438     94.980      0.000    -65.700    300.000     0.0000     0.0000 
  11.100      0.219     10.843    -59.406    -41.915     10.843     68.932      0.000    -65.700    300.000     0.0000     0.0000 
  11.400      0.249     12.367    -59.296    -41.782     12.367     48.688      0.000    -65.700    300.000     0.0000     0.0000 
  11.700      0.279     14.008    -59.188    -41.663     14.008     33.547      0.000    -65.700    300.000     0.0000     0.0000 
  12.000      0.309     15.752    -59.082    -41.556     15.752     22.587      0.000    -65.700    300.000     0.0000     0.0000 
  12.300      0.344     17.583    -58.979    -41.461     17.583     14.916      0.000    -65.700    300.000     0.0000     0.0000 
  12.600      0.405     19.492    -58.878    -41.378     19.492      9.648      0.000    -65.700    300.000     0.0000     0.0000 
  12.900      0.466     21.485    -58.779    -41.305     21.485      6.173      0.000    -65.700    300.000     0.0000     0.0000 
  13.200      0.527     23.547    -58.683    -41.242     23.547      3.921      0.000    -65.700    300.000     0.0000     0.0000 
  13.500      0.588     25.650    -58.588    -41.188     25.650      2.515      0.000    -65.700    300.000     0.0000     0.0000 
  13.800      0.649     27.766    -58.496    -41.142     27.766      1.723      0.000    -65.700    300.000     0.0000     0.0000 
  14.100      0.728     29.889    -58.405    -41.104     29.889      1.439      0.000    -65.700    300.000     0.0000     0.0000 
  14.400      0.845     32.031    -58.317    -41.073     32.031      1.674      0.000    -65.700    300.000     0.0000     0.0000 
  14.700      0.962     34.170    -58.230    -41.048     34.170      2.548      0.000    -65.700    300.000     0.0000     0.0000 
  15.000      1.079     36.286    -58.146    -41.029     36.286      4.301      0.000    -65.700    300.000     0.0000     0.0000 
  15.300      1.196     38.364    -58.063    -41.016     38.364      7.264      0.000    -65.700    300.000     0.0000     0.0000 
  15.600      1.313     40.386    -57.982    -41.006     40.386     11.838      0.000    -65.700    300.000     0.0000     0.0000 
  15.900      1.476     42.333    -57.903    -41.001     42.333     18.452      0.000    -65.700    300.000     0.0000     0.0000 
  16.200      1.686     44.192    -57.826    -40.999     44.192     27.470      0.000    -65.700    300.000     0.0000     0.0000 
  16.500      1.896     45.957    -57.750    -40.999     45.957     39.142      0.000    -65.700    300.000     0.0000     0.0000 
  16.800      2.106     47.636    -57.676    -41.003     47.636     53.505      0.000    -65.700    300.000     0.0000     0.0000 
  17.100      2.316     49.209    -57.604    -41.009     49.209     70.360      0.000    -65.700    300.000     0.0000     0.0000 
  17.400      2.526     50.665    -57.533    -41.016     50.665     89.202      0.000    -65.700    300.000     0.0000     0.0000 
  17.700      2.831     51.996    -57.464    -41.025     51.996    109.297      0.000    -65.700    300.000     0.0000     0.0000 
  18.000      3.184     53.193    -57.397    -41.035     53.193    129.670      0.000    -65.700    300.000     0.0000     0.0000 
  18.300      3.536     54.250    -57.331    -41.046     54.250    149.279      0.000    -65.700    300.000     0.0000     0.0000 
  18.600      3.889     55.164    -57.266    -41.057     55.164    167.049      0.000    -65.700    300.000     0.0000     0.0000 
  18.900      4.241     55.931    -57.203    -41.069     55.931    181.970      0.000    -65.700    300.000     0.0000     0.0000 
  19.200      4.594     56.578    -57.142    -41.082     56.578    193.249      0.000    -65.700    300.000     0.0000     0.0000 
  19.500      5.111     57.096    -57.082    -41.094     57.096    200.278      0.000    -65.700    300.000     0.0000     0.0000 
  19.800      5.662     57.478    -57.023    -41.106     57.478    202.740      0.000    -65.700    300.000     0.0000     0.0000 
  20.100      6.212     57.718    -56.966    -41.118     57.718    200.647      0.000    -65.700    300.000     0.0000     0.0000 
  20.400      6.763     57.820    -56.910    -41.130     57.820    194.227      0.000    -65.700    300.000     0.0000     0.0000 
  20.700      7.313     57.790    -56.855    -41.141     57.790    184.018      0.000    -65.700    300.000     0.0000     0.0000 
  21.000      7.864     57.651    -56.801    -41.152     57.651    170.724      0.000    -65.700    300.000     0.0000     0.0000 
  21.300      8.662     57.403    -56.749    -41.163     57.403    155.156      0.000    -65.700    300.000     0.0000     0.0000 
  21.600      9.459     57.045    -56.698    -41.173     57.045    138.210      0.000    -65.700    300.000     0.0000     0.0000 
  21.900     10.257     56.596    -56.648    -41.182     56.596    120.715      0.000    -65.700    300.000     0.0000     0.0000 
  22.200     11.055     56.058    -56.599    -41.191     56.058    103.430      0.000    -65.700    300.000     0.0000     0.0000 
  22.500     11.853     55.430    -56.552    -41.200     55.430     86.997      0.000    -65.700    300.000     0.0000     0.0000 
  22.800     12.695     54.714    -56.505    -41.207     54.714     71.883      0.000    -65.700    300.000     0.0000     0.0000 
  23.100     13.763     53.917    -56.460    -41.215     53.917     58.418      0.000    -65.700    300.000     0.0000     0.0000 
  23.400     14.831     53.046    -56.416    -41.221     53.046     46.779      0.000    -65.700    300.000     0.0000     0.0000 
  23.700     15.899     52.113    -56.373    -41.228     52.113     37.022      0.000    -65.700    300.000     0.0000     0.0000 
  24.000     16.966     51.134    -56.331    -41.233     51.134     29.122      0.000    -65.700    300.000     0.0000     0.0000 
  24.300     18.034     50.106    -56.289    -41.238     50.106     23.001      0.000    -65.700    300.000     0.0000     0.0000 
  24.600     19.184     49.035    -56.249    -41.243     49.035     18.564      0.000    -65.700    300.000     0.0000     0.0000 
  24.900     20.496     47.932    -56.210    -41.247     47.932     15.727      0.000    -65.700    300.000     0.0000     0.0000 
  25.200     21.808     46.799    -56.172    -41.251     46.799     14.436      0.000    -65.700    300.000     0.0000     0.0000 
  25.500     23.120     45.638    -56.134    -41.254     45.638     14.667      0.000    -65.700    300.000     0.0000     0.0000 
  25.800     24.432     44.460    -56.098    -41.257     44.460     16.431      0.000    -65.700    300.000     0.0000     0.0000 
  26.100     25.744     43.270    -56.062    -41.260     43.270     19.754      0.000    -65.700    300.000     0.0000     0.0000 
  26.400     27.134     42.070    -56.028    -41.262     42.070     24.668      0.000    -65.700    300.000     0.0000     0.0000 
  26.700     28.600     40.862    -55.994    -41.265     40.862     31.179      0.000    -65.700    300.000     0.0000     0.0000 
  27.000     30.067     39.655    -55.961    -41.266     39.655     39.253      0.000    -65.700    300.000     0.0000     0.0000 
  27.300     31.533     38.451    -55.929    -41.268     38.451     48.790      0.000    -65.700    300.000     0.0000     0.0000 
  27.600     32.999     37.252    -55.897    -41.269     37.252     59.618      0.000    -65.700    300.000     0.0000     0.0000 
  27.900     34.466     36.063    -55.867    -41.270     36.063     71.482      0.000    -65.700    300.000     0.0000     0.0000 
  28.200     35.932     34.891    -55.837    -41.271     34.891     84.054      0.000    -65.700    300.000     0.0000     0.0000 
  28.500     37.397     33.735    -55.808    -41.272     33.735     96.937      0.000    -65.700    300.000     0.0000     0.0000 
  28.800     38.863     32.597    -55.779    -41.272     32.597    109.699      0.000    -65.700    300.000     0.0000     0.0000 
  29.100     40.329     31.481    -55.752    -41.273     31.481    121.896      0.000    -65.700    300.000     0.0000     0.0000 
  29.400     41.794     30.392    -55.725    -41.273     30.392    133.087      0.000    -65.700    300.000     0.0000     0.0000 
  29.700     43.260     29.329    -55.698    -41.273     29.329    142.874      0.000    -65.700    300.000     0.0000     0.0000 
  30.000     44.561     28.293    -55.673    -41.273     28.293    150.923      0.000    -65.700    300.000     0.0000     0.0000 
  30.300     45.828     27.286    -55.648    -41.273     27.286    156.950      0.000    -65.700    300.000     0.0000     0.0000 
  30.600     47.096     26.312    -55.623    -41.273     26.312    160.763      0.000    -65.700    300.000     0.0000     0.0000 
  30.900     48.363     25.371    -55.600    -41.273     25.371    162.270      0.000    -65.700    300.000     0.0000     0.0000 
  31.200     49.631     24.463    -55.577    -41.273     24.463    161.438      0.000    -65.700    300.000     0.0000     0.0000 
  31.500     50.899     23.591    -55.554    -41.273     23.591    158.336      0.000    -65.700    300.000     0.0000     0.0000 
  31.800     51.771     22.758    -55.532    -41.273     22.758    153.143      0.000    -65.700    300.000     0.0000     0.0000 
  32.100     52.643     21.963    -55.511    -41.272     21.963    146.084      0.000    -65.700    300.000     0.0000     0.0000 
  32.400     53.515     21.208    -55.490    -41.272     21.208    137.453      0.000    -65.700    300.000     0.0000     0.0000 
  32.700     54.387     20.493    -55.469    -41.272     20.493    127.605      0.000    -65.700    300.000     0.0000     0.0000 
  33.000     55.259     19.822    -55.450    -41.272     19.822    116.931      0.000    -65.700    300.000     0.0000     0.0000 
  33.300     56.041     19.194    -55.430    -41.271     19.194    105.808      0.000    -65.700    300.000     0.0000     0.0000 
  33.600     56.371     18.611    -55.412    -41.271     18.611     94.613      0.000    -65.700    300.000     0.0000     0.0000 
  33.900     56.701     18.071    -55.393    -41.271     18.071     83.700      0.000    -65.700    300.000     0.0000     0.0000 
  34.200     57.031     17.576    -55.376    -41.270     17.576     73.384      0.000    -65.700    300.000     0.0000     0.0000 
  34.500     57.361     17.128    -55.358    -41.270     17.128     63.916      0.000    -65.700    300.000     0.0000     0.0000 
  34.800     57.691     16.726    -55.341    -41.270     16.726     55.499      0.000    -65.700    300.000     0.0000     0.0000 
  35.100     57.778     16.371    -55.325    -41.270     16.371     48.292      0.000    -65.700    300.000     0.0000     0.0000 
  35.400     57.376     16.062    -55.309    -41.269     16.062     42.396      0.000    -65.700    300.000     0.0000     0.0000 
  35.700     56.975     15.799    -55.293    -41.269     15.799     37.883      0.000    -65.700    300.000     0.0000     0.0000 
  36.000     56.573     15.585    -55.278    -41.269     15.585     34.804      0.000    -65.700    300.000     0.0000     0.0000 
  36.300     56.172     15.417    -55.263    -41.269     15.417     33.187      0.000    -65.700    300.000     0.0000     0.0000 
  36.600     55.770     15.296    -55.249    -41.269     15.296     33.042      0.000    -65.700    300.000     0.0000     0.0000 
  36.900     55.369     15.221    -55.235    -41.268     15.221     34.360      0.000    -65.700    300.000     0.0000     0.0000 
  37.200     54.967     15.193    -55.221    -41.268     15.193     37.105      0.000    -65.700    300.000     0.0000     0.0000 
  37.500     54.566     15.211    -55.208    -41.268     15.211     41.216      0.000    -65.700    300.000     0.0000     0.0000 
  37.800     53.698     15.275    -55.195    -41.268     15.275     46.597      0.000    -65.700    300.000     0.0000     0.0000 
  38.100     52.598     15.384    -55.183    -41.268     15.384     53.117      0.000    -65.700    300.000     0.0000     0.0000 
  38.400     51.497     15.536    -55.171    -41.268     15.536     60.608      0.000    -65.700    300.000     0.0000     0.0000 
  38.700     50.397     15.730    -55.159    -41.268     15.730     68.863      0.000    -65.700    300.000     0.0000     0.0000 
  39.000     49.296     15.967    -55.147    -41.268     15.967     77.645      0.000    -65.700    300.000     0.0000     0.0000 
  39.300     48.196     16.245    -55.136    -41.267     16.245     86.696      0.000    -65.700    300.000     0.0000     0.0000 
  39.600     47.096     16.562    -55.125    -41.267     16.562     95.741      0.000    -65.700    300.000     0.0000     0.0000 
  39.900     45.995     16.917    -55.115    -41.267     16.917    104.503      0.000    -65.700    300.000     0.0000     0.0000 
  40.200     44.895     17.308    -55.104    -41.267     17.308    112.721      0.000    -65.700    300.000     0.0000     0.0000 
  40.500     43.498     17.733    -55.094    -41.267     17.733    120.156      0.000    -65.700    300.000     0.0000     0.0000 
  40.800     42.101     18.191    -55.084    -41.267     18.191    126.593      0.000    -65.700    300.000     0.0000     0.0000 
  41.100     40.704     18.680    -55.075    -41.267     18.680    131.859      0.000    -65.700    300.000     0.0000     0.0000 
  41.400     39.307     19.198    -55.066    -41.267     19.198    135.824      0.000    -65.700    300.000     0.0000     0.0000 
  41.700     37.910     19.743    -55.057    -41.267     19.743    138.387      0.000    -65.700    300.000     0.0000     0.0000 
  42.000     36.513     20.312    -55.048    -41.267     20.312    139.489      0.000    -65.700    300.000     0.0000     0.0000 
  42.300     35.116     20.902    -55.039    -41.267     20.902    139.130      0.000    -65.700    300.000     0.0000     0.0000 
  42.600     33.720     21.514    -55.031    -41.267     21.514    137.337      0.000    -65.700    300.000     0.0000     0.0000 
  42.900     32.361     22.143    -55.023    -41.267     22.143    134.178      0.000    -65.700    300.000     0.0000     0.0000 
  43.200     31.080     22.787    -55.015    -41.267     22.787    129.768      0.000    -65.700    300.000     0.0000     0.0000 
  43.500     29.799     23.444    -55.008    -41.267     23.444    124.265      0.000    -65.700    300.000     0.0000     0.0000 
  43.800     28.517     24.111    -55.001    -41.267     24.111    117.867      0.000    -65.700    300.000     0.0000     0.0000 
  44.100     27.236     24.785    -54.993    -41.267     24.785    110.782      0.000    -65.700    300.000     0.0000     0.0000 
  44.400     25.955     25.465    -54.986    -41.267     25.465    103.241      0.000    -65.700    300.000     0.0000     0.0000 
  44.700     24.673     26.148    -54.980    -41.267     26.148     95.488      0.000    -65.700    300.000     0.0000     0.0000 
  45.000     23.392     26.832    -54.973    -41.267     26.832     87.763      0.000    -65.700    300.000     0.0000     0.0000 
  45.300     22.111     27.514    -54.967    -41.267     27.514     80.302      0.000    -65.700    300.000     0.0000     0.0000 
  45.600     21.070     28.192    -54.961    -41.267     28.192     73.308      0.000    -65.700    300.000     0.0000     0.0000 
  45.900     20.149     28.863    -54.955    -41.267     28.863     66.954      0.000    -65.700    300.000     0.0000     0.0000 
  46.200     19.227     29.525    -54.949    -41.267     29.525     61.392      0.000    -65.700    300.000     0.0000     0.0000 
  46.500     18.306     30.176    -54.943    -41.267     30.176     56.739      0.000    -65.700    300.000     0.0000     0.0000 
  46.800     17.385     30.814    -54.937    -41.267     30.814     53.090      0.000    -65.700    300.000     0.0000     0.0000 
  47.100     16.464     31.437    -54.932    -41.267     31.437     50.513      0.000    -65.700    300.000     0.0000     0.0000 
  47.400     15.543     32.043    -54.927    -41.267     32.043     49.050      0.000    -65.700    300.000     0.0000     0.0000 
  47.700     14.622     32.630    -54.922    -41.267     32.630     48.723      0.000    -65.700    300.000     0.0000     0.0000 
  48.000     13.701     33.197    -54.917    -41.267     33.197     49.526      0.000    -65.700    300.000     0.0000     0.0000 
  48.300     13.181     33.741    -54.912    -41.267     33.741     51.428      0.000    -65.700    300.000     0.0000     0.0000 
  48.600     12.662     34.262    -54.908    -41.267     34.262     54.370      0.000    -65.700    300.000     0.0000     0.0000 
  48.900     12.142     34.758    -54.903    -41.267     34.758     58.265      0.000    -65.700    300.000     0.0000     0.0000 
  49.200     11.623     35.227    -54.899    -41.267     35.227     62.997      0.000    -65.700    300.000     0.0000     0.0000 
  49.500     11.103     35.669    -54.894    -41.267     35.669     68.425      0.000    -65.700    300.000     0.0000     0.0000 
  49.800     10.584     36.083    -54.890    -41.267     36.083     74.383      0.000    -65.700    300.000     0.0000     0.0000 
  50.100     10.064     36.468    -54.886    -41.267     36.468     80.690      0.000    -65.700    300.000     0.0000     0.0000 
  50.400      9.545     36.822    -54.883    -41.267     36.822     87.154      0.000    -65.700    300.000     0.0000     0.0000 
  50.700      9.131     37.146    -54.879    -41.267     37.146     93.580      0.000    -65.700    300.000     0.0000     0.0000 
  51.000      8.927     37.439    -54.875    -41.267     37.439     99.776      0.000    -65.700    300.000     0.0000     0.0000 
  51.300      8.723     37.700    -54.872    -41.267     37.700    105.567      0.000    -65.700    300.000     0.0000     0.0000 
  51.600      8.519     37.929    -54.868    -41.267     37.929    110.795      0.000    -65.700    300.000     0.0000     0.0000 
  51.900      8.315     38.126    -54.865    -41.267     38.126    115.324      0.000    -65.700    300.000     0.0000     0.0000 
  52.200      8.111     38.292    -54.862    -41.267     38.292    119.041      0.000    -65.700    300.000     0.0000     0.0000 
  52.500      7.907     38.426    -54.858    -41.267     38.426    121.864      0.000    -65.700    300.000     0.0000     0.0000 
  52.800      7.703     38.528    -54.855    -41.267     38.528    123.735      0.000    -65.700    300.000     0.0000     0.0000 
  53.100      7.499     38.599    -54.852    -41.267     38.599    124.615      0.000    -65.700    300.000     0.0000     0.0000 
  53.400      7.426     38.638    -54.850    -41.267     38.638    124.495      0.000    -65.700    300.000     0.0000     0.0000 
  53.700      7.420     38.648    -54.847    -41.267     38.648    123.389      0.000    -65.700    300.000     0.0000     0.0000 
  54.000      7.414     38.627    -54.844    -41.267     38.627    121.348      0.000    -65.700    300.000     0.0000     0.0000 
  54.300      7.408     38.578    -54.841    -41.267     38.578    118.438      0.000    -65.700    300.000     0.0000     0.0000 
  54.600      7.402     38.500    -54.839    -41.267     38.500    114.752      0.000    -65.700    300.000     0.0000     0.0000 
  54.900      7.396     38.395    -54.836    -41.267     38.395    110.408      0.000    -65.700    300.000     0.0000     0.0000 
  55.200      7.389     38.263    -54.834    -41.267     38.263    105.543      0.000    -65.700    300.000     0.0000     0.0000 
  55.500      7.383     38.106    -54.832    -41.267     38.106    100.312      0.000    -65.700    300.000     0.0000     0.0000 
  55.800      7.377     37.925    -54.829    -41.267     37.925     94.882      0.000    -65.700    300.000     0.0000     0.0000 
  56.100      7.477     37.720    -54.827    -41.267     37.720     89.423      0.000    -65.700    300.000     0.0000     0.0000 
  56.400      7.577     37.493    -54.825    -41.267     37.493     84.092      0.000    -65.700    300.000     0.0000     0.0000 
  56.700      7.676     37.244    -54.823    -41.267     37.244     79.041      0.000    -65.700    300.000     0.0000     0.0000 
  57.000      7.776     36.977    -54.821    -41.267     36.977     74.404      0.000    -65.700    300.000     0.0000     0.0000 
  57.300      7.876     36.690    -54.819    -41.267     36.690     70.300      0.000    -65.700    300.000     0.0000     0.0000 
  57.600      7.976     36.387    -54.817    -41.267     36.387     66.825      0.000    -65.700    300.000     0.0000     0.0000 
  57.900      8.075     36.068    -54.815    -41.267     36.068     64.056      0.000    -65.700    300.000     0.0000     0.0000 
  58.200      8.175     35.735    -54.814    -41.267     35.735     62.053      0.000    -65.700    300.000     0.0000     0.0000 
  58.500      8.292     35.389    -54.812    -41.267     35.389     60.853      0.000    -65.700    300.000     0.0000     0.0000 
  58.800      8.444     35.031    -54.810    -41.267     35.031     60.478      0.000    -65.700    300.000     0.0000     0.0000 
  59.100      8.596     34.663    -54.809    -41.267     34.663     60.927      0.000    -65.700    300.000     0.0000     0.0000 
  59.400      8.747     34.287    -54.807    -41.267     34.287     62.180      0.000    -65.700    300.000     0.0000     0.0000 
  59.700      8.899     33.903    -54.806    -41.267     33.903     64.194      0.000    -65.700    300.000     0.0000     0.0000 
  60.000      9.051     33.513    -54.804    -41.267     33.513     66.905      0.000    -65.700    300.000     0.0000     0.0000 
  60.300      9.202     33.119    -54.803    -41.267     33.119     70.227      0.000    -65.700    300.000     0.0000     0.0000 
  60.600      9.354     32.722    -54.801    -41.267     32.722     74.058      0.000    -65.700    300.000     0.0000     0.0000 
  60.900      9.505     32.323    -54.800    -41.267     32.323     78.278      0.000    -65.700    300.000     0.0000     0.0000 
  61.200      9.674     31.923    -54.799    -41.267     31.923     82.754      0.000    -65.700    300.000     0.0000     0.0000 
  61.500      9.851     31.525    -54.797    -41.267     31.525     87.347      0.000    -65.700    300.000     0.0000     0.0000 
  61.800     10.028     31.128    -54.796    -41.267     31.128     91.920      0.000    -65.700    300.000     0.0000     0.0000 
  62.100     10.205     30.735    -54.795    -41.267     30.735     96.338      0.000    -65.700    300.000     0.0000     0.0000 
  62.400     10.382     30.347    -54.794    -41.267     30.347    100.474      0.000    -65.700    300.000     0.0000     0.0000 
  62.700     10.559     29.965    -54.793    -41.267     29.965    104.217      0.000    -65.700    300.000     0.0000     0.0000 
  63.000     10.736     29.589    -54.792    -41.267     29.589    107.475      0.000    -65.700    300.000     0.0000     0.0000 
  63.300     10.913     29.222    -54.791    -41.267     29.222    110.169      0.000    -65.700    300.000     0.0000     0.0000 
  63.600     11.090     28.863    -54.789    -41.267     28.863    112.237      0.000    -65.700    300.000     0.0000     0.0000 
  63.900     11.280     28.515    -54.788    -41.267     28.515    113.639      0.000    -65.700    300.000     0.0000     0.0000 
  64.200     11.470     28.178    -54.788    -41.267     28.178    114.352      0.000    -65.700    300.000     0.0000     0.0000 
  64.500     11.660     27.853    -54.787    -41.267     27.853    114.367      0.000    -65.700    300.000     0.0000     0.0000 
  64.800     11.850     27.540    -54.786    -41.267     27.540    113.690      0.000    -65.700    300.000     0.0000     0.0000 
  65.100     12.039     27.241    -54.785    -41.267     27.241    112.349      0.000    -65.700    300.000     0.0000     0.0000 
  65.400     12.229     26.957    -54.784    -41.267     26.957    110.387      0.000    -65.700    300.000     0.0000     0.0000 
  65.700     12.419     26.687    -54.783    -41.267     26.687    107.866      0.000    -65.700    300.000     0.0000     0.0000 
  66.000     12.609     26.433    -54.782    -41.267     26.433    104.867      0.000    -65.700    300.000     0.0000     0.0000 
  66.300     12.801     26.195    -54.782    -41.267     26.195    101.484      0.000    -65.700    300.000     0.0000     0.0000 
  66.600     12.997     25.973    -54.781    -41.267     25.973     97.826      0.000    -65.700    300.000     0.0000     0.0000 
  66.900     13.192     25.768    -54.780    -41.267     25.768     94.007      0.000    -65.700    300.000     0.0000     0.0000 
  67.200     13.388     25.581    -54.779    -41.267     25.581     90.142      0.000    -65.700    300.000     0.0000     0.0000 
  67.500     13.584     25.411    -54.779    -41.267     25.411     86.346      0.000    -65.700    300.000     0.0000     0.0000 
  67.800     13.779     25.259    -54.778    -41.267     25.259     82.726      0.000    -65.700    300.000     0.0000     0.0000 
  68.100     13.975     25.125    -54.777    -41.267     25.125     79.382      0.000    -65.700    300.000     0.0000     0.0000 
  68.400     14.171     25.009    -54.777    -41.267     25.009     76.400      0.000    -65.700    300.000     0.0000     0.0000 
  68.700     14.367     24.912    -54.776    -41.267     24.912     73.852      0.000    -65.700    300.000     0.0000     0.0000 
  69.000     14.562     24.832    -54.776    -41.267     24.832     71.796      0.000    -65.700    300.000     0.0000     0.0000 
  69.300     14.758     24.770    -54.775    -41.267     24.770     70.279      0.000    -65.700    300.000     0.0000     0.0000 
  69.600     14.954     24.727    -54.774    -41.267     24.727     69.332      0.000    -65.700    300.000     0.0000     0.0000 
  69.900     15.150     24.701    -54.774    -41.267     24.701     68.972      0.000    -65.700    300.000     0.0000     0.0000 
  70.200     15.346     24.692    -54.773    -41.267     24.692     69.202      0.000    -65.700    300.000     0.0000     0.0000 
  70.500     15.542     24.701    -54.773    -41.267     24.701     70.009      0.000    -65.700    300.000     0.0000     0.0000 
  70.800     15.738     24.726    -54.772    -41.267     24.726     71.365      0.000    -65.700    300.000     0.0000     0.0000 
  71.100     15.934     24.768    -54.772    -41.267     24.768     73.227      0.000    -65.700    300.000     0.0000     0.0000 
  71.400     16.130     24.826    -54.772    -41.267     24.826     75.533      0.000    -65.700    300.000     0.0000     0.0000 
  71.700     16.321     24.899    -54.771    -41.267     24.899     78.212      0.000    -65.700    300.000     0.0000     0.0000 
  72.000     16.512     24.987    -54.771    -41.267     24.987     81.178      0.000    -65.700    300.000     0.0000     0.0000 
  72.300     16.703     25.090    -54.770    -41.267     25.090     84.339      0.000    -65.700    300.000     0.0000     0.0000 
  72.600     16.894     25.206    -54.770    -41.267     25.206     87.595      0.000    -65.700    300.000     0.0000     0.0000 
  72.900     17.084     25.336    -54.769    -41.267     25.336     90.848      0.000    -65.700    300.000     0.0000     0.0000 
  73.200     17.275     25.478    -54.769    -41.267     25.478     94.002      0.000    -65.700    300.000     0.0000     0.0000 
  73.500     17.466     25.631    -54.769    -41.267     25.631     96.966      0.000    -65.700    300.000     0.0000     0.0000 
  73.800     17.657     25.796    -54.768    -41.267     25.796     99.662      0.000    -65.700    300.000     0.0000     0.0000 
  74.100     17.845     25.971    -54.768    -41.267     25.971    102.020      0.000    -65.700    300.000     0.0000     0.0000 
  74.400     18.025     26.155    -54.768    -41.267     26.155    103.986      0.000    -65.700    300.000     0.0000     0.0000 
  74.700     18.206     26.348    -54.767    -41.267     26.348    105.515      0.000    -65.700    300.000     0.0000     0.0000 
  75.000     18.386     26.549    -54.767    -41.267     26.549    106.575      0.000    -65.700    300.000     0.0000     0.0000 
  75.300     18.567     26.757    -54.767    -41.267     26.757    107.148      0.000    -65.700    300.000     0.0000     0.0000 
  75.600     18.747     26.971    -54.766    -41.267     26.971    107.225      0.000    -65.700    300.000     0.0000     0.0000 
  75.900     18.928     27.191    -54.766    -41.267     27.191    106.814      0.000    -65.700    300.000     0.0000     0.0000 
  76.200     19.108     27.415    -54.766    -41.267     27.415    105.931      0.000    -65.700    300.000     0.0000     0.0000 
  76.500     19.289     27.643    -54.765    -41.267     27.643    104.607      0.000    -65.700    300.000     0.0000     0.0000 
  76.800     19.459     27.874    -54.765    -41.267     27.874    102.883      0.000    -65.700    300.000     0.0000     0.0000 
  77.100     19.625     28.107    -54.765    -41.267     28.107    100.814      0.000    -65.700    300.000     0.0000     0.0000 
  77.400     19.790     28.341    -54.765    -41.267     28.341     98.464      0.000    -65.700    300.000     0.0000     0.0000 
  77.700     19.955     28.575    -54.764    -41.267     28.575     95.904      0.000    -65.700    300.000     0.0000     0.0000 
  78.000     20.121     28.810    -54.764    -41.267     28.810     93.211      0.000    -65.700    300.000     0.0000     0.0000 
  78.300     20.286     29.043    -54.764    -41.267     29.043     90.470      0.000    -65.700    300.000     0.0000     0.0000 
  78.600     20.451     29.274    -54.764    -41.267     29.274     87.760      0.000    -65.700    300.000     0.0000     0.0000 
  78.900     20.617     29.503    -54.763    -41.267     29.503     85.163      0.000    -65.700    300.000     0.0000     0.0000 
  79.200     20.782     29.729    -54.763    -41.267     29.729     82.749      0.000    -65.700    300.000     0.0000     0.0000 
  79.500     20.928     29.950    -54.763    -41.267     29.950     80.582      0.000    -65.700    300.000     0.0000     0.0000 
  79.800     21.074     30.167    -54.763    -41.267     30.167     78.717      0.000    -65.700    300.000     0.0000     0.0000 
  80.100     21.220     30.379    -54.763    -41.267     30.379     77.198      0.000    -65.700    300.000     0.0000     0.0000 
  80.400     21.365     30.584    -54.762    -41.267     30.584     76.058      0.000    -65.700    300.000     0.0000     0.0000 
  80.700     21.511     30.783    -54.762    -41.267     30.783     75.323      0.000    -65.700    300.000     0.0000     0.0000 
  81.000     21.657     30.976    -54.762    -41.267     30.976     75.006      0.000    -65.700    300.000     0.0000     0.0000 
  81.300     21.803     31.161    -54.762    -41.267     31.161     75.110      0.000    -65.700    300.000     0.0000     0.0000 
  81.600     21.949     31.337    -54.762    -41.267     31.337     75.626      0.000    -65.700    300.000     0.0000     0.0000 
  81.900     22.087     31.506    -54.761    -41.267     31.506     76.537      0.000    -65.700    300.000     0.0000     0.0000 
  82.200     22.210     31.665    -54.761    -41.267     31.665     77.811      0.000    -65.700    300.000     0.0000     0.0000 
  82.500     22.333     31.816    -54.761    -41.267     31.816     79.408      0.000    -65.700    300.000     0.0000     0.0000 
  82.800     22.457     31.957    -54.761    -41.267     31.957     81.277      0.000    -65.700    300.000     0.0000     0.0000 
  83.100     22.580     32.088    -54.761    -41.267     32.088     83.359      0.000    -65.700    300.000     0.0000     0.0000 
  83.400     22.703     32.209    -54.761    -41.267     32.209     85.588      0.000    -65.700    300.000     0.0000     0.0000 
  83.700     22.826     32.320    -54.760    -41.267     32.320     87.894      0.000    -65.700    300.000     0.0000     0.0000 
  84.000     22.949     32.421    -54.760    -41.267     32.421     90.207      0.000    -65.700    300.000     0.0000     0.0000 
  84.300     23.072     32.511    -54.760    -41.267     32.511     92.459      0.000    -65.700    300.000     0.0000     0.0000 
  84.600     23.179     32.590    -54.760    -41.267     32.590     94.586      0.000    -65.700    300.000     0.0000     0.0000 
  84.900     23.277     32.659    -54.760    -41.267     32.659     96.528      0.000    -65.700    300.000     0.0000     0.0000 
  85.200     23.376     32.717    -54.760    -41.267     32.717     98.238      0.000    -65.700    300.000     0.0000     0.0000 
  85.500     23.474     32.764    -54.760    -41.267     32.764     99.675      0.000    -65.700    300.000     0.0000     0.0000 
  85.800     23.572     32.801    -54.760    -41.267     32.801    100.806      0.000    -65.700    300.000     0.0000     0.0000 
  86.100     23.671     32.827    -54.759    -41.267     32.827    101.608      0.000    -65.700    300.000     0.0000     0.0000 
  86.400     23.769     32.843    -54.759    -41.267     32.843    102.066      0.000    -65.700    300.000     0.0000     0.0000 
  86.700     23.867     32.848    -54.759    -41.267     32.848    102.173      0.000    -65.700    300.000     0.0000     0.0000 
  87.000     23.966     32.843    -54.759    -41.267     32.843    101.931      0.000    -65.700    300.000     0.0000     0.0000 
  87.300     24.040     32.829    -54.759    -41.267     32.829    101.351      0.000    -65.700    300.000     0.0000     0.0000 
  87.600     24.115     32.805    -54.759    -41.267     32.805    100.452      0.000    -65.700    300.000     0.0000     0.0000 
  87.900     24.190     32.771    -54.759    -41.267     32.771     99.265      0.000    -65.700    300.000     0.0000     0.0000 
  88.200     24.264     32.728    -54.759    -41.267     32.728     97.827      0.000    -65.700    300.000     0.0000     0.0000 
  88.500     24.339     32.677    -54.758    -41.267     32.677     96.183      0.000    -65.700    300.000     0.0000     0.0000 
  88.800     24.414     32.617    -54.758    -41.267     32.617     94.383      0.000    -65.700    300.000     0.0000     0.0000 
  89.100     24.489     32.548    -54.758    -41.267     32.548     92.483      0.000    -65.700    300.000     0.0000     0.0000 
  89.400     24.549     32.473    -54.758    -41.267     32.473     90.540      0.000    -65.700    300.000     0.0000     0.0000 
  89.700     24.603     32.390    -54.758    -41.267     32.390     88.614      0.000    -65.700    300.000     0.0000     0.0000 
  90.000     24.656     32.300    -54.758    -41.267     32.300     86.759      0.000    -65.700    300.000     0.0000     0.0000 
  90.300     24.710     32.203    -54.758    -41.267     32.203     85.027      0.000    -65.700    300.000     0.0000     0.0000 
  90.600     24.763     32.101    -54.758    -41.267     32.101     83.464      0.000    -65.700    300.000     0.0000     0.0000 
  90.900     24.816     31.993    -54.758    -41.267     31.993     82.109      0.000    -65.700    300.000     0.0000     0.0000 
  91.200     24.870     31.880    -54.758    -41.267     31.880     80.994      0.000    -65.700    300.000     0.0000     0.0000 
  91.500     24.917     31.762    -54.757    -41.267     31.762     80.145      0.000    -65.700    300.000     0.0000     0.0000 
  91.800     24.950     31.640    -54.757    -41.267     31.640     79.580      0.000    -65.700    300.000     0.0000     0.0000 
  92.100     24.983     31.515    -54.757    -41.267     31.515     79.310      0.000    -65.700    300.000     0.0000     0.0000 
  92.400     25.016     31.386    -54.757    -41.267     31.386     79.339      0.000    -65.700    300.000     0.0000     0.0000 
  92.700     25.050     31.255    -54.757    -41.267     31.255     79.663      0.000    -65.700    300.000     0.0000     0.0000 
  93.000     25.083     31.121    -54.757    -41.267     31.121     80.269      0.000    -65.700    300.000     0.0000     0.0000 
  93.300     25.116     30.986    -54.757    -41.267     30.986     81.137      0.000    -65.700    300.000     0.0000     0.0000 
  93.600     25.150     30.850    -54.757    -41.267     30.850     82.239      0.000    -65.700    300.000     0.0000     0.0000 
  93.900     25.165     30.712    -54.757    -41.267     30.712     83.540      0.000    -65.700    300.000     0.0000     0.0000 
  94.200     25.180     30.575    -54.757    -41.267     30.575     84.999      0.000    -65.700    300.000     0.0000     0.0000 
  94.500     25.195     30.438    -54.757    -41.267     30.438     86.569      0.000    -65.700    300.000     0.0000     0.0000 
  94.800     25.210     30.301    -54.757    -41.267     30.301     88.202      0.000    -65.700    300.000     0.0000     0.0000 
  95.100     25.225     30.165    -54.756    -41.267     30.165     89.847      0.000    -65.700    300.000     0.0000     0.0000 
  95.400     25.240     30.031    -54.756    -41.267     30.031     91.454      0.000    -65.700    300.000     0.0000     0.0000 
  95.700     25.255     29.899    -54.756    -41.267     29.899     92.980      0.000    -65.700    300.000     0.0000     0.0000 
  96.000     25.259     29.769    -54.756    -41.267     29.769     94.381      0.000    -65.700    300.000     0.0000     0.0000 
  96.300     25.258     29.642    -54.756    -41.267     29.642     95.621      0.000    -65.700    300.000     0.0000     0.0000 
  96.600     25.257     29.518    -54.756    -41.267     29.518     96.670      0.000    -65.700    300.000     0.0000     0.0000 
  96.900     25.256     29.397    -54.756    -41.267     29.397     97.505      0.000    -65.700    300.000     0.0000     0.0000 
  97.200     25.255     29.280    -54.756    -41.267     29.280     98.108      0.000    -65.700    300.000     0.0000     0.0000 
  97.500     25.255     29.167    -54.756    -41.267     29.167     98.469      0.000    -65.700    300.000     0.0000     0.0000 
  97.800     25.254     29.059    -54.756    -41.267     29.059     98.580      0.000    -65.700    300.000     0.0000     0.0000 
  98.100     25.248     28.955    -54.756    -41.267     28.955     98.444      0.000    -65.700    300.000     0.0000     0.0000 
  98.400     25.234     28.856    -54.756    -41.267     28.856     98.068      0.000    -65.700    300.000     0.0000     0.0000 
  98.700     25.220     28.762    -54.756    -41.267     28.762     97.464      0.000    -65.700    300.000     0.0000     0.0000 
  99.000     25.206     28.673    -54.756    -41.267     28.673     96.652      0.000    -65.700    300.000     0.0000     0.0000 
  99.300     25.192     28.590    -54.755    -41.267     28.590     95.658      0.000    -65.700    300.000     0.0000     0.0000 
  99.600     25.178     28.513    -54.755    -41.267     28.513     94.511      0.000    -65.700    300.000     0.0000     0.0000 
  99.900     25.164     28.442    -54.755    -41.267     28.442     93.246      0.000    -65.700    300.000     0.0000     0.0000 
 100.200     25.150     28.376    -54.755    -41.267     28.376     91.902      0.000    -65.700    300.000     0.0000     0.0000 
 100.500     25.126     28.317    -54.755    -41.267     28.317     90.522      0.000    -65.700    300.000     0.0000     0.0000 
 100.800     25.102     28.264    -54.755    -41.267     28.264     89.146      0.000    -65.700    300.000     0.0000     0.0000 
 101.100     25.078     28.217    -54.755    -41.267     28.217     87.815      0.000    -65.700    300.000     0.0000     0.0000 
 101.400     25.054     28.176    -54.755    -41.267     28.176     86.567      0.000    -65.700    300.000     0.0000     0.0000 
 101.700     25.030     28.142    -54.755    -41.267     28.142     85.435      0.000    -65.700    300.000     0.0000     0.0000 
 102.000     25.006     28.113    -54.755    -41.267     28.113     84.448      0.000    -65.700    300.000     0.0000     0.0000 
 102.300     24.982     28.091    -54.755    -41.267     28.091     83.629      0.000    -65.700    300.000     0.0000     0.0000 
 102.600     24.953     28.076    -54.755    -41.267     28.076     82.999      0.000    -65.700    300.000     0.0000     0.0000 
 102.900     24.922     28.066    -54.755    -41.267     28.066     82.569      0.000    -65.700    300.000     0.0000     0.0000 
 103.200     24.890     28.062    -54.755    -41.267     28.062     82.349      0.000    -65.700    300.000     0.0000     0.0000 
 103.500     24.859     28.065    -54.755    -41.267     28.065     82.341      0.000    -65.700    300.000     0.0000     0.0000 
 103.800     24.828     28.073    -54.755    -41.267     28.073     82.543      0.000    -65.700    300.000     0.0000     0.0000 
 104.100     24.797     28.087    -54.754    -41.267     28.087     82.948      0.000    -65.700    300.000     0.0000     0.0000 
 104.400     24.766     28.106    -54.754    -41.267     28.106     83.540      0.000    -65.700    300.000     0.0000     0.0000 
 104.700     24.733     28.131    -54.754    -41.267     28.131     84.301      0.000    -65.700    300.000     0.0000     0.0000 
 105.000     24.698     28.161    -54.754    -41.267     28.161     85.207      0.000    -65.700    300.000     0.0000     0.0000 
 105.300     24.662     28.195    -54.754    -41.267     28.195     86.230      0.000    -65.700    300.000     0.0000     0.0000 
 105.600     24.627     28.235    -54.754    -41.267     28.235     87.336      0.000    -65.700    300.000     0.0000     0.0000 
 105.900     24.592     28.279    -54.754    -41.267     28.279     88.491      0.000    -65.700    300.000     0.0000     0.0000 
 106.200     24.556     28.327    -54.754    -41.267     28.327     89.660      0.000    -65.700    300.000     0.0000     0.0000 
 106.500     24.521     28.380    -54.754    -41.267     28.380     90.808      0.000    -65.700    300.000     0.0000     0.0000 
 106.800     24.486     28.436    -54.754    -41.267     28.436     91.902      0.000    -65.700    300.000     0.0000     0.0000 
 107.100     24.449     28.496    -54.754    -41.267     28.496     92.912      0.000    -65.700    300.000     0.0000     0.0000 
 107.400     24.412     28.559    -54.754    -41.267     28.559     93.812      0.000    -65.700    300.000     0.0000     0.0000 
 107.700     24.375     28.625    -54.754    -41.267     28.625     94.578      0.000    -65.700    300.000     0.0000     0.0000 
 108.000     24.338     28.694    -54.754    -41.267     28.694     95.195      0.000    -65.700    300.000     0.0000     0.0000 
 108.300     24.301     28.765    -54.754    -41.267     28.765     95.647      0.000    -65.700    300.000     0.0000     0.0000 
 108.600     24.264     28.838    -54.754    -41.267     28.838     95.927      0.000    -65.700    300.000     0.0000     0.0000 
 108.900     24.227     28.914    -54.754    -41.267     28.914     96.030      0.000    -65.700    300.000     0.0000     0.0000 
 109.200     24.191     28.991    -54.753    -41.267     28.991     95.956      0.000    -65.700    300.000     0.0000     0.0000 
 109.500     24.155     29.069    -54.753    -41.267     29.069     95.710      0.000    -65.700    300.000     0.0000     0.0000 
 109.800     24.118     29.148    -54.753    -41.267     29.148     95.299      0.000    -65.700    300.000     0.0000     0.0000 
 110.100     24.082     29.228    -54.753    -41.267     29.228     94.739      0.000    -65.700    300.000     0.0000     0.0000 
 110.400     24.046     29.309    -54.753    -41.267     29.309     94.047      0.000    -65.700    300.000     0.0000     0.0000 
 110.700     24.009     29.389    -54.753    -41.267     29.389     93.244      0.000    -65.700    300.000     0.0000     0.0000 
 111.000     23.973     29.470    -54.753    -41.267     29.470     92.355      0.000    -65.700    300.000     0.0000     0.0000 
 111.300     23.938     29.550    -54.753    -41.267     29.550     91.409      0.000    -65.700    300.000     0.0000     0.0000 
 111.600     23.904     29.630    -54.753    -41.267     29.630     90.433      0.000    -65.700    300.000     0.0000     0.0000 
 111.900     23.869     29.708    -54.753    -41.267     29.708     89.457      0.000    -65.700    300.000     0.0000     0.0000 
 112.200     23.835     29.786    -54.753    -41.267     29.786     88.509      0.000    -65.700    300.000     0.0000     0.0000 
 112.500     23.801     29.862    -54.753    -41.267     29.862     87.617      0.000    -65.700    300.000     0.0000     0.0000 
 112.800     23.767     29.937    -54.753    -41.267     29.937     86.802      0.000    -65.700    300.000     0.0000     0.0000 
 113.100     23.733     30.010    -54.753    -41.267     30.010     86.087      0.000    -65.700    300.000     0.0000     0.0000 
 113.400     23.699     30.081    -54.753    -41.267     30.081     85.489      0.000    -65.700    300.000     0.0000     0.0000 
 113.700     23.669     30.150    -54.753    -41.267     30.150     85.022      0.000    -65.700    300.000     0.0000     0.0000 
 114.000     23.638     30.216    -54.753    -41.267     30.216     84.696      0.000    -65.700    300.000     0.0000     0.0000 
 114.300     23.607     30.280    -54.753    -41.267     30.280     84.517      0.000    -65.700    300.000     0.0000     0.0000 
 114.600     23.577     30.341    -54.752    -41.267     30.341     84.490      0.000    -65.700    300.000     0.0000     0.0000 
 114.900     23.546     30.399    -54.752    -41.267     30.399     84.612      0.000    -65.700    300.000     0.0000     0.0000 
 115.200     23.515     30.454    -54.752    -41.267     30.454     84.878      0.000    -65.700    300.000     0.0000     0.0000 
 115.500     23.485     30.506    -54.752    -41.267     30.506     85.280      0.000    -65.700    300.000     0.0000     0.0000 
 115.800     23.457     30.555    -54.752    -41.267     30.555     85.805      0.000    -65.700    300.000     0.0000     0.0000 
 116.100     23.430     30.601    -54.752    -41.267     30.601     86.435      0.000    -65.700    300.000     0.0000     0.0000 
 116.400     23.403     30.643    -54.752    -41.267     30.643     87.151      0.000    -65.700    300.000     0.0000     0.0000 
 116.700     23.376     30.682    -54.752    -41.267     30.682     87.929      0.000    -65.700    300.000     0.0000     0.0000 
 117.000     23.350     30.717    -54.752    -41.267     30.717     88.747      0.000    -65.700    300.000     0.0000     0.0000 
 117.300     23.323     30.748    -54.752    -41.267     30.748     89.578      0.000    -65.700    300.000     0.0000     0.0000 
 117.600     23.296     30.776    -54.752    -41.267     30.776     90.398      0.000    -65.700    300.000     0.0000     0.0000 
 117.900     23.271     30.800    -54.752    -41.267     30.800     91.182      0.000    -65.700    300.000     0.0000     0.0000 
 118.200     23.248     30.820    -54.752    -41.267     30.820     91.910      0.000    -65.700    300.000     0.0000     0.0000 
 118.500     23.225     30.837    -54.752    -41.267     30.837     92.561      0.000    -65.700    300.000     0.0000     0.0000 
 118.800     23.202     30.850    -54.752    -41.267     30.850     93.121      0.000    -65.700    300.000     0.0000     0.0000 
 119.100     23.179     30.860    -54.752    -41.267     30.860     93.574      0.000    -65.700    300.000     0.0000     0.0000 
 119.400     23.157     30.866    -54.752    -41.267     30.866     93.912      0.000    -65.700    300.000     0.0000     0.0000 
 119.700     23.134     30.868    -54.752    -41.267     30.868     94.129      0.000    -65.700    300.000     0.0000     0.0000 
 120.000     23.111     30.867    -54.752    -41.267     30.867     94.219      0.000    -65.700    300.000     0.0000     0.0000 
 120.300     23.092     30.862    -54.751    -41.267     30.862     94.184      0.000    -65.700    300.000     0.0000     0.0000 
 120.600     23.073     30.855    -54.751    -41.267     30.855     94.025      0.000    -65.700    300.000     0.0000     0.0000 
 120.900     23.053     30.843    -54.751    -41.267     30.843     93.749      0.000    -65.700    300.000     0.0000     0.0000 
 121.200     23.034     30.829    -54.751    -41.267     30.829     93.365      0.000    -65.700    300.000     0.0000     0.0000 
 121.500     23.015     30.812    -54.751    -41.267     30.812     92.886      0.000    -65.700    300.000     0.0000     0.0000 
 121.800     22.996     30.792    -54.751    -41.267     30.792     92.325      0.000    -65.700    300.000     0.0000     0.0000 
 122.100     22.976     30.769    -54.751    -41.267     30.769     91.700      0.000    -65.700    300.000     0.0000     0.0000 
 122.400     22.959     30.743    -54.751    -41.267     30.743     91.031      0.000    -65.700    300.000     0.0000     0.0000 
 122.700     22.942     30.715    -54.751    -41.267     30.715     90.338      0.000    -65.700    300.000     0.0000     0.0000 
 123.000     22.926     30.684    -54.751    -41.267     30.684     89.641      0.000    -65.700    300.000     0.0000     0.0000 
 123.300     22.909     30.651    -54.751    -41.267     30.651     88.962      0.000    -65.700    300.000     0.0000     0.0000 
 123.600     22.893     30.616    -54.751    -41.267     30.616     88.319      0.000    -65.700    300.000     0.0000     0.0000 
 123.900     22.876     30.580    -54.751    -41.267     30.580     87.731      0.000    -65.700    300.000     0.0000     0.0000 
 124.200     22.860     30.541    -54.751    -41.267     30.541     87.211      0.000    -65.700    300.000     0.0000     0.0000 
 124.500     22.844     30.501    -54.751    -41.267     30.501     86.774      0.000    -65.700    300.000     0.0000     0.0000 
 124.800     22.829     30.459    -54.751    -41.267     30.459     86.429      0.000    -65.700    300.000     0.0000     0.0000 
 125.100     22.814     30.416    -54.751    -41.267     30.416     86.184      0.000    -65.700    300.000     0.0000     0.0000 
 125.400     22.800     30.372    -54.751    -41.267     30.372     86.043      0.000    -65.700    300.000     0.0000     0.0000 
 125.700     22.785     30.327    -54.751    -41.267     30.327     86.010      0.000    -65.700    300.000     0.0000     0.0000 
 126.000     22.770     30.281    -54.751    -41.267     30.281     86.083      0.000    -65.700    300.000     0.0000     0.0000 
 126.300     22.755     30.235    -54.750    -41.267     30.235     86.260      0.000    -65.700    300.000     0.0000     0.0000 
 126.600     22.740     30.188    -54.750    -41.267     30.188     86.534      0.000    -65.700    300.000     0.0000     0.0000 
 126.900     22.726     30.141    -54.750    -41.267     30.141     86.896      0.000    -65.700    300.000     0.0000     0.0000 
 127.200     22.712     30.093    -54.750    -41.267     30.093     87.335      0.000    -65.700    300.000     0.0000     0.0000 
 127.500     22.698     30.046    -54.750    -41.267     30.046     87.837      0.000    -65.700    300.000     0.0000     0.0000 
 127.800     22.683     29.999    -54.750    -41.267     29.999     88.385      0.000    -65.700    300.000     0.0000     0.0000 
 128.100     22.669     29.952    -54.750    -41.267     29.952     88.964      0.000    -65.700    300.000     0.0000     0.0000 
 128.400     22.655     29.906    -54.750    -41.267     29.906     89.555      0.000    -65.700    300.000     0.0000     0.0000 
 128.700     22.641     29.861    -54.750    -41.267     29.861     90.141      0.000    -65.700    300.000     0.0000     0.0000 
 129.000     22.626     29.816    -54.750    -41.267     29.816     90.703      0.000    -65.700    300.000     0.0000     0.0000 
 129.300     22.611     29.772    -54.750    -41.267     29.772     91.227      0.000    -65.700    300.000     0.0000     0.0000 
 129.600     22.596     29.729    -54.750    -41.267     29.729     91.699      0.000    -65.700    300.000     0.0000     0.0000 
 129.900     22.581     29.687    -54.750    -41.267     29.687     92.106      0.000    -65.700    300.000     0.0000     0.0000 
 130.200     22.566     29.647    -54.750    -41.267     29.647     92.440      0.000    -65.700    300.000     0.0000     0.0000 
 130.500     22.551     29.608    -54.750    -41.267     29.608     92.692      0.000    -65.700    300.000     0.0000     0.0000 
 130.800     22.536     29.570    -54.750    -41.267     29.570     92.858      0.000    -65.700    300.000     0.0000     0.0000 
 131.100     22.520     29.534    -54.750    -41.267     29.534     92.935      0.000    -65.700    300.000     0.0000     0.0000 
 131.400     22.503     29.500    -54.750    -41.267     29.500     92.922      0.000    -65.700    300.000     0.0000     0.0000 
 131.700     22.486     29.468    -54.750    -41.267     29.468     92.821      0.000    -65.700    300.000     0.0000     0.0000 
 132.000     22.469     29.437    -54.749    -41.267     29.437     92.636      0.000    -65.700    300.000     0.0000     0.0000 
 132.300     22.451     29.408    -54.749    -41.267     29.408     92.374      0.000    -65.700    300.000     0.0000     0.0000 
 132.600     22.434     29.381    -54.749    -41.267     29.381     92.041      0.000    -65.700    300.000     0.0000     0.0000 
 132.900     22.417     29.357    -54.749    -41.267     29.357     91.649      0.000    -65.700    300.000     0.0000     0.0000 
 133.200     22.400     29.334    -54.749    -41.267     29.334     91.209      0.000    -65.700    300.000     0.0000     0.0000 
 133.500     22.382     29.313    -54.749    -41.267     29.313     90.735      0.000    -65.700    300.000     0.0000     0.0000 
 133.800     22.365     29.295    -54.749    -41.267     29.295     90.242      0.000    -65.700    300.000     0.0000     0.0000 
 134.100     22.345     29.278    -54.749    -41.267     29.278     89.744      0.000    -65.700    300.000     0.0000     0.0000 
 134.400     22.324     29.264    -54.749    -41.267     29.264     89.256      0.000    -65.700    300.000     0.0000     0.0000 
 134.700     22.303     29.252    -54.749    -41.267     29.252     88.793      0.000    -65.700    300.000     0.0000     0.0000 
 135.000     22.281     29.242    -54.749    -41.267     29.242     88.367      0.000    -65.700    300.000     0.0000     0.0000 
 135.300     22.260     29.234    -54.749    -41.267     29.234     87.989      0.000    -65.700    300.000     0.0000     0.0000 
 135.600     22.238     29.228    -54.749    -41.267     29.228     87.670      0.000    -65.700    300.000     0.0000     0.0000 
 135.900     22.217     29.225    -54.749    -41.267     29.225     87.415      0.000    -65.700    300.000     0.0000     0.0000 
 136.200     22.196     29.223    -54.749    -41.267     29.223     87.231      0.000    -65.700    300.000     0.0000     0.0000 
 136.500     22.174     29.224    -54.749    -41.267     29.224     87.122      0.000    -65.700    300.000     0.0000     0.0000 
 136.800     22.153     29.226    -54.749    -41.267     29.226     87.089      0.000    -65.700    300.000     0.0000     0.0000 
 137.100     22.126     29.231    -54.749    -41.267     29.231     87.132      0.000    -65.700    300.000     0.0000     0.0000 
 137.400     22.100     29.237    -54.749    -41.267     29.237     87.249      0.000    -65.700    300.000     0.0000     0.0000 
 137.700     22.073     29.245    -54.749    -41.267     29.245     87.436      0.000    -65.700    300.000     0.0000     0.0000 
 138.000     22.046     29.255    -54.748    -41.267     29.255     87.686      0.000    -65.700    300.000     0.0000     0.0000 
 138.300     22.020     29.267    -54.748    -41.267     29.267     87.993      0.000    -65.700    300.000     0.0000     0.0000 
 138.600     21.993     29.280    -54.748    -41.267     29.280     88.345      0.000    -65.700    300.000     0.0000     0.0000 
 138.900     21.966     29.295    -54.748    -41.267     29.295     88.732      0.000    -65.700    300.000     0.0000     0.0000 
 139.200     21.940     29.312    -54.748    -41.267     29.312     89.143      0.000    -65.700    300.000     0.0000     0.0000 
 139.500     21.913     29.330    -54.748    -41.267     29.330     89.563      0.000    -65.700    300.000     0.0000     0.0000 
 139.800     21.885     29.349    -54.748    -41.267     29.349     89.982      0.000    -65.700    300.000     0.0000     0.0000 
 140.100     21.852     29.369    -54.748    -41.267     29.369     90.386      0.000    -65.700    300.000     0.0000     0.0000 
 140.400     21.820     29.391    -54.748    -41.267     29.391     90.763      0.000    -65.700    300.000     0.0000     0.0000 
 140.700     21.787     29.413    -54.748    -41.267     29.413     91.105      0.000    -65.700    300.000     0.0000     0.0000 
 141.000     21.755     29.437    -54.748    -41.267     29.437     91.401      0.000    -65.700    300.000     0.0000     0.0000 
 141.300     21.722     29.461    -54.748    -41.267     29.461     91.646      0.000    -65.700    300.000     0.0000     0.0000 
 141.600     21.690     29.486    -54.748    -41.267     29.486     91.833      0.000    -65.700    300.000     0.0000     0.0000 
 141.900     21.657     29.512    -54.748    -41.267     29.512     91.959      0.000    -65.700    300.000     0.0000     0.0000 
 142.200     21.625     29.539    -54.748    -41.267     29.539     92.022      0.000    -65.700    300.000     0.0000     0.0000 
 142.500     21.592     29.565    -54.748    -41.267     29.565     92.020      0.000    -65.700    300.000     0.0000     0.0000 
 142.800     21.556     29.593    -54.748    -41.267     29.593     91.955      0.000    -65.700    300.000     0.0000     0.0000 
 143.100     21.518     29.620    -54.748    -41.267     29.620     91.829      0.000    -65.700    300.000     0.0000     0.0000 
 143.400     21.480     29.648    -54.748    -41.267     29.648     91.647      0.000    -65.700    300.000     0.0000     0.0000 
 143.700     21.441     29.675    -54.748    -41.267     29.675     91.414      0.000    -65.700    300.000     0.0000     0.0000 
 144.000     21.403     29.703    -54.748    -41.267     29.703     91.139      0.000    -65.700    300.000     0.0000     0.0000 
 144.300     21.365     29.731    -54.747    -41.267     29.731     90.829      0.000    -65.700    300.000     0.0000     0.0000 
 144.600     21.327     29.758    -54.747    -41.267     29.758     90.494      0.000    -65.700    300.000     0.0000     0.0000 
 144.900     21.289     29.785    -54.747    -41.267     29.785     90.145      0.000    -65.700    300.000     0.0000     0.0000 
 145.200     21.250     29.812    -54.747    -41.267     29.812     89.792      0.000    -65.700    300.000     0.0000     0.0000 
 145.500     21.212     29.838    -54.747    -41.267     29.838     89.446      0.000    -65.700    300.000     0.0000     0.0000 
 145.800     21.169     29.864    -54.747    -41.267     29.864     89.115      0.000    -65.700    300.000     0.0000     0.0000 
 146.100     21.126     29.889    -54.747    -41.267     29.889     88.810      0.000    -65.700    300.000     0.0000     0.0000 
 146.400     21.082     29.914    -54.747    -41.267     29.914     88.537      0.000    -65.700    300.000     0.0000     0.0000 
 146.700     21.039     29.937    -54.747    -41.267     29.937     88.305      0.000    -65.700    300.000     0.0000     0.0000 
 147.000     20.996     29.960    -54.747    -41.267     29.960     88.117      0.000    -65.700    300.000     0.0000     0.0000 
 147.300     20.953     29.982    -54.747    -41.267     29.982     87.979      0.000    -65.700    300.000     0.0000     0.0000 
 147.600     20.909     30.004    -54.747    -41.267     30.004     87.894      0.000    -65.700    300.000     0.0000     0.0000 
 147.900     20.866     30.024    -54.747    -41.267     30.024     87.863      0.000    -65.700    300.000     0.0000     0.0000 
 148.200     20.823     30.043    -54.747    -41.267     30.043     87.886      0.000    -65.700    300.000     0.0000     0.0000 
 148.500     20.778     30.061    -54.747    -41.267     30.061     87.963      0.000    -65.700    300.000     0.0000     0.0000 
 148.800     20.731     30.078    -54.747    -41.267     30.078     88.089      0.000    -65.700    300.000     0.0000     0.0000 
 149.100     20.684     30.094    -54.747    -41.267     30.094     88.262      0.000    -65.700    300.000     0.0000     0.0000 
 149.400     20.637     30.108    -54.747    -41.267     30.108     88.475      0.000    -65.700    300.000     0.0000     0.0000 
 149.700     20.590     30.122    -54.747    -41.267     30.122     88.722      0.000    -65.700    300.000     0.0000     0.0000 
 150.000     20.543     30.134    -54.747    -41.267     30.134     88.996      0.000    -65.700    300.000     0.0000     0.0000 
 150.300     20.496     30.145    -54.746    -41.267     30.145     89.286      0.000    -65.700    300.000     0.0000     0.0000 
 150.600     20.449     30.155    -54.746    -41.267     30.155     89.586      0.000    -65.700    300.000     0.0000     0.0000 
 150.900     20.402     30.163    -54.746    -41.267     30.163     89.885      0.000    -65.700    300.000     0.0000     0.0000 
 151.200     20.355     30.170    -54.746    -41.267     30.170     90.175      0.000    -65.700    300.000     0.0000     0.0000 
 151.500     20.306     30.176    -54.746    -41.267     30.176     90.448      0.000    -65.700    300.000     0.0000     0.0000 
 151.800     20.257     30.181    -54.746    -41.267     30.181     90.695      0.000    -65.700    300.000     0.0000     0.0000 
 152.100     20.207     30.184    -54.746    -41.267     30.184     90.911      0.000    -65.700    300.000     0.0000     0.0000 
 152.400     20.158     30.187    -54.746    -41.267     30.187     91.090      0.000    -65.700    300.000     0.0000     0.0000 
 152.700     20.108     30.188    -54.746    -41.267     30.188     91.228      0.000    -65.700    300.000     0.0000     0.0000 
 153.000     20.059     30.187    -54.746    -41.267     30.187     91.323      0.000    -65.700    300.000     0.0000     0.0000 
 153.300     20.009     30.186    -54.746    -41.267     30.186     91.372      0.000    -65.700    300.000     0.0000     0.0000 
 153.600     19.960     30.183    -54.746    -41.267     30.183     91.375      0.000    -65.700    300.000     0.0000     0.0000 
 153.900     19.911     30.180    -54.746    -41.267     30.180     91.334      0.000    -65.700    300.000     0.0000     0.0000 
 154.200     19.861     30.175    -54.746    -41.267     30.175     91.249      0.000    -65.700    300.000     0.0000     0.0000 
 154.500     19.811     30.169    -54.746    -41.267     30.169     91.124      0.000    -65.700    300.000     0.0000     0.0000 
 154.800     19.761     30.162    -54.746    -41.267     30.162     90.963      0.000    -65.700    300.000     0.0000     0.0000 
 155.100     19.711     30.155    -54.746    -41.267     30.155     90.770      0.000    -65.700    300.000     0.0000     0.0000 
 155.400     19.661     30.146    -54.746    -41.267     30.146     90.553      0.000    -65.700    300.000     0.0000     0.0000 
 155.700     19.611     30.136    -54.746    -41.267     30.136     90.316      0.000    -65.700    300.000     0.0000     0.0000 
 156.000     19.561     30.126    -54.746    -41.267     30.126     90.069      0.000    -65.700    300.000     0.0000     0.0000 
 156.300     19.511     30.115    -54.746    -41.267     30.115     89.817      0.000    -65.700    300.000     0.0000     0.0000 
 156.600     19.461     30.103    -54.746    -41.267     30.103     89.569      0.000    -65.700    300.000     0.0000     0.0000 
 156.900     19.411     30.090    -54.745    -41.267     30.090     89.332      0.000    -65.700    300.000     0.0000     0.0000 
 157.200     19.361     30.077    -54.745    -41.267     30.077     89.111      0.000    -65.700    300.000     0.0000     0.0000 
 157.500     19.312     30.063    -54.745    -41.267     30.063     88.913      0.000    -65.700    300.000     0.0000     0.0000 
 157.800     19.263     30.049    -54.745    -41.267     30.049     88.743      0.000    -65.700    300.000     0.0000     0.0000 
 158.100     19.214     30.034    -54.745    -41.267     30.034     88.605      0.000    -65.700    300.000     0.0000     0.0000 
 158.400     19.165     30.019    -54.745    -41.267     30.019     88.502      0.000    -65.700    300.000     0.0000     0.0000 
 158.700     19.116     30.004    -54.745    -41.267     30.004     88.437      0.000    -65.700    300.000     0.0000     0.0000 
 159.000     19.067     29.988    -54.745    -41.267     29.988     88.410      0.000    -65.700    300.000     0.0000     0.0000 
 159.300     19.018     29.972    -54.745    -41.267     29.972     88.422      0.000    -65.700    300.000     0.0000     0.0000 
 159.600     18.970     29.956    -54.745    -41.267     29.956     88.472      0.000    -65.700    300.000     0.0000     0.0000 
 159.900     18.921     29.940    -54.745    -41.267     29.940     88.558      0.000    -65.700    300.000     0.0000     0.0000 
 160.200     18.874     29.923    -54.745    -41.267     29.923     88.678      0.000    -65.700    300.000     0.0000     0.0000 
 160.500     18.827     29.907    -54.745    -41.267     29.907     88.827      0.000    -65.700    300.000     0.0000     0.0000 
 160.800     18.781     29.891    -54.745    -41.267     29.891     89.001      0.000    -65.700    300.000     0.0000     0.0000 
 161.100     18.735     29.875    -54.745    -41.267     29.875     89.194      0.000    -65.700    300.000     0.0000     0.0000 
 161.400     18.689     29.859    -54.745    -41.267     29.859     89.401      0.000    -65.700    300.000     0.0000     0.0000 
 161.700     18.643     29.843    -54.745    -41.267     29.843     89.615      0.000    -65.700    300.000     0.0000     0.0000 
 162.000     18.596     29.828    -54.745    -41.267     29.828     89.829      0.000    -65.700    300.000     0.0000     0.0000 
 162.300     18.550     29.813    -54.745    -41.267     29.813     90.037      0.000    -65.700    300.000     0.0000     0.0000 
 162.600     18.504     29.798    -54.745    -41.267     29.798     90.234      0.000    -65.700    300.000     0.0000     0.0000 
 162.900     18.458     29.784    -54.745    -41.267     29.784     90.413      0.000    -65.700    300.000     0.0000     0.0000 
 163.200     18.416     29.770    -54.744    -41.267     29.770     90.570      0.000    -65.700    300.000     0.0000     0.0000 
 163.500     18.374     29.756    -54.744    -41.267     29.756     90.701      0.000    -65.700    300.000     0.0000     0.0000 
 163.800     18.332     29.743    -54.744    -41.267     29.743     90.804      0.000    -65.700    300.000     0.0000     0.0000 
 164.100     18.290     29.731    -54.744    -41.267     29.731     90.875      0.000    -65.700    300.000     0.0000     0.0000 
 164.400     18.248     29.719    -54.744    -41.267     29.719     90.914      0.000    -65.700    300.000     0.0000     0.0000 
 164.700     18.206     29.708    -54.744    -41.267     29.708     90.920      0.000    -65.700    300.000     0.0000     0.0000 
 165.000     18.164     29.697    -54.744    -41.267     29.697     90.894      0.000    -65.700    300.000     0.0000     0.0000 
 165.300     18.122     29.687    -54.744    -41.267     29.687     90.837      0.000    -65.700    300.000     0.0000     0.0000 
 165.600     18.080     29.678    -54.744    -41.267     29.678     90.751      0.000    -65.700    300.000     0.0000     0.0000 
 165.900     18.039     29.669    -54.744    -41.267     29.669     90.639      0.000    -65.700    300.000     0.0000     0.0000 
 166.200     18.003     29.661    -54.744    -41.267     29.661     90.503      0.000    -65.700    300.000     0.0000     0.0000 
 166.500     17.966     29.654    -54.744    -41.267     29.654     90.349      0.000    -65.700    300.000     0.0000     0.0000 
 166.800     17.929     29.647    -54.744    -41.267     29.647     90.182      0.000    -65.700    300.000     0.0000     0.0000 
 167.100     17.892     29.642    -54.744    -41.267     29.642     90.005      0.000    -65.700    300.000     0.0000     0.0000 
 167.400     17.856     29.637    -54.744    -41.267     29.637     89.824      0.000    -65.700    300.000     0.0000     0.0000 
 167.700     17.819     29.632    -54.744    -41.267     29.632     89.646      0.000    -65.700    300.000     0.0000     0.0000 
 168.000     17.782     29.629    -54.744    -41.267     29.629     89.474      0.000    -65.700    300.000     0.0000     0.0000 
 168.300     17.745     29.626    -54.744    -41.267     29.626     89.314      0.000    -65.700    300.000     0.0000     0.0000 
 168.600     17.709     29.624    -54.744    -41.267     29.624     89.170      0.000    -65.700    300.000     0.0000     0.0000 
 168.900     17.676     29.623    -54.744    -41.267     29.623     89.046      0.000    -65.700    300.000     0.0000     0.0000 
 169.200     17.645     29.622    -54.744    -41.267     29.622     88.944      0.000    -65.700    300.000     0.0000     0.0000 
 169.500     17.615     29.622    -54.744    -41.267     29.622     88.868      0.000    -65.700    300.000     0.0000     0.0000 
 169.800     17.584     29.623    -54.743    -41.267     29.623     88.818      0.000    -65.700    300.000     0.0000     0.0000 
 170.100     17.553     29.624    -54.743    -41.267     29.624     88.796      0.000    -65.700    300.000     0.0000     0.0000 
 170.400     17.523     29.626    -54.743    -41.267     29.626     88.802      0.000    -65.700    300.000     0.0000     0.0000 
 170.700     17.492     29.629    -54.743    -41.267     29.629     88.835      0.000    -65.700    300.000     0.0000     0.0000 
 171.000     17.461     29.633    -54.743    -41.267     29.633     88.895      0.000    -65.700    300.000     0.0000     0.0000 
 171.300     17.431     29.637    -54.743    -41.267     29.637     88.978      0.000    -65.700    300.000     0.0000     0.0000 
 171.600     17.400     29.641    -54.743    -41.267     29.641     89.083      0.000    -65.700    300.000     0.0000     0.0000 
 171.900     17.376     29.646    -54.743    -41.267     29.646     89.206      0.000    -65.700    300.000     0.0000     0.0000 
 172.200     17.352     29.652    -54.743    -41.267     29.652     89.343      0.000    -65.700    300.000     0.0000     0.0000 
 172.500     17.328     29.658    -54.743    -41.267     29.658     89.490      0.000    -65.700    300.000     0.0000     0.0000 
 172.800     17.303     29.664    -54.743    -41.267     29.664     89.643      0.000    -65.700    300.000     0.0000     0.0000 
 173.100     17.279     29.671    -54.743    -41.267     29.671     89.797      0.000    -65.700    300.000     0.0000     0.0000 
 173.400     17.255     29.679    -54.743    -41.267     29.679     89.947      0.000    -65.700    300.000     0.0000     0.0000 
 173.700     17.231     29.686    -54.743    -41.267     29.686     90.089      0.000    -65.700    300.000     0.0000     0.0000 
 174.000     17.207     29.694    -54.743    -41.267     29.694     90.219      0.000    -65.700    300.000     0.0000     0.0000 
 174.300     17.183     29.703    -54.743    -41.267     29.703     90.334      0.000    -65.700    300.000     0.0000     0.0000 
 174.600     17.161     29.711    -54.743    -41.267     29.711     90.430      0.000    -65.700    300.000     0.0000     0.0000 
 174.900     17.143     29.720    -54.743    -41.267     29.720     90.506      0.000    -65.700    300.000     0.0000     0.0000 
 175.200     17.126     29.729    -54.743    -41.267     29.729     90.560      0.000    -65.700    300.000     0.0000     0.0000 
 175.500     17.108     29.738    -54.743    -41.267     29.738     90.591      0.000    -65.700    300.000     0.0000     0.0000 
 175.800     17.091     29.748    -54.743    -41.267     29.748     90.598      0.000    -65.700    300.000     0.0000     0.0000 
 176.100     17.073     29.757    -54.743    -41.267     29.757     90.582      0.000    -65.700    300.000     0.0000     0.0000 
 176.400     17.055     29.767    -54.743    -41.267     29.767     90.543      0.000    -65.700    300.000     0.0000     0.0000 
 176.700     17.038     29.776    -54.742    -41.267     29.776     90.484      0.000    -65.700    300.000     0.0000     0.0000 
 177.000     17.020     29.786    -54.742    -41.267     29.786     90.405      0.000    -65.700    300.000     0.0000     0.0000 
 177.300     17.003     29.795    -54.742    -41.267     29.795     90.309      0.000    -65.700    300.000     0.0000     0.0000 
 177.600     16.989     29.805    -54.742    -41.267     29.805     90.199      0.000    -65.700    300.000     0.0000     0.0000 
 177.900     16.978     29.814    -54.742    -41.267     29.814     90.079      0.000    -65.700    300.000     0.0000     0.0000 
 178.200     16.967     29.823    -54.742    -41.267     29.823     89.952      0.000    -65.700    300.000     0.0000     0.0000 
 178.500     16.956     29.832    -54.742    -41.267     29.832     89.822      0.000    -65.700    300.000     0.0000     0.0000 
 178.800     16.945     29.841    -54.742    -41.267     29.841     89.693      0.000    -65.700    300.000     0.0000     0.0000 
 179.100     16.934     29.850    -54.742    -41.267     29.850     89.568      0.000    -65.700    300.000     0.0000     0.0000 
 179.400     16.922     29.858    -54.742    -41.267     29.858     89.452      0.000    -65.700    300.000     0.0000     0.0000 
 179.700     16.911     29.867    -54.742    -41.267     29.867     89.347      0.000    -65.700    300.000     0.0000     0.0000 
 180.000     16.900     29.874    -54.742    -41.267     29.874     89.256      0.000    -65.700    300.000     0.0000     0.0000 
 180.300     16.889     29.882    -54.742    -41.267     29.882     89.181      0.000    -65.700    300.000     0.0000     0.0000 
 180.600     16.884     29.889    -54.742    -41.267     29.889     89.124      0.000    -65.700    300.000     0.0000     0.0000 
 180.900     16.879     29.896    -54.742    -41.267     29.896     89.087      0.000    -65.700    300.000     0.0000     0.0000 
 181.200     16.873     29.903    -54.742    -41.267     29.903     89.069      0.000    -65.700    300.000     0.0000     0.0000 
 181.500     16.868     29.909    -54.742    -41.267     29.909     89.072      0.000    -65.700    300.000     0.0000     0.0000 
 181.800     16.863     29.915    -54.742    -41.267     29.915     89.094      0.000    -65.700    300.000     0.0000     0.0000 
 182.100     16.858     29.921    -54.742    -41.267     29.921     89.135      0.000    -65.700    300.000     0.0000     0.0000 
 182.400     16.852     29.926    -54.742    -41.267     29.926     89.194      0.000    -65.700    300.000     0.0000     0.0000 
 182.700     16.847     29.930    -54.742    -41.267     29.930     89.268      0.000    -65.700    300.000     0.0000     0.0000 
 183.000     16.842     29.935    -54.742    -41.267     29.935     89.356      0.000    -65.700    300.000     0.0000     0.0000 
 183.300     16.838     29.938    -54.742    -41.267     29.938     89.454      0.000    -65.700    300.000     0.0000     0.0000 
 183.600     16.838     29.942    -54.741    -41.267     29.942     89.559      0.000    -65.700    300.000     0.0000     0.0000 
 183.900     16.839     29.945    -54.741    -41.267     29.945     89.669      0.000    -65.700    300.000     0.0000     0.0000 
 184.200     16.839     29.947    -54.741    -41.267     29.947     89.780      0.000    -65.700    300.000     0.0000     0.0000 
 184.500     16.839     29.949    -54.741    -41.267     29.949     89.888      0.000    -65.700    300.000     0.0000     0.0000 
 184.800     16.839     29.951    -54.741    -41.267     29.951     89.991      0.000    -65.700    300.000     0.0000     0.0000 
 185.100     16.839     29.952    -54.741    -41.267     29.952     90.086      0.000    -65.700    300.000     0.0000     0.0000 
 185.400     16.839     29.953    -54.741    -41.267     29.953     90.170      0.000    -65.700    300.000     0.0000     0.0000 
 185.700     16.839     29.954    -54.741    -41.267     29.954     90.241      0.000    -65.700    300.000     0.0000     0.0000 
 186.000     16.839     29.954    -54.741    -41.267     29.954     90.297      0.000    -65.700    300.000     0.0000     0.0000 
 186.300     16.842     29.953    -54.741    -41.267     29.953     90.338      0.000    -65.700    300.000     0.0000     0.0000 
 186.600     16.846     29.952    -54.741    -41.267     29.952     90.361      0.000    -65.700    300.000     0.0000     0.0000 
 186.900     16.851     29.951    -54.741    -41.267     29.951     90.368      0.000    -65.700    300.000     0.0000     0.0000 
 187.200     16.855     29.950    -54.741    -41.267     29.950     90.358      0.000    -65.700    300.000     0.0000     0.0000 
 187.500     16.860     29.948    -54.741    -41.267     29.948     90.331      0.000    -65.700    300.000     0.0000     0.0000 
 187.800     16.864     29.945    -54.741    -41.267     29.945     90.289      0.000    -65.700    300.000     0.0000     0.0000 
 188.100     16.869     29.943    -54.741    -41.267     29.943     90.233      0.000    -65.700    300.000     0.0000     0.0000 
 188.400     16.873     29.940    -54.741    -41.267     29.940     90.164      0.000    -65.700    300.000     0.0000     0.0000 
 188.700     16.878     29.936    -54.741    -41.267     29.936     90.085      0.000    -65.700    300.000     0.0000     0.0000 
 189.000     16.883     29.933    -54.741    -41.267     29.933     89.999      0.000    -65.700    300.000     0.0000     0.0000 
 189.300     16.891     29.929    -54.741    -41.267     29.929     89.908      0.000    -65.700    300.000     0.0000     0.0000 
 189.600     16.899     29.925    -54.741    -41.267     29.925     89.814      0.000    -65.700    300.000     0.0000     0.0000 
 189.900     16.907     29.921    -54.741    -41.267     29.921     89.721      0.000    -65.700    300.000     0.0000     0.0000 
 190.200     16.915     29.916    -54.741    -41.267     29.916     89.631      0.000    -65.700    300.000     0.0000     0.0000 
 190.500     16.923     29.912    -54.741    -41.267     29.912     89.547      0.000    -65.700    300.000     0.0000     0.0000 
 190.800     16.931     29.907    -54.740    -41.267     29.907     89.471      0.000    -65.700    300.000     0.0000     0.0000 
 191.100     16.939     29.902    -54.740    -41.267     29.902     89.405      0.000    -65.700    300.000     0.0000     0.0000 
 191.400     16.947     29.896    -54.740    -41.267     29.896     89.350      0.000    -65.700    300.000     0.0000     0.0000 
 191.700     16.955     29.891    -54.740    -41.267     29.891     89.308      0.000    -65.700    300.000     0.0000     0.0000 
 192.000     16.965     29.886    -54.740    -41.267     29.886     89.280      0.000    -65.700    300.000     0.0000     0.0000 
 192.300     16.976     29.880    -54.740    -41.267     29.880     89.266      0.000    -65.700    300.000     0.0000     0.0000 
 192.600     16.987     29.875    -54.740    -41.267     29.875     89.266      0.000    -65.700    300.000     0.0000     0.0000 
 192.900     16.997     29.869    -54.740    -41.267     29.869     89.281      0.000    -65.700    300.000     0.0000     0.0000 
 193.200     17.008     29.864    -54.740    -41.267     29.864     89.310      0.000    -65.700    300.000     0.0000     0.0000 
 193.500     17.019     29.858    -54.740    -41.267     29.858     89.351      0.000    -65.700    300.000     0.0000     0.0000 
 193.800     17.029     29.852    -54.740    -41.267     29.852     89.404      0.000    -65.700    300.000     0.0000     0.0000 
 194.100     17.040     29.847    -54.740    -41.267     29.847     89.466      0.000    -65.700    300.000     0.0000     0.0000 
 194.400     17.050     29.841    -54.740    -41.267     29.841     89.536      0.000    -65.700    300.000     0.0000     0.0000 
 194.700     17.063     29.836    -54.740    -41.267     29.836     89.612      0.000    -65.700    300.000     0.0000     0.0000 
 195.000     17.075     29.831    -54.740    -41.267     29.831     89.692      0.000    -65.700    300.000     0.0000     0.0000 
 195.300     17.088     29.825    -54.740    -41.267     29.825     89.772      0.000    -65.700    300.000     0.0000     0.0000 
 195.600     17.100     29.820    -54.740    -41.267     29.820     89.850      0.000    -65.700    300.000     0.0000     0.0000 
 195.900     17.113     29.815    -54.740    -41.267     29.815     89.925      0.000    -65.700    300.000     0.0000     0.0000 
 196.200     17.125     29.811    -54.740    -41.267     29.811     89.994      0.000    -65.700    300.000     0.0000     0.0000 
 196.500     17.138     29.806    -54.740    -41.267     29.806     90.056      0.000    -65.700    300.000     0.0000     0.0000 
 196.800     17.150     29.801    -54.740    -41.267     29.801     90.108      0.000    -65.700    300.000     0.0000     0.0000 
 197.100     17.163     29.797    -54.740    -41.267     29.797     90.149      0.000    -65.700    300.000     0.0000     0.0000 
 197.400     17.176     29.793    -54.740    -41.267     29.793     90.179      0.000    -65.700    300.000     0.0000     0.0000 
 197.700     17.190     29.789    -54.740    -41.267     29.789     90.197      0.000    -65.700    300.000     0.0000     0.0000 
 198.000     17.203     29.785    -54.739    -41.267     29.785     90.203      0.000    -65.700    300.000     0.0000     0.0000 
 198.300     17.217     29.782    -54.739    -41.267     29.782     90.196      0.000    -65.700    300.000     0.0000     0.0000 
 198.600     17.231     29.779    -54.739    -41.267     29.779     90.178      0.000    -65.700    300.000     0.0000     0.0000 
 198.900     17.244     29.776    -54.739    -41.267     29.776     90.148      0.000    -65.700    300.000     0.0000     0.0000 
 199.200     17.258     29.773    -54.739    -41.267     29.773     90.108      0.000    -65.700    300.000     0.0000     0.0000 
 199.500     17.271     29.770    -54.739    -41.267     29.770     90.059      0.000    -65.700    300.000     0.0000     0.0000 
 199.800     17.285     29.768    -54.739    -41.267     29.768     90.002      0.000    -65.700    300.000     0.0000     0.0000 
