    0.250 -6.5363E+0001
    0.500 -6.5033E+0001
    0.750 -6.4708E+0001
    1.000 -6.4389E+0001
    1.250 -6.4075E+0001
    1.500 -6.3767E+0001
    1.750 -6.3464E+0001
    2.000 -6.3167E+0001
    2.250 -6.2875E+0001
    2.500 -6.2588E+0001
    2.750 -6.2306E+0001
    3.000 -6.2029E+0001
    3.250 -6.1757E+0001
    3.500 -6.1490E+0001
    3.750 -6.1228E+0001
    4.000 -6.0970E+0001
    4.250 -6.0717E+0001
    4.500 -6.0469E+0001
    4.750 -6.0225E+0001
    5.000 -5.9985E+0001
    5.250 -5.9750E+0001
    5.500 -5.9519E+0001
    5.750 -5.9293E+0001
    6.000 -5.9070E+0001
    6.250 -5.8852E+0001
    6.500 -5.8638E+0001
    6.750 -5.8427E+0001
    7.000 -5.8221E+0001
    7.250 -5.8018E+0001
    7.500 -5.7819E+0001
    7.750 -5.7624E+0001
    8.000 -5.7432E+0001
    8.250 -5.7244E+0001
    8.500 -5.7060E+0001
    8.750 -5.6879E+0001
    9.000 -5.6702E+0001
    9.250 -5.6528E+0001
    9.500 -5.6357E+0001
    9.750 -5.6190E+0001
   10.000 -5.6026E+0001
   10.250 -5.5865E+0001
   10.500 -5.5707E+0001
   10.750 -5.5553E+0001
   11.000 -5.5401E+0001
   11.250 -5.5252E+0001
   11.500 -5.5107E+0001
   11.750 -5.4964E+0001
   12.000 -5.4824E+0001
   12.250 -5.4687E+0001
   12.500 -4.0000E+0001
   12.750 -4.0000E+0001
   13.000 -4.0000E+0001
   13.250 -4.0000E+0001
   13.500 -4.0000E+0001
   13.750 -4.0000E+0001
   14.000 -4.5484E+0001
   14.250 -4.9638E+0001
   14.500 -5.2808E+0001
   14.750 -5.5253E+0001
   15.000 -5.7160E+0001
   15.250 -5.8662E+0001
   15.500 -5.9856E+0001
   15.750 -6.0814E+0001
   16.000 -6.1586E+0001
   16.250 -6.2211E+0001
   16.500 -6.2719E+0001
   16.750 -6.3131E+0001
   17.000 -6.3466E+0001
   17.250 -6.3737E+0001
   17.500 -6.3954E+0001
   17.750 -6.4127E+0001
   18.000 -6.4261E+0001
   18.250 -6.4363E+0001
   18.500 -6.4437E+0001
   18.750 -6.4488E+0001
   19.000 -6.4518E+0001
   19.250 -6.4529E+0001
   19.500 -6.4525E+0001
   19.750 -6.4507E+0001
   20.000 -6.4477E+0001
   20.250 -6.4436E+0001
   20.500 -6.4386E+0001
   20.750 -6.4327E+0001
   21.000 -6.4261E+0001
   21.250 -6.4188E+0001
   21.500 -6.4109E+0001
   21.750 -6.4025E+0001
   22.000 -6.3937E+0001
   22.250 -6.3844E+0001
   22.500 -6.3748E+0001
   22.750 -6.3649E+0001
   23.000 -6.3548E+0001
   23.250 -6.3443E+0001
   23.500 -6.3337E+0001
   23.750 -6.3230E+0001
   24.000 -6.3121E+0001
   24.250 -6.3010E+0001
   24.500 -6.2899E+0001
   24.750 -6.2788E+0001
   25.000 -6.2675E+0001
   25.250 -6.2563E+0001
   25.500 -6.2450E+0001
   25.750 -6.2337E+0001
   26.000 -6.2225E+0001
   26.250 -6.2113E+0001
   26.500 -6.2001E+0001
   26.750 -6.1890E+0001
   27.000 -6.1779E+0001
   27.250 -6.1669E+0001
   27.500 -6.1559E+0001
   27.750 -6.1451E+0001
   28.000 -6.1343E+0001
   28.250 -6.1237E+0001
   28.500 -6.1131E+0001
   28.750 -6.1026E+0001
   29.000 -6.0923E+0001
   29.250 -6.0820E+0001
   29.500 -6.0719E+0001
   29.750 -6.0619E+0001
   30.000 -6.0520E+0001
   30.250 -6.0422E+0001
   30.500 -6.0325E+0001
   30.750 -6.0230E+0001
   31.000 -6.0136E+0001
   31.250 -6.0043E+0001
   31.500 -5.9951E+0001
   31.750 -5.9861E+0001
   32.000 -5.9772E+0001
   32.250 -5.9684E+0001
   32.500 -5.9597E+0001
   32.750 -5.9512E+0001
   33.000 -5.9428E+0001
   33.250 -5.9345E+0001
   33.500 -5.9264E+0001
   33.750 -5.9183E+0001
   34.000 -5.9104E+0001
   34.250 -5.9026E+0001
   34.500 -5.8949E+0001
   34.750 -5.8874E+0001
   35.000 -5.8799E+0001
   35.250 -5.8726E+0001
   35.500 -5.8654E+0001
   35.750 -5.8583E+0001
   36.000 -5.8513E+0001
   36.250 -5.8444E+0001
   36.500 -5.8377E+0001
   36.750 -5.8310E+0001
   37.000 -5.8245E+0001
   37.250 -5.8180E+0001
   37.500 -5.8117E+0001
   37.750 -5.8055E+0001
   38.000 -5.7993E+0001
   38.250 -5.7933E+0001
   38.500 -5.7874E+0001
   38.750 -5.7815E+0001
   39.000 -5.7758E+0001
   39.250 -5.7702E+0001
   39.500 -5.7646E+0001
   39.750 -5.7591E+0001
   40.000 -5.7538E+0001
   40.250 -5.7485E+0001
   40.500 -5.7433E+0001
   40.750 -5.7382E+0001
   41.000 -5.7332E+0001
   41.250 -5.7282E+0001
   41.500 -5.7234E+0001
   41.750 -5.7186E+0001
   42.000 -5.7139E+0001
   42.250 -5.7093E+0001
   42.500 -5.7047E+0001
   42.750 -5.7003E+0001
   43.000 -5.6959E+0001
   43.250 -5.6915E+0001
   43.500 -5.6873E+0001
   43.750 -5.6831E+0001
   44.000 -5.6790E+0001
   44.250 -5.6750E+0001
   44.500 -5.6710E+0001
   44.750 -5.6671E+0001
   45.000 -5.6632E+0001
   45.250 -5.6595E+0001
   45.500 -5.6558E+0001
   45.750 -5.6521E+0001
   46.000 -5.6485E+0001
   46.250 -5.6450E+0001
   46.500 -5.6415E+0001
   46.750 -5.6381E+0001
   47.000 -5.6347E+0001
   47.250 -4.0000E+0001
   47.500 -4.0000E+0001
   47.750 -4.0000E+0001
   48.000 -4.0000E+0001
   48.250 -4.0000E+0001
   48.500 -4.0000E+0001
   48.750 -4.2587E+0001
   49.000 -4.7887E+0001
   49.250 -5.1880E+0001
   49.500 -5.4920E+0001
   49.750 -5.7265E+0001
   50.000 -5.9096E+0001
   50.250 -6.0542E+0001
   50.500 -6.1696E+0001
   50.750 -6.2625E+0001
   51.000 -6.3379E+0001
   51.250 -6.3994E+0001
   51.500 -6.4499E+0001
   51.750 -6.4914E+0001
   52.000 -6.5256E+0001
   52.250 -6.5539E+0001
   52.500 -6.5771E+0001
   52.750 -6.5962E+0001
   53.000 -6.6118E+0001
   53.250 -6.6245E+0001
   53.500 -6.6345E+0001
   53.750 -6.6425E+0001
   54.000 -6.6485E+0001
   54.250 -6.6529E+0001
   54.500 -6.6559E+0001
   54.750 -6.6576E+0001
   55.000 -6.6583E+0001
   55.250 -6.6579E+0001
   55.500 -6.6568E+0001
   55.750 -6.6548E+0001
   56.000 -6.6523E+0001
   56.250 -6.6491E+0001
   56.500 -6.6453E+0001
   56.750 -6.6411E+0001
   57.000 -6.6365E+0001
   57.250 -6.6315E+0001
   57.500 -6.6262E+0001
   57.750 -6.6205E+0001
   58.000 -6.6146E+0001
   58.250 -6.6084E+0001
   58.500 -6.6021E+0001
   58.750 -6.5955E+0001
   59.000 -6.5888E+0001
   59.250 -6.5819E+0001
   59.500 -6.5749E+0001
   59.750 -6.5678E+0001
   60.000 -6.5606E+0001
   60.250 -6.5533E+0001
   60.500 -6.5460E+0001
   60.750 -6.5385E+0001
   61.000 -6.5311E+0001
   61.250 -6.5236E+0001
   61.500 -6.5160E+0001
   61.750 -6.5085E+0001
   62.000 -6.5009E+0001
   62.250 -6.4934E+0001
   62.500 -6.4858E+0001
   62.750 -6.4782E+0001
   63.000 -6.4707E+0001
   63.250 -6.4631E+0001
   63.500 -6.4556E+0001
   63.750 -6.4481E+0001
   64.000 -6.4406E+0001
   64.250 -6.4332E+0001
   64.500 -6.4258E+0001
   64.750 -6.4184E+0001
   65.000 -6.4111E+0001
   65.250 -6.4038E+0001
   65.500 -6.3965E+0001
   65.750 -6.3893E+0001
   66.000 -6.3821E+0001
   66.250 -6.3750E+0001
   66.500 -6.3679E+0001
   66.750 -6.3609E+0001
   67.000 -6.3539E+0001
   67.250 -6.3469E+0001
   67.500 -6.3400E+0001
   67.750 -6.3332E+0001
   68.000 -6.3264E+0001
   68.250 -6.3196E+0001
   68.500 -6.3130E+0001
   68.750 -6.3063E+0001
   69.000 -6.2997E+0001
   69.250 -6.2932E+0001
   69.500 -6.2867E+0001
   69.750 -6.2802E+0001
   70.000 -6.2738E+0001
   70.250 -6.2675E+0001
   70.500 -6.2612E+0001
   70.750 -6.2550E+0001
   71.000 -6.2488E+0001
   71.250 -6.2426E+0001
   71.500 -6.2365E+0001
   71.750 -6.2305E+0001
   72.000 -6.2245E+0001
   72.250 -6.2185E+0001
   72.500 -6.2126E+0001
   72.750 -6.2068E+0001
   73.000 -6.2009E+0001
   73.250 -6.1952E+0001
   73.500 -6.1895E+0001
   73.750 -6.1838E+0001
   74.000 -6.1782E+0001
   74.250 -6.1726E+0001
   74.500 -6.1670E+0001
   74.750 -6.1615E+0001
   75.000 -6.1561E+0001
   75.250 -6.1507E+0001
   75.500 -6.1453E+0001
   75.750 -6.1400E+0001
   76.000 -6.1347E+0001
   76.250 -6.1294E+0001
   76.500 -6.1242E+0001
   76.750 -6.1191E+0001
   77.000 -6.1140E+0001
   77.250 -6.1089E+0001
   77.500 -6.1038E+0001
   77.750 -6.0988E+0001
   78.000 -6.0939E+0001
   78.250 -6.0889E+0001
   78.500 -6.0841E+0001
   78.750 -6.0792E+0001
   79.000 -6.0744E+0001
   79.250 -6.0696E+0001
   79.500 -6.0649E+0001
   79.750 -6.0602E+0001
   80.000 -6.0555E+0001
   80.250 -6.0509E+0001
   80.500 -6.0463E+0001
   80.750 -6.0417E+0001
   81.000 -6.0372E+0001
   81.250 -6.0327E+0001
   81.500 -6.0282E+0001
   81.750 -6.0238E+0001
   82.000 -6.0194E+0001
   82.250 -6.0151E+0001
   82.500 -6.0107E+0001
   82.750 -6.0064E+0001
   83.000 -6.0022E+0001
   83.250 -5.9980E+0001
   83.500 -5.9938E+0001
   83.750 -5.9896E+0001
   84.000 -5.9855E+0001
   84.250 -5.9813E+0001
   84.500 -5.9773E+0001
   84.750 -5.9732E+0001
   85.000 -5.9692E+0001
   85.250 -5.9652E+0001
   85.500 -5.9613E+0001
   85.750 -5.9573E+0001
   86.000 -5.9534E+0001
   86.250 -5.9496E+0001
   86.500 -5.9457E+0001
   86.750 -5.9419E+0001
   87.000 -5.9381E+0001
   87.250 -5.9344E+0001
   87.500 -5.9306E+0001
   87.750 -5.9269E+0001
   88.000 -5.9233E+0001
   88.250 -5.9196E+0001
   88.500 -5.9160E+0001
   88.750 -5.9124E+0001
   89.000 -5.9088E+0001
   89.250 -5.9053E+0001
   89.500 -5.9018E+0001
   89.750 -5.8983E+0001
   90.000 -5.8948E+0001
   90.250 -5.8913E+0001
   90.500 -5.8879E+0001
   90.750 -5.8845E+0001
   91.000 -5.8812E+0001
   91.250 -5.8778E+0001
   91.500 -5.8745E+0001
   91.750 -5.8712E+0001
   92.000 -5.8679E+0001
   92.250 -5.8647E+0001
   92.500 -5.8614E+0001
   92.750 -5.8582E+0001
   93.000 -5.8550E+0001
   93.250 -5.8519E+0001
   93.500 -5.8487E+0001
   93.750 -5.8456E+0001
   94.000 -5.8425E+0001
   94.250 -5.8395E+0001
   94.500 -5.8364E+0001
   94.750 -5.8334E+0001
   95.000 -5.8304E+0001
   95.250 -5.8274E+0001
   95.500 -5.8244E+0001
   95.750 -5.8215E+0001
   96.000 -5.8186E+0001
   96.250 -5.8157E+0001
   96.500 -5.8128E+0001
   96.750 -5.8099E+0001
   97.000 -5.8071E+0001
   97.250 -5.8043E+0001
   97.500 -5.8015E+0001
   97.750 -5.7987E+0001
   98.000 -5.7959E+0001
   98.250 -5.7932E+0001
   98.500 -5.7905E+0001
   98.750 -5.7878E+0001
   99.000 -5.7851E+0001
   99.250 -5.7824E+0001
   99.500 -5.7798E+0001
   99.750 -5.7772E+0001
  100.000 -5.7746E+0001
  100.250 -5.7720E+0001
  100.500 -5.7694E+0001
  100.750 -5.7668E+0001
  101.000 -5.7643E+0001
  101.250 -5.7618E+0001
  101.500 -5.7593E+0001
  101.750 -5.7568E+0001
  102.000 -5.7543E+0001
  102.250 -5.7519E+0001
  102.500 -5.7495E+0001
  102.750 -5.7471E+0001
  103.000 -5.7447E+0001
  103.250 -5.7423E+0001
  103.500 -5.7399E+0001
  103.750 -5.7376E+0001
  104.000 -5.7352E+0001
  104.250 -5.7329E+0001
  104.500 -5.7306E+0001
  104.750 -5.7284E+0001
  105.000 -5.7261E+0001
  105.250 -5.7238E+0001
  105.500 -5.7216E+0001
  105.750 -5.7194E+0001
  106.000 -5.7172E+0001
  106.250 -5.7150E+0001
  106.500 -5.7128E+0001
  106.750 -5.7107E+0001
  107.000 -5.7085E+0001
  107.250 -5.7064E+0001
  107.500 -5.7043E+0001
  107.750 -5.7022E+0001
  108.000 -5.7001E+0001
  108.250 -5.6981E+0001
  108.500 -5.6960E+0001
  108.750 -5.6940E+0001
  109.000 -5.6919E+0001
  109.250 -5.6899E+0001
  109.500 -5.6879E+0001
  109.750 -5.6860E+0001
  110.000 -5.6840E+0001
  110.250 -5.6820E+0001
  110.500 -5.6801E+0001
  110.750 -5.6782E+0001
  111.000 -5.6763E+0001
  111.250 -4.0000E+0001
  111.500 -4.0000E+0001
  111.750 -4.0000E+0001
  112.000 -4.0000E+0001
  112.250 -4.0000E+0001
  112.500 -4.0000E+0001
  112.750 -4.2616E+0001
  113.000 -4.7970E+0001
  113.250 -5.1999E+0001
  113.500 -5.5063E+0001
  113.750 -5.7425E+0001
  114.000 -5.9268E+0001
  114.250 -6.0723E+0001
  114.500 -6.1884E+0001
  114.750 -6.2819E+0001
  115.000 -6.3578E+0001
  115.250 -6.4197E+0001
  115.500 -6.4705E+0001
  115.750 -6.5124E+0001
  116.000 -6.5470E+0001
  116.250 -6.5755E+0001
  116.500 -6.5991E+0001
  116.750 -6.6185E+0001
  117.000 -6.6344E+0001
  117.250 -6.6474E+0001
  117.500 -6.6578E+0001
  117.750 -6.6661E+0001
  118.000 -6.6725E+0001
  118.250 -6.6773E+0001
  118.500 -6.6807E+0001
  118.750 -6.6828E+0001
  119.000 -6.6838E+0001
  119.250 -6.6839E+0001
  119.500 -6.6832E+0001
  119.750 -6.6817E+0001
  120.000 -6.6795E+0001
  120.250 -6.6767E+0001
  120.500 -6.6734E+0001
  120.750 -6.6696E+0001
  121.000 -6.6654E+0001
  121.250 -6.6609E+0001
  121.500 -6.6559E+0001
  121.750 -6.6507E+0001
  122.000 -6.6452E+0001
  122.250 -6.6395E+0001
  122.500 -6.6335E+0001
  122.750 -6.6273E+0001
  123.000 -6.6210E+0001
  123.250 -6.6145E+0001
  123.500 -6.6079E+0001
  123.750 -6.6012E+0001
  124.000 -6.5943E+0001
  124.250 -6.5874E+0001
  124.500 -6.5804E+0001
  124.750 -6.5733E+0001
  125.000 -6.5662E+0001
  125.250 -6.5590E+0001
  125.500 -6.5518E+0001
  125.750 -6.5445E+0001
  126.000 -6.5373E+0001
  126.250 -6.5300E+0001
  126.500 -6.5227E+0001
  126.750 -6.5154E+0001
  127.000 -6.5081E+0001
  127.250 -6.5008E+0001
  127.500 -6.4935E+0001
  127.750 -6.4862E+0001
  128.000 -6.4790E+0001
  128.250 -6.4717E+0001
  128.500 -6.4645E+0001
  128.750 -6.4573E+0001
  129.000 -6.4502E+0001
  129.250 -6.4430E+0001
  129.500 -6.4359E+0001
  129.750 -6.4289E+0001
  130.000 -6.4219E+0001
  130.250 -6.4149E+0001
  130.500 -6.4079E+0001
  130.750 -6.4010E+0001
  131.000 -6.3941E+0001
  131.250 -6.3873E+0001
  131.500 -6.3805E+0001
  131.750 -6.3737E+0001
  132.000 -6.3670E+0001
  132.250 -6.3603E+0001
  132.500 -6.3537E+0001
  132.750 -6.3471E+0001
  133.000 -6.3406E+0001
  133.250 -6.3341E+0001
  133.500 -6.3276E+0001
  133.750 -6.3212E+0001
  134.000 -6.3149E+0001
  134.250 -6.3085E+0001
  134.500 -6.3023E+0001
  134.750 -6.2960E+0001
  135.000 -6.2898E+0001
  135.250 -6.2837E+0001
  135.500 -6.2776E+0001
  135.750 -6.2715E+0001
  136.000 -6.2655E+0001
  136.250 -6.2595E+0001
  136.500 -6.2536E+0001
  136.750 -6.2477E+0001
  137.000 -6.2419E+0001
  137.250 -6.2361E+0001
  137.500 -6.2303E+0001
  137.750 -6.2246E+0001
  138.000 -6.2189E+0001
  138.250 -6.2132E+0001
  138.500 -6.2076E+0001
  138.750 -6.2021E+0001
  139.000 -6.1965E+0001
  139.250 -6.1911E+0001
  139.500 -6.1856E+0001
  139.750 -6.1802E+0001
  140.000 -6.1748E+0001
  140.250 -6.1695E+0001
  140.500 -6.1642E+0001
  140.750 -6.1590E+0001
  141.000 -6.1537E+0001
  141.250 -6.1486E+0001
  141.500 -6.1434E+0001
  141.750 -6.1383E+0001
  142.000 -6.1332E+0001
  142.250 -6.1282E+0001
  142.500 -6.1232E+0001
  142.750 -6.1182E+0001
  143.000 -6.1133E+0001
  143.250 -6.1084E+0001
  143.500 -6.1036E+0001
  143.750 -6.0987E+0001
  144.000 -6.0939E+0001
  144.250 -6.0892E+0001
  144.500 -6.0845E+0001
  144.750 -6.0798E+0001
  145.000 -6.0751E+0001
  145.250 -6.0705E+0001
  145.500 -6.0659E+0001
  145.750 -6.0613E+0001
  146.000 -6.0568E+0001
  146.250 -6.0523E+0001
  146.500 -6.0478E+0001
  146.750 -6.0434E+0001
  147.000 -6.0390E+0001
  147.250 -6.0346E+0001
  147.500 -6.0303E+0001
  147.750 -6.0259E+0001
  148.000 -6.0217E+0001
  148.250 -6.0174E+0001
  148.500 -6.0132E+0001
  148.750 -6.0090E+0001
  149.000 -6.0048E+0001
  149.250 -6.0007E+0001
  149.500 -5.9966E+0001
  149.750 -5.9925E+0001
  150.000 -5.9884E+0001
  150.250 -5.9844E+0001
  150.500 -5.9804E+0001
  150.750 -5.9764E+0001
  151.000 -5.9725E+0001
  151.250 -5.9686E+0001
  151.500 -5.9647E+0001
  151.750 -5.9608E+0001
  152.000 -5.9570E+0001
  152.250 -5.9532E+0001
  152.500 -5.9494E+0001
  152.750 -5.9456E+0001
  153.000 -5.9419E+0001
  153.250 -5.9382E+0001
  153.500 -5.9345E+0001
  153.750 -5.9308E+0001
  154.000 -5.9272E+0001
  154.250 -5.9236E+0001
  154.500 -5.9200E+0001
  154.750 -5.9164E+0001
  155.000 -5.9129E+0001
  155.250 -5.9094E+0001
  155.500 -5.9059E+0001
  155.750 -5.9025E+0001
  156.000 -5.8990E+0001
  156.250 -5.8956E+0001
  156.500 -5.8922E+0001
  156.750 -5.8888E+0001
  157.000 -5.8855E+0001
  157.250 -5.8822E+0001
  157.500 -5.8789E+0001
  157.750 -5.8756E+0001
  158.000 -5.8723E+0001
  158.250 -5.8691E+0001
  158.500 -5.8659E+0001
  158.750 -5.8627E+0001
  159.000 -5.8595E+0001
  159.250 -5.8564E+0001
  159.500 -5.8533E+0001
  159.750 -5.8502E+0001
  160.000 -5.8471E+0001
  160.250 -5.8440E+0001
  160.500 -5.8410E+0001
  160.750 -5.8379E+0001
  161.000 -5.8349E+0001
  161.250 -5.8320E+0001
  161.500 -5.8290E+0001
  161.750 -5.8261E+0001
  162.000 -5.8232E+0001
  162.250 -5.8203E+0001
  162.500 -5.8174E+0001
  162.750 -5.8145E+0001
  163.000 -5.8117E+0001
  163.250 -5.8089E+0001
  163.500 -5.8061E+0001
  163.750 -5.8033E+0001
  164.000 -5.8005E+0001
  164.250 -5.7978E+0001
  164.500 -5.7950E+0001
  164.750 -5.7923E+0001
  165.000 -5.7897E+0001
  165.250 -5.7870E+0001
  165.500 -5.7843E+0001
  165.750 -5.7817E+0001
  166.000 -5.7791E+0001
  166.250 -5.7765E+0001
  166.500 -5.7739E+0001
  166.750 -5.7713E+0001
  167.000 -5.7688E+0001
  167.250 -5.7663E+0001
  167.500 -5.7638E+0001
  167.750 -5.7613E+0001
  168.000 -5.7588E+0001
  168.250 -5.7563E+0001
  168.500 -5.7539E+0001
  168.750 -5.7515E+0001
  169.000 -5.7491E+0001
  169.250 -5.7467E+0001
  169.500 -5.7443E+0001
  169.750 -5.7419E+0001
  170.000 -5.7396E+0001
  170.250 -5.7373E+0001
  170.500 -5.7350E+0001
  170.750 -5.7327E+0001
  171.000 -5.7304E+0001
  171.250 -5.7281E+0001
  171.500 -5.7259E+0001
  171.750 -5.7236E+0001
  172.000 -5.7214E+0001
  172.250 -5.7192E+0001
  172.500 -5.7170E+0001
  172.750 -5.7148E+0001
  173.000 -5.7127E+0001
  173.250 -5.7105E+0001
  173.500 -5.7084E+0001
  173.750 -5.7063E+0001
  174.000 -5.7042E+0001
  174.250 -5.7021E+0001
  174.500 -5.7001E+0001
  174.750 -5.6980E+0001
  175.000 -5.6960E+0001
  175.250 -5.6939E+0001
  175.500 -5.6919E+0001
  175.750 -5.6899E+0001
  176.000 -5.6879E+0001
  176.250 -5.6859E+0001
  176.500 -5.6840E+0001
  176.750 -5.6820E+0001
  177.000 -5.6801E+0001
  177.250 -5.6782E+0001
  177.500 -5.6763E+0001
  177.750 -4.0000E+0001
  178.000 -4.0000E+0001
  178.250 -4.0000E+0001
  178.500 -4.0000E+0001
  178.750 -4.0000E+0001
  179.000 -4.0000E+0001
  179.250 -4.2616E+0001
  179.500 -4.7971E+0001
  179.750 -5.1999E+0001
  180.000 -5.5064E+0001
  180.250 -5.7426E+0001
  180.500 -5.9269E+0001
  180.750 -6.0724E+0001
  181.000 -6.1885E+0001
  181.250 -6.2820E+0001
  181.500 -6.3579E+0001
  181.750 -6.4199E+0001
  182.000 -6.4707E+0001
  182.250 -6.5126E+0001
  182.500 -6.5471E+0001
  182.750 -6.5757E+0001
  183.000 -6.5993E+0001
  183.250 -6.6187E+0001
  183.500 -6.6346E+0001
  183.750 -6.6476E+0001
  184.000 -6.6580E+0001
  184.250 -6.6663E+0001
  184.500 -6.6727E+0001
  184.750 -6.6775E+0001
  185.000 -6.6809E+0001
  185.250 -6.6830E+0001
  185.500 -6.6841E+0001
  185.750 -6.6842E+0001
  186.000 -6.6834E+0001
  186.250 -6.6819E+0001
  186.500 -6.6798E+0001
  186.750 -6.6770E+0001
  187.000 -6.6737E+0001
  187.250 -6.6699E+0001
  187.500 -6.6657E+0001
  187.750 -6.6612E+0001
  188.000 -6.6562E+0001
  188.250 -6.6510E+0001
  188.500 -6.6455E+0001
  188.750 -6.6398E+0001
  189.000 -6.6338E+0001
  189.250 -6.6277E+0001
  189.500 -6.6213E+0001
  189.750 -6.6149E+0001
  190.000 -6.6083E+0001
  190.250 -6.6015E+0001
  190.500 -6.5947E+0001
  190.750 -6.5877E+0001
  191.000 -6.5807E+0001
  191.250 -6.5737E+0001
  191.500 -6.5665E+0001
  191.750 -6.5594E+0001
  192.000 -6.5521E+0001
  192.250 -6.5449E+0001
  192.500 -6.5376E+0001
  192.750 -6.5303E+0001
  193.000 -6.5230E+0001
  193.250 -6.5157E+0001
  193.500 -6.5085E+0001
  193.750 -6.5012E+0001
  194.000 -6.4939E+0001
  194.250 -6.4866E+0001
  194.500 -6.4794E+0001
  194.750 -6.4721E+0001
  195.000 -6.4649E+0001
  195.250 -6.4577E+0001
  195.500 -6.4506E+0001
  195.750 -6.4434E+0001
  196.000 -6.4363E+0001
  196.250 -6.4293E+0001
  196.500 -6.4222E+0001
  196.750 -6.4153E+0001
  197.000 -6.4083E+0001
  197.250 -6.4014E+0001
  197.500 -6.3945E+0001
  197.750 -6.3877E+0001
  198.000 -6.3809E+0001
  198.250 -6.3741E+0001
  198.500 -6.3674E+0001
  198.750 -6.3607E+0001
  199.000 -6.3541E+0001
  199.250 -6.3475E+0001
  199.500 -6.3410E+0001
  199.750 -6.3345E+0001
  200.000 -6.3280E+0001
  200.250 -6.3216E+0001
  200.500 -6.3153E+0001
  200.750 -6.3089E+0001
  201.000 -6.3027E+0001
  201.250 -6.2964E+0001
  201.500 -6.2902E+0001
  201.750 -6.2841E+0001
  202.000 -6.2780E+0001
  202.250 -6.2719E+0001
  202.500 -6.2659E+0001
  202.750 -6.2599E+0001
  203.000 -6.2540E+0001
  203.250 -6.2481E+0001
  203.500 -6.2422E+0001
  203.750 -6.2364E+0001
  204.000 -6.2307E+0001
  204.250 -6.2249E+0001
  204.500 -6.2192E+0001
  204.750 -6.2136E+0001
  205.000 -6.2080E+0001
  205.250 -6.2024E+0001
  205.500 -6.1969E+0001
  205.750 -6.1914E+0001
  206.000 -6.1860E+0001
  206.250 -6.1805E+0001
  206.500 -6.1752E+0001
  206.750 -6.1698E+0001
  207.000 -6.1646E+0001
  207.250 -6.1593E+0001
  207.500 -6.1541E+0001
  207.750 -6.1489E+0001
  208.000 -6.1437E+0001
  208.250 -6.1386E+0001
  208.500 -6.1336E+0001
  208.750 -6.1285E+0001
  209.000 -6.1235E+0001
  209.250 -6.1186E+0001
  209.500 -6.1136E+0001
  209.750 -6.1087E+0001
  210.000 -6.1039E+0001
  210.250 -6.0990E+0001
  210.500 -6.0942E+0001
  210.750 -6.0895E+0001
  211.000 -6.0847E+0001
  211.250 -6.0800E+0001
  211.500 -6.0754E+0001
  211.750 -6.0708E+0001
  212.000 -6.0662E+0001
  212.250 -6.0616E+0001
  212.500 -6.0571E+0001
  212.750 -6.0525E+0001
  213.000 -6.0481E+0001
  213.250 -6.0436E+0001
  213.500 -6.0392E+0001
  213.750 -6.0348E+0001
  214.000 -6.0305E+0001
  214.250 -6.0262E+0001
  214.500 -6.0219E+0001
  214.750 -6.0176E+0001
  215.000 -6.0134E+0001
  215.250 -6.0092E+0001
  215.500 -6.0050E+0001
  215.750 -6.0009E+0001
  216.000 -5.9968E+0001
  216.250 -5.9927E+0001
  216.500 -5.9886E+0001
  216.750 -5.9846E+0001
  217.000 -5.9806E+0001
  217.250 -5.9766E+0001
  217.500 -5.9727E+0001
  217.750 -5.9687E+0001
  218.000 -5.9648E+0001
  218.250 -5.9610E+0001
  218.500 -5.9571E+0001
  218.750 -5.9533E+0001
  219.000 -5.9495E+0001
  219.250 -5.9458E+0001
  219.500 -5.9420E+0001
  219.750 -5.9383E+0001
  220.000 -5.9346E+0001
  220.250 -5.9310E+0001
  220.500 -5.9273E+0001
  220.750 -5.9237E+0001
  221.000 -5.9201E+0001
  221.250 -5.9166E+0001
  221.500 -5.9130E+0001
  221.750 -5.9095E+0001
  222.000 -5.9060E+0001
  222.250 -5.9026E+0001
  222.500 -5.8991E+0001
  222.750 -5.8957E+0001
  223.000 -5.8923E+0001
  223.250 -5.8889E+0001
  223.500 -5.8856E+0001
  223.750 -5.8822E+0001
  224.000 -5.8789E+0001
  224.250 -5.8757E+0001
  224.500 -5.8724E+0001
  224.750 -5.8692E+0001
  225.000 -5.8659E+0001
  225.250 -5.8628E+0001
  225.500 -5.8596E+0001
  225.750 -5.8564E+0001
  226.000 -5.8533E+0001
  226.250 -5.8502E+0001
  226.500 -5.8471E+0001
  226.750 -5.8440E+0001
  227.000 -5.8410E+0001
  227.250 -5.8380E+0001
  227.500 -5.8350E+0001
  227.750 -5.8320E+0001
  228.000 -5.8290E+0001
  228.250 -5.8261E+0001
  228.500 -5.8232E+0001
  228.750 -5.8203E+0001
  229.000 -5.8174E+0001
  229.250 -5.8145E+0001
  229.500 -5.8117E+0001
  229.750 -5.8088E+0001
  230.000 -5.8060E+0001
  230.250 -5.8033E+0001
  230.500 -5.8005E+0001
  230.750 -5.7977E+0001
  231.000 -5.7950E+0001
  231.250 -5.7923E+0001
  231.500 -5.7896E+0001
  231.750 -5.7869E+0001
  232.000 -5.7843E+0001
  232.250 -5.7816E+0001
  232.500 -5.7790E+0001
  232.750 -5.7764E+0001
  233.000 -5.7738E+0001
  233.250 -5.7713E+0001
  233.500 -5.7687E+0001
  233.750 -5.7662E+0001
  234.000 -5.7637E+0001
  234.250 -5.7612E+0001
  234.500 -5.7587E+0001
  234.750 -5.7563E+0001
  235.000 -5.7538E+0001
  235.250 -5.7514E+0001
  235.500 -5.7490E+0001
  235.750 -5.7466E+0001
  236.000 -5.7442E+0001
  236.250 -5.7418E+0001
  236.500 -5.7395E+0001
  236.750 -5.7372E+0001
  237.000 -5.7348E+0001
  237.250 -5.7325E+0001
  237.500 -5.7303E+0001
  237.750 -5.7280E+0001
  238.000 -5.7257E+0001
  238.250 -5.7235E+0001
  238.500 -5.7213E+0001
  238.750 -5.7191E+0001
  239.000 -5.7169E+0001
  239.250 -5.7147E+0001
  239.500 -5.7125E+0001
  239.750 -5.7104E+0001
  240.000 -5.7083E+0001
  240.250 -5.7062E+0001
  240.500 -5.7041E+0001
  240.750 -5.7020E+0001
  241.000 -5.6999E+0001
  241.250 -5.6978E+0001
  241.500 -5.6958E+0001
  241.750 -5.6938E+0001
  242.000 -5.6917E+0001
  242.250 -5.6897E+0001
  242.500 -5.6877E+0001
  242.750 -5.6858E+0001
  243.000 -5.6838E+0001
  243.250 -5.6819E+0001
  243.500 -5.6799E+0001
  243.750 -5.6780E+0001
  244.000 -5.6761E+0001
  244.250 -4.0000E+0001
  244.500 -4.0000E+0001
  244.750 -4.0000E+0001
  245.000 -4.0000E+0001
  245.250 -4.0000E+0001
  245.500 -4.0000E+0001
  245.750 -4.3814E+0001
  246.000 -4.8869E+0001
  246.250 -5.2680E+0001
  246.500 -5.5586E+0001
  246.750 -5.7831E+0001
  247.000 -5.9588E+0001
  247.250 -6.0978E+0001
  247.500 -6.2089E+0001
  247.750 -6.2985E+0001
  248.000 -6.3713E+0001
  248.250 -6.4309E+0001
  248.500 -6.4798E+0001
  248.750 -6.5201E+0001
  249.000 -6.5533E+0001
  249.250 -6.5808E+0001
  249.500 -6.6035E+0001
  249.750 -6.6222E+0001
  250.000 -6.6375E+0001
  250.250 -6.6500E+0001
  250.500 -6.6599E+0001
  250.750 -6.6678E+0001
  251.000 -6.6739E+0001
  251.250 -6.6784E+0001
  251.500 -6.6815E+0001
  251.750 -6.6834E+0001
  252.000 -6.6843E+0001
  252.250 -6.6842E+0001
  252.500 -6.6833E+0001
  252.750 -6.6817E+0001
  253.000 -6.6794E+0001
  253.250 -6.6765E+0001
  253.500 -6.6731E+0001
  253.750 -6.6692E+0001
  254.000 -6.6650E+0001
  254.250 -6.6603E+0001
  254.500 -6.6554E+0001
  254.750 -6.6501E+0001
  255.000 -6.6445E+0001
  255.250 -6.6387E+0001
  255.500 -6.6328E+0001
  255.750 -6.6266E+0001
  256.000 -6.6202E+0001
  256.250 -6.6137E+0001
  256.500 -6.6071E+0001
  256.750 -6.6003E+0001
  257.000 -6.5935E+0001
  257.250 -6.5865E+0001
  257.500 -6.5795E+0001
  257.750 -6.5724E+0001
  258.000 -6.5653E+0001
  258.250 -6.5581E+0001
  258.500 -6.5509E+0001
  258.750 -6.5436E+0001
  259.000 -6.5363E+0001
  259.250 -6.5291E+0001
  259.500 -6.5218E+0001
  259.750 -6.5145E+0001
  260.000 -6.5072E+0001
  260.250 -6.4999E+0001
  260.500 -6.4926E+0001
  260.750 -6.4853E+0001
  261.000 -6.4781E+0001
  261.250 -6.4708E+0001
  261.500 -6.4636E+0001
  261.750 -6.4565E+0001
  262.000 -6.4493E+0001
  262.250 -6.4422E+0001
  262.500 -6.4351E+0001
  262.750 -6.4280E+0001
  263.000 -6.4210E+0001
  263.250 -6.4140E+0001
  263.500 -6.4071E+0001
  263.750 -6.4002E+0001
  264.000 -6.3933E+0001
  264.250 -6.3865E+0001
  264.500 -6.3797E+0001
  264.750 -6.3729E+0001
  265.000 -6.3662E+0001
  265.250 -6.3596E+0001
  265.500 -6.3530E+0001
  265.750 -6.3464E+0001
  266.000 -6.3399E+0001
  266.250 -6.3334E+0001
  266.500 -6.3269E+0001
  266.750 -6.3205E+0001
  267.000 -6.3142E+0001
  267.250 -6.3078E+0001
  267.500 -6.3016E+0001
  267.750 -6.2953E+0001
  268.000 -6.2892E+0001
  268.250 -6.2830E+0001
  268.500 -6.2769E+0001
  268.750 -6.2709E+0001
  269.000 -6.2648E+0001
  269.250 -6.2589E+0001
  269.500 -6.2529E+0001
  269.750 -6.2471E+0001
  270.000 -6.2412E+0001
  270.250 -6.2354E+0001
  270.500 -6.2296E+0001
  270.750 -6.2239E+0001
  271.000 -6.2182E+0001
  271.250 -6.2126E+0001
  271.500 -6.2070E+0001
  271.750 -6.2014E+0001
  272.000 -6.1959E+0001
  272.250 -6.1904E+0001
  272.500 -6.1850E+0001
  272.750 -6.1796E+0001
  273.000 -6.1742E+0001
  273.250 -6.1689E+0001
  273.500 -6.1636E+0001
  273.750 -6.1584E+0001
  274.000 -6.1531E+0001
  274.250 -6.1480E+0001
  274.500 -6.1428E+0001
  274.750 -6.1377E+0001
  275.000 -6.1327E+0001
  275.250 -6.1276E+0001
  275.500 -6.1226E+0001
  275.750 -6.1177E+0001
  276.000 -6.1127E+0001
  276.250 -6.1078E+0001
  276.500 -6.1030E+0001
  276.750 -6.0982E+0001
  277.000 -6.0934E+0001
  277.250 -6.0886E+0001
  277.500 -6.0839E+0001
  277.750 -6.0792E+0001
  278.000 -6.0745E+0001
  278.250 -6.0699E+0001
  278.500 -6.0653E+0001
  278.750 -6.0607E+0001
  279.000 -6.0562E+0001
  279.250 -6.0517E+0001
  279.500 -6.0472E+0001
  279.750 -6.0428E+0001
  280.000 -6.0384E+0001
  280.250 -6.0340E+0001
  280.500 -6.0297E+0001
  280.750 -6.0254E+0001
  281.000 -6.0211E+0001
  281.250 -6.0168E+0001
  281.500 -6.0126E+0001
  281.750 -6.0084E+0001
  282.000 -6.0042E+0001
  282.250 -6.0001E+0001
  282.500 -5.9960E+0001
  282.750 -5.9919E+0001
  283.000 -5.9878E+0001
  283.250 -5.9838E+0001
  283.500 -5.9798E+0001
  283.750 -5.9758E+0001
  284.000 -5.9719E+0001
  284.250 -5.9680E+0001
  284.500 -5.9641E+0001
  284.750 -5.9602E+0001
  285.000 -5.9564E+0001
  285.250 -5.9526E+0001
  285.500 -5.9488E+0001
  285.750 -5.9450E+0001
  286.000 -5.9413E+0001
  286.250 -5.9376E+0001
  286.500 -5.9339E+0001
  286.750 -5.9302E+0001
  287.000 -5.9266E+0001
  287.250 -5.9230E+0001
  287.500 -5.9194E+0001
  287.750 -5.9158E+0001
  288.000 -5.9123E+0001
  288.250 -5.9088E+0001
  288.500 -5.9053E+0001
  288.750 -5.9018E+0001
  289.000 -5.8984E+0001
  289.250 -5.8950E+0001
  289.500 -5.8916E+0001
  289.750 -5.8882E+0001
  290.000 -5.8848E+0001
  290.250 -5.8815E+0001
  290.500 -5.8782E+0001
  290.750 -5.8749E+0001
  291.000 -5.8717E+0001
  291.250 -5.8684E+0001
  291.500 -5.8652E+0001
  291.750 -5.8620E+0001
  292.000 -5.8589E+0001
  292.250 -5.8557E+0001
  292.500 -5.8526E+0001
  292.750 -5.8495E+0001
  293.000 -5.8464E+0001
  293.250 -5.8433E+0001
  293.500 -5.8403E+0001
  293.750 -5.8373E+0001
  294.000 -5.8343E+0001
  294.250 -5.8313E+0001
  294.500 -5.8283E+0001
  294.750 -5.8254E+0001
  295.000 -5.8225E+0001
  295.250 -5.8196E+0001
  295.500 -5.8167E+0001
  295.750 -5.8138E+0001
  296.000 -5.8110E+0001
  296.250 -5.8082E+0001
  296.500 -5.8054E+0001
  296.750 -5.8026E+0001
  297.000 -5.7998E+0001
  297.250 -5.7971E+0001
  297.500 -5.7943E+0001
  297.750 -5.7916E+0001
  298.000 -5.7889E+0001
  298.250 -5.7863E+0001
  298.500 -5.7836E+0001
  298.750 -5.7810E+0001
  299.000 -5.7783E+0001
  299.250 -5.7757E+0001
  299.500 -5.7732E+0001
  299.750 -5.7706E+0001
  300.000 -5.7681E+0001
  300.250 -5.7655E+0001
  300.500 -5.7630E+0001
  300.750 -5.7605E+0001
  301.000 -5.7580E+0001
  301.250 -5.7556E+0001
  301.500 -5.7531E+0001
  301.750 -5.7507E+0001
  302.000 -5.7483E+0001
  302.250 -5.7459E+0001
  302.500 -5.7435E+0001
  302.750 -5.7412E+0001
  303.000 -5.7388E+0001
  303.250 -5.7365E+0001
  303.500 -5.7342E+0001
  303.750 -5.7319E+0001
  304.000 -5.7296E+0001
  304.250 -5.7273E+0001
  304.500 -5.7251E+0001
  304.750 -5.7228E+0001
  305.000 -5.7206E+0001
  305.250 -5.7184E+0001
  305.500 -5.7162E+0001
  305.750 -5.7141E+0001
  306.000 -5.7119E+0001
  306.250 -5.7097E+0001
  306.500 -5.7076E+0001
  306.750 -5.7055E+0001
  307.000 -5.7034E+0001
  307.250 -5.7013E+0001
  307.500 -5.6992E+0001
  307.750 -5.6972E+0001
  308.000 -5.6951E+0001
  308.250 -5.6931E+0001
  308.500 -5.6911E+0001
  308.750 -5.6891E+0001
  309.000 -5.6871E+0001
  309.250 -5.6851E+0001
  309.500 -5.6832E+0001
  309.750 -5.6812E+0001
  310.000 -5.6793E+0001
  310.250 -5.6774E+0001
  310.500 -5.6754E+0001
  310.750 -4.0000E+0001
  311.000 -4.0000E+0001
  311.250 -4.0000E+0001
  311.500 -4.0000E+0001
  311.750 -4.0000E+0001
  312.000 -4.0000E+0001
  312.250 -4.4945E+0001
  312.500 -4.9718E+0001
  312.750 -5.3324E+0001
  313.000 -5.6081E+0001
  313.250 -5.8217E+0001
  313.500 -5.9891E+0001
  313.750 -6.1220E+0001
  314.000 -6.2283E+0001
  314.250 -6.3143E+0001
  314.500 -6.3842E+0001
  314.750 -6.4414E+0001
  315.000 -6.4884E+0001
  315.250 -6.5272E+0001
  315.500 -6.5592E+0001
  315.750 -6.5857E+0001
  316.000 -6.6076E+0001
  316.250 -6.6255E+0001
  316.500 -6.6402E+0001
  316.750 -6.6521E+0001
  317.000 -6.6617E+0001
  317.250 -6.6692E+0001
  317.500 -6.6749E+0001
  317.750 -6.6791E+0001
  318.000 -6.6820E+0001
  318.250 -6.6837E+0001
  318.500 -6.6843E+0001
  318.750 -6.6841E+0001
  319.000 -6.6830E+0001
  319.250 -6.6813E+0001
  319.500 -6.6789E+0001
  319.750 -6.6759E+0001
  320.000 -6.6724E+0001
  320.250 -6.6685E+0001
  320.500 -6.6641E+0001
  320.750 -6.6594E+0001
  321.000 -6.6544E+0001
  321.250 -6.6490E+0001
  321.500 -6.6434E+0001
  321.750 -6.6376E+0001
  322.000 -6.6316E+0001
  322.250 -6.6253E+0001
  322.500 -6.6190E+0001
  322.750 -6.6124E+0001
  323.000 -6.6058E+0001
  323.250 -6.5990E+0001
  323.500 -6.5921E+0001
  323.750 -6.5852E+0001
  324.000 -6.5781E+0001
  324.250 -6.5710E+0001
  324.500 -6.5639E+0001
  324.750 -6.5567E+0001
  325.000 -6.5495E+0001
  325.250 -6.5422E+0001
  325.500 -6.5349E+0001
  325.750 -6.5276E+0001
  326.000 -6.5203E+0001
  326.250 -6.5130E+0001
  326.500 -6.5057E+0001
  326.750 -6.4985E+0001
  327.000 -6.4912E+0001
  327.250 -6.4839E+0001
  327.500 -6.4767E+0001
  327.750 -6.4694E+0001
  328.000 -6.4622E+0001
  328.250 -6.4551E+0001
  328.500 -6.4479E+0001
  328.750 -6.4408E+0001
  329.000 -6.4337E+0001
  329.250 -6.4267E+0001
  329.500 -6.4197E+0001
  329.750 -6.4127E+0001
  330.000 -6.4057E+0001
  330.250 -6.3988E+0001
  330.500 -6.3920E+0001
  330.750 -6.3852E+0001
  331.000 -6.3784E+0001
  331.250 -6.3716E+0001
  331.500 -6.3649E+0001
  331.750 -6.3583E+0001
  332.000 -6.3517E+0001
  332.250 -6.3451E+0001
  332.500 -6.3386E+0001
  332.750 -6.3321E+0001
  333.000 -6.3257E+0001
  333.250 -6.3193E+0001
  333.500 -6.3129E+0001
  333.750 -6.3066E+0001
  334.000 -6.3003E+0001
  334.250 -6.2941E+0001
  334.500 -6.2879E+0001
  334.750 -6.2818E+0001
  335.000 -6.2757E+0001
  335.250 -6.2697E+0001
  335.500 -6.2637E+0001
  335.750 -6.2577E+0001
  336.000 -6.2518E+0001
  336.250 -6.2459E+0001
  336.500 -6.2401E+0001
  336.750 -6.2343E+0001
  337.000 -6.2285E+0001
  337.250 -6.2228E+0001
  337.500 -6.2171E+0001
  337.750 -6.2115E+0001
  338.000 -6.2059E+0001
  338.250 -6.2003E+0001
  338.500 -6.1948E+0001
  338.750 -6.1893E+0001
  339.000 -6.1839E+0001
  339.250 -6.1785E+0001
  339.500 -6.1732E+0001
  339.750 -6.1678E+0001
  340.000 -6.1625E+0001
  340.250 -6.1573E+0001
  340.500 -6.1521E+0001
  340.750 -6.1469E+0001
  341.000 -6.1418E+0001
  341.250 -6.1367E+0001
  341.500 -6.1316E+0001
  341.750 -6.1266E+0001
  342.000 -6.1216E+0001
  342.250 -6.1166E+0001
  342.500 -6.1117E+0001
  342.750 -6.1068E+0001
  343.000 -6.1020E+0001
  343.250 -6.0972E+0001
  343.500 -6.0924E+0001
  343.750 -6.0876E+0001
  344.000 -6.0829E+0001
  344.250 -6.0782E+0001
  344.500 -6.0736E+0001
  344.750 -6.0689E+0001
  345.000 -6.0643E+0001
  345.250 -6.0598E+0001
  345.500 -6.0553E+0001
  345.750 -6.0508E+0001
  346.000 -6.0463E+0001
  346.250 -6.0419E+0001
  346.500 -6.0375E+0001
  346.750 -6.0331E+0001
  347.000 -6.0287E+0001
  347.250 -6.0244E+0001
  347.500 -6.0202E+0001
  347.750 -6.0159E+0001
  348.000 -6.0117E+0001
  348.250 -6.0075E+0001
  348.500 -6.0033E+0001
  348.750 -5.9992E+0001
  349.000 -5.9951E+0001
  349.250 -5.9910E+0001
  349.500 -5.9869E+0001
  349.750 -5.9829E+0001
  350.000 -5.9789E+0001
  350.250 -5.9749E+0001
  350.500 -5.9710E+0001
  350.750 -5.9671E+0001
  351.000 -5.9632E+0001
  351.250 -5.9593E+0001
  351.500 -5.9555E+0001
  351.750 -5.9517E+0001
  352.000 -5.9479E+0001
  352.250 -5.9441E+0001
  352.500 -5.9404E+0001
  352.750 -5.9367E+0001
  353.000 -5.9330E+0001
  353.250 -5.9294E+0001
  353.500 -5.9257E+0001
  353.750 -5.9221E+0001
  354.000 -5.9185E+0001
  354.250 -5.9150E+0001
  354.500 -5.9115E+0001
  354.750 -5.9079E+0001
  355.000 -5.9045E+0001
  355.250 -5.9010E+0001
  355.500 -5.8976E+0001
  355.750 -5.8941E+0001
  356.000 -5.8907E+0001
  356.250 -5.8874E+0001
  356.500 -5.8840E+0001
  356.750 -5.8807E+0001
  357.000 -5.8774E+0001
  357.250 -5.8741E+0001
  357.500 -5.8709E+0001
  357.750 -5.8676E+0001
  358.000 -5.8644E+0001
  358.250 -5.8612E+0001
  358.500 -5.8581E+0001
  358.750 -5.8549E+0001
  359.000 -5.8518E+0001
  359.250 -5.8487E+0001
  359.500 -5.8456E+0001
  359.750 -5.8425E+0001
  360.000 -5.8395E+0001
  360.250 -5.8365E+0001
  360.500 -5.8335E+0001
  360.750 -5.8305E+0001
  361.000 -5.8275E+0001
  361.250 -5.8246E+0001
  361.500 -5.8217E+0001
  361.750 -5.8188E+0001
  362.000 -5.8159E+0001
  362.250 -5.8131E+0001
  362.500 -5.8102E+0001
  362.750 -5.8074E+0001
  363.000 -5.8046E+0001
  363.250 -5.8018E+0001
  363.500 -5.7990E+0001
  363.750 -5.7963E+0001
  364.000 -5.7936E+0001
  364.250 -5.7909E+0001
  364.500 -5.7882E+0001
  364.750 -5.7855E+0001
  365.000 -5.7829E+0001
  365.250 -5.7802E+0001
  365.500 -5.7776E+0001
  365.750 -5.7750E+0001
  366.000 -5.7724E+0001
  366.250 -5.7699E+0001
  366.500 -5.7673E+0001
  366.750 -5.7648E+0001
  367.000 -5.7623E+0001
  367.250 -5.7598E+0001
  367.500 -5.7573E+0001
  367.750 -5.7549E+0001
  368.000 -5.7524E+0001
  368.250 -5.7500E+0001
  368.500 -5.7476E+0001
  368.750 -5.7452E+0001
  369.000 -5.7428E+0001
  369.250 -5.7404E+0001
  369.500 -5.7381E+0001
  369.750 -5.7358E+0001
  370.000 -5.7335E+0001
  370.250 -5.7312E+0001
  370.500 -5.7289E+0001
  370.750 -5.7266E+0001
  371.000 -5.7244E+0001
  371.250 -5.7221E+0001
  371.500 -5.7199E+0001
  371.750 -5.7177E+0001
  372.000 -5.7155E+0001
  372.250 -5.7133E+0001
  372.500 -5.7112E+0001
  372.750 -5.7090E+0001
  373.000 -5.7069E+0001
  373.250 -5.7048E+0001
  373.500 -5.7027E+0001
  373.750 -5.7006E+0001
  374.000 -5.6985E+0001
  374.250 -5.6965E+0001
  374.500 -5.6944E+0001
  374.750 -5.6924E+0001
  375.000 -5.6904E+0001
  375.250 -5.6884E+0001
  375.500 -5.6864E+0001
  375.750 -5.6844E+0001
  376.000 -5.6825E+0001
  376.250 -5.6805E+0001
  376.500 -5.6786E+0001
  376.750 -5.6767E+0001
  377.000 -5.6748E+0001
  377.250 -4.0000E+0001
  377.500 -4.0000E+0001
  377.750 -4.0000E+0001
  378.000 -4.0000E+0001
  378.250 -4.0000E+0001
  378.500 -4.1346E+0001
  378.750 -4.7019E+0001
  379.000 -5.1281E+0001
  379.250 -5.4515E+0001
  379.500 -5.7000E+0001
  379.750 -5.8935E+0001
  380.000 -6.0459E+0001
  380.250 -6.1673E+0001
  380.500 -6.2649E+0001
  380.750 -6.3439E+0001
  381.000 -6.4084E+0001
  381.250 -6.4613E+0001
  381.500 -6.5049E+0001
  381.750 -6.5408E+0001
  382.000 -6.5705E+0001
  382.250 -6.5950E+0001
  382.500 -6.6152E+0001
  382.750 -6.6318E+0001
  383.000 -6.6453E+0001
  383.250 -6.6563E+0001
  383.500 -6.6650E+0001
  383.750 -6.6717E+0001
  384.000 -6.6768E+0001
  384.250 -6.6805E+0001
  384.500 -6.6829E+0001
  384.750 -6.6841E+0001
  385.000 -6.6844E+0001
  385.250 -6.6838E+0001
  385.500 -6.6825E+0001
  385.750 -6.6805E+0001
  386.000 -6.6778E+0001
  386.250 -6.6746E+0001
  386.500 -6.6710E+0001
  386.750 -6.6668E+0001
  387.000 -6.6624E+0001
  387.250 -6.6575E+0001
  387.500 -6.6523E+0001
  387.750 -6.6469E+0001
  388.000 -6.6412E+0001
  388.250 -6.6353E+0001
  388.500 -6.6292E+0001
  388.750 -6.6229E+0001
  389.000 -6.6165E+0001
  389.250 -6.6099E+0001
  389.500 -6.6032E+0001
  389.750 -6.5964E+0001
  390.000 -6.5894E+0001
  390.250 -6.5825E+0001
  390.500 -6.5754E+0001
  390.750 -6.5683E+0001
  391.000 -6.5611E+0001
  391.250 -6.5539E+0001
  391.500 -6.5467E+0001
  391.750 -6.5394E+0001
  392.000 -6.5321E+0001
  392.250 -6.5248E+0001
  392.500 -6.5175E+0001
  392.750 -6.5102E+0001
  393.000 -6.5030E+0001
  393.250 -6.4957E+0001
  393.500 -6.4884E+0001
  393.750 -6.4811E+0001
  394.000 -6.4739E+0001
  394.250 -6.4667E+0001
  394.500 -6.4595E+0001
  394.750 -6.4523E+0001
  395.000 -6.4452E+0001
  395.250 -6.4381E+0001
  395.500 -6.4310E+0001
  395.750 -6.4240E+0001
  396.000 -6.4170E+0001
  396.250 -6.4100E+0001
  396.500 -6.4031E+0001
  396.750 -6.3962E+0001
  397.000 -6.3894E+0001
  397.250 -6.3826E+0001
  397.500 -6.3758E+0001
  397.750 -6.3691E+0001
  398.000 -6.3624E+0001
  398.250 -6.3558E+0001
  398.500 -6.3492E+0001
  398.750 -6.3426E+0001
  399.000 -6.3361E+0001
  399.250 -6.3296E+0001
  399.500 -6.3232E+0001
  399.750 -6.3168E+0001
  400.000 -6.3105E+0001
  400.250 -6.3042E+0001
  400.500 -6.2980E+0001
  400.750 -6.2918E+0001
  401.000 -6.2856E+0001
  401.250 -6.2795E+0001
  401.500 -6.2734E+0001
  401.750 -6.2674E+0001
  402.000 -6.2614E+0001
  402.250 -6.2554E+0001
  402.500 -6.2495E+0001
  402.750 -6.2437E+0001
  403.000 -6.2378E+0001
  403.250 -6.2321E+0001
  403.500 -6.2263E+0001
  403.750 -6.2206E+0001
  404.000 -6.2150E+0001
  404.250 -6.2093E+0001
  404.500 -6.2038E+0001
  404.750 -6.1982E+0001
  405.000 -6.1927E+0001
  405.250 -6.1873E+0001
  405.500 -6.1818E+0001
  405.750 -6.1764E+0001
  406.000 -6.1711E+0001
  406.250 -6.1658E+0001
  406.500 -6.1605E+0001
  406.750 -6.1553E+0001
  407.000 -6.1501E+0001
  407.250 -6.1449E+0001
  407.500 -6.1398E+0001
  407.750 -6.1347E+0001
  408.000 -6.1297E+0001
  408.250 -6.1247E+0001
  408.500 -6.1197E+0001
  408.750 -6.1147E+0001
  409.000 -6.1098E+0001
  409.250 -6.1049E+0001
  409.500 -6.1001E+0001
  409.750 -6.0953E+0001
  410.000 -6.0905E+0001
  410.250 -6.0858E+0001
  410.500 -6.0811E+0001
  410.750 -6.0764E+0001
  411.000 -6.0717E+0001
  411.250 -6.0671E+0001
  411.500 -6.0626E+0001
  411.750 -6.0580E+0001
  412.000 -6.0535E+0001
  412.250 -6.0490E+0001
  412.500 -6.0446E+0001
  412.750 -6.0401E+0001
  413.000 -6.0357E+0001
  413.250 -6.0314E+0001
  413.500 -6.0270E+0001
  413.750 -6.0227E+0001
  414.000 -6.0185E+0001
  414.250 -6.0142E+0001
  414.500 -6.0100E+0001
  414.750 -6.0058E+0001
  415.000 -6.0017E+0001
  415.250 -5.9975E+0001
  415.500 -5.9934E+0001
  415.750 -5.9894E+0001
  416.000 -5.9853E+0001
  416.250 -5.9813E+0001
  416.500 -5.9773E+0001
  416.750 -5.9734E+0001
  417.000 -5.9694E+0001
  417.250 -5.9655E+0001
  417.500 -5.9616E+0001
  417.750 -5.9578E+0001
  418.000 -5.9539E+0001
  418.250 -5.9501E+0001
  418.500 -5.9464E+0001
  418.750 -5.9426E+0001
  419.000 -5.9389E+0001
  419.250 -5.9352E+0001
  419.500 -5.9315E+0001
  419.750 -5.9279E+0001
  420.000 -5.9242E+0001
  420.250 -5.9206E+0001
  420.500 -5.9171E+0001
  420.750 -5.9135E+0001
  421.000 -5.9100E+0001
  421.250 -5.9065E+0001
  421.500 -5.9030E+0001
  421.750 -5.8996E+0001
  422.000 -5.8961E+0001
  422.250 -5.8927E+0001
  422.500 -5.8893E+0001
  422.750 -5.8860E+0001
  423.000 -5.8826E+0001
  423.250 -5.8793E+0001
  423.500 -5.8760E+0001
  423.750 -5.8728E+0001
  424.000 -5.8695E+0001
  424.250 -5.8663E+0001
  424.500 -5.8631E+0001
  424.750 -5.8599E+0001
  425.000 -5.8567E+0001
  425.250 -5.8536E+0001
  425.500 -5.8505E+0001
  425.750 -5.8474E+0001
  426.000 -5.8443E+0001
  426.250 -5.8412E+0001
  426.500 -5.8382E+0001
  426.750 -5.8352E+0001
  427.000 -5.8322E+0001
  427.250 -5.8292E+0001
  427.500 -5.8263E+0001
  427.750 -5.8233E+0001
  428.000 -5.8204E+0001
  428.250 -5.8175E+0001
  428.500 -5.8147E+0001
  428.750 -5.8118E+0001
  429.000 -5.8090E+0001
  429.250 -5.8061E+0001
  429.500 -5.8034E+0001
  429.750 -5.8006E+0001
  430.000 -5.7978E+0001
  430.250 -5.7951E+0001
  430.500 -5.7924E+0001
  430.750 -5.7897E+0001
  431.000 -5.7870E+0001
  431.250 -5.7843E+0001
  431.500 -5.7817E+0001
  431.750 -5.7790E+0001
  432.000 -5.7764E+0001
  432.250 -5.7738E+0001
  432.500 -5.7713E+0001
  432.750 -5.7687E+0001
  433.000 -5.7662E+0001
  433.250 -5.7636E+0001
  433.500 -5.7611E+0001
  433.750 -5.7586E+0001
  434.000 -5.7562E+0001
  434.250 -5.7537E+0001
  434.500 -5.7513E+0001
  434.750 -5.7488E+0001
  435.000 -5.7464E+0001
  435.250 -5.7441E+0001
  435.500 -5.7417E+0001
  435.750 -5.7393E+0001
  436.000 -5.7370E+0001
  436.250 -5.7347E+0001
  436.500 -5.7324E+0001
  436.750 -5.7301E+0001
  437.000 -5.7278E+0001
  437.250 -5.7255E+0001
  437.500 -5.7233E+0001
  437.750 -5.7211E+0001
  438.000 -5.7188E+0001
  438.250 -5.7166E+0001
  438.500 -5.7145E+0001
  438.750 -5.7123E+0001
  439.000 -5.7101E+0001
  439.250 -5.7080E+0001
  439.500 -5.7059E+0001
  439.750 -5.7038E+0001
  440.000 -5.7017E+0001
  440.250 -5.6996E+0001
  440.500 -5.6975E+0001
  440.750 -5.6955E+0001
  441.000 -5.6934E+0001
  441.250 -5.6914E+0001
  441.500 -5.6894E+0001
  441.750 -5.6874E+0001
  442.000 -5.6854E+0001
  442.250 -5.6834E+0001
  442.500 -5.6815E+0001
  442.750 -5.6795E+0001
  443.000 -5.6776E+0001
  443.250 -5.6757E+0001
  443.500 -4.0000E+0001
  443.750 -4.0000E+0001
  444.000 -4.0000E+0001
  444.250 -4.0000E+0001
  444.500 -4.0000E+0001
  444.750 -4.0000E+0001
  445.000 -4.3814E+0001
  445.250 -4.8869E+0001
  445.500 -5.2680E+0001
  445.750 -5.5586E+0001
  446.000 -5.7831E+0001
  446.250 -5.9587E+0001
  446.500 -6.0977E+0001
  446.750 -6.2088E+0001
  447.000 -6.2984E+0001
  447.250 -6.3713E+0001
  447.500 -6.4308E+0001
  447.750 -6.4797E+0001
  448.000 -6.5200E+0001
  448.250 -6.5533E+0001
  448.500 -6.5808E+0001
  448.750 -6.6035E+0001
  449.000 -6.6222E+0001
  449.250 -6.6376E+0001
  449.500 -6.6500E+0001
  449.750 -6.6600E+0001
  450.000 -6.6679E+0001
  450.250 -6.6740E+0001
  450.500 -6.6785E+0001
  450.750 -6.6816E+0001
  451.000 -6.6835E+0001
  451.250 -6.6844E+0001
  451.500 -6.6843E+0001
  451.750 -6.6834E+0001
  452.000 -6.6818E+0001
  452.250 -6.6795E+0001
  452.500 -6.6766E+0001
  452.750 -6.6732E+0001
  453.000 -6.6694E+0001
  453.250 -6.6651E+0001
  453.500 -6.6605E+0001
  453.750 -6.6555E+0001
  454.000 -6.6502E+0001
  454.250 -6.6447E+0001
  454.500 -6.6389E+0001
  454.750 -6.6329E+0001
  455.000 -6.6267E+0001
  455.250 -6.6204E+0001
  455.500 -6.6139E+0001
  455.750 -6.6072E+0001
  456.000 -6.6005E+0001
  456.250 -6.5936E+0001
  456.500 -6.5867E+0001
  456.750 -6.5797E+0001
  457.000 -6.5726E+0001
  457.250 -6.5655E+0001
  457.500 -6.5583E+0001
  457.750 -6.5511E+0001
  458.000 -6.5438E+0001
  458.250 -6.5365E+0001
  458.500 -6.5292E+0001
  458.750 -6.5220E+0001
  459.000 -6.5147E+0001
  459.250 -6.5074E+0001
  459.500 -6.5001E+0001
  459.750 -6.4928E+0001
  460.000 -6.4855E+0001
  460.250 -6.4783E+0001
  460.500 -6.4710E+0001
  460.750 -6.4638E+0001
  461.000 -6.4567E+0001
  461.250 -6.4495E+0001
  461.500 -6.4424E+0001
  461.750 -6.4353E+0001
  462.000 -6.4282E+0001
  462.250 -6.4212E+0001
  462.500 -6.4142E+0001
  462.750 -6.4073E+0001
  463.000 -6.4004E+0001
  463.250 -6.3935E+0001
  463.500 -6.3867E+0001
  463.750 -6.3799E+0001
  464.000 -6.3731E+0001
  464.250 -6.3664E+0001
  464.500 -6.3598E+0001
  464.750 -6.3531E+0001
  465.000 -6.3466E+0001
  465.250 -6.3400E+0001
  465.500 -6.3335E+0001
  465.750 -6.3271E+0001
  466.000 -6.3207E+0001
  466.250 -6.3143E+0001
  466.500 -6.3080E+0001
  466.750 -6.3017E+0001
  467.000 -6.2955E+0001
  467.250 -6.2893E+0001
  467.500 -6.2832E+0001
  467.750 -6.2771E+0001
  468.000 -6.2710E+0001
  468.250 -6.2650E+0001
  468.500 -6.2590E+0001
  468.750 -6.2531E+0001
  469.000 -6.2472E+0001
  469.250 -6.2413E+0001
  469.500 -6.2355E+0001
  469.750 -6.2298E+0001
  470.000 -6.2240E+0001
  470.250 -6.2183E+0001
  470.500 -6.2127E+0001
  470.750 -6.2071E+0001
  471.000 -6.2015E+0001
  471.250 -6.1960E+0001
  471.500 -6.1905E+0001
  471.750 -6.1851E+0001
  472.000 -6.1797E+0001
  472.250 -6.1743E+0001
  472.500 -6.1690E+0001
  472.750 -6.1637E+0001
  473.000 -6.1584E+0001
  473.250 -6.1532E+0001
  473.500 -6.1480E+0001
  473.750 -6.1429E+0001
  474.000 -6.1378E+0001
  474.250 -6.1327E+0001
  474.500 -6.1276E+0001
  474.750 -6.1226E+0001
  475.000 -6.1177E+0001
  475.250 -6.1127E+0001
  475.500 -6.1078E+0001
  475.750 -6.1030E+0001
  476.000 -6.0981E+0001
  476.250 -6.0933E+0001
  476.500 -6.0886E+0001
  476.750 -6.0838E+0001
  477.000 -6.0792E+0001
  477.250 -6.0745E+0001
  477.500 -6.0699E+0001
  477.750 -6.0653E+0001
  478.000 -6.0607E+0001
  478.250 -6.0561E+0001
  478.500 -6.0516E+0001
  478.750 -6.0472E+0001
  479.000 -6.0427E+0001
  479.250 -6.0383E+0001
  479.500 -6.0339E+0001
  479.750 -6.0296E+0001
  480.000 -6.0253E+0001
  480.250 -6.0210E+0001
  480.500 -6.0167E+0001
  480.750 -6.0125E+0001
  481.000 -6.0083E+0001
  481.250 -6.0041E+0001
  481.500 -5.9999E+0001
  481.750 -5.9958E+0001
  482.000 -5.9917E+0001
  482.250 -5.9877E+0001
  482.500 -5.9836E+0001
  482.750 -5.9796E+0001
  483.000 -5.9756E+0001
  483.250 -5.9717E+0001
  483.500 -5.9678E+0001
  483.750 -5.9639E+0001
  484.000 -5.9600E+0001
  484.250 -5.9562E+0001
  484.500 -5.9523E+0001
  484.750 -5.9485E+0001
  485.000 -5.9448E+0001
  485.250 -5.9410E+0001
  485.500 -5.9373E+0001
  485.750 -5.9336E+0001
  486.000 -5.9300E+0001
  486.250 -5.9263E+0001
  486.500 -5.9227E+0001
  486.750 -5.9191E+0001
  487.000 -5.9155E+0001
  487.250 -5.9120E+0001
  487.500 -5.9085E+0001
  487.750 -5.9050E+0001
  488.000 -5.9015E+0001
  488.250 -5.8981E+0001
  488.500 -5.8946E+0001
  488.750 -5.8912E+0001
  489.000 -5.8879E+0001
  489.250 -5.8845E+0001
  489.500 -5.8812E+0001
  489.750 -5.8779E+0001
  490.000 -5.8746E+0001
  490.250 -5.8713E+0001
  490.500 -5.8681E+0001
  490.750 -5.8649E+0001
  491.000 -5.8617E+0001
  491.250 -5.8585E+0001
  491.500 -5.8553E+0001
  491.750 -5.8522E+0001
  492.000 -5.8491E+0001
  492.250 -5.8460E+0001
  492.500 -5.8429E+0001
  492.750 -5.8399E+0001
  493.000 -5.8368E+0001
  493.250 -5.8338E+0001
  493.500 -5.8308E+0001
  493.750 -5.8279E+0001
  494.000 -5.8249E+0001
  494.250 -5.8220E+0001
  494.500 -5.8191E+0001
  494.750 -5.8162E+0001
  495.000 -5.8133E+0001
  495.250 -5.8105E+0001
  495.500 -5.8077E+0001
  495.750 -5.8049E+0001
  496.000 -5.8021E+0001
  496.250 -5.7993E+0001
  496.500 -5.7965E+0001
  496.750 -5.7938E+0001
  497.000 -5.7911E+0001
  497.250 -5.7884E+0001
  497.500 -5.7857E+0001
  497.750 -5.7831E+0001
  498.000 -5.7804E+0001
  498.250 -5.7778E+0001
  498.500 -5.7752E+0001
  498.750 -5.7726E+0001
  499.000 -5.7700E+0001
  499.250 -5.7675E+0001
  499.500 -5.7649E+0001
  499.750 -5.7624E+0001
  500.000 -5.7599E+0001
  500.250 -5.7574E+0001
  500.500 -5.7550E+0001
  500.750 -5.7525E+0001
  501.000 -5.7501E+0001
  501.250 -5.7477E+0001
  501.500 -5.7453E+0001
  501.750 -5.7429E+0001
  502.000 -5.7405E+0001
  502.250 -5.7382E+0001
  502.500 -5.7358E+0001
  502.750 -5.7335E+0001
  503.000 -5.7312E+0001
  503.250 -5.7289E+0001
  503.500 -5.7267E+0001
  503.750 -5.7244E+0001
  504.000 -5.7222E+0001
  504.250 -5.7199E+0001
  504.500 -5.7177E+0001
  504.750 -5.7155E+0001
  505.000 -5.7134E+0001
  505.250 -5.7112E+0001
  505.500 -5.7090E+0001
  505.750 -5.7069E+0001
  506.000 -5.7048E+0001
  506.250 -5.7027E+0001
  506.500 -5.7006E+0001
  506.750 -5.6985E+0001
  507.000 -5.6965E+0001
  507.250 -5.6944E+0001
  507.500 -5.6924E+0001
  507.750 -5.6904E+0001
  508.000 -5.6883E+0001
  508.250 -5.6864E+0001
  508.500 -5.6844E+0001
  508.750 -5.6824E+0001
  509.000 -5.6805E+0001
  509.250 -5.6785E+0001
  509.500 -5.6766E+0001
  509.750 -5.6747E+0001
  510.000 -4.0000E+0001
  510.250 -4.0000E+0001
  510.500 -4.0000E+0001
  510.750 -4.0000E+0001
  511.000 -4.0000E+0001
  511.250 -4.0000E+0001
  511.500 -4.4945E+0001
  511.750 -4.9718E+0001
  512.000 -5.3324E+0001
  512.250 -5.6081E+0001
  512.500 -5.8216E+0001
  512.750 -5.9891E+0001
  513.000 -6.1219E+0001
  513.250 -6.2283E+0001
  513.500 -6.3142E+0001
  513.750 -6.3841E+0001
  514.000 -6.4413E+0001
  514.250 -6.4884E+0001
  514.500 -6.5272E+0001
  514.750 -6.5592E+0001
  515.000 -6.5857E+0001
  515.250 -6.6076E+0001
  515.500 -6.6255E+0001
  515.750 -6.6402E+0001
  516.000 -6.6522E+0001
  516.250 -6.6617E+0001
  516.500 -6.6692E+0001
  516.750 -6.6750E+0001
  517.000 -6.6792E+0001
  517.250 -6.6821E+0001
  517.500 -6.6838E+0001
  517.750 -6.6844E+0001
  518.000 -6.6842E+0001
  518.250 -6.6831E+0001
  518.500 -6.6814E+0001
  518.750 -6.6790E+0001
  519.000 -6.6760E+0001
  519.250 -6.6725E+0001
  519.500 -6.6686E+0001
  519.750 -6.6642E+0001
  520.000 -6.6595E+0001
  520.250 -6.6545E+0001
  520.500 -6.6492E+0001
  520.750 -6.6436E+0001
  521.000 -6.6377E+0001
  521.250 -6.6317E+0001
  521.500 -6.6255E+0001
  521.750 -6.6191E+0001
  522.000 -6.6126E+0001
  522.250 -6.6059E+0001
  522.500 -6.5991E+0001
  522.750 -6.5923E+0001
  523.000 -6.5853E+0001
  523.250 -6.5783E+0001
  523.500 -6.5712E+0001
  523.750 -6.5640E+0001
  524.000 -6.5568E+0001
  524.250 -6.5496E+0001
  524.500 -6.5424E+0001
  524.750 -6.5351E+0001
  525.000 -6.5278E+0001
  525.250 -6.5205E+0001
  525.500 -6.5132E+0001
  525.750 -6.5059E+0001
  526.000 -6.4986E+0001
  526.250 -6.4914E+0001
  526.500 -6.4841E+0001
  526.750 -6.4768E+0001
  527.000 -6.4696E+0001
  527.250 -6.4624E+0001
  527.500 -6.4552E+0001
  527.750 -6.4481E+0001
  528.000 -6.4410E+0001
  528.250 -6.4339E+0001
  528.500 -6.4268E+0001
  528.750 -6.4198E+0001
  529.000 -6.4128E+0001
  529.250 -6.4059E+0001
  529.500 -6.3990E+0001
  529.750 -6.3921E+0001
  530.000 -6.3853E+0001
  530.250 -6.3785E+0001
  530.500 -6.3718E+0001
  530.750 -6.3651E+0001
  531.000 -6.3584E+0001
  531.250 -6.3518E+0001
  531.500 -6.3453E+0001
  531.750 -6.3387E+0001
  532.000 -6.3322E+0001
  532.250 -6.3258E+0001
  532.500 -6.3194E+0001
  532.750 -6.3131E+0001
  533.000 -6.3067E+0001
  533.250 -6.3005E+0001
  533.500 -6.2943E+0001
  533.750 -6.2881E+0001
  534.000 -6.2819E+0001
  534.250 -6.2758E+0001
  534.500 -6.2698E+0001
  534.750 -6.2638E+0001
  535.000 -6.2578E+0001
  535.250 -6.2519E+0001
  535.500 -6.2460E+0001
  535.750 -6.2402E+0001
  536.000 -6.2344E+0001
  536.250 -6.2286E+0001
  536.500 -6.2229E+0001
  536.750 -6.2172E+0001
  537.000 -6.2116E+0001
  537.250 -6.2060E+0001
  537.500 -6.2004E+0001
  537.750 -6.1949E+0001
  538.000 -6.1894E+0001
  538.250 -6.1840E+0001
  538.500 -6.1786E+0001
  538.750 -6.1732E+0001
  539.000 -6.1679E+0001
  539.250 -6.1626E+0001
  539.500 -6.1573E+0001
  539.750 -6.1521E+0001
  540.000 -6.1469E+0001
  540.250 -6.1418E+0001
  540.500 -6.1367E+0001
  540.750 -6.1316E+0001
  541.000 -6.1266E+0001
  541.250 -6.1216E+0001
  541.500 -6.1166E+0001
  541.750 -6.1117E+0001
  542.000 -6.1068E+0001
  542.250 -6.1020E+0001
  542.500 -6.0971E+0001
  542.750 -6.0923E+0001
  543.000 -6.0876E+0001
  543.250 -6.0829E+0001
  543.500 -6.0782E+0001
  543.750 -6.0735E+0001
  544.000 -6.0689E+0001
  544.250 -6.0643E+0001
  544.500 -6.0597E+0001
  544.750 -6.0552E+0001
  545.000 -6.0507E+0001
  545.250 -6.0462E+0001
  545.500 -6.0418E+0001
  545.750 -6.0374E+0001
  546.000 -6.0330E+0001
  546.250 -6.0286E+0001
  546.500 -6.0243E+0001
  546.750 -6.0200E+0001
  547.000 -6.0158E+0001
  547.250 -6.0116E+0001
  547.500 -6.0074E+0001
  547.750 -6.0032E+0001
  548.000 -5.9990E+0001
  548.250 -5.9949E+0001
  548.500 -5.9908E+0001
  548.750 -5.9868E+0001
  549.000 -5.9828E+0001
  549.250 -5.9787E+0001
  549.500 -5.9748E+0001
  549.750 -5.9708E+0001
  550.000 -5.9669E+0001
  550.250 -5.9630E+0001
  550.500 -5.9591E+0001
  550.750 -5.9553E+0001
  551.000 -5.9515E+0001
  551.250 -5.9477E+0001
  551.500 -5.9439E+0001
  551.750 -5.9402E+0001
  552.000 -5.9365E+0001
  552.250 -5.9328E+0001
  552.500 -5.9291E+0001
  552.750 -5.9255E+0001
  553.000 -5.9219E+0001
  553.250 -5.9183E+0001
  553.500 -5.9147E+0001
  553.750 -5.9112E+0001
  554.000 -5.9077E+0001
  554.250 -5.9042E+0001
  554.500 -5.9007E+0001
  554.750 -5.8973E+0001
  555.000 -5.8938E+0001
  555.250 -5.8904E+0001
  555.500 -5.8871E+0001
  555.750 -5.8837E+0001
  556.000 -5.8804E+0001
  556.250 -5.8771E+0001
  556.500 -5.8738E+0001
  556.750 -5.8705E+0001
  557.000 -5.8673E+0001
  557.250 -5.8641E+0001
  557.500 -5.8609E+0001
  557.750 -5.8577E+0001
  558.000 -5.8546E+0001
  558.250 -5.8514E+0001
  558.500 -5.8483E+0001
  558.750 -5.8452E+0001
  559.000 -5.8422E+0001
  559.250 -5.8391E+0001
  559.500 -5.8361E+0001
  559.750 -5.8331E+0001
  560.000 -5.8301E+0001
  560.250 -5.8271E+0001
  560.500 -5.8242E+0001
  560.750 -5.8213E+0001
  561.000 -5.8184E+0001
  561.250 -5.8155E+0001
  561.500 -5.8126E+0001
  561.750 -5.8098E+0001
  562.000 -5.8069E+0001
  562.250 -5.8041E+0001
  562.500 -5.8013E+0001
  562.750 -5.7986E+0001
  563.000 -5.7958E+0001
  563.250 -5.7931E+0001
  563.500 -5.7904E+0001
  563.750 -5.7877E+0001
  564.000 -5.7850E+0001
  564.250 -5.7824E+0001
  564.500 -5.7797E+0001
  564.750 -5.7771E+0001
  565.000 -5.7745E+0001
  565.250 -5.7719E+0001
  565.500 -5.7693E+0001
  565.750 -5.7668E+0001
  566.000 -5.7643E+0001
  566.250 -5.7617E+0001
  566.500 -5.7592E+0001
  566.750 -5.7568E+0001
  567.000 -5.7543E+0001
  567.250 -5.7519E+0001
  567.500 -5.7494E+0001
  567.750 -5.7470E+0001
  568.000 -5.7446E+0001
  568.250 -5.7422E+0001
  568.500 -5.7399E+0001
  568.750 -5.7375E+0001
  569.000 -5.7352E+0001
  569.250 -5.7329E+0001
  569.500 -5.7306E+0001
  569.750 -5.7283E+0001
  570.000 -5.7260E+0001
  570.250 -5.7238E+0001
  570.500 -5.7215E+0001
  570.750 -5.7193E+0001
  571.000 -5.7171E+0001
  571.250 -5.7149E+0001
  571.500 -5.7127E+0001
  571.750 -5.7106E+0001
  572.000 -5.7084E+0001
  572.250 -5.7063E+0001
  572.500 -5.7042E+0001
  572.750 -5.7021E+0001
  573.000 -5.7000E+0001
  573.250 -5.6979E+0001
  573.500 -5.6958E+0001
  573.750 -5.6938E+0001
  574.000 -5.6917E+0001
  574.250 -5.6897E+0001
  574.500 -5.6877E+0001
  574.750 -5.6857E+0001
  575.000 -5.6838E+0001
  575.250 -5.6818E+0001
  575.500 -5.6798E+0001
  575.750 -5.6779E+0001
  576.000 -5.6760E+0001
  576.250 -4.0000E+0001
  576.500 -4.0000E+0001
  576.750 -4.0000E+0001
  577.000 -4.0000E+0001
  577.250 -4.0000E+0001
  577.500 -4.0000E+0001
  577.750 -4.1346E+0001
  578.000 -4.7019E+0001
  578.250 -5.1280E+0001
  578.500 -5.4514E+0001
  578.750 -5.6999E+0001
  579.000 -5.8934E+0001
  579.250 -6.0458E+0001
  579.500 -6.1672E+0001
  579.750 -6.2648E+0001
  580.000 -6.3439E+0001
  580.250 -6.4084E+0001
  580.500 -6.4613E+0001
  580.750 -6.5048E+0001
  581.000 -6.5408E+0001
  581.250 -6.5705E+0001
  581.500 -6.5950E+0001
  581.750 -6.6152E+0001
  582.000 -6.6318E+0001
  582.250 -6.6454E+0001
  582.500 -6.6563E+0001
  582.750 -6.6650E+0001
  583.000 -6.6718E+0001
  583.250 -6.6769E+0001
  583.500 -6.6805E+0001
  583.750 -6.6829E+0001
  584.000 -6.6842E+0001
  584.250 -6.6845E+0001
  584.500 -6.6839E+0001
  584.750 -6.6826E+0001
  585.000 -6.6806E+0001
  585.250 -6.6779E+0001
  585.500 -6.6747E+0001
  585.750 -6.6711E+0001
  586.000 -6.6670E+0001
  586.250 -6.6625E+0001
  586.500 -6.6576E+0001
  586.750 -6.6525E+0001
  587.000 -6.6470E+0001
  587.250 -6.6414E+0001
  587.500 -6.6354E+0001
  587.750 -6.6293E+0001
  588.000 -6.6230E+0001
  588.250 -6.6166E+0001
  588.500 -6.6100E+0001
  588.750 -6.6033E+0001
  589.000 -6.5965E+0001
  589.250 -6.5896E+0001
  589.500 -6.5826E+0001
  589.750 -6.5756E+0001
  590.000 -6.5684E+0001
  590.250 -6.5613E+0001
  590.500 -6.5541E+0001
  590.750 -6.5468E+0001
  591.000 -6.5396E+0001
  591.250 -6.5323E+0001
  591.500 -6.5250E+0001
  591.750 -6.5177E+0001
  592.000 -6.5104E+0001
  592.250 -6.5031E+0001
  592.500 -6.4958E+0001
  592.750 -6.4886E+0001
  593.000 -6.4813E+0001
  593.250 -6.4741E+0001
  593.500 -6.4669E+0001
  593.750 -6.4597E+0001
  594.000 -6.4525E+0001
  594.250 -6.4454E+0001
  594.500 -6.4383E+0001
  594.750 -6.4312E+0001
  595.000 -6.4242E+0001
  595.250 -6.4172E+0001
  595.500 -6.4102E+0001
  595.750 -6.4033E+0001
  596.000 -6.3964E+0001
  596.250 -6.3895E+0001
  596.500 -6.3827E+0001
  596.750 -6.3760E+0001
  597.000 -6.3692E+0001
  597.250 -6.3625E+0001
  597.500 -6.3559E+0001
  597.750 -6.3493E+0001
  598.000 -6.3428E+0001
  598.250 -6.3362E+0001
  598.500 -6.3298E+0001
  598.750 -6.3234E+0001
  599.000 -6.3170E+0001
  599.250 -6.3106E+0001
  599.500 -6.3043E+0001
  599.750 -6.2981E+0001
