    0.250 -6.5364E+0001
    0.500 -6.5033E+0001
    0.750 -6.4708E+0001
    1.000 -6.4389E+0001
    1.250 -6.4075E+0001
    1.500 -6.3767E+0001
    1.750 -6.3465E+0001
    2.000 -6.3167E+0001
    2.250 -6.2875E+0001
    2.500 -6.2588E+0001
    2.750 -6.2306E+0001
    3.000 -6.2029E+0001
    3.250 -6.1757E+0001
    3.500 -6.1490E+0001
    3.750 -6.1228E+0001
    4.000 -6.0970E+0001
    4.250 -6.0716E+0001
    4.500 -6.0467E+0001
    4.750 -6.0222E+0001
    5.000 -5.9982E+0001
    5.250 -5.9745E+0001
    5.500 -5.9512E+0001
    5.750 -5.9283E+0001
    6.000 -5.9057E+0001
    6.250 -5.8835E+0001
    6.500 -5.8615E+0001
    6.750 -5.8398E+0001
    7.000 -5.8183E+0001
    7.250 -5.7970E+0001
    7.500 -5.7759E+0001
    7.750 -5.7547E+0001
    8.000 -5.7336E+0001
    8.250 -5.7123E+0001
    8.500 -5.6907E+0001
    8.750 -5.6687E+0001
    9.000 -5.6459E+0001
    9.250 -5.6222E+0001
    9.500 -5.5970E+0001
    9.750 -5.5696E+0001
   10.000 -5.5390E+0001
   10.250 -5.5031E+0001
   10.500 -5.4583E+0001
   10.750 -5.3954E+0001
   11.000 -5.2836E+0001
   11.250 -4.8289E+0001
   11.500 -2.3703E+0001
   11.750 -2.4958E+0000
   12.000  8.1643E+0000
   12.250  1.0717E+0001
   12.500  6.8463E+0000
   12.750 -1.6150E+0000
   13.000 -1.2202E+0001
   13.250 -2.2566E+0001
   13.500 -3.1391E+0001
   13.750 -3.8406E+0001
   14.000 -4.3863E+0001
   14.250 -4.8156E+0001
   14.500 -5.1540E+0001
   14.750 -5.4220E+0001
   15.000 -5.6335E+0001
   15.250 -5.8004E+0001
   15.500 -5.9325E+0001
   15.750 -6.0379E+0001
   16.000 -6.1224E+0001
   16.250 -6.1907E+0001
   16.500 -6.2459E+0001
   16.750 -6.2907E+0001
   17.000 -6.3269E+0001
   17.250 -6.3562E+0001
   17.500 -6.3797E+0001
   17.750 -6.3983E+0001
   18.000 -6.4128E+0001
   18.250 -6.4239E+0001
   18.500 -6.4321E+0001
   18.750 -6.4376E+0001
   19.000 -6.4410E+0001
   19.250 -6.4425E+0001
   19.500 -6.4423E+0001
   19.750 -6.4407E+0001
   20.000 -6.4378E+0001
   20.250 -6.4338E+0001
   20.500 -6.4287E+0001
   20.750 -6.4228E+0001
   21.000 -6.4161E+0001
   21.250 -6.4088E+0001
   21.500 -6.4008E+0001
   21.750 -6.3923E+0001
   22.000 -6.3833E+0001
   22.250 -6.3739E+0001
   22.500 -6.3641E+0001
   22.750 -6.3541E+0001
   23.000 -6.3437E+0001
   23.250 -6.3331E+0001
   23.500 -6.3223E+0001
   23.750 -6.3113E+0001
   24.000 -6.3002E+0001
   24.250 -6.2890E+0001
   24.500 -6.2777E+0001
   24.750 -6.2663E+0001
   25.000 -6.2549E+0001
   25.250 -6.2434E+0001
   25.500 -6.2319E+0001
   25.750 -6.2204E+0001
   26.000 -6.2090E+0001
   26.250 -6.1975E+0001
   26.500 -6.1861E+0001
   26.750 -6.1748E+0001
   27.000 -6.1635E+0001
   27.250 -6.1523E+0001
   27.500 -6.1411E+0001
   27.750 -6.1301E+0001
   28.000 -6.1191E+0001
   28.250 -6.1082E+0001
   28.500 -6.0974E+0001
   28.750 -6.0867E+0001
   29.000 -6.0762E+0001
   29.250 -6.0657E+0001
   29.500 -6.0553E+0001
   29.750 -6.0451E+0001
   30.000 -6.0349E+0001
   30.250 -6.0249E+0001
   30.500 -6.0150E+0001
   30.750 -6.0052E+0001
   31.000 -5.9955E+0001
   31.250 -5.9860E+0001
   31.500 -5.9765E+0001
   31.750 -5.9672E+0001
   32.000 -5.9579E+0001
   32.250 -5.9488E+0001
   32.500 -5.9398E+0001
   32.750 -5.9309E+0001
   33.000 -5.9221E+0001
   33.250 -5.9134E+0001
   33.500 -5.9048E+0001
   33.750 -5.8963E+0001
   34.000 -5.8879E+0001
   34.250 -5.8796E+0001
   34.500 -5.8713E+0001
   34.750 -5.8632E+0001
   35.000 -5.8551E+0001
   35.250 -5.8471E+0001
   35.500 -5.8391E+0001
   35.750 -5.8313E+0001
   36.000 -5.8234E+0001
   36.250 -5.8157E+0001
   36.500 -5.8079E+0001
   36.750 -5.8002E+0001
   37.000 -5.7926E+0001
   37.250 -5.7849E+0001
   37.500 -5.7773E+0001
   37.750 -5.7697E+0001
   38.000 -5.7621E+0001
   38.250 -5.7544E+0001
   38.500 -5.7468E+0001
   38.750 -5.7390E+0001
   39.000 -5.7313E+0001
   39.250 -5.7235E+0001
   39.500 -5.7155E+0001
   39.750 -5.7075E+0001
   40.000 -5.6994E+0001
   40.250 -5.6911E+0001
   40.500 -5.6826E+0001
   40.750 -5.6738E+0001
   41.000 -5.6649E+0001
   41.250 -5.6556E+0001
   41.500 -5.6459E+0001
   41.750 -5.6358E+0001
   42.000 -5.6251E+0001
   42.250 -5.6138E+0001
   42.500 -5.6017E+0001
   42.750 -5.5886E+0001
   43.000 -5.5742E+0001
   43.250 -5.5581E+0001
   43.500 -5.5398E+0001
   43.750 -5.5183E+0001
   44.000 -5.4921E+0001
   44.250 -5.4585E+0001
   44.500 -5.4112E+0001
   44.750 -5.3329E+0001
   45.000 -5.1333E+0001
   45.250 -3.5623E+0001
   45.500 -1.0698E+0001
   45.750  3.7231E+0000
   46.000  8.9592E+0000
   46.250  7.3461E+0000
   46.500  7.7935E-0001
   46.750 -8.5679E+0000
   47.000 -1.8499E+0001
   47.250 -2.7489E+0001
   47.500 -3.4951E+0001
   47.750 -4.0907E+0001
   48.000 -4.5659E+0001
   48.250 -4.9485E+0001
   48.500 -5.2567E+0001
   48.750 -5.5056E+0001
   49.000 -5.7059E+0001
   49.250 -5.8674E+0001
   49.500 -5.9985E+0001
   49.750 -6.1057E+0001
   50.000 -6.1940E+0001
   50.250 -6.2672E+0001
   50.500 -6.3282E+0001
   50.750 -6.3792E+0001
   51.000 -6.4220E+0001
   51.250 -6.4579E+0001
   51.500 -6.4882E+0001
   51.750 -6.5136E+0001
   52.000 -6.5349E+0001
   52.250 -6.5527E+0001
   52.500 -6.5676E+0001
   52.750 -6.5798E+0001
   53.000 -6.5898E+0001
   53.250 -6.5978E+0001
   53.500 -6.6041E+0001
   53.750 -6.6089E+0001
   54.000 -6.6124E+0001
   54.250 -6.6147E+0001
   54.500 -6.6160E+0001
   54.750 -6.6163E+0001
   55.000 -6.6158E+0001
   55.250 -6.6146E+0001
   55.500 -6.6127E+0001
   55.750 -6.6102E+0001
   56.000 -6.6072E+0001
   56.250 -6.6037E+0001
   56.500 -6.5998E+0001
   56.750 -6.5955E+0001
   57.000 -6.5908E+0001
   57.250 -6.5858E+0001
   57.500 -6.5806E+0001
   57.750 -6.5751E+0001
   58.000 -6.5694E+0001
   58.250 -6.5635E+0001
   58.500 -6.5574E+0001
   58.750 -6.5512E+0001
   59.000 -6.5448E+0001
   59.250 -6.5383E+0001
   59.500 -6.5317E+0001
   59.750 -6.5250E+0001
   60.000 -6.5182E+0001
   60.250 -6.5114E+0001
   60.500 -6.5045E+0001
   60.750 -6.4975E+0001
   61.000 -6.4905E+0001
   61.250 -6.4835E+0001
   61.500 -6.4764E+0001
   61.750 -6.4694E+0001
   62.000 -6.4623E+0001
   62.250 -6.4552E+0001
   62.500 -6.4481E+0001
   62.750 -6.4410E+0001
   63.000 -6.4340E+0001
   63.250 -6.4269E+0001
   63.500 -6.4198E+0001
   63.750 -6.4128E+0001
   64.000 -6.4058E+0001
   64.250 -6.3988E+0001
   64.500 -6.3919E+0001
   64.750 -6.3850E+0001
   65.000 -6.3781E+0001
   65.250 -6.3712E+0001
   65.500 -6.3644E+0001
   65.750 -6.3576E+0001
   66.000 -6.3509E+0001
   66.250 -6.3441E+0001
   66.500 -6.3375E+0001
   66.750 -6.3308E+0001
   67.000 -6.3242E+0001
   67.250 -6.3177E+0001
   67.500 -6.3112E+0001
   67.750 -6.3047E+0001
   68.000 -6.2983E+0001
   68.250 -6.2919E+0001
   68.500 -6.2855E+0001
   68.750 -6.2792E+0001
   69.000 -6.2730E+0001
   69.250 -6.2668E+0001
   69.500 -6.2606E+0001
   69.750 -6.2545E+0001
   70.000 -6.2484E+0001
   70.250 -6.2423E+0001
   70.500 -6.2363E+0001
   70.750 -6.2304E+0001
   71.000 -6.2244E+0001
   71.250 -6.2186E+0001
   71.500 -6.2127E+0001
   71.750 -6.2069E+0001
   72.000 -6.2012E+0001
   72.250 -6.1955E+0001
   72.500 -6.1898E+0001
   72.750 -6.1842E+0001
   73.000 -6.1786E+0001
   73.250 -6.1730E+0001
   73.500 -6.1675E+0001
   73.750 -6.1621E+0001
   74.000 -6.1566E+0001
   74.250 -6.1512E+0001
   74.500 -6.1459E+0001
   74.750 -6.1406E+0001
   75.000 -6.1353E+0001
   75.250 -6.1300E+0001
   75.500 -6.1248E+0001
   75.750 -6.1197E+0001
   76.000 -6.1145E+0001
   76.250 -6.1094E+0001
   76.500 -6.1044E+0001
   76.750 -6.0993E+0001
   77.000 -6.0944E+0001
   77.250 -6.0894E+0001
   77.500 -6.0845E+0001
   77.750 -6.0796E+0001
   78.000 -6.0747E+0001
   78.250 -6.0699E+0001
   78.500 -6.0651E+0001
   78.750 -6.0603E+0001
   79.000 -6.0556E+0001
   79.250 -6.0509E+0001
   79.500 -6.0462E+0001
   79.750 -6.0416E+0001
   80.000 -6.0370E+0001
   80.250 -6.0324E+0001
   80.500 -6.0278E+0001
   80.750 -6.0233E+0001
   81.000 -6.0188E+0001
   81.250 -6.0143E+0001
   81.500 -6.0099E+0001
   81.750 -6.0055E+0001
   82.000 -6.0011E+0001
   82.250 -5.9967E+0001
   82.500 -5.9924E+0001
   82.750 -5.9881E+0001
   83.000 -5.9838E+0001
   83.250 -5.9795E+0001
   83.500 -5.9753E+0001
   83.750 -5.9711E+0001
   84.000 -5.9669E+0001
   84.250 -5.9627E+0001
   84.500 -5.9586E+0001
   84.750 -5.9544E+0001
   85.000 -5.9503E+0001
   85.250 -5.9463E+0001
   85.500 -5.9422E+0001
   85.750 -5.9382E+0001
   86.000 -5.9341E+0001
   86.250 -5.9301E+0001
   86.500 -5.9261E+0001
   86.750 -5.9222E+0001
   87.000 -5.9182E+0001
   87.250 -5.9143E+0001
   87.500 -5.9104E+0001
   87.750 -5.9065E+0001
   88.000 -5.9026E+0001
   88.250 -5.8987E+0001
   88.500 -5.8949E+0001
   88.750 -5.8910E+0001
   89.000 -5.8872E+0001
   89.250 -5.8834E+0001
   89.500 -5.8796E+0001
   89.750 -5.8758E+0001
   90.000 -5.8720E+0001
   90.250 -5.8682E+0001
   90.500 -5.8644E+0001
   90.750 -5.8607E+0001
   91.000 -5.8569E+0001
   91.250 -5.8532E+0001
   91.500 -5.8494E+0001
   91.750 -5.8457E+0001
   92.000 -5.8420E+0001
   92.250 -5.8382E+0001
   92.500 -5.8345E+0001
   92.750 -5.8308E+0001
   93.000 -5.8271E+0001
   93.250 -5.8234E+0001
   93.500 -5.8196E+0001
   93.750 -5.8159E+0001
   94.000 -5.8122E+0001
   94.250 -5.8084E+0001
   94.500 -5.8047E+0001
   94.750 -5.8010E+0001
   95.000 -5.7972E+0001
   95.250 -5.7934E+0001
   95.500 -5.7897E+0001
   95.750 -5.7859E+0001
   96.000 -5.7820E+0001
   96.250 -5.7782E+0001
   96.500 -5.7744E+0001
   96.750 -5.7705E+0001
   97.000 -5.7666E+0001
   97.250 -5.7627E+0001
   97.500 -5.7587E+0001
   97.750 -5.7548E+0001
   98.000 -5.7507E+0001
   98.250 -5.7467E+0001
   98.500 -5.7426E+0001
   98.750 -5.7385E+0001
   99.000 -5.7343E+0001
   99.250 -5.7300E+0001
   99.500 -5.7257E+0001
   99.750 -5.7214E+0001
  100.000 -5.7169E+0001
  100.250 -5.7124E+0001
  100.500 -5.7078E+0001
  100.750 -5.7032E+0001
  101.000 -5.6984E+0001
  101.250 -5.6935E+0001
  101.500 -5.6885E+0001
  101.750 -5.6833E+0001
  102.000 -5.6780E+0001
  102.250 -5.6726E+0001
  102.500 -5.6669E+0001
  102.750 -5.6611E+0001
  103.000 -5.6550E+0001
  103.250 -5.6487E+0001
  103.500 -5.6421E+0001
  103.750 -5.6351E+0001
  104.000 -5.6278E+0001
  104.250 -5.6200E+0001
  104.500 -5.6117E+0001
  104.750 -5.6028E+0001
  105.000 -5.5931E+0001
  105.250 -5.5825E+0001
  105.500 -5.5708E+0001
  105.750 -5.5577E+0001
  106.000 -5.5428E+0001
  106.250 -5.5254E+0001
  106.500 -5.5044E+0001
  106.750 -5.4782E+0001
  107.000 -5.4434E+0001
  107.250 -5.3921E+0001
  107.500 -5.3002E+0001
  107.750 -4.9960E+0001
  108.000 -2.8909E+0001
  108.250 -6.2577E+0000
  108.500  5.6052E+0000
  108.750  9.0820E+0000
  109.000  6.3388E+0000
  109.250 -7.6457E-0001
  109.500 -1.0130E+0001
  109.750 -1.9766E+0001
  110.000 -2.8378E+0001
  110.250 -3.5515E+0001
  110.500 -4.1233E+0001
  110.750 -4.5829E+0001
  111.000 -4.9554E+0001
  111.250 -5.2573E+0001
  111.500 -5.5026E+0001
  111.750 -5.7013E+0001
  112.000 -5.8626E+0001
  112.250 -5.9945E+0001
  112.500 -6.1030E+0001
  112.750 -6.1930E+0001
  113.000 -6.2682E+0001
  113.250 -6.3312E+0001
  113.500 -6.3842E+0001
  113.750 -6.4290E+0001
  114.000 -6.4670E+0001
  114.250 -6.4991E+0001
  114.500 -6.5264E+0001
  114.750 -6.5495E+0001
  115.000 -6.5691E+0001
  115.250 -6.5856E+0001
  115.500 -6.5994E+0001
  115.750 -6.6110E+0001
  116.000 -6.6205E+0001
  116.250 -6.6282E+0001
  116.500 -6.6344E+0001
  116.750 -6.6392E+0001
  117.000 -6.6428E+0001
  117.250 -6.6453E+0001
  117.500 -6.6469E+0001
  117.750 -6.6476E+0001
  118.000 -6.6475E+0001
  118.250 -6.6467E+0001
  118.500 -6.6453E+0001
  118.750 -6.6433E+0001
  119.000 -6.6408E+0001
  119.250 -6.6379E+0001
  119.500 -6.6346E+0001
  119.750 -6.6309E+0001
  120.000 -6.6268E+0001
  120.250 -6.6225E+0001
  120.500 -6.6179E+0001
  120.750 -6.6130E+0001
  121.000 -6.6079E+0001
  121.250 -6.6026E+0001
  121.500 -6.5971E+0001
  121.750 -6.5915E+0001
  122.000 -6.5857E+0001
  122.250 -6.5798E+0001
  122.500 -6.5738E+0001
  122.750 -6.5677E+0001
  123.000 -6.5615E+0001
  123.250 -6.5552E+0001
  123.500 -6.5488E+0001
  123.750 -6.5424E+0001
  124.000 -6.5359E+0001
  124.250 -6.5294E+0001
  124.500 -6.5228E+0001
  124.750 -6.5162E+0001
  125.000 -6.5096E+0001
  125.250 -6.5030E+0001
  125.500 -6.4963E+0001
  125.750 -6.4897E+0001
  126.000 -6.4830E+0001
  126.250 -6.4763E+0001
  126.500 -6.4697E+0001
  126.750 -6.4630E+0001
  127.000 -6.4564E+0001
  127.250 -6.4497E+0001
  127.500 -6.4431E+0001
  127.750 -6.4365E+0001
  128.000 -6.4299E+0001
  128.250 -6.4233E+0001
  128.500 -6.4168E+0001
  128.750 -6.4102E+0001
  129.000 -6.4037E+0001
  129.250 -6.3972E+0001
  129.500 -6.3908E+0001
  129.750 -6.3843E+0001
  130.000 -6.3779E+0001
  130.250 -6.3716E+0001
  130.500 -6.3652E+0001
  130.750 -6.3589E+0001
  131.000 -6.3526E+0001
  131.250 -6.3464E+0001
  131.500 -6.3402E+0001
  131.750 -6.3340E+0001
  132.000 -6.3278E+0001
  132.250 -6.3217E+0001
  132.500 -6.3156E+0001
  132.750 -6.3096E+0001
  133.000 -6.3036E+0001
  133.250 -6.2976E+0001
  133.500 -6.2916E+0001
  133.750 -6.2857E+0001
  134.000 -6.2798E+0001
  134.250 -6.2740E+0001
  134.500 -6.2681E+0001
  134.750 -6.2624E+0001
  135.000 -6.2566E+0001
  135.250 -6.2509E+0001
  135.500 -6.2452E+0001
  135.750 -6.2396E+0001
  136.000 -6.2340E+0001
  136.250 -6.2284E+0001
  136.500 -6.2228E+0001
  136.750 -6.2173E+0001
  137.000 -6.2118E+0001
  137.250 -6.2064E+0001
  137.500 -6.2010E+0001
  137.750 -6.1956E+0001
  138.000 -6.1903E+0001
  138.250 -6.1849E+0001
  138.500 -6.1797E+0001
  138.750 -6.1744E+0001
  139.000 -6.1692E+0001
  139.250 -6.1640E+0001
  139.500 -6.1588E+0001
  139.750 -6.1537E+0001
  140.000 -6.1486E+0001
  140.250 -6.1435E+0001
  140.500 -6.1385E+0001
  140.750 -6.1335E+0001
  141.000 -6.1285E+0001
  141.250 -6.1236E+0001
  141.500 -6.1187E+0001
  141.750 -6.1138E+0001
  142.000 -6.1089E+0001
  142.250 -6.1041E+0001
  142.500 -6.0993E+0001
  142.750 -6.0945E+0001
  143.000 -6.0898E+0001
  143.250 -6.0851E+0001
  143.500 -6.0804E+0001
  143.750 -6.0757E+0001
  144.000 -6.0711E+0001
  144.250 -6.0665E+0001
  144.500 -6.0619E+0001
  144.750 -6.0573E+0001
  145.000 -6.0528E+0001
  145.250 -6.0483E+0001
  145.500 -6.0438E+0001
  145.750 -6.0394E+0001
  146.000 -6.0349E+0001
  146.250 -6.0305E+0001
  146.500 -6.0262E+0001
  146.750 -6.0218E+0001
  147.000 -6.0175E+0001
  147.250 -6.0132E+0001
  147.500 -6.0089E+0001
  147.750 -6.0046E+0001
  148.000 -6.0004E+0001
  148.250 -5.9962E+0001
  148.500 -5.9920E+0001
  148.750 -5.9878E+0001
  149.000 -5.9836E+0001
  149.250 -5.9795E+0001
  149.500 -5.9754E+0001
  149.750 -5.9713E+0001
  150.000 -5.9672E+0001
  150.250 -5.9632E+0001
  150.500 -5.9591E+0001
  150.750 -5.9551E+0001
  151.000 -5.9511E+0001
  151.250 -5.9472E+0001
  151.500 -5.9432E+0001
  151.750 -5.9393E+0001
  152.000 -5.9353E+0001
  152.250 -5.9314E+0001
  152.500 -5.9275E+0001
  152.750 -5.9237E+0001
  153.000 -5.9198E+0001
  153.250 -5.9159E+0001
  153.500 -5.9121E+0001
  153.750 -5.9083E+0001
  154.000 -5.9045E+0001
  154.250 -5.9007E+0001
  154.500 -5.8969E+0001
  154.750 -5.8931E+0001
  155.000 -5.8894E+0001
  155.250 -5.8856E+0001
  155.500 -5.8819E+0001
  155.750 -5.8782E+0001
  156.000 -5.8745E+0001
  156.250 -5.8708E+0001
  156.500 -5.8671E+0001
  156.750 -5.8634E+0001
  157.000 -5.8597E+0001
  157.250 -5.8560E+0001
  157.500 -5.8523E+0001
  157.750 -5.8486E+0001
  158.000 -5.8450E+0001
  158.250 -5.8413E+0001
  158.500 -5.8376E+0001
  158.750 -5.8340E+0001
  159.000 -5.8303E+0001
  159.250 -5.8267E+0001
  159.500 -5.8230E+0001
  159.750 -5.8193E+0001
  160.000 -5.8157E+0001
  160.250 -5.8120E+0001
  160.500 -5.8083E+0001
  160.750 -5.8046E+0001
  161.000 -5.8009E+0001
  161.250 -5.7972E+0001
  161.500 -5.7935E+0001
  161.750 -5.7898E+0001
  162.000 -5.7860E+0001
  162.250 -5.7822E+0001
  162.500 -5.7785E+0001
  162.750 -5.7747E+0001
  163.000 -5.7708E+0001
  163.250 -5.7670E+0001
  163.500 -5.7631E+0001
  163.750 -5.7592E+0001
  164.000 -5.7553E+0001
  164.250 -5.7513E+0001
  164.500 -5.7473E+0001
  164.750 -5.7433E+0001
  165.000 -5.7392E+0001
  165.250 -5.7350E+0001
  165.500 -5.7308E+0001
  165.750 -5.7266E+0001
  166.000 -5.7223E+0001
  166.250 -5.7179E+0001
  166.500 -5.7134E+0001
  166.750 -5.7089E+0001
  167.000 -5.7043E+0001
  167.250 -5.6995E+0001
  167.500 -5.6947E+0001
  167.750 -5.6898E+0001
  168.000 -5.6847E+0001
  168.250 -5.6795E+0001
  168.500 -5.6741E+0001
  168.750 -5.6685E+0001
  169.000 -5.6628E+0001
  169.250 -5.6568E+0001
  169.500 -5.6506E+0001
  169.750 -5.6441E+0001
  170.000 -5.6373E+0001
  170.250 -5.6301E+0001
  170.500 -5.6225E+0001
  170.750 -5.6144E+0001
  171.000 -5.6057E+0001
  171.250 -5.5963E+0001
  171.500 -5.5861E+0001
  171.750 -5.5748E+0001
  172.000 -5.5622E+0001
  172.250 -5.5480E+0001
  172.500 -5.5315E+0001
  172.750 -5.5119E+0001
  173.000 -5.4877E+0001
  173.250 -5.4563E+0001
  173.500 -5.4120E+0001
  173.750 -5.3389E+0001
  174.000 -5.1620E+0001
  174.250 -3.8010E+0001
  174.500 -1.2652E+0001
  174.750  2.6892E+0000
  175.000  8.7120E+0000
  175.250  7.8841E+0000
  175.500  2.0528E+0000
  175.750 -6.7732E+0000
  176.000 -1.6500E+0001
  176.250 -2.5548E+0001
  176.500 -3.3202E+0001
  176.750 -3.9383E+0001
  177.000 -4.4328E+0001
  177.250 -4.8334E+0001
  177.500 -5.1580E+0001
  177.750 -5.4217E+0001
  178.000 -5.6355E+0001
  178.250 -5.8090E+0001
  178.500 -5.9504E+0001
  178.750 -6.0666E+0001
  179.000 -6.1627E+0001
  179.250 -6.2428E+0001
  179.500 -6.3098E+0001
  179.750 -6.3662E+0001
  180.000 -6.4139E+0001
  180.250 -6.4542E+0001
  180.500 -6.4883E+0001
  180.750 -6.5173E+0001
  181.000 -6.5419E+0001
  181.250 -6.5628E+0001
  181.500 -6.5804E+0001
  181.750 -6.5951E+0001
  182.000 -6.6075E+0001
  182.250 -6.6178E+0001
  182.500 -6.6262E+0001
  182.750 -6.6329E+0001
  183.000 -6.6383E+0001
  183.250 -6.6423E+0001
  183.500 -6.6452E+0001
  183.750 -6.6472E+0001
  184.000 -6.6482E+0001
  184.250 -6.6484E+0001
  184.500 -6.6479E+0001
  184.750 -6.6468E+0001
  185.000 -6.6450E+0001
  185.250 -6.6428E+0001
  185.500 -6.6400E+0001
  185.750 -6.6369E+0001
  186.000 -6.6333E+0001
  186.250 -6.6294E+0001
  186.500 -6.6252E+0001
  186.750 -6.6207E+0001
  187.000 -6.6160E+0001
  187.250 -6.6110E+0001
  187.500 -6.6058E+0001
  187.750 -6.6004E+0001
  188.000 -6.5948E+0001
  188.250 -6.5891E+0001
  188.500 -6.5833E+0001
  188.750 -6.5773E+0001
  189.000 -6.5713E+0001
  189.250 -6.5651E+0001
  189.500 -6.5589E+0001
  189.750 -6.5525E+0001
  190.000 -6.5462E+0001
  190.250 -6.5397E+0001
  190.500 -6.5332E+0001
  190.750 -6.5267E+0001
  191.000 -6.5201E+0001
  191.250 -6.5135E+0001
  191.500 -6.5069E+0001
  191.750 -6.5003E+0001
  192.000 -6.4936E+0001
  192.250 -6.4870E+0001
  192.500 -6.4803E+0001
  192.750 -6.4737E+0001
  193.000 -6.4670E+0001
  193.250 -6.4604E+0001
  193.500 -6.4537E+0001
  193.750 -6.4471E+0001
  194.000 -6.4405E+0001
  194.250 -6.4339E+0001
  194.500 -6.4273E+0001
  194.750 -6.4208E+0001
  195.000 -6.4143E+0001
  195.250 -6.4077E+0001
  195.500 -6.4013E+0001
  195.750 -6.3948E+0001
  196.000 -6.3884E+0001
  196.250 -6.3820E+0001
  196.500 -6.3756E+0001
  196.750 -6.3692E+0001
  197.000 -6.3629E+0001
  197.250 -6.3566E+0001
  197.500 -6.3504E+0001
  197.750 -6.3441E+0001
  198.000 -6.3379E+0001
  198.250 -6.3318E+0001
  198.500 -6.3256E+0001
  198.750 -6.3195E+0001
  199.000 -6.3135E+0001
  199.250 -6.3074E+0001
  199.500 -6.3014E+0001
  199.750 -6.2955E+0001
  200.000 -6.2896E+0001
  200.250 -6.2837E+0001
  200.500 -6.2778E+0001
  200.750 -6.2720E+0001
  201.000 -6.2662E+0001
  201.250 -6.2604E+0001
  201.500 -6.2547E+0001
  201.750 -6.2490E+0001
  202.000 -6.2433E+0001
  202.250 -6.2377E+0001
  202.500 -6.2321E+0001
  202.750 -6.2265E+0001
  203.000 -6.2210E+0001
  203.250 -6.2155E+0001
  203.500 -6.2101E+0001
  203.750 -6.2046E+0001
  204.000 -6.1992E+0001
  204.250 -6.1939E+0001
  204.500 -6.1885E+0001
  204.750 -6.1832E+0001
  205.000 -6.1780E+0001
  205.250 -6.1727E+0001
  205.500 -6.1675E+0001
  205.750 -6.1624E+0001
  206.000 -6.1572E+0001
  206.250 -6.1521E+0001
  206.500 -6.1470E+0001
  206.750 -6.1420E+0001
  207.000 -6.1369E+0001
  207.250 -6.1319E+0001
  207.500 -6.1270E+0001
  207.750 -6.1221E+0001
  208.000 -6.1172E+0001
  208.250 -6.1123E+0001
  208.500 -6.1074E+0001
  208.750 -6.1026E+0001
  209.000 -6.0978E+0001
  209.250 -6.0931E+0001
  209.500 -6.0883E+0001
  209.750 -6.0836E+0001
  210.000 -6.0790E+0001
  210.250 -6.0743E+0001
  210.500 -6.0697E+0001
  210.750 -6.0651E+0001
  211.000 -6.0605E+0001
  211.250 -6.0560E+0001
  211.500 -6.0515E+0001
  211.750 -6.0470E+0001
  212.000 -6.0425E+0001
  212.250 -6.0380E+0001
  212.500 -6.0336E+0001
  212.750 -6.0292E+0001
  213.000 -6.0249E+0001
  213.250 -6.0205E+0001
  213.500 -6.0162E+0001
  213.750 -6.0119E+0001
  214.000 -6.0076E+0001
  214.250 -6.0034E+0001
  214.500 -5.9991E+0001
  214.750 -5.9949E+0001
  215.000 -5.9907E+0001
  215.250 -5.9866E+0001
  215.500 -5.9824E+0001
  215.750 -5.9783E+0001
  216.000 -5.9742E+0001
  216.250 -5.9701E+0001
  216.500 -5.9660E+0001
  216.750 -5.9620E+0001
  217.000 -5.9580E+0001
  217.250 -5.9540E+0001
  217.500 -5.9500E+0001
  217.750 -5.9460E+0001
  218.000 -5.9421E+0001
  218.250 -5.9381E+0001
  218.500 -5.9342E+0001
  218.750 -5.9303E+0001
  219.000 -5.9264E+0001
  219.250 -5.9225E+0001
  219.500 -5.9187E+0001
  219.750 -5.9148E+0001
  220.000 -5.9110E+0001
  220.250 -5.9072E+0001
  220.500 -5.9034E+0001
  220.750 -5.8996E+0001
  221.000 -5.8958E+0001
  221.250 -5.8921E+0001
  221.500 -5.8883E+0001
  221.750 -5.8846E+0001
  222.000 -5.8808E+0001
  222.250 -5.8771E+0001
  222.500 -5.8734E+0001
  222.750 -5.8697E+0001
  223.000 -5.8660E+0001
  223.250 -5.8623E+0001
  223.500 -5.8586E+0001
  223.750 -5.8549E+0001
  224.000 -5.8513E+0001
  224.250 -5.8476E+0001
  224.500 -5.8439E+0001
  224.750 -5.8402E+0001
  225.000 -5.8366E+0001
  225.250 -5.8329E+0001
  225.500 -5.8293E+0001
  225.750 -5.8256E+0001
  226.000 -5.8219E+0001
  226.250 -5.8183E+0001
  226.500 -5.8146E+0001
  226.750 -5.8109E+0001
  227.000 -5.8072E+0001
  227.250 -5.8035E+0001
  227.500 -5.7998E+0001
  227.750 -5.7961E+0001
  228.000 -5.7924E+0001
  228.250 -5.7887E+0001
  228.500 -5.7849E+0001
  228.750 -5.7811E+0001
  229.000 -5.7774E+0001
  229.250 -5.7735E+0001
  229.500 -5.7697E+0001
  229.750 -5.7659E+0001
  230.000 -5.7620E+0001
  230.250 -5.7581E+0001
  230.500 -5.7541E+0001
  230.750 -5.7501E+0001
  231.000 -5.7461E+0001
  231.250 -5.7421E+0001
  231.500 -5.7379E+0001
  231.750 -5.7338E+0001
  232.000 -5.7296E+0001
  232.250 -5.7253E+0001
  232.500 -5.7210E+0001
  232.750 -5.7166E+0001
  233.000 -5.7121E+0001
  233.250 -5.7075E+0001
  233.500 -5.7029E+0001
  233.750 -5.6981E+0001
  234.000 -5.6932E+0001
  234.250 -5.6883E+0001
  234.500 -5.6831E+0001
  234.750 -5.6779E+0001
  235.000 -5.6724E+0001
  235.250 -5.6668E+0001
  235.500 -5.6610E+0001
  235.750 -5.6550E+0001
  236.000 -5.6486E+0001
  236.250 -5.6420E+0001
  236.500 -5.6351E+0001
  236.750 -5.6278E+0001
  237.000 -5.6200E+0001
  237.250 -5.6118E+0001
  237.500 -5.6029E+0001
  237.750 -5.5932E+0001
  238.000 -5.5827E+0001
  238.250 -5.5711E+0001
  238.500 -5.5580E+0001
  238.750 -5.5431E+0001
  239.000 -5.5258E+0001
  239.250 -5.5049E+0001
  239.500 -5.4789E+0001
  239.750 -5.4443E+0001
  240.000 -5.3936E+0001
  240.250 -5.3033E+0001
  240.500 -5.0131E+0001
  240.750 -2.9562E+0001
  241.000 -6.6715E+0000
  241.250  5.4396E+0000
  241.500  9.1181E+0000
  241.750  6.5472E+0000
  242.000 -4.3242E-0001
  242.250 -9.7447E+0000
  242.500 -1.9390E+0001
  242.750 -2.8047E+0001
  243.000 -3.5237E+0001
  243.250 -4.1003E+0001
  243.500 -4.5637E+0001
  243.750 -4.9392E+0001
  244.000 -5.2437E+0001
  244.250 -5.4911E+0001
  244.500 -5.6916E+0001
  244.750 -5.8545E+0001
  245.000 -5.9876E+0001
  245.250 -6.0973E+0001
  245.500 -6.1882E+0001
  245.750 -6.2641E+0001
  246.000 -6.3277E+0001
  246.250 -6.3813E+0001
  246.500 -6.4266E+0001
  246.750 -6.4650E+0001
  247.000 -6.4976E+0001
  247.250 -6.5252E+0001
  247.500 -6.5486E+0001
  247.750 -6.5684E+0001
  248.000 -6.5852E+0001
  248.250 -6.5992E+0001
  248.500 -6.6110E+0001
  248.750 -6.6207E+0001
  249.000 -6.6286E+0001
  249.250 -6.6349E+0001
  249.500 -6.6399E+0001
  249.750 -6.6436E+0001
  250.000 -6.6462E+0001
  250.250 -6.6479E+0001
  250.500 -6.6487E+0001
  250.750 -6.6487E+0001
  251.000 -6.6480E+0001
  251.250 -6.6467E+0001
  251.500 -6.6448E+0001
  251.750 -6.6424E+0001
  252.000 -6.6396E+0001
  252.250 -6.6363E+0001
  252.500 -6.6327E+0001
  252.750 -6.6287E+0001
  253.000 -6.6244E+0001
  253.250 -6.6198E+0001
  253.500 -6.6150E+0001
  253.750 -6.6100E+0001
  254.000 -6.6047E+0001
  254.250 -6.5993E+0001
  254.500 -6.5937E+0001
  254.750 -6.5880E+0001
  255.000 -6.5821E+0001
  255.250 -6.5761E+0001
  255.500 -6.5701E+0001
  255.750 -6.5639E+0001
  256.000 -6.5576E+0001
  256.250 -6.5513E+0001
  256.500 -6.5449E+0001
  256.750 -6.5384E+0001
  257.000 -6.5319E+0001
  257.250 -6.5254E+0001
  257.500 -6.5188E+0001
  257.750 -6.5123E+0001
  258.000 -6.5056E+0001
  258.250 -6.4990E+0001
  258.500 -6.4924E+0001
  258.750 -6.4857E+0001
  259.000 -6.4791E+0001
  259.250 -6.4724E+0001
  259.500 -6.4658E+0001
  259.750 -6.4591E+0001
  260.000 -6.4525E+0001
  260.250 -6.4459E+0001
  260.500 -6.4393E+0001
  260.750 -6.4327E+0001
  261.000 -6.4261E+0001
  261.250 -6.4196E+0001
  261.500 -6.4131E+0001
  261.750 -6.4066E+0001
  262.000 -6.4001E+0001
  262.250 -6.3936E+0001
  262.500 -6.3872E+0001
  262.750 -6.3808E+0001
  263.000 -6.3745E+0001
  263.250 -6.3681E+0001
  263.500 -6.3618E+0001
  263.750 -6.3555E+0001
  264.000 -6.3493E+0001
  264.250 -6.3431E+0001
  264.500 -6.3369E+0001
  264.750 -6.3307E+0001
  265.000 -6.3246E+0001
  265.250 -6.3185E+0001
  265.500 -6.3125E+0001
  265.750 -6.3064E+0001
  266.000 -6.3004E+0001
  266.250 -6.2945E+0001
  266.500 -6.2886E+0001
  266.750 -6.2827E+0001
  267.000 -6.2768E+0001
  267.250 -6.2710E+0001
  267.500 -6.2652E+0001
  267.750 -6.2595E+0001
  268.000 -6.2538E+0001
  268.250 -6.2481E+0001
  268.500 -6.2424E+0001
  268.750 -6.2368E+0001
  269.000 -6.2312E+0001
  269.250 -6.2257E+0001
  269.500 -6.2201E+0001
  269.750 -6.2147E+0001
  270.000 -6.2092E+0001
  270.250 -6.2038E+0001
  270.500 -6.1984E+0001
  270.750 -6.1930E+0001
  271.000 -6.1877E+0001
  271.250 -6.1824E+0001
  271.500 -6.1772E+0001
  271.750 -6.1719E+0001
  272.000 -6.1667E+0001
  272.250 -6.1616E+0001
  272.500 -6.1564E+0001
  272.750 -6.1513E+0001
  273.000 -6.1462E+0001
  273.250 -6.1412E+0001
  273.500 -6.1362E+0001
  273.750 -6.1312E+0001
  274.000 -6.1262E+0001
  274.250 -6.1213E+0001
  274.500 -6.1164E+0001
  274.750 -6.1116E+0001
  275.000 -6.1067E+0001
  275.250 -6.1019E+0001
  275.500 -6.0971E+0001
  275.750 -6.0924E+0001
  276.000 -6.0876E+0001
  276.250 -6.0829E+0001
  276.500 -6.0783E+0001
  276.750 -6.0736E+0001
  277.000 -6.0690E+0001
  277.250 -6.0644E+0001
  277.500 -6.0599E+0001
  277.750 -6.0553E+0001
  278.000 -6.0508E+0001
  278.250 -6.0463E+0001
  278.500 -6.0418E+0001
  278.750 -6.0374E+0001
  279.000 -6.0330E+0001
  279.250 -6.0286E+0001
  279.500 -6.0242E+0001
  279.750 -6.0199E+0001
  280.000 -6.0156E+0001
  280.250 -6.0113E+0001
  280.500 -6.0070E+0001
  280.750 -6.0028E+0001
  281.000 -5.9985E+0001
  281.250 -5.9943E+0001
  281.500 -5.9901E+0001
  281.750 -5.9860E+0001
  282.000 -5.9818E+0001
  282.250 -5.9777E+0001
  282.500 -5.9736E+0001
  282.750 -5.9695E+0001
  283.000 -5.9655E+0001
  283.250 -5.9614E+0001
  283.500 -5.9574E+0001
  283.750 -5.9534E+0001
  284.000 -5.9494E+0001
  284.250 -5.9454E+0001
  284.500 -5.9415E+0001
  284.750 -5.9376E+0001
  285.000 -5.9336E+0001
  285.250 -5.9297E+0001
  285.500 -5.9259E+0001
  285.750 -5.9220E+0001
  286.000 -5.9181E+0001
  286.250 -5.9143E+0001
  286.500 -5.9105E+0001
  286.750 -5.9066E+0001
  287.000 -5.9028E+0001
  287.250 -5.8991E+0001
  287.500 -5.8953E+0001
  287.750 -5.8915E+0001
  288.000 -5.8878E+0001
  288.250 -5.8840E+0001
  288.500 -5.8803E+0001
  288.750 -5.8766E+0001
  289.000 -5.8729E+0001
  289.250 -5.8692E+0001
  289.500 -5.8655E+0001
  289.750 -5.8618E+0001
  290.000 -5.8581E+0001
  290.250 -5.8544E+0001
  290.500 -5.8507E+0001
  290.750 -5.8471E+0001
  291.000 -5.8434E+0001
  291.250 -5.8397E+0001
  291.500 -5.8361E+0001
  291.750 -5.8324E+0001
  292.000 -5.8287E+0001
  292.250 -5.8251E+0001
  292.500 -5.8214E+0001
  292.750 -5.8177E+0001
  293.000 -5.8141E+0001
  293.250 -5.8104E+0001
  293.500 -5.8067E+0001
  293.750 -5.8030E+0001
  294.000 -5.7993E+0001
  294.250 -5.7956E+0001
  294.500 -5.7918E+0001
  294.750 -5.7881E+0001
  295.000 -5.7844E+0001
  295.250 -5.7806E+0001
  295.500 -5.7768E+0001
  295.750 -5.7730E+0001
  296.000 -5.7691E+0001
  296.250 -5.7653E+0001
  296.500 -5.7614E+0001
  296.750 -5.7575E+0001
  297.000 -5.7535E+0001
  297.250 -5.7495E+0001
  297.500 -5.7455E+0001
  297.750 -5.7414E+0001
  298.000 -5.7373E+0001
  298.250 -5.7332E+0001
  298.500 -5.7289E+0001
  298.750 -5.7247E+0001
  299.000 -5.7203E+0001
  299.250 -5.7159E+0001
  299.500 -5.7114E+0001
  299.750 -5.7068E+0001
  300.000 -5.7021E+0001
  300.250 -5.6974E+0001
  300.500 -5.6925E+0001
  300.750 -5.6875E+0001
  301.000 -5.6823E+0001
  301.250 -5.6770E+0001
  301.500 -5.6716E+0001
  301.750 -5.6659E+0001
  302.000 -5.6601E+0001
  302.250 -5.6540E+0001
  302.500 -5.6476E+0001
  302.750 -5.6410E+0001
  303.000 -5.6340E+0001
  303.250 -5.6266E+0001
  303.500 -5.6188E+0001
  303.750 -5.6104E+0001
  304.000 -5.6014E+0001
  304.250 -5.5916E+0001
  304.500 -5.5809E+0001
  304.750 -5.5691E+0001
  305.000 -5.5558E+0001
  305.250 -5.5405E+0001
  305.500 -5.5227E+0001
  305.750 -5.5012E+0001
  306.000 -5.4740E+0001
  306.250 -5.4376E+0001
  306.500 -5.3829E+0001
  306.750 -5.2803E+0001
  307.000 -4.8681E+0001
  307.250 -2.5240E+0001
  307.500 -4.0360E+0000
  307.750  6.5337E+0000
  308.000  9.0943E+0000
  308.250  5.7016E+0000
  308.500 -1.7849E+0000
  308.750 -1.1267E+0001
  309.000 -2.0821E+0001
  309.250 -2.9261E+0001
  309.500 -3.6217E+0001
  309.750 -4.1782E+0001
  310.000 -4.6267E+0001
  310.250 -4.9900E+0001
  310.500 -5.2849E+0001
  310.750 -5.5244E+0001
  311.000 -5.7185E+0001
  311.250 -5.8763E+0001
  311.500 -6.0055E+0001
  311.750 -6.1120E+0001
  312.000 -6.2004E+0001
  312.250 -6.2743E+0001
  312.500 -6.3363E+0001
  312.750 -6.3886E+0001
  313.000 -6.4328E+0001
  313.250 -6.4702E+0001
  313.500 -6.5020E+0001
  313.750 -6.5290E+0001
  314.000 -6.5518E+0001
  314.250 -6.5712E+0001
  314.500 -6.5875E+0001
  314.750 -6.6012E+0001
  315.000 -6.6127E+0001
  315.250 -6.6221E+0001
  315.500 -6.6298E+0001
  315.750 -6.6359E+0001
  316.000 -6.6407E+0001
  316.250 -6.6443E+0001
  316.500 -6.6468E+0001
  316.750 -6.6483E+0001
  317.000 -6.6490E+0001
  317.250 -6.6489E+0001
  317.500 -6.6481E+0001
  317.750 -6.6467E+0001
  318.000 -6.6448E+0001
  318.250 -6.6423E+0001
  318.500 -6.6394E+0001
  318.750 -6.6361E+0001
  319.000 -6.6324E+0001
  319.250 -6.6284E+0001
  319.500 -6.6241E+0001
  319.750 -6.6195E+0001
  320.000 -6.6147E+0001
  320.250 -6.6096E+0001
  320.500 -6.6044E+0001
  320.750 -6.5989E+0001
  321.000 -6.5933E+0001
  321.250 -6.5876E+0001
  321.500 -6.5817E+0001
  321.750 -6.5757E+0001
  322.000 -6.5696E+0001
  322.250 -6.5634E+0001
  322.500 -6.5572E+0001
  322.750 -6.5508E+0001
  323.000 -6.5444E+0001
  323.250 -6.5380E+0001
  323.500 -6.5315E+0001
  323.750 -6.5250E+0001
  324.000 -6.5184E+0001
  324.250 -6.5118E+0001
  324.500 -6.5052E+0001
  324.750 -6.4986E+0001
  325.000 -6.4919E+0001
  325.250 -6.4853E+0001
  325.500 -6.4786E+0001
  325.750 -6.4720E+0001
  326.000 -6.4653E+0001
  326.250 -6.4587E+0001
  326.500 -6.4521E+0001
  326.750 -6.4455E+0001
  327.000 -6.4389E+0001
  327.250 -6.4323E+0001
  327.500 -6.4257E+0001
  327.750 -6.4192E+0001
  328.000 -6.4127E+0001
  328.250 -6.4062E+0001
  328.500 -6.3997E+0001
  328.750 -6.3933E+0001
  329.000 -6.3869E+0001
  329.250 -6.3805E+0001
  329.500 -6.3741E+0001
  329.750 -6.3678E+0001
  330.000 -6.3615E+0001
  330.250 -6.3552E+0001
  330.500 -6.3489E+0001
  330.750 -6.3427E+0001
  331.000 -6.3366E+0001
  331.250 -6.3304E+0001
  331.500 -6.3243E+0001
  331.750 -6.3182E+0001
  332.000 -6.3122E+0001
  332.250 -6.3061E+0001
  332.500 -6.3002E+0001
  332.750 -6.2942E+0001
  333.000 -6.2883E+0001
  333.250 -6.2824E+0001
  333.500 -6.2766E+0001
  333.750 -6.2707E+0001
  334.000 -6.2650E+0001
  334.250 -6.2592E+0001
  334.500 -6.2535E+0001
  334.750 -6.2478E+0001
  335.000 -6.2422E+0001
  335.250 -6.2366E+0001
  335.500 -6.2310E+0001
  335.750 -6.2254E+0001
  336.000 -6.2199E+0001
  336.250 -6.2144E+0001
  336.500 -6.2090E+0001
  336.750 -6.2036E+0001
  337.000 -6.1982E+0001
  337.250 -6.1928E+0001
  337.500 -6.1875E+0001
  337.750 -6.1822E+0001
  338.000 -6.1770E+0001
  338.250 -6.1717E+0001
  338.500 -6.1665E+0001
  338.750 -6.1614E+0001
  339.000 -6.1562E+0001
  339.250 -6.1511E+0001
  339.500 -6.1461E+0001
  339.750 -6.1410E+0001
  340.000 -6.1360E+0001
  340.250 -6.1310E+0001
  340.500 -6.1261E+0001
  340.750 -6.1211E+0001
  341.000 -6.1163E+0001
  341.250 -6.1114E+0001
  341.500 -6.1066E+0001
  341.750 -6.1017E+0001
  342.000 -6.0970E+0001
  342.250 -6.0922E+0001
  342.500 -6.0875E+0001
  342.750 -6.0828E+0001
  343.000 -6.0781E+0001
  343.250 -6.0735E+0001
  343.500 -6.0689E+0001
  343.750 -6.0643E+0001
  344.000 -6.0597E+0001
  344.250 -6.0552E+0001
  344.500 -6.0507E+0001
  344.750 -6.0462E+0001
  345.000 -6.0417E+0001
  345.250 -6.0373E+0001
  345.500 -6.0329E+0001
  345.750 -6.0285E+0001
  346.000 -6.0241E+0001
  346.250 -6.0198E+0001
  346.500 -6.0154E+0001
  346.750 -6.0111E+0001
  347.000 -6.0069E+0001
  347.250 -6.0026E+0001
  347.500 -5.9984E+0001
  347.750 -5.9942E+0001
  348.000 -5.9900E+0001
  348.250 -5.9859E+0001
  348.500 -5.9817E+0001
  348.750 -5.9776E+0001
  349.000 -5.9735E+0001
  349.250 -5.9694E+0001
  349.500 -5.9653E+0001
  349.750 -5.9613E+0001
  350.000 -5.9573E+0001
  350.250 -5.9533E+0001
  350.500 -5.9493E+0001
  350.750 -5.9453E+0001
  351.000 -5.9414E+0001
  351.250 -5.9374E+0001
  351.500 -5.9335E+0001
  351.750 -5.9296E+0001
  352.000 -5.9257E+0001
  352.250 -5.9219E+0001
  352.500 -5.9180E+0001
  352.750 -5.9142E+0001
  353.000 -5.9103E+0001
  353.250 -5.9065E+0001
  353.500 -5.9027E+0001
  353.750 -5.8989E+0001
  354.000 -5.8952E+0001
  354.250 -5.8914E+0001
  354.500 -5.8877E+0001
  354.750 -5.8839E+0001
  355.000 -5.8802E+0001
  355.250 -5.8765E+0001
  355.500 -5.8727E+0001
  355.750 -5.8690E+0001
  356.000 -5.8653E+0001
  356.250 -5.8617E+0001
  356.500 -5.8580E+0001
  356.750 -5.8543E+0001
  357.000 -5.8506E+0001
  357.250 -5.8469E+0001
  357.500 -5.8433E+0001
  357.750 -5.8396E+0001
  358.000 -5.8359E+0001
  358.250 -5.8323E+0001
  358.500 -5.8286E+0001
  358.750 -5.8249E+0001
  359.000 -5.8213E+0001
  359.250 -5.8176E+0001
  359.500 -5.8139E+0001
  359.750 -5.8103E+0001
  360.000 -5.8066E+0001
  360.250 -5.8029E+0001
  360.500 -5.7992E+0001
  360.750 -5.7955E+0001
  361.000 -5.7917E+0001
  361.250 -5.7880E+0001
  361.500 -5.7842E+0001
  361.750 -5.7805E+0001
  362.000 -5.7767E+0001
  362.250 -5.7728E+0001
  362.500 -5.7690E+0001
  362.750 -5.7651E+0001
  363.000 -5.7613E+0001
  363.250 -5.7573E+0001
  363.500 -5.7534E+0001
  363.750 -5.7494E+0001
  364.000 -5.7454E+0001
  364.250 -5.7413E+0001
  364.500 -5.7372E+0001
  364.750 -5.7330E+0001
  365.000 -5.7288E+0001
  365.250 -5.7245E+0001
  365.500 -5.7201E+0001
  365.750 -5.7157E+0001
  366.000 -5.7112E+0001
  366.250 -5.7066E+0001
  366.500 -5.7020E+0001
  366.750 -5.6972E+0001
  367.000 -5.6923E+0001
  367.250 -5.6873E+0001
  367.500 -5.6821E+0001
  367.750 -5.6768E+0001
  368.000 -5.6713E+0001
  368.250 -5.6657E+0001
  368.500 -5.6598E+0001
  368.750 -5.6537E+0001
  369.000 -5.6474E+0001
  369.250 -5.6407E+0001
  369.500 -5.6337E+0001
  369.750 -5.6263E+0001
  370.000 -5.6184E+0001
  370.250 -5.6100E+0001
  370.500 -5.6010E+0001
  370.750 -5.5912E+0001
  371.000 -5.5804E+0001
  371.250 -5.5685E+0001
  371.500 -5.5551E+0001
  371.750 -5.5398E+0001
  372.000 -5.5218E+0001
  372.250 -5.5001E+0001
  372.500 -5.4727E+0001
  372.750 -5.4356E+0001
  373.000 -5.3798E+0001
  373.250 -5.2734E+0001
  373.500 -4.8142E+0001
  373.750 -2.4072E+0001
  374.000 -3.3508E+0000
  374.250  6.8074E+0000
  374.500  9.0711E+0000
  374.750  5.4649E+0000
  375.000 -2.1471E+0000
  375.250 -1.1666E+0001
  375.500 -2.1189E+0001
  375.750 -2.9570E+0001
  376.000 -3.6465E+0001
  376.250 -4.1979E+0001
  376.500 -4.6424E+0001
  376.750 -5.0027E+0001
  377.000 -5.2950E+0001
  377.250 -5.5325E+0001
  377.500 -5.7251E+0001
  377.750 -5.8816E+0001
  378.000 -6.0098E+0001
  378.250 -6.1155E+0001
  378.500 -6.2033E+0001
  378.750 -6.2767E+0001
  379.000 -6.3383E+0001
  379.250 -6.3903E+0001
  379.500 -6.4342E+0001
  379.750 -6.4715E+0001
  380.000 -6.5031E+0001
  380.250 -6.5299E+0001
  380.500 -6.5526E+0001
  380.750 -6.5719E+0001
  381.000 -6.5881E+0001
  381.250 -6.6018E+0001
  381.500 -6.6131E+0001
  381.750 -6.6225E+0001
  382.000 -6.6301E+0001
  382.250 -6.6362E+0001
  382.500 -6.6410E+0001
  382.750 -6.6445E+0001
  383.000 -6.6470E+0001
  383.250 -6.6485E+0001
  383.500 -6.6492E+0001
  383.750 -6.6491E+0001
  384.000 -6.6483E+0001
  384.250 -6.6469E+0001
  384.500 -6.6449E+0001
  384.750 -6.6425E+0001
  385.000 -6.6396E+0001
  385.250 -6.6363E+0001
  385.500 -6.6326E+0001
  385.750 -6.6286E+0001
  386.000 -6.6242E+0001
  386.250 -6.6196E+0001
  386.500 -6.6148E+0001
  386.750 -6.6097E+0001
  387.000 -6.6045E+0001
  387.250 -6.5990E+0001
  387.500 -6.5934E+0001
  387.750 -6.5877E+0001
  388.000 -6.5818E+0001
  388.250 -6.5758E+0001
  388.500 -6.5697E+0001
  388.750 -6.5636E+0001
  389.000 -6.5573E+0001
  389.250 -6.5510E+0001
  389.500 -6.5446E+0001
  389.750 -6.5381E+0001
  390.000 -6.5316E+0001
  390.250 -6.5251E+0001
  390.500 -6.5185E+0001
  390.750 -6.5120E+0001
  391.000 -6.5053E+0001
  391.250 -6.4987E+0001
  391.500 -6.4921E+0001
  391.750 -6.4854E+0001
  392.000 -6.4788E+0001
  392.250 -6.4722E+0001
  392.500 -6.4655E+0001
  392.750 -6.4589E+0001
  393.000 -6.4523E+0001
  393.250 -6.4457E+0001
  393.500 -6.4391E+0001
  393.750 -6.4325E+0001
  394.000 -6.4259E+0001
  394.250 -6.4194E+0001
  394.500 -6.4129E+0001
  394.750 -6.4064E+0001
  395.000 -6.3999E+0001
  395.250 -6.3935E+0001
  395.500 -6.3871E+0001
  395.750 -6.3807E+0001
  396.000 -6.3743E+0001
  396.250 -6.3680E+0001
  396.500 -6.3617E+0001
  396.750 -6.3554E+0001
  397.000 -6.3492E+0001
  397.250 -6.3429E+0001
  397.500 -6.3368E+0001
  397.750 -6.3306E+0001
  398.000 -6.3245E+0001
  398.250 -6.3184E+0001
  398.500 -6.3124E+0001
  398.750 -6.3064E+0001
  399.000 -6.3004E+0001
  399.250 -6.2944E+0001
  399.500 -6.2885E+0001
  399.750 -6.2826E+0001
  400.000 -6.2768E+0001
  400.250 -6.2710E+0001
  400.500 -6.2652E+0001
  400.750 -6.2595E+0001
  401.000 -6.2537E+0001
  401.250 -6.2481E+0001
  401.500 -6.2424E+0001
  401.750 -6.2368E+0001
  402.000 -6.2312E+0001
  402.250 -6.2257E+0001
  402.500 -6.2201E+0001
  402.750 -6.2147E+0001
  403.000 -6.2092E+0001
  403.250 -6.2038E+0001
  403.500 -6.1984E+0001
  403.750 -6.1931E+0001
  404.000 -6.1877E+0001
  404.250 -6.1825E+0001
  404.500 -6.1772E+0001
  404.750 -6.1720E+0001
  405.000 -6.1668E+0001
  405.250 -6.1616E+0001
  405.500 -6.1565E+0001
  405.750 -6.1514E+0001
  406.000 -6.1463E+0001
  406.250 -6.1413E+0001
  406.500 -6.1362E+0001
  406.750 -6.1313E+0001
  407.000 -6.1263E+0001
  407.250 -6.1214E+0001
  407.500 -6.1165E+0001
  407.750 -6.1116E+0001
  408.000 -6.1068E+0001
  408.250 -6.1020E+0001
  408.500 -6.0972E+0001
  408.750 -6.0924E+0001
  409.000 -6.0877E+0001
  409.250 -6.0830E+0001
  409.500 -6.0783E+0001
  409.750 -6.0737E+0001
  410.000 -6.0691E+0001
  410.250 -6.0645E+0001
  410.500 -6.0599E+0001
  410.750 -6.0554E+0001
  411.000 -6.0509E+0001
  411.250 -6.0464E+0001
  411.500 -6.0419E+0001
  411.750 -6.0375E+0001
  412.000 -6.0331E+0001
  412.250 -6.0287E+0001
  412.500 -6.0243E+0001
  412.750 -6.0200E+0001
  413.000 -6.0157E+0001
  413.250 -6.0114E+0001
  413.500 -6.0071E+0001
  413.750 -6.0028E+0001
  414.000 -5.9986E+0001
  414.250 -5.9944E+0001
  414.500 -5.9902E+0001
  414.750 -5.9861E+0001
  415.000 -5.9819E+0001
  415.250 -5.9778E+0001
  415.500 -5.9737E+0001
  415.750 -5.9696E+0001
  416.000 -5.9656E+0001
  416.250 -5.9615E+0001
  416.500 -5.9575E+0001
  416.750 -5.9535E+0001
  417.000 -5.9495E+0001
  417.250 -5.9455E+0001
  417.500 -5.9416E+0001
  417.750 -5.9376E+0001
  418.000 -5.9337E+0001
  418.250 -5.9298E+0001
  418.500 -5.9259E+0001
  418.750 -5.9221E+0001
  419.000 -5.9182E+0001
  419.250 -5.9144E+0001
  419.500 -5.9105E+0001
  419.750 -5.9067E+0001
  420.000 -5.9029E+0001
  420.250 -5.8991E+0001
  420.500 -5.8954E+0001
  420.750 -5.8916E+0001
  421.000 -5.8878E+0001
  421.250 -5.8841E+0001
  421.500 -5.8804E+0001
  421.750 -5.8767E+0001
  422.000 -5.8729E+0001
  422.250 -5.8692E+0001
  422.500 -5.8655E+0001
  422.750 -5.8618E+0001
  423.000 -5.8582E+0001
  423.250 -5.8545E+0001
  423.500 -5.8508E+0001
  423.750 -5.8471E+0001
  424.000 -5.8435E+0001
  424.250 -5.8398E+0001
  424.500 -5.8361E+0001
  424.750 -5.8325E+0001
  425.000 -5.8288E+0001
  425.250 -5.8251E+0001
  425.500 -5.8215E+0001
  425.750 -5.8178E+0001
  426.000 -5.8141E+0001
  426.250 -5.8104E+0001
  426.500 -5.8067E+0001
  426.750 -5.8031E+0001
  427.000 -5.7993E+0001
  427.250 -5.7956E+0001
  427.500 -5.7919E+0001
  427.750 -5.7882E+0001
  428.000 -5.7844E+0001
  428.250 -5.7806E+0001
  428.500 -5.7768E+0001
  428.750 -5.7730E+0001
  429.000 -5.7692E+0001
  429.250 -5.7653E+0001
  429.500 -5.7614E+0001
  429.750 -5.7575E+0001
  430.000 -5.7536E+0001
  430.250 -5.7496E+0001
  430.500 -5.7456E+0001
  430.750 -5.7415E+0001
  431.000 -5.7374E+0001
  431.250 -5.7332E+0001
  431.500 -5.7290E+0001
  431.750 -5.7247E+0001
  432.000 -5.7203E+0001
  432.250 -5.7159E+0001
  432.500 -5.7114E+0001
  432.750 -5.7068E+0001
  433.000 -5.7022E+0001
  433.250 -5.6974E+0001
  433.500 -5.6925E+0001
  433.750 -5.6875E+0001
  434.000 -5.6823E+0001
  434.250 -5.6771E+0001
  434.500 -5.6716E+0001
  434.750 -5.6659E+0001
  435.000 -5.6601E+0001
  435.250 -5.6540E+0001
  435.500 -5.6476E+0001
  435.750 -5.6410E+0001
  436.000 -5.6340E+0001
  436.250 -5.6266E+0001
  436.500 -5.6188E+0001
  436.750 -5.6104E+0001
  437.000 -5.6014E+0001
  437.250 -5.5916E+0001
  437.500 -5.5809E+0001
  437.750 -5.5690E+0001
  438.000 -5.5557E+0001
  438.250 -5.5405E+0001
  438.500 -5.5226E+0001
  438.750 -5.5011E+0001
  439.000 -5.4739E+0001
  439.250 -5.4374E+0001
  439.500 -5.3826E+0001
  439.750 -5.2798E+0001
  440.000 -4.8642E+0001
  440.250 -2.5150E+0001
  440.500 -3.9815E+0000
  440.750  6.5626E+0000
  441.000  9.1144E+0000
  441.250  5.7250E+0000
  441.500 -1.7537E+0000
  441.750 -1.1231E+0001
  442.000 -2.0783E+0001
  442.250 -2.9225E+0001
  442.500 -3.6185E+0001
  442.750 -4.1754E+0001
  443.000 -4.6240E+0001
  443.250 -4.9877E+0001
  443.500 -5.2828E+0001
  443.750 -5.5225E+0001
  444.000 -5.7169E+0001
  444.250 -5.8749E+0001
  444.500 -6.0042E+0001
  444.750 -6.1109E+0001
  445.000 -6.1994E+0001
  445.250 -6.2734E+0001
  445.500 -6.3356E+0001
  445.750 -6.3880E+0001
  446.000 -6.4323E+0001
  446.250 -6.4698E+0001
  446.500 -6.5017E+0001
  446.750 -6.5287E+0001
  447.000 -6.5516E+0001
  447.250 -6.5711E+0001
  447.500 -6.5875E+0001
  447.750 -6.6012E+0001
  448.000 -6.6127E+0001
  448.250 -6.6222E+0001
  448.500 -6.6299E+0001
  448.750 -6.6361E+0001
  449.000 -6.6409E+0001
  449.250 -6.6445E+0001
  449.500 -6.6470E+0001
  449.750 -6.6486E+0001
  450.000 -6.6493E+0001
  450.250 -6.6493E+0001
  450.500 -6.6485E+0001
  450.750 -6.6472E+0001
  451.000 -6.6452E+0001
  451.250 -6.6428E+0001
  451.500 -6.6399E+0001
  451.750 -6.6366E+0001
  452.000 -6.6330E+0001
  452.250 -6.6290E+0001
  452.500 -6.6247E+0001
  452.750 -6.6201E+0001
  453.000 -6.6153E+0001
  453.250 -6.6102E+0001
  453.500 -6.6050E+0001
  453.750 -6.5996E+0001
  454.000 -6.5940E+0001
  454.250 -6.5883E+0001
  454.500 -6.5824E+0001
  454.750 -6.5764E+0001
  455.000 -6.5703E+0001
  455.250 -6.5642E+0001
  455.500 -6.5579E+0001
  455.750 -6.5516E+0001
  456.000 -6.5452E+0001
  456.250 -6.5387E+0001
  456.500 -6.5323E+0001
  456.750 -6.5257E+0001
  457.000 -6.5192E+0001
  457.250 -6.5126E+0001
  457.500 -6.5060E+0001
  457.750 -6.4994E+0001
  458.000 -6.4927E+0001
  458.250 -6.4861E+0001
  458.500 -6.4795E+0001
  458.750 -6.4728E+0001
  459.000 -6.4662E+0001
  459.250 -6.4596E+0001
  459.500 -6.4529E+0001
  459.750 -6.4463E+0001
  460.000 -6.4397E+0001
  460.250 -6.4332E+0001
  460.500 -6.4266E+0001
  460.750 -6.4201E+0001
  461.000 -6.4135E+0001
  461.250 -6.4071E+0001
  461.500 -6.4006E+0001
  461.750 -6.3941E+0001
  462.000 -6.3877E+0001
  462.250 -6.3813E+0001
  462.500 -6.3750E+0001
  462.750 -6.3686E+0001
  463.000 -6.3623E+0001
  463.250 -6.3561E+0001
  463.500 -6.3498E+0001
  463.750 -6.3436E+0001
  464.000 -6.3374E+0001
  464.250 -6.3313E+0001
  464.500 -6.3252E+0001
  464.750 -6.3191E+0001
  465.000 -6.3130E+0001
  465.250 -6.3070E+0001
  465.500 -6.3010E+0001
  465.750 -6.2951E+0001
  466.000 -6.2892E+0001
  466.250 -6.2833E+0001
  466.500 -6.2774E+0001
  466.750 -6.2716E+0001
  467.000 -6.2658E+0001
  467.250 -6.2601E+0001
  467.500 -6.2544E+0001
  467.750 -6.2487E+0001
  468.000 -6.2430E+0001
  468.250 -6.2374E+0001
  468.500 -6.2318E+0001
  468.750 -6.2263E+0001
  469.000 -6.2208E+0001
  469.250 -6.2153E+0001
  469.500 -6.2098E+0001
  469.750 -6.2044E+0001
  470.000 -6.1990E+0001
  470.250 -6.1937E+0001
  470.500 -6.1883E+0001
  470.750 -6.1831E+0001
  471.000 -6.1778E+0001
  471.250 -6.1726E+0001
  471.500 -6.1674E+0001
  471.750 -6.1622E+0001
  472.000 -6.1571E+0001
  472.250 -6.1520E+0001
  472.500 -6.1469E+0001
  472.750 -6.1418E+0001
  473.000 -6.1368E+0001
  473.250 -6.1318E+0001
  473.500 -6.1269E+0001
  473.750 -6.1220E+0001
  474.000 -6.1171E+0001
  474.250 -6.1122E+0001
  474.500 -6.1073E+0001
  474.750 -6.1025E+0001
  475.000 -6.0978E+0001
  475.250 -6.0930E+0001
  475.500 -6.0883E+0001
  475.750 -6.0836E+0001
  476.000 -6.0789E+0001
  476.250 -6.0742E+0001
  476.500 -6.0696E+0001
  476.750 -6.0650E+0001
  477.000 -6.0605E+0001
  477.250 -6.0559E+0001
  477.500 -6.0514E+0001
  477.750 -6.0469E+0001
  478.000 -6.0425E+0001
  478.250 -6.0380E+0001
  478.500 -6.0336E+0001
  478.750 -6.0292E+0001
  479.000 -6.0248E+0001
  479.250 -6.0205E+0001
  479.500 -6.0162E+0001
  479.750 -6.0119E+0001
  480.000 -6.0076E+0001
  480.250 -6.0033E+0001
  480.500 -5.9991E+0001
  480.750 -5.9949E+0001
  481.000 -5.9907E+0001
  481.250 -5.9866E+0001
  481.500 -5.9824E+0001
  481.750 -5.9783E+0001
  482.000 -5.9742E+0001
  482.250 -5.9701E+0001
  482.500 -5.9660E+0001
  482.750 -5.9620E+0001
  483.000 -5.9580E+0001
  483.250 -5.9540E+0001
  483.500 -5.9500E+0001
  483.750 -5.9460E+0001
  484.000 -5.9421E+0001
  484.250 -5.9381E+0001
  484.500 -5.9342E+0001
  484.750 -5.9303E+0001
  485.000 -5.9264E+0001
  485.250 -5.9225E+0001
  485.500 -5.9187E+0001
  485.750 -5.9148E+0001
  486.000 -5.9110E+0001
  486.250 -5.9072E+0001
  486.500 -5.9034E+0001
  486.750 -5.8996E+0001
  487.000 -5.8958E+0001
  487.250 -5.8920E+0001
  487.500 -5.8883E+0001
  487.750 -5.8846E+0001
  488.000 -5.8808E+0001
  488.250 -5.8771E+0001
  488.500 -5.8734E+0001
  488.750 -5.8697E+0001
  489.000 -5.8660E+0001
  489.250 -5.8623E+0001
  489.500 -5.8586E+0001
  489.750 -5.8549E+0001
  490.000 -5.8512E+0001
  490.250 -5.8476E+0001
  490.500 -5.8439E+0001
  490.750 -5.8402E+0001
  491.000 -5.8366E+0001
  491.250 -5.8329E+0001
  491.500 -5.8292E+0001
  491.750 -5.8256E+0001
  492.000 -5.8219E+0001
  492.250 -5.8182E+0001
  492.500 -5.8145E+0001
  492.750 -5.8109E+0001
  493.000 -5.8072E+0001
  493.250 -5.8035E+0001
  493.500 -5.7998E+0001
  493.750 -5.7961E+0001
  494.000 -5.7923E+0001
  494.250 -5.7886E+0001
  494.500 -5.7848E+0001
  494.750 -5.7811E+0001
  495.000 -5.7773E+0001
  495.250 -5.7735E+0001
  495.500 -5.7696E+0001
  495.750 -5.7658E+0001
  496.000 -5.7619E+0001
  496.250 -5.7580E+0001
  496.500 -5.7540E+0001
  496.750 -5.7500E+0001
  497.000 -5.7460E+0001
  497.250 -5.7420E+0001
  497.500 -5.7378E+0001
  497.750 -5.7337E+0001
  498.000 -5.7295E+0001
  498.250 -5.7252E+0001
  498.500 -5.7208E+0001
  498.750 -5.7164E+0001
  499.000 -5.7119E+0001
  499.250 -5.7074E+0001
  499.500 -5.7027E+0001
  499.750 -5.6979E+0001
  500.000 -5.6931E+0001
  500.250 -5.6881E+0001
  500.500 -5.6829E+0001
  500.750 -5.6777E+0001
  501.000 -5.6722E+0001
  501.250 -5.6666E+0001
  501.500 -5.6608E+0001
  501.750 -5.6547E+0001
  502.000 -5.6484E+0001
  502.250 -5.6418E+0001
  502.500 -5.6348E+0001
  502.750 -5.6275E+0001
  503.000 -5.6197E+0001
  503.250 -5.6114E+0001
  503.500 -5.6024E+0001
  503.750 -5.5927E+0001
  504.000 -5.5821E+0001
  504.250 -5.5704E+0001
  504.500 -5.5573E+0001
  504.750 -5.5423E+0001
  505.000 -5.5248E+0001
  505.250 -5.5037E+0001
  505.500 -5.4773E+0001
  505.750 -5.4421E+0001
  506.000 -5.3901E+0001
  506.250 -5.2960E+0001
  506.500 -4.9721E+0001
  506.750 -2.8087E+0001
  507.000 -5.7422E+0000
  507.250  5.8473E+0000
  507.500  9.1653E+0000
  507.750  6.3471E+0000
  508.000 -7.7634E-0001
  508.250 -1.0134E+0001
  508.500 -1.9753E+0001
  508.750 -2.8349E+0001
  509.000 -3.5475E+0001
  509.250 -4.1186E+0001
  509.500 -4.5779E+0001
  509.750 -4.9502E+0001
  510.000 -5.2523E+0001
  510.250 -5.4977E+0001
  510.500 -5.6967E+0001
  510.750 -5.8584E+0001
  511.000 -5.9907E+0001
  511.250 -6.0996E+0001
  511.500 -6.1901E+0001
  511.750 -6.2656E+0001
  512.000 -6.3290E+0001
  512.250 -6.3824E+0001
  512.500 -6.4275E+0001
  512.750 -6.4658E+0001
  513.000 -6.4983E+0001
  513.250 -6.5258E+0001
  513.500 -6.5492E+0001
  513.750 -6.5690E+0001
  514.000 -6.5857E+0001
  514.250 -6.5998E+0001
  514.500 -6.6115E+0001
  514.750 -6.6212E+0001
  515.000 -6.6292E+0001
  515.250 -6.6355E+0001
  515.500 -6.6405E+0001
  515.750 -6.6442E+0001
  516.000 -6.6469E+0001
  516.250 -6.6486E+0001
  516.500 -6.6494E+0001
  516.750 -6.6494E+0001
  517.000 -6.6488E+0001
  517.250 -6.6475E+0001
  517.500 -6.6456E+0001
  517.750 -6.6432E+0001
  518.000 -6.6404E+0001
  518.250 -6.6372E+0001
  518.500 -6.6336E+0001
  518.750 -6.6296E+0001
  519.000 -6.6253E+0001
  519.250 -6.6208E+0001
  519.500 -6.6160E+0001
  519.750 -6.6110E+0001
  520.000 -6.6058E+0001
  520.250 -6.6004E+0001
  520.500 -6.5948E+0001
  520.750 -6.5891E+0001
  521.000 -6.5833E+0001
  521.250 -6.5773E+0001
  521.500 -6.5712E+0001
  521.750 -6.5651E+0001
  522.000 -6.5588E+0001
  522.250 -6.5525E+0001
  522.500 -6.5461E+0001
  522.750 -6.5397E+0001
  523.000 -6.5332E+0001
  523.250 -6.5267E+0001
  523.500 -6.5202E+0001
  523.750 -6.5136E+0001
  524.000 -6.5070E+0001
  524.250 -6.5004E+0001
  524.500 -6.4937E+0001
  524.750 -6.4871E+0001
  525.000 -6.4805E+0001
  525.250 -6.4738E+0001
  525.500 -6.4672E+0001
  525.750 -6.4606E+0001
  526.000 -6.4539E+0001
  526.250 -6.4473E+0001
  526.500 -6.4407E+0001
  526.750 -6.4342E+0001
  527.000 -6.4276E+0001
  527.250 -6.4211E+0001
  527.500 -6.4145E+0001
  527.750 -6.4081E+0001
  528.000 -6.4016E+0001
  528.250 -6.3951E+0001
  528.500 -6.3887E+0001
  528.750 -6.3823E+0001
  529.000 -6.3760E+0001
  529.250 -6.3696E+0001
  529.500 -6.3633E+0001
  529.750 -6.3570E+0001
  530.000 -6.3508E+0001
  530.250 -6.3446E+0001
  530.500 -6.3384E+0001
  530.750 -6.3322E+0001
  531.000 -6.3261E+0001
  531.250 -6.3200E+0001
  531.500 -6.3140E+0001
  531.750 -6.3080E+0001
  532.000 -6.3020E+0001
  532.250 -6.2960E+0001
  532.500 -6.2901E+0001
  532.750 -6.2842E+0001
  533.000 -6.2784E+0001
  533.250 -6.2725E+0001
  533.500 -6.2668E+0001
  533.750 -6.2610E+0001
  534.000 -6.2553E+0001
  534.250 -6.2496E+0001
  534.500 -6.2439E+0001
  534.750 -6.2383E+0001
  535.000 -6.2327E+0001
  535.250 -6.2272E+0001
  535.500 -6.2217E+0001
  535.750 -6.2162E+0001
  536.000 -6.2107E+0001
  536.250 -6.2053E+0001
  536.500 -6.1999E+0001
  536.750 -6.1945E+0001
  537.000 -6.1892E+0001
  537.250 -6.1839E+0001
  537.500 -6.1786E+0001
  537.750 -6.1734E+0001
  538.000 -6.1682E+0001
  538.250 -6.1630E+0001
  538.500 -6.1579E+0001
  538.750 -6.1528E+0001
  539.000 -6.1477E+0001
  539.250 -6.1427E+0001
  539.500 -6.1376E+0001
  539.750 -6.1327E+0001
  540.000 -6.1277E+0001
  540.250 -6.1228E+0001
  540.500 -6.1179E+0001
  540.750 -6.1130E+0001
  541.000 -6.1081E+0001
  541.250 -6.1033E+0001
  541.500 -6.0985E+0001
  541.750 -6.0938E+0001
  542.000 -6.0890E+0001
  542.250 -6.0843E+0001
  542.500 -6.0797E+0001
  542.750 -6.0750E+0001
  543.000 -6.0704E+0001
  543.250 -6.0658E+0001
  543.500 -6.0612E+0001
  543.750 -6.0567E+0001
  544.000 -6.0522E+0001
  544.250 -6.0477E+0001
  544.500 -6.0432E+0001
  544.750 -6.0387E+0001
  545.000 -6.0343E+0001
  545.250 -6.0299E+0001
  545.500 -6.0256E+0001
  545.750 -6.0212E+0001
  546.000 -6.0169E+0001
  546.250 -6.0126E+0001
  546.500 -6.0083E+0001
  546.750 -6.0041E+0001
  547.000 -5.9998E+0001
  547.250 -5.9956E+0001
  547.500 -5.9914E+0001
  547.750 -5.9872E+0001
  548.000 -5.9831E+0001
  548.250 -5.9790E+0001
  548.500 -5.9749E+0001
  548.750 -5.9708E+0001
  549.000 -5.9667E+0001
  549.250 -5.9627E+0001
  549.500 -5.9586E+0001
  549.750 -5.9546E+0001
  550.000 -5.9506E+0001
  550.250 -5.9467E+0001
  550.500 -5.9427E+0001
  550.750 -5.9388E+0001
  551.000 -5.9348E+0001
  551.250 -5.9309E+0001
  551.500 -5.9270E+0001
  551.750 -5.9232E+0001
  552.000 -5.9193E+0001
  552.250 -5.9155E+0001
  552.500 -5.9116E+0001
  552.750 -5.9078E+0001
  553.000 -5.9040E+0001
  553.250 -5.9002E+0001
  553.500 -5.8964E+0001
  553.750 -5.8927E+0001
  554.000 -5.8889E+0001
  554.250 -5.8852E+0001
  554.500 -5.8814E+0001
  554.750 -5.8777E+0001
  555.000 -5.8740E+0001
  555.250 -5.8703E+0001
  555.500 -5.8666E+0001
  555.750 -5.8629E+0001
  556.000 -5.8592E+0001
  556.250 -5.8555E+0001
  556.500 -5.8518E+0001
  556.750 -5.8482E+0001
  557.000 -5.8445E+0001
  557.250 -5.8408E+0001
  557.500 -5.8372E+0001
  557.750 -5.8335E+0001
  558.000 -5.8298E+0001
  558.250 -5.8262E+0001
  558.500 -5.8225E+0001
  558.750 -5.8188E+0001
  559.000 -5.8151E+0001
  559.250 -5.8115E+0001
  559.500 -5.8078E+0001
  559.750 -5.8041E+0001
  560.000 -5.8004E+0001
  560.250 -5.7967E+0001
  560.500 -5.7929E+0001
  560.750 -5.7892E+0001
  561.000 -5.7855E+0001
  561.250 -5.7817E+0001
  561.500 -5.7779E+0001
  561.750 -5.7741E+0001
  562.000 -5.7703E+0001
  562.250 -5.7664E+0001
  562.500 -5.7625E+0001
  562.750 -5.7586E+0001
  563.000 -5.7547E+0001
  563.250 -5.7507E+0001
  563.500 -5.7467E+0001
  563.750 -5.7426E+0001
  564.000 -5.7385E+0001
  564.250 -5.7344E+0001
  564.500 -5.7301E+0001
  564.750 -5.7259E+0001
  565.000 -5.7215E+0001
  565.250 -5.7171E+0001
  565.500 -5.7127E+0001
  565.750 -5.7081E+0001
  566.000 -5.7035E+0001
  566.250 -5.6987E+0001
  566.500 -5.6939E+0001
  566.750 -5.6889E+0001
  567.000 -5.6838E+0001
  567.250 -5.6785E+0001
  567.500 -5.6731E+0001
  567.750 -5.6675E+0001
  568.000 -5.6617E+0001
  568.250 -5.6557E+0001
  568.500 -5.6494E+0001
  568.750 -5.6428E+0001
  569.000 -5.6359E+0001
  569.250 -5.6287E+0001
  569.500 -5.6209E+0001
  569.750 -5.6127E+0001
  570.000 -5.6039E+0001
  570.250 -5.5943E+0001
  570.500 -5.5839E+0001
  570.750 -5.5724E+0001
  571.000 -5.5595E+0001
  571.250 -5.5448E+0001
  571.500 -5.5277E+0001
  571.750 -5.5073E+0001
  572.000 -5.4819E+0001
  572.250 -5.4485E+0001
  572.500 -5.4001E+0001
  572.750 -5.3163E+0001
  573.000 -5.0756E+0001
  573.250 -3.2419E+0001
  573.500 -8.5459E+0000
  573.750  4.6258E+0000
  574.000  9.0974E+0000
  574.250  7.1430E+0000
  574.500  5.7766E-0001
  574.750 -8.5634E+0000
  575.000 -1.8249E+0001
  575.250 -2.7058E+0001
  575.500 -3.4425E+0001
  575.750 -4.0348E+0001
  576.000 -4.5099E+0001
  576.250 -4.8951E+0001
  576.500 -5.2074E+0001
  576.750 -5.4612E+0001
  577.000 -5.6670E+0001
  577.250 -5.8342E+0001
  577.500 -5.9708E+0001
  577.750 -6.0832E+0001
  578.000 -6.1764E+0001
  578.250 -6.2541E+0001
  578.500 -6.3193E+0001
  578.750 -6.3742E+0001
  579.000 -6.4206E+0001
  579.250 -6.4599E+0001
  579.500 -6.4933E+0001
  579.750 -6.5216E+0001
  580.000 -6.5457E+0001
  580.250 -6.5660E+0001
  580.500 -6.5832E+0001
  580.750 -6.5977E+0001
  581.000 -6.6098E+0001
  581.250 -6.6198E+0001
  581.500 -6.6280E+0001
  581.750 -6.6346E+0001
  582.000 -6.6398E+0001
  582.250 -6.6438E+0001
  582.500 -6.6466E+0001
  582.750 -6.6484E+0001
  583.000 -6.6494E+0001
  583.250 -6.6496E+0001
  583.500 -6.6490E+0001
  583.750 -6.6478E+0001
  584.000 -6.6461E+0001
  584.250 -6.6438E+0001
  584.500 -6.6410E+0001
  584.750 -6.6379E+0001
  585.000 -6.6343E+0001
  585.250 -6.6304E+0001
  585.500 -6.6262E+0001
  585.750 -6.6217E+0001
  586.000 -6.6170E+0001
  586.250 -6.6120E+0001
  586.500 -6.6068E+0001
  586.750 -6.6014E+0001
  587.000 -6.5959E+0001
  587.250 -6.5902E+0001
  587.500 -6.5844E+0001
  587.750 -6.5785E+0001
  588.000 -6.5724E+0001
  588.250 -6.5663E+0001
  588.500 -6.5600E+0001
  588.750 -6.5537E+0001
  589.000 -6.5474E+0001
  589.250 -6.5409E+0001
  589.500 -6.5345E+0001
  589.750 -6.5280E+0001
  590.000 -6.5214E+0001
  590.250 -6.5149E+0001
  590.500 -6.5083E+0001
  590.750 -6.5016E+0001
  591.000 -6.4950E+0001
  591.250 -6.4884E+0001
  591.500 -6.4818E+0001
  591.750 -6.4751E+0001
  592.000 -6.4685E+0001
  592.250 -6.4619E+0001
  592.500 -6.4552E+0001
  592.750 -6.4486E+0001
  593.000 -6.4420E+0001
  593.250 -6.4355E+0001
  593.500 -6.4289E+0001
  593.750 -6.4223E+0001
  594.000 -6.4158E+0001
  594.250 -6.4093E+0001
  594.500 -6.4029E+0001
  594.750 -6.3964E+0001
  595.000 -6.3900E+0001
  595.250 -6.3836E+0001
  595.500 -6.3772E+0001
  595.750 -6.3709E+0001
  596.000 -6.3646E+0001
  596.250 -6.3583E+0001
  596.500 -6.3520E+0001
  596.750 -6.3458E+0001
  597.000 -6.3396E+0001
  597.250 -6.3335E+0001
  597.500 -6.3273E+0001
  597.750 -6.3213E+0001
  598.000 -6.3152E+0001
  598.250 -6.3092E+0001
  598.500 -6.3032E+0001
  598.750 -6.2972E+0001
  599.000 -6.2913E+0001
  599.250 -6.2854E+0001
  599.500 -6.2795E+0001
  599.750 -6.2737E+0001
