    0.000   0.00000   0.00000
    0.250   0.00000   0.00000
    0.500   0.00000   0.00000
    0.750   0.00000   0.00000
    1.000   0.00000   0.00000
    1.250   0.00000   0.00000
    1.500   0.00000   0.00000
    2.000   0.00000   0.00000
    2.250   0.00000   0.00000
    2.500   0.00000   0.00000
    2.500   0.00000   0.00000
    2.750   0.00000   0.00000
    3.000   0.00000   0.00000
    3.250   0.00000   0.00000
    3.500   0.00000   0.00000
    3.750   0.00000   0.00000
    4.000   0.00000   0.00000
    4.000   0.00000   0.00000
    4.250   0.00000   0.00000
    4.500   0.00000   0.00000
    5.000   0.00000   0.00000
    5.250   0.00000   0.00000
    5.500   0.00000   0.00000
    5.750   0.00000   0.00000
    6.000   0.00000   0.00000
    6.250   0.00000   0.00000
    6.500   0.00000   0.00000
    6.750   0.00000   0.00000
    7.000   0.00000   0.00000
    7.250   0.00000   0.00000
    7.500   0.00000   0.00000
    8.000   0.00000   0.00000
    8.250   1.00000   0.00000
    8.500   0.00000   0.00000
    8.750   1.00000   0.00001
    9.000   1.00000   0.00002
    9.500   6.00000   0.00006
    9.750  11.00000   0.00011
   10.000  13.00000   0.00021
   10.250  17.00000   0.00035
   10.500  33.00000   0.00058
   10.750  44.00000   0.00090
   10.750  44.00000   0.00092
   11.000  60.00000   0.00141
   11.250  71.00000   0.00216
   11.500  91.00000   0.00320
   11.750 131.00000   0.00447
   12.000 163.00000   0.00627
   12.250 181.00000   0.00868
   12.500 236.00000   0.01155
   12.750 266.00000   0.01534
   13.000 278.00000   0.02002
   13.250 303.00000   0.02521
   13.500 307.00000   0.03151
   13.750 315.00000   0.03855
   14.000 277.00000   0.04575
   14.250 251.00000   0.05375
   14.500 220.00000   0.06184
   14.750 175.00000   0.06932
   15.000 135.00000   0.07684
   15.250 119.00000   0.08371
   15.500  88.00000   0.08946
   15.750  60.00000   0.09475
   16.000  55.00000   0.09910
   16.250  25.00000   0.10236
   16.500  34.00000   0.10493
   16.750  30.00000   0.10657
   16.750  30.00000   0.10666
   17.000  17.00000   0.10761
   17.250  21.00000   0.10797
   17.500  16.00000   0.10773
   17.750  23.00000   0.10703
   18.000  34.00000   0.10588
   18.250  29.00000   0.10442
   18.500  47.00000   0.10284
   18.750  36.00000   0.10102
   19.250  72.00000   0.09730
   19.500  91.00000   0.09548
   19.750 125.00000   0.09385
   20.000 102.00000   0.09263
   20.250 129.00000   0.09164
   20.500 155.00000   0.09098
   20.500 164.00000   0.09095
   20.750 186.00000   0.09072
   21.000 192.00000   0.09102
   21.250 198.00000   0.09189
   21.500 199.00000   0.09316
   21.750 225.00000   0.09495
   22.000 219.00000   0.09720
   22.250 222.00000   0.09971
   22.500 213.00000   0.10271
   23.000 195.00000   0.10915
   23.250 159.00000   0.11256
   23.500 148.00000   0.11585
   23.750 122.00000   0.11871
   24.000 119.00000   0.12138
   24.250 109.00000   0.12365
   24.500 107.00000   0.12541
   24.750  83.00000   0.12690
   25.000  75.00000   0.12796
   25.250  72.00000   0.12854
   25.500  66.00000   0.12873
   25.750  64.00000   0.12852
   26.000  55.00000   0.12800
   26.250  70.00000   0.12711
   26.750  86.00000   0.12471
   27.000 105.00000   0.12330
   27.250  83.00000   0.12193
   27.500  97.00000   0.12068
   27.750  93.00000   0.11936
   28.000 132.00000   0.11809
   28.250 136.00000   0.11704
   28.500 128.00000   0.11620
   28.750 151.00000   0.11558
   29.000 126.00000   0.11522
   29.250 166.00000   0.11502
   29.500 152.00000   0.11506
   29.750 171.00000   0.11533
   30.000 144.00000   0.11586
   30.250 174.00000   0.11656
   30.500 157.00000   0.11737
   30.750 169.00000   0.11839
   31.000 149.00000   0.11953
   31.250 151.00000   0.12066
   31.500 137.00000   0.12187
   31.750 127.00000   0.12296
   32.000 120.00000   0.12400
   32.250 134.00000   0.12488
   32.500 113.00000   0.12560
   32.500 114.00000   0.12564
   32.750  87.00000   0.12624
   33.000 101.00000   0.12662
   33.250 101.00000   0.12675
   33.500  95.00000   0.12670
   33.750  95.00000   0.12649
   34.000  79.00000   0.12611
   34.250  81.00000   0.12558
   34.500 117.00000   0.12483
   34.750  89.00000   0.12405
   35.000  75.00000   0.12329
   35.250  87.00000   0.12235
   35.500  85.00000   0.12131
   35.750  80.00000   0.12027
   36.000 115.00000   0.11909
   36.250  83.00000   0.11798
   36.500 105.00000   0.11696
   36.750 101.00000   0.11592
   37.000  92.00000   0.11495
   37.250 103.00000   0.11406
   37.500 106.00000   0.11317
   38.000 114.00000   0.11162
   38.250 111.00000   0.11091
   38.750 118.00000   0.10975
   39.000 100.00000   0.10921
   39.250  95.00000   0.10878
   39.250  99.00000   0.10875
   39.500 111.00000   0.10832
   39.750 104.00000   0.10792
   40.000  86.00000   0.10760
   40.000  94.00000   0.10758
   40.250 105.00000   0.10725
   40.500 103.00000   0.10691
   40.750  95.00000   0.10660
   41.000  80.00000   0.10631
   41.250  86.00000   0.10593
   41.500  86.00000   0.10547
   41.750  91.00000   0.10498
   42.000  85.00000   0.10445
   42.250  71.00000   0.10389
   42.500  84.00000   0.10330
   42.750  65.00000   0.10261
   43.000  66.00000   0.10184
   43.250  60.00000   0.10102
   43.500  66.00000   0.10005
   43.750  76.00000   0.09900
   44.000  57.00000   0.09800
   44.250  70.00000   0.09689
   44.500  72.00000   0.09575
   44.750  48.00000   0.09470
   45.000  63.00000   0.09352
   45.500  57.00000   0.09108
   45.750  53.00000   0.08974
   46.250  39.00000   0.08705
   46.500  46.00000   0.08555
   46.750  34.00000   0.08409
   46.750  34.00000   0.08400
   47.000  33.00000   0.08251
   47.250  39.00000   0.08087
   47.500  46.00000   0.07919
   47.750  28.00000   0.07765
   48.000  56.00000   0.07599
   48.250  32.00000   0.07439
   48.500  28.00000   0.07292
   48.750  26.00000   0.07133
   49.000  40.00000   0.06971
   49.250  25.00000   0.06820
   49.500  27.00000   0.06662
   49.750  24.00000   0.06502
   50.000  24.00000   0.06351
   50.250  27.00000   0.06191
   50.500  24.00000   0.06033
   50.750  26.00000   0.05886
   51.000  20.00000   0.05732
   51.250  17.00000   0.05581
   51.500  10.00000   0.05438
   51.750  13.00000   0.05283
   52.000  21.00000   0.05127
   52.250  11.00000   0.04982
   52.500  12.00000   0.04830
   53.000   7.00000   0.04537
   53.250   8.00000   0.04386
   53.500   6.00000   0.04236
   53.750   5.00000   0.04095
   54.000   3.00000   0.03947
   54.250   4.00000   0.03807
   54.250   4.00000   0.03798
   54.500   9.00000   0.03660
   54.750   3.00000   0.03517
   55.000   4.00000   0.03377
   55.250   4.00000   0.03247
   55.500   2.00000   0.03113
   55.750   3.00000   0.02981
   56.000   2.00000   0.02860
   56.250   1.00000   0.02735
   56.500   0.00000   0.02612
   56.750   0.00000   0.02499
   57.000   2.00000   0.02382
   57.250   1.00000   0.02268
   57.500   1.00000   0.02165
   57.750   0.00000   0.02059
   58.000   0.00000   0.01957
   58.250   0.00000   0.01864
   58.500   0.00000   0.01768
   58.750   0.00000   0.01676
   59.000   1.00000   0.01592
   59.250   0.00000   0.01507
   59.500   0.00000   0.01426
   59.750   0.00000   0.01353
   60.000   0.00000   0.01279
   60.500   0.00000   0.01143
   60.750   0.00000   0.01079
   61.000   0.00000   0.01017
   61.250   1.00000   0.00962
   61.500   0.00000   0.00906
   61.750   0.00000   0.00854
   62.000   0.00000   0.00807
   62.250   0.00000   0.00759
   62.500   0.00000   0.00717
   62.750   0.00000   0.00674
   63.000   0.00000   0.00634
   63.250   0.00000   0.00598
   63.500   0.00000   0.00562
   63.750   0.00000   0.00527
   64.000   0.00000   0.00497
   64.000   0.00000   0.00495
   64.250   0.00000   0.00466
   64.500   0.00000   0.00437
   64.750   0.00000   0.00412
   64.750   0.00000   0.00410
   65.000   0.00000   0.00386
   65.250   0.00000   0.00362
   65.500   0.00000   0.00339
   65.750   0.00000   0.00319
   66.000   0.00000   0.00299
   66.250   0.00000   0.00279
   66.500   0.00000   0.00263
   66.750   0.00000   0.00246
   67.000   0.00000   0.00230
   67.250   0.00000   0.00216
   67.500   0.00000   0.00202
   67.750   0.00000   0.00189
   68.000   0.00000   0.00177
   68.250   0.00000   0.00166
   68.500   0.00000   0.00155
   68.750   0.00000   0.00145
   69.000   0.00000   0.00136
   69.250   0.00000   0.00127
   69.500   0.00000   0.00119
   69.750   0.00000   0.00111
   70.000   0.00000   0.00103
   70.250   0.00000   0.00097
   70.500   0.00000   0.00090
   70.750   0.00000   0.00084
   71.000   0.00000   0.00079
   71.250   0.00000   0.00074
   71.500   0.00000   0.00069
   71.750   0.00000   0.00064
   72.000   0.00000   0.00060
   72.250   0.00000   0.00056
   72.500   0.00000   0.00052
   72.750   0.00000   0.00049
   73.000   0.00000   0.00045
   73.250   0.00000   0.00043
   73.500   0.00000   0.00040
   73.750   0.00000   0.00037
   74.000   0.00000   0.00035
   74.250   0.00000   0.00032
   74.500   0.00000   0.00030
   74.750   0.00000   0.00028
   75.000   0.00000   0.00026
   75.500   0.00000   0.00023
   75.750   0.00000   0.00021
   76.250   0.00000   0.00018
   76.500   0.00000   0.00017
   76.750   0.00000   0.00016
   77.000   0.00000   0.00015
   77.250   0.00000   0.00014
   77.500   0.00000   0.00013
   77.750   0.00000   0.00012
   78.000   0.00000   0.00011
   78.250   0.00000   0.00010
   78.250   0.00000   0.00010
   78.500   0.00000   0.00010
   78.750   0.00000   0.00009
   79.000   0.00000   0.00008
   79.000   0.00000   0.00008
   79.250   0.00000   0.00008
   79.500   0.00000   0.00007
   79.750   0.00000   0.00007
   80.000   0.00000   0.00006
   80.250   0.00000   0.00006
   80.500   0.00000   0.00005
   80.750   0.00000   0.00005
   81.000   0.00000   0.00005
   81.250   0.00000   0.00004
   81.500   0.00000   0.00004
   81.750   0.00000   0.00004
   82.000   0.00000   0.00004
   82.250   0.00000   0.00003
   82.500   0.00000   0.00003
   82.750   0.00000   0.00003
   83.000   0.00000   0.00003
   83.250   0.00000   0.00002
   83.500   0.00000   0.00002
   83.750   0.00000   0.00002
   84.000   0.00000   0.00002
   84.250   0.00000   0.00002
   84.500   0.00000   0.00002
   84.750   0.00000   0.00002
   85.000   0.00000   0.00001
   85.250   0.00000   0.00001
   85.500   0.00000   0.00001
   85.750   0.00000   0.00001
   86.000   0.00000   0.00001
   86.250   0.00000   0.00001
   86.500   0.00000   0.00001
   86.750   0.00000   0.00001
   87.000   0.00000   0.00001
   87.250   0.00000   0.00001
   87.500   0.00000   0.00001
   87.750   0.00000   0.00001
   88.000   0.00000   0.00001
   88.250   0.00000   0.00001
   88.500   0.00000   0.00001
   88.750   0.00000   0.00000
   89.000   0.00000   0.00000
   89.250   0.00000   0.00000
   89.500   0.00000   0.00000
   89.750   0.00000   0.00000
   90.000   0.00000   0.00000
   90.500   0.00000   0.00000
   90.750   0.00000   0.00000
   91.250   0.00000   0.00000
   91.500   0.00000   0.00000
   91.750   0.00000   0.00000
   92.000   0.00000   0.00000
   92.250   0.00000   0.00000
   92.500   0.00000   0.00000
   92.500   0.00000   0.00000
   92.750   0.00000   0.00000
   93.000   0.00000   0.00000
   93.250   0.00000   0.00000
   93.250   0.00000   0.00000
   93.500   0.00000   0.00000
   93.750   0.00000   0.00000
   94.000   0.00000   0.00000
   94.250   0.00000   0.00000
   94.500   0.00000   0.00000
   94.750   0.00000   0.00000
   95.000   0.00000   0.00000
   95.250   0.00000   0.00000
   95.500   0.00000   0.00000
   95.750   0.00000   0.00000
   96.000   0.00000   0.00000
   96.250   0.00000   0.00000
   96.500   0.00000   0.00000
   96.750   0.00000   0.00000
   97.000   0.00000   0.00000
   97.250   0.00000   0.00000
   97.500   0.00000   0.00000
   97.750   0.00000   0.00000
   98.000   0.00000   0.00000
   98.250   0.00000   0.00000
   98.500   0.00000   0.00000
   98.750   0.00000   0.00000
   99.000   0.00000   0.00000
   99.250   0.00000   0.00000
   99.500   0.00000   0.00000
   99.750   0.00000   0.00000
  100.000   0.00000   0.00000
  100.250   0.00000   0.00000
  100.500   0.00000   0.00000
  100.750   0.00000   0.00000
  101.000   0.00000   0.00000
  101.250   0.00000   0.00000
  101.500   0.00000   0.00000
  101.750   0.00000   0.00000
  102.000   0.00000   0.00000
  102.250   0.00000   0.00000
  102.500   0.00000   0.00000
  102.750   0.00000   0.00000
  103.000   0.00000   0.00000
  103.250   0.00000   0.00000
  103.500   0.00000   0.00000
  103.750   0.00000   0.00000
  104.000   0.00000   0.00000
  104.250   0.00000   0.00000
  104.500   0.00000   0.00000
  104.750   0.00000   0.00000
  105.000   0.00000   0.00000
  105.500   0.00000   0.00000
  105.750   0.00000   0.00000
  106.250   0.00000   0.00000
  106.500   0.00000   0.00000
  106.750   0.00000   0.00000
  106.750   0.00000   0.00000
  107.000   0.00000   0.00000
  107.250   0.00000   0.00000
  107.500   0.00000   0.00000
  107.500   0.00000   0.00000
  107.750   0.00000   0.00000
  108.000   0.00000   0.00000
  108.250   0.00000   0.00000
  108.500   0.00000   0.00000
  108.750   0.00000   0.00000
  109.000   0.00000   0.00000
  109.250   0.00000   0.00000
  109.500   0.00000   0.00000
  109.750   0.00000   0.00000
  110.000   0.00000   0.00000
  110.250   0.00000   0.00000
  110.500   0.00000   0.00000
  110.750   0.00000   0.00000
  111.000   0.00000   0.00000
  111.250   0.00000   0.00000
  111.500   0.00000   0.00000
  111.750   0.00000   0.00000
  112.000   0.00000   0.00000
  112.250   0.00000   0.00000
  112.500   0.00000   0.00000
  112.750   0.00000   0.00000
  113.000   0.00000   0.00000
  113.250   1.00000   0.00000
  113.500   1.00000   0.00000
  113.750   3.00000   0.00001
  114.000  14.00000   0.00003
  114.250  19.00000   0.00010
  114.500  40.00000   0.00026
  114.750  81.00000   0.00058
  115.000 106.00000   0.00123
  115.250 144.00000   0.00228
  115.500 241.00000   0.00398
  115.750 299.00000   0.00661
  116.000 376.00000   0.01022
  116.250 399.00000   0.01549
  116.500 427.00000   0.02226
  116.750 407.00000   0.02991
  117.000 379.00000   0.03916
  117.250 307.00000   0.04918
  117.500 218.00000   0.05889
  117.750 177.00000   0.06887
  118.000 138.00000   0.07813
  118.250  76.00000   0.08601
  118.500  62.00000   0.09326
  118.750  26.00000   0.09926
  119.000  27.00000   0.10376
  119.250  19.00000   0.10737
  119.500  10.00000   0.10992
  119.750   1.00000   0.11142
  120.000   9.00000   0.11215
  120.500  11.00000   0.11148
  120.750  11.00000   0.11030
  121.000  15.00000   0.10868
  121.250  23.00000   0.10684
  121.500  42.00000   0.10465
  121.750  47.00000   0.10248
  121.750  49.00000   0.10235
  122.000  48.00000   0.10018
  122.250  74.00000   0.09790
  122.500  88.00000   0.09575
  122.750 129.00000   0.09394
  123.000 138.00000   0.09240
  123.250 148.00000   0.09135
  123.500 193.00000   0.09080
  123.750 241.00000   0.09080
  124.000 223.00000   0.09158
  124.250 246.00000   0.09301
  124.500 259.00000   0.09515
  124.750 255.00000   0.09795
  125.000 242.00000   0.10109
  125.250 243.00000   0.10482
  125.500 225.00000   0.10860
  125.500 235.00000   0.10884
  125.750 175.00000   0.11280
  126.000 179.00000   0.11692
  126.250 133.00000   0.12057
  126.250 138.00000   0.12079
  126.500 116.00000   0.12411
  126.750 120.00000   0.12712
  127.000  88.00000   0.12949
  127.000  91.00000   0.12962
  127.250  73.00000   0.13149
  127.500  65.00000   0.13289
  127.750  58.00000   0.13364
  127.750  60.00000   0.13367
  128.000  52.00000   0.13390
  128.250  46.00000   0.13364
  128.500  38.00000   0.13295
  128.500  42.00000   0.13289
  128.750  64.00000   0.13179
  129.000  43.00000   0.13032
  129.250  60.00000   0.12860
  129.500  59.00000   0.12678
  129.750  68.00000   0.12473
  130.000  92.00000   0.12261
  130.250  98.00000   0.12068
  130.500  92.00000   0.11877
  130.750  98.00000   0.11700
  131.000 132.00000   0.11546
  131.250 136.00000   0.11407
  131.500 162.00000   0.11301
  131.750 145.00000   0.11237
  132.000 140.00000   0.11203
  132.250 169.00000   0.11193
  132.500 152.00000   0.11210
  132.750 176.00000   0.11253
  133.000 175.00000   0.11322
  133.250 168.00000   0.11413
  133.500 162.00000   0.11529
  133.750 161.00000   0.11658
  134.000 138.00000   0.11787
  134.250 165.00000   0.11923
  134.500 124.00000   0.12058
  134.750 110.00000   0.12180
  135.000 124.00000   0.12287
  135.500 109.00000   0.12436
  135.750  91.00000   0.12481
  136.250  93.00000   0.12499
  136.500  74.00000   0.12474
  137.000  67.00000   0.12362
  137.250  85.00000   0.12274
  137.750  66.00000   0.12060
  138.000  71.00000   0.11927
  138.500  78.00000   0.11647
  138.750  65.00000   0.11503
  139.250  72.00000   0.11209
  139.500  66.00000   0.11055
  140.000  82.00000   0.10755
  140.250  85.00000   0.10612
  140.750  94.00000   0.10361
  141.000  80.00000   0.10252
  141.500  84.00000   0.10059
  141.750  76.00000   0.09968
  142.250  84.00000   0.09797
  142.500  89.00000   0.09715
  142.750  71.00000   0.09640
  143.000  96.00000   0.09569
  143.250  79.00000   0.09499
  143.500  73.00000   0.09434
  143.750  68.00000   0.09372
  144.000  84.00000   0.09301
  144.250  80.00000   0.09231
  144.500  77.00000   0.09169
  144.750  60.00000   0.09104
  145.000  74.00000   0.09035
  145.250  54.00000   0.08967
  145.500  62.00000   0.08889
  145.750  75.00000   0.08804
  146.000  55.00000   0.08725
  146.250  48.00000   0.08639
  146.500  59.00000   0.08544
  146.750  39.00000   0.08450
  147.000  44.00000   0.08343
  147.250  52.00000   0.08227
  147.500  37.00000   0.08114
  147.750  46.00000   0.07989
  148.000  47.00000   0.07859
  148.250  34.00000   0.07737
  148.500  30.00000   0.07604
  148.750  24.00000   0.07464
  149.000  37.00000   0.07324
  149.250  32.00000   0.07172
  149.500  31.00000   0.07020
  149.750  21.00000   0.06876
  150.000  22.00000   0.06719
  150.250  11.00000   0.06558
  150.500  22.00000   0.06401
  150.750  15.00000   0.06231
  151.000   9.00000   0.06058
  151.250  22.00000   0.05893
  151.500  20.00000   0.05717
  151.750   8.00000   0.05555
  151.750   8.00000   0.05545
  152.000  11.00000   0.05384
  152.250  13.00000   0.05211
  152.500   6.00000   0.05049
  152.500   8.00000   0.05039
  152.750  10.00000   0.04879
  153.000  11.00000   0.04710
  153.250   8.00000   0.04553
  153.250   9.00000   0.04544
  153.500   5.00000   0.04390
  153.750   8.00000   0.04229
  154.000   5.00000   0.04079
  154.000   5.00000   0.04070
  154.250   2.00000   0.03923
  154.500   5.00000   0.03768
  154.750   4.00000   0.03624
  154.750   4.00000   0.03615
  155.000   2.00000   0.03475
  155.250   4.00000   0.03329
  155.500   2.00000   0.03194
  155.500   2.00000   0.03186
  155.750   3.00000   0.03055
  156.000   1.00000   0.02919
  156.250   0.00000   0.02795
  156.250   0.00000   0.02787
  156.500   1.00000   0.02666
  156.750   0.00000   0.02540
  157.000   1.00000   0.02425
  157.000   1.00000   0.02418
  157.250   1.00000   0.02306
  157.500   1.00000   0.02192
  157.750   1.00000   0.02082
  158.000   1.00000   0.01983
  158.250   0.00000   0.01881
  158.500   0.00000   0.01784
  158.750   0.00000   0.01695
  159.000   0.00000   0.01605
  159.250   0.00000   0.01518
  159.500   0.00000   0.01440
  159.750   0.00000   0.01361
  160.000   1.00000   0.01285
  160.250   0.00000   0.01217
  160.500   0.00000   0.01149
  160.750   0.00000   0.01083
  161.000   0.00000   0.01025
  161.250   0.00000   0.00966
  161.500   0.00000   0.00909
  161.750   0.00000   0.00859
  162.000   0.00000   0.00808
  162.250   0.00000   0.00760
  162.500   0.00000   0.00717
  162.750   0.00000   0.00674
  163.000   0.00000   0.00633
  163.250   0.00000   0.00597
  163.500   0.00000   0.00560
  163.750   0.00000   0.00526
  164.000   1.00000   0.00495
  164.250   0.00000   0.00465
  164.500   0.00000   0.00436
  164.750   0.00000   0.00411
  165.000   0.00000   0.00386
  165.500   0.00000   0.00341
  165.750   0.00000   0.00319
  166.250   0.00000   0.00281
  166.500   0.00000   0.00263
  167.000   0.00000   0.00232
  167.250   0.00000   0.00217
  167.750   0.00000   0.00191
  168.000   0.00000   0.00178
  168.500   0.00000   0.00157
  168.750   0.00000   0.00146
  169.250   0.00000   0.00128
  169.500   0.00000   0.00120
  170.000   0.00000   0.00105
  170.250   0.00000   0.00098
  170.750   0.00000   0.00086
  171.000   0.00000   0.00080
  171.250   0.00000   0.00075
  171.500   0.00000   0.00070
  171.750   0.00000   0.00065
  172.000   0.00000   0.00061
  172.250   0.00000   0.00057
  172.500   0.00000   0.00053
  172.750   0.00000   0.00049
  173.000   0.00000   0.00046
  173.250   0.00000   0.00043
  173.500   0.00000   0.00040
  173.750   0.00000   0.00038
  174.000   0.00000   0.00035
  174.250   0.00000   0.00033
  174.500   0.00000   0.00031
  174.750   0.00000   0.00028
  175.000   0.00000   0.00027
  175.250   0.00000   0.00025
  175.500   0.00000   0.00023
  175.750   0.00000   0.00021
  176.000   0.00000   0.00020
  176.250   0.00000   0.00019
  176.500   0.00000   0.00017
  176.750   0.00000   0.00016
  177.000   0.00000   0.00015
  177.250   0.00000   0.00014
  177.500   0.00000   0.00013
  177.750   0.00000   0.00012
  178.000   0.00000   0.00011
  178.250   0.00000   0.00011
  178.500   0.00000   0.00010
  178.750   0.00000   0.00009
  179.000   0.00000   0.00009
  179.250   0.00000   0.00008
  179.500   0.00000   0.00007
  179.750   0.00000   0.00007
