   1.000      0.007      0.000    -65.276    -58.252      0.000      0.000      0.000      0.000    200.000 
   2.000      0.012      0.000    -64.773    -56.420      0.000      0.000      0.000      0.000    200.000 
   3.000      0.015      0.000    -64.303    -54.707      0.000      0.000      0.000      0.000    200.000 
   4.000      0.018      0.000    -63.866    -53.111      0.000      0.000      0.000      0.000    200.000 
   5.000      0.023      0.000    -63.458    -51.631      0.000      0.000      0.000      0.000    200.000 
   6.000      0.031      0.000    -63.078    -50.267      0.000      0.002      0.000      0.000    200.000 
   7.000      0.041      0.000    -62.723    -49.018      0.000      0.271      0.000      0.000    200.000 
   8.000      0.062      0.001    -62.393    -47.886      0.001      9.364      0.000      0.000    200.000 
   9.000      0.089      0.002    -62.086    -46.871      0.002     74.030      0.000      0.000    200.000 
  10.000      0.136      0.007    -61.799    -45.972      0.007    209.824      0.000      0.000    200.000 
  11.000      0.209      0.017    -61.532    -45.188      0.017    284.723      0.000      0.000    200.000 
  12.000      0.309      0.040    -61.284    -44.517      0.040    224.737      0.000      0.000    200.000 
  13.000      0.486      0.089    -61.052    -43.953      0.089    122.113      0.000      0.000    200.000 
  14.000      0.689      0.199    -60.837    -43.491      0.199     50.841      0.000      0.000    200.000 
  15.000      1.079      0.397    -60.637    -43.120      0.397     17.467      0.000      0.000    200.000 
  16.000      1.546      0.682    -60.450    -42.832      0.682      5.417      0.000      0.000    200.000 
  17.000      2.246      1.105    -60.277    -42.615      1.105      1.582      0.000      0.000    200.000 
  18.000      3.184      1.688    -60.115    -42.458      1.688      0.444      0.000      0.000    200.000 
  19.000      4.359      2.446    -59.965    -42.350      2.446      0.153      0.000      0.000    200.000 
  20.000      6.029      3.378    -59.826    -42.280      3.378      0.705      0.000      0.000    200.000 
  21.000      7.864      4.477    -59.697    -42.240      4.477      5.881      0.000      0.000    200.000 
  22.000     10.523      5.736    -59.576    -42.221      5.736     26.183      0.000      0.000    200.000 
  23.000     13.407      7.129    -59.465    -42.217      7.129     69.856      0.000      0.000    200.000 
  24.000     16.966      8.617    -59.361    -42.223      8.617    126.620      0.000      0.000    200.000 
  25.000     20.933     10.172    -59.264    -42.235     10.172    171.476      0.000      0.000    200.000 
  26.000     25.307     11.771    -59.175    -42.250     11.771    183.451      0.000      0.000    200.000 
  27.000     30.067     13.374    -59.092    -42.266     13.374    159.861      0.000      0.000    200.000 
  28.000     34.955     14.938    -59.015    -42.282     14.938    115.917      0.000      0.000    200.000 
  29.000     39.840     16.433    -58.944    -42.297     16.433     71.383      0.000      0.000    200.000 
  30.000     44.561     17.842    -58.878    -42.310     17.842     38.132      0.000      0.000    200.000 
  31.000     48.786     19.161    -58.817    -42.321     19.161     18.042      0.000      0.000    200.000 
  32.000     52.352     20.360    -58.760    -42.331     20.360      7.753      0.000      0.000    200.000 
  33.000     55.259     21.422    -58.707    -42.338     21.422      3.342      0.000      0.000    200.000 
  34.000     56.811     22.343    -58.659    -42.345     22.343      3.087      0.000      0.000    200.000 
  35.000     57.912     23.124    -58.614    -42.350     23.124      8.937      0.000      0.000    200.000 
  36.000     56.573     23.769    -58.572    -42.354     23.769     25.232      0.000      0.000    200.000 
  37.000     55.235     24.280    -58.533    -42.357     24.280     53.860      0.000      0.000    200.000 
  38.000     52.964     24.660    -58.497    -42.359     24.660     90.091      0.000      0.000    200.000 
  39.000     49.296     24.906    -58.464    -42.361     24.906    123.693      0.000      0.000    200.000 
  40.000     45.628     25.028    -58.434    -42.363     25.028    144.549      0.000      0.000    200.000 
  41.000     41.170     25.052    -58.405    -42.364     25.052    146.758      0.000      0.000    200.000 
  42.000     36.513     24.970    -58.379    -42.364     24.970    130.727      0.000      0.000    200.000 
  43.000     31.934     24.794    -58.355    -42.365     24.794    102.967      0.000      0.000    200.000 
  44.000     27.663     24.531    -58.332    -42.365     24.531     72.380      0.000      0.000    200.000 
  45.000     23.392     24.182    -58.311    -42.366     24.182     45.877      0.000      0.000    200.000 
  46.000     19.841     23.778    -58.292    -42.366     23.778     26.640      0.000      0.000    200.000 
  47.000     16.771     23.311    -58.274    -42.366     23.311     14.904      0.000      0.000    200.000 
  48.000     13.701     22.813    -58.258    -42.366     22.813      9.903      0.000      0.000    200.000 
  49.000     11.969     22.267    -58.242    -42.367     22.267     12.002      0.000      0.000    200.000 
  50.000     10.238     21.696    -58.228    -42.367     21.696     22.586      0.000      0.000    200.000 
  51.000      8.927     21.096    -58.215    -42.367     21.096     41.949      0.000      0.000    200.000 
  52.000      8.247     20.493    -58.202    -42.367     20.493     67.632      0.000      0.000    200.000 
  53.000      7.567     19.893    -58.191    -42.367     19.893     94.260      0.000      0.000    200.000 
  54.000      7.414     19.289    -58.180    -42.367     19.289    115.544      0.000      0.000    200.000 
  55.000      7.394     18.710    -58.170    -42.367     18.710    126.788      0.000      0.000    200.000 
  56.000      7.444     18.144    -58.161    -42.367     18.144    125.729      0.000      0.000    200.000 
  57.000      7.776     17.594    -58.153    -42.368     17.594    113.109      0.000      0.000    200.000 
  58.000      8.109     17.075    -58.145    -42.368     17.075     92.729      0.000      0.000    200.000 
  59.000      8.545     16.585    -58.137    -42.368     16.585     69.664      0.000      0.000    200.000 
  60.000      9.051     16.126    -58.130    -42.368     16.126     48.507      0.000      0.000    200.000 
  61.000      9.556     15.726    -58.124    -42.368     15.726     32.221      0.000      0.000    200.000 
  62.000     10.146     15.374    -58.118    -42.368     15.374     22.108      0.000      0.000    200.000 
  63.000     10.736     15.059    -58.112    -42.368     15.059     18.802      0.000      0.000    200.000 
  64.000     11.343     14.786    -58.107    -42.368     14.786     23.075      0.000      0.000    200.000 
  65.000     11.976     14.564    -58.102    -42.368     14.564     35.004      0.000      0.000    200.000 
  66.000     12.609     14.389    -58.098    -42.368     14.389     53.062      0.000      0.000    200.000 
  67.000     13.258     14.260    -58.094    -42.368     14.260     74.003      0.000      0.000    200.000 
  68.000     13.910     14.178    -58.090    -42.368     14.178     93.510      0.000      0.000    200.000 
  69.000     14.562     14.154    -58.086    -42.368     14.154    107.674      0.000      0.000    200.000 
  70.000     15.216     14.184    -58.083    -42.368     14.184    114.021      0.000      0.000    200.000 
  71.000     15.869     14.262    -58.080    -42.368     14.262    111.514      0.000      0.000    200.000 
  72.000     16.512     14.387    -58.077    -42.368     14.387    100.917      0.000      0.000    200.000 
  73.000     17.148     14.557    -58.074    -42.368     14.557     84.758      0.000      0.000    200.000 
  74.000     17.784     14.779    -58.072    -42.368     14.779     66.581      0.000      0.000    200.000 
  75.000     18.386     15.048    -58.069    -42.368     15.048     49.738      0.000      0.000    200.000 
  76.000     18.988     15.351    -58.067    -42.368     15.351     36.806      0.000      0.000    200.000 
  77.000     19.570     15.683    -58.065    -42.368     15.683     29.210      0.000      0.000    200.000 
  78.000     20.121     16.038    -58.063    -42.368     16.038     27.871      0.000      0.000    200.000 
  79.000     20.672     16.411    -58.061    -42.368     16.411     33.263      0.000      0.000    200.000 
  80.000     21.171     16.799    -58.060    -42.368     16.799     44.720      0.000      0.000    200.000 
  81.000     21.657     17.199    -58.058    -42.368     17.199     60.233      0.000      0.000    200.000 
  82.000     22.128     17.598    -58.057    -42.368     17.598     76.806      0.000      0.000    200.000 
  83.000     22.539     17.990    -58.055    -42.368     17.990     91.179      0.000      0.000    200.000 
  84.000     22.949     18.369    -58.054    -42.368     18.369    100.824      0.000      0.000    200.000 
  85.000     23.310     18.729    -58.053    -42.368     18.729    104.293      0.000      0.000    200.000 
  86.000     23.638     19.066    -58.052    -42.368     19.066    101.062      0.000      0.000    200.000 
  87.000     23.966     19.376    -58.051    -42.368     19.376     91.877      0.000      0.000    200.000 
  88.000     24.215     19.663    -58.050    -42.368     19.663     78.675      0.000      0.000    200.000 
  89.000     24.464     19.937    -58.049    -42.368     19.937     64.104      0.000      0.000    200.000 
  90.000     24.656     20.177    -58.048    -42.368     20.177     50.879      0.000      0.000    200.000 
  91.000     24.834     20.377    -58.047    -42.368     20.377     41.037      0.000      0.000    200.000 
  92.000     24.972     20.538    -58.047    -42.368     20.538     35.810      0.000      0.000    200.000 
  93.000     25.083     20.659    -58.046    -42.368     20.659     35.990      0.000      0.000    200.000 
  94.000     25.170     20.740    -58.045    -42.368     20.740     41.704      0.000      0.000    200.000 
  95.000     25.220     20.782    -58.045    -42.368     20.782     51.978      0.000      0.000    200.000 
  96.000     25.259     20.786    -58.044    -42.368     20.786     64.845      0.000      0.000    200.000 
  97.000     25.256     20.754    -58.044    -42.368     20.754     77.796      0.000      0.000    200.000 
  98.000     25.253     20.689    -58.043    -42.368     20.689     88.405      0.000      0.000    200.000 
  99.000     25.206     20.596    -58.043    -42.368     20.596     94.984      0.000      0.000    200.000 
 100.000     25.160     20.514    -58.043    -42.368     20.514     96.616      0.000      0.000    200.000 
 101.000     25.086     20.412    -58.042    -42.368     20.412     93.059      0.000      0.000    200.000 
 102.000     25.006     20.283    -58.042    -42.368     20.283     85.005      0.000      0.000    200.000 
 103.000     24.911     20.129    -58.042    -42.368     20.129     74.129      0.000      0.000    200.000 
 104.000     24.807     19.953    -58.041    -42.368     19.953     62.515      0.000      0.000    200.000 
 105.000     24.698     19.760    -58.041    -42.368     19.760     52.258      0.000      0.000    200.000 
 106.000     24.580     19.554    -58.041    -42.368     19.554     44.966      0.000      0.000    200.000 
 107.000     24.461     19.339    -58.040    -42.368     19.339     41.635      0.000      0.000    200.000 
 108.000     24.338     19.117    -58.040    -42.368     19.117     42.823      0.000      0.000    200.000 
 109.000     24.215     18.894    -58.040    -42.368     18.894     48.394      0.000      0.000    200.000 
 110.000     24.094     18.673    -58.040    -42.368     18.673     57.291      0.000      0.000    200.000 
 111.000     23.973     18.456    -58.040    -42.368     18.456     67.771      0.000      0.000    200.000 
 112.000     23.858     18.248    -58.040    -42.368     18.248     77.810      0.000      0.000    200.000 
 113.000     23.745     18.050    -58.039    -42.368     18.050     85.614      0.000      0.000    200.000 
 114.000     23.638     17.864    -58.039    -42.368     17.864     90.028      0.000      0.000    200.000 
 115.000     23.536     17.694    -58.039    -42.368     17.694     90.448      0.000      0.000    200.000 
 116.000     23.439     17.541    -58.039    -42.368     17.541     86.822      0.000      0.000    200.000 
 117.000     23.350     17.405    -58.039    -42.368     17.405     79.826      0.000      0.000    200.000 
 118.000     23.263     17.289    -58.039    -42.368     17.289     70.844      0.000      0.000    200.000 
 119.000     23.187     18.603    -58.039    -42.368     18.603     61.622      0.000      0.000    200.000 
 120.000     23.111     18.599    -58.039    -42.368     18.599     53.799      0.000      0.000    200.000 
 121.000     23.047     18.393    -58.038    -42.368     18.393     48.559      0.000      0.000    200.000 
 122.000     22.983     18.199    -58.038    -42.368     18.199     46.646      0.000      0.000    200.000 
 123.000     22.926     18.043    -58.038    -42.368     18.043     48.419      0.000      0.000    200.000 
 124.000     22.871     17.925    -58.038    -42.368     17.925     53.585      0.000      0.000    200.000 
 125.000     22.819     17.843    -58.038    -42.368     17.843     61.127      0.000      0.000    200.000 
 126.000     22.770     17.794    -58.038    -42.368     17.794     69.562      0.000      0.000    200.000 
 127.000     22.721     17.776    -58.038    -42.368     17.776     77.286      0.000      0.000    200.000 
 128.000     22.674     17.786    -58.038    -42.368     17.786     82.979      0.000      0.000    200.000 
 129.000     22.626     17.821    -58.038    -42.368     17.821     85.843      0.000      0.000    200.000 
 130.000     22.576     17.877    -58.038    -42.368     17.877     85.470      0.000      0.000    200.000 
 131.000     22.526     17.952    -58.038    -42.368     17.952     81.944      0.000      0.000    200.000 
 132.000     22.469     18.042    -58.038    -42.368     18.042     75.934      0.000      0.000    200.000 
 133.000     22.411     18.145    -58.038    -42.368     18.145     68.598      0.000      0.000    200.000 
 134.000     22.352     18.258    -58.038    -42.368     18.258     61.326      0.000      0.000    200.000 
 135.000     22.281     18.377    -58.038    -42.368     18.377     55.407      0.000      0.000    200.000 
 136.000     22.210     18.499    -58.038    -42.368     18.499     51.733      0.000      0.000    200.000 
 137.000     22.135     18.622    -58.038    -42.368     18.622     50.840      0.000      0.000    200.000 
 138.000     22.046     18.744    -58.038    -42.368     18.744     52.907      0.000      0.000    200.000 
 139.000     21.958     18.862    -58.038    -42.368     18.862     57.553      0.000      0.000    200.000 
 140.000     21.863     18.976    -58.038    -42.368     18.976     63.854      0.000      0.000    200.000 
 141.000     21.755     19.082    -58.038    -42.368     19.082     70.580      0.000      0.000    200.000 
 142.000     21.646     19.179    -58.038    -42.368     19.179     76.473      0.000      0.000    200.000 
 143.000     21.530     19.266    -58.038    -42.368     19.266     80.574      0.000      0.000    200.000 
 144.000     21.403     19.341    -58.037    -42.368     19.341     82.325      0.000      0.000    200.000 
 145.000     21.276     19.404    -58.037    -42.368     19.404     81.464      0.000      0.000    200.000 
 146.000     21.140     19.454    -58.037    -42.368     19.454     78.143      0.000      0.000    200.000 
 147.000     20.996     19.492    -58.037    -42.368     19.492     73.009      0.000      0.000    200.000 
 148.000     20.852     19.516    -58.037    -42.368     19.516     67.063      0.000      0.000    200.000 
 149.000     20.700     19.528    -58.037    -42.368     19.528     61.419      0.000      0.000    200.000 
 150.000     20.543     19.529    -58.037    -42.368     19.529     57.030      0.000      0.000    200.000 
 151.000     20.386     19.518    -58.037    -42.368     19.518     54.536      0.000      0.000    200.000 
 152.000     20.224     19.497    -58.037    -42.368     19.497     54.328      0.000      0.000    200.000 
 153.000     20.059     19.467    -58.037    -42.368     19.467     56.471      0.000      0.000    200.000 
 154.000     19.894     19.428    -58.037    -42.368     19.428     60.551      0.000      0.000    200.000 
 155.000     19.728     19.380    -58.037    -42.368     19.380     65.754      0.000      0.000    200.000 
 156.000     19.561     19.324    -58.037    -42.368     19.324     71.070      0.000      0.000    200.000 
 157.000     19.394     19.262    -58.037    -42.368     19.262     75.527      0.000      0.000    200.000 
 158.000     19.231     19.193    -58.037    -42.368     19.193     78.429      0.000      0.000    200.000 
 159.000     19.067     19.121    -58.037    -42.368     19.121     79.386      0.000      0.000    200.000 
 160.000     18.904     19.045    -58.037    -42.368     19.045     78.250      0.000      0.000    200.000 
 161.000     18.750     18.966    -58.037    -42.368     18.966     75.223      0.000      0.000    200.000 
 162.000     18.596     18.887    -58.037    -42.368     18.887     70.901      0.000      0.000    200.000 
 163.000     18.444     18.807    -58.037    -42.368     18.807     66.122      0.000      0.000    200.000 
 164.000     18.304     18.728    -58.037    -42.368     18.728     61.762      0.000      0.000    200.000 
 165.000     18.164     18.650    -58.037    -42.368     18.650     58.537      0.000      0.000    200.000 
 166.000     18.027     18.576    -58.037    -42.368     18.576     56.919      0.000      0.000    200.000 
 167.000     17.905     18.513    -58.037    -42.368     18.513     57.172      0.000      0.000    200.000 
 168.000     17.782     18.467    -58.037    -42.368     18.467     59.266      0.000      0.000    200.000 
 169.000     17.666     18.437    -58.037    -42.368     18.437     62.790      0.000      0.000    200.000 
 170.000     17.564     18.420    -58.037    -42.368     18.420     67.043      0.000      0.000    200.000 
 171.000     17.461     18.409    -58.037    -42.368     18.409     71.207      0.000      0.000    200.000 
 172.000     17.368     18.398    -58.037    -42.368     18.398     74.544      0.000      0.000    200.000 
 173.000     17.287     18.386    -58.037    -42.368     18.386     76.549      0.000      0.000    200.000 
 174.000     17.207     18.374    -58.037    -42.368     18.374     76.955      0.000      0.000    200.000 
 175.000     17.137     18.362    -58.037    -42.368     18.362     75.697      0.000      0.000    200.000 
 176.000     17.079     18.354    -58.037    -42.368     18.354     73.007      0.000      0.000    200.000 
 177.000     17.020     18.349    -58.037    -42.368     18.349     69.409      0.000      0.000    200.000 
 178.000     16.975     18.349    -58.037    -42.368     18.349     65.586      0.000      0.000    200.000 
 179.000     16.937     18.355    -58.037    -42.368     18.355     62.238      0.000      0.000    200.000 
 180.000     16.900     18.366    -58.037    -42.368     18.366     59.907      0.000      0.000    200.000 
 181.000     16.877     18.383    -58.037    -42.368     18.383     58.930      0.000      0.000    200.000 
 182.000     16.859     18.405    -58.037    -42.368     18.405     59.471      0.000      0.000    200.000 
 183.000     16.842     18.432    -58.037    -42.368     18.432     61.437      0.000      0.000    200.000 
 184.000     16.839     18.465    -58.037    -42.368     18.465     64.437      0.000      0.000    200.000 
 185.000     16.839     18.501    -58.037    -42.368     18.501     67.882      0.000      0.000    200.000 
 186.000     16.839     18.541    -58.037    -42.368     18.541     71.117      0.000      0.000    200.000 
 187.000     16.852     18.583    -58.037    -42.368     18.583     73.585      0.000      0.000    200.000 
 188.000     16.867     18.627    -58.037    -42.368     18.627     74.928      0.000      0.000    200.000 
 189.000     16.883     18.673    -58.037    -42.368     18.673     74.959      0.000      0.000    200.000 
 190.000     16.909     18.719    -58.037    -42.368     18.719     73.682      0.000      0.000    200.000 
 191.000     16.936     18.764    -58.037    -42.368     18.764     71.339      0.000      0.000    200.000 
 192.000     16.965     18.809    -58.037    -42.368     18.809     68.368      0.000      0.000    200.000 
 193.000     17.001     18.851    -58.037    -42.368     18.851     65.329      0.000      0.000    200.000 
 194.000     17.036     18.891    -58.037    -42.368     18.891     62.785      0.000      0.000    200.000 
 195.000     17.075     18.928    -58.037    -42.368     18.928     61.135      0.000      0.000    200.000 
 196.000     17.117     18.962    -58.037    -42.368     18.962     60.616      0.000      0.000    200.000 
 197.000     17.159     18.991    -58.037    -42.368     18.991     61.316      0.000      0.000    200.000 
 198.000     17.204     19.016    -58.037    -42.368     19.016     63.106      0.000      0.000    200.000 
 199.000     17.249     19.037    -58.037    -42.368     19.037     65.630      0.000      0.000    200.000 
 200.000     17.294     19.053    -58.037    -42.368     19.053     68.397      0.000      0.000    200.000 
