   1.000      0.007      0.000    -64.478    -55.341      0.000      0.000      0.000      0.000    500.000 
   2.000      0.012      0.000    -63.231    -50.784      0.000      0.000      0.000      0.000    500.000 
   3.000      0.015      0.000    -62.069    -46.544      0.000      0.000      0.000      0.000    500.000 
   4.000      0.018      0.000    -60.985    -42.650      0.000      0.000      0.000      0.000    500.000 
   5.000      0.023      0.004    -59.975    -39.168      0.004     16.721      0.000      0.000    500.000 
   6.000      0.031      0.089    -59.035    -36.209      0.089    737.322      0.000      0.000    500.000 
   7.000      0.041      1.172    -58.159    -33.921      1.172    244.016      0.000      0.000    500.000 
   8.000      0.062      7.507    -57.345    -32.440      7.507     30.577      0.000      0.000    500.000 
   9.000      0.089     28.456    -56.588    -31.814     28.456      3.718      0.000      0.000    500.000 
  10.000      0.136     70.318    -55.885    -31.924     70.318      0.452      0.000      0.000    500.000 
  11.000      0.209    123.711    -55.233    -32.506    123.711      0.493      0.000      0.000    500.000 
  12.000      0.309    164.372    -54.629    -33.256    164.372     37.615      0.000      0.000    500.000 
  13.000      0.486    174.236    -54.070    -33.946    174.236    220.833      0.000      0.000    500.000 
  14.000      0.689    152.535    -53.554    -34.457    152.535    344.335      0.000      0.000    500.000 
  15.000      1.079    114.092    -53.078    -34.765    114.092    261.207      0.000      0.000    500.000 
  16.000      1.546     74.904    -52.641    -34.900     74.904    105.097      0.000      0.000    500.000 
  17.000      2.246     43.996    -52.240    -34.913     43.996     24.753      0.000      0.000    500.000 
  18.000      3.184     23.561    -51.873    -34.853     23.561      4.629      0.000      0.000    500.000 
  19.000      4.359     11.688    -51.538    -34.763     11.688      9.581      0.000      0.000    500.000 
  20.000      6.029      5.478    -51.235    -34.672      5.478     87.635      0.000      0.000    500.000 
  21.000      7.864      2.572    -50.959    -34.596      2.572    218.294      0.000      0.000    500.000 
  22.000     10.523      1.585    -50.711    -34.543      1.585    273.747      0.000      0.000    500.000 
  23.000     13.407      2.073    -50.488    -34.514      2.073    227.199      0.000      0.000    500.000 
  24.000     16.966      4.416    -50.289    -34.504      4.416    123.057      0.000      0.000    500.000 
  25.000     20.933      9.617    -50.111    -34.506      9.617     44.901      0.000      0.000    500.000 
  26.000     25.307     18.876    -49.953    -34.516     18.876     15.442      0.000      0.000    500.000 
  27.000     30.067     32.868    -49.814    -34.528     32.868     29.733      0.000      0.000    500.000 
  28.000     34.955     51.013    -49.692    -34.540     51.013    111.268      0.000      0.000    500.000 
  29.000     39.840     71.150    -49.584    -34.549     71.150    204.462      0.000      0.000    500.000 
  30.000     44.561     89.932    -49.491    -34.555     89.932    237.229      0.000      0.000    500.000 
  31.000     48.786    103.795    -49.409    -34.558    103.795    203.601      0.000      0.000    500.000 
  32.000     52.352    110.119    -49.339    -34.559    110.119    125.438      0.000      0.000    500.000 
  33.000     55.259    108.016    -49.278    -34.558    108.016     58.413      0.000      0.000    500.000 
  34.000     56.811     98.480    -49.226    -34.556     98.480     31.512      0.000      0.000    500.000 
  35.000     57.912     83.864    -49.181    -34.555     83.864     50.239      0.000      0.000    500.000 
  36.000     56.573     67.028    -49.142    -34.554     67.028    121.857      0.000      0.000    500.000 
  37.000     55.235     50.548    -49.109    -34.552     50.548    191.635      0.000      0.000    500.000 
  38.000     52.964     36.238    -49.080    -34.552     36.238    213.247      0.000      0.000    500.000 
  39.000     49.296     25.059    -49.055    -34.552     25.059    185.983      0.000      0.000    500.000 
  40.000     45.628     17.320    -49.034    -34.552     17.320    123.918      0.000      0.000    500.000 
  41.000     41.170     12.981    -49.015    -34.552     12.981     69.327      0.000      0.000    500.000 
  42.000     36.513     11.913    -48.998    -34.552     11.913     47.135      0.000      0.000    500.000 
  43.000     31.934     14.023    -48.984    -34.552     14.023     67.036      0.000      0.000    500.000 
  44.000     27.663     19.221    -48.970    -34.552     19.221    127.317      0.000      0.000    500.000 
  45.000     23.392     27.292    -48.959    -34.552     27.292    180.780      0.000      0.000    500.000 
  46.000     19.841     37.735    -48.948    -34.552     37.735    195.567      0.000      0.000    500.000 
  47.000     16.771     49.666    -48.938    -34.552     49.666    172.328      0.000      0.000    500.000 
  48.000     13.701     61.852    -48.929    -34.552     61.852    122.015      0.000      0.000    500.000 
  49.000     11.969     72.875    -48.920    -34.552     72.875     78.155      0.000      0.000    500.000 
  50.000     10.238     81.378    -48.913    -34.552     81.378     60.886      0.000      0.000    500.000 
  51.000      8.927     86.318    -48.906    -34.552     86.318     80.392      0.000      0.000    500.000 
  52.000      8.247     87.157    -48.899    -34.552     87.157    130.415      0.000      0.000    500.000 
  53.000      7.567     83.953    -48.893    -34.552     83.953    171.737      0.000      0.000    500.000 
  54.000      7.414     77.319    -48.887    -34.552     77.319    181.835      0.000      0.000    500.000 
  55.000      7.394     68.274    -48.882    -34.552     68.274    161.668      0.000      0.000    500.000 
  56.000      7.444     58.036    -48.877    -34.552     58.036    120.510      0.000      0.000    500.000 
  57.000      7.776     47.807    -48.872    -34.552     47.807     85.432      0.000      0.000    500.000 
  58.000      8.109     38.621    -48.868    -34.552     38.621     72.523      0.000      0.000    500.000 
  59.000      8.545     31.264    -48.864    -34.552     31.264     90.729      0.000      0.000    500.000 
  60.000      9.051     26.260    -48.861    -34.552     26.260    132.238      0.000      0.000    500.000 
  61.000      9.556     23.893    -48.857    -34.552     23.893    164.208      0.000      0.000    500.000 
  62.000     10.146     24.238    -48.854    -34.552     24.238    170.927      0.000      0.000    500.000 
  63.000     10.736     27.169    -48.852    -34.552     27.169    153.266      0.000      0.000    500.000 
  64.000     11.343     32.355    -48.849    -34.552     32.355    119.705      0.000      0.000    500.000 
  65.000     11.976     39.269    -48.847    -34.552     39.269     91.464      0.000      0.000    500.000 
  66.000     12.609     47.207    -48.845    -34.552     47.207     82.094      0.000      0.000    500.000 
  67.000     13.258     55.352    -48.843    -34.552     55.352     98.776      0.000      0.000    500.000 
  68.000     13.910     62.859    -48.841    -34.552     62.859    133.262      0.000      0.000    500.000 
  69.000     14.562     68.951    -48.839    -34.552     68.951    157.924      0.000      0.000    500.000 
  70.000     15.216     73.018    -48.837    -34.552     73.018    162.179      0.000      0.000    500.000 
  71.000     15.869     74.685    -48.836    -34.552     74.685    146.639      0.000      0.000    500.000 
  72.000     16.512     73.853    -48.835    -34.552     73.853    119.274      0.000      0.000    500.000 
  73.000     17.148     70.712    -48.833    -34.552     70.712     96.605      0.000      0.000    500.000 
  74.000     17.784     65.701    -48.832    -34.552     65.701     89.965      0.000      0.000    500.000 
  75.000     18.386     59.449    -48.831    -34.552     59.449    105.046      0.000      0.000    500.000 
  76.000     18.988     52.677    -48.830    -34.552     52.677    133.749      0.000      0.000    500.000 
  77.000     19.570     46.112    -48.829    -34.552     46.112    152.676      0.000      0.000    500.000 
  78.000     20.121     40.401    -48.829    -34.552     40.401    155.113      0.000      0.000    500.000 
  79.000     20.672     36.058    -48.828    -34.552     36.058    141.382      0.000      0.000    500.000 
  80.000     21.171     33.436    -48.827    -34.552     33.436    118.806      0.000      0.000    500.000 
  81.000     21.657     32.715    -48.827    -34.552     32.715    101.168      0.000      0.000    500.000 
  82.000     22.128     33.886    -48.826    -34.552     33.886     96.486      0.000      0.000    500.000 
  83.000     22.539     36.766    -48.825    -34.552     36.766    109.969      0.000      0.000    500.000 
  84.000     22.949     41.008    -48.825    -34.552     41.008    133.863      0.000      0.000    500.000 
  85.000     23.310     46.140    -48.824    -34.552     46.140    148.285      0.000      0.000    500.000 
  86.000     23.638     51.611    -48.824    -34.552     51.611    149.361      0.000      0.000    500.000 
  87.000     23.966     56.854    -48.824    -34.552     56.854    137.313      0.000      0.000    500.000 
  88.000     24.215     61.344    -48.823    -34.552     61.344    118.454      0.000      0.000    500.000 
  89.000     24.464     64.652    -48.823    -34.552     64.652    105.088      0.000      0.000    500.000 
  90.000     24.656     66.484    -48.823    -34.552     66.484    101.837      0.000      0.000    500.000 
  91.000     24.834     66.707    -48.822    -34.552     66.707    113.935      0.000      0.000    500.000 
  92.000     24.972     65.356    -48.822    -34.552     65.356    133.709      0.000      0.000    500.000 
  93.000     25.083     62.634    -48.822    -34.552     62.634    144.590      0.000      0.000    500.000 
  94.000     25.170     58.878    -48.822    -34.552     58.878    144.660      0.000      0.000    500.000 
  95.000     25.220     54.521    -48.822    -34.552     54.521    134.086      0.000      0.000    500.000 
  96.000     25.259     50.040    -48.821    -34.552     50.040    118.691      0.000      0.000    500.000 
  97.000     25.256     45.893    -48.821    -34.552     45.893    108.147      0.000      0.000    500.000 
  98.000     25.253     42.484    -48.821    -34.552     42.484    106.115      0.000      0.000    500.000 
  99.000     25.206     40.119    -48.821    -34.552     40.119    117.180      0.000      0.000    500.000 
 100.000     25.160     38.991    -48.821    -34.552     38.991    133.355      0.000      0.000    500.000 
 101.000     25.086     39.162    -48.821    -34.552     39.162    141.471      0.000      0.000    500.000 
 102.000     25.006     40.566    -48.820    -34.552     40.566    140.850      0.000      0.000    500.000 
 103.000     24.911     43.013    -48.820    -34.552     43.013    131.643      0.000      0.000    500.000 
 104.000     24.807     46.213    -48.820    -34.552     46.213    119.055      0.000      0.000    500.000 
 105.000     24.698     49.811    -48.820    -34.552     49.811    110.644      0.000      0.000    500.000 
 106.000     24.580     53.425    -48.820    -34.552     53.425    109.662      0.000      0.000    500.000 
 107.000     24.461     56.686    -48.820    -34.552     56.686    119.715      0.000      0.000    500.000 
 108.000     24.338     59.283    -48.820    -34.552     59.283    132.843      0.000      0.000    500.000 
 109.000     24.215     60.979    -48.820    -34.552     60.979    138.852      0.000      0.000    500.000 
 110.000     24.094     61.639    -48.820    -34.552     61.639    137.779      0.000      0.000    500.000 
 111.000     23.973     61.236    -48.820    -34.552     61.236    129.779      0.000      0.000    500.000 
 112.000     23.858     59.850    -48.820    -34.552     59.850    119.471      0.000      0.000    500.000 
 113.000     23.745     57.660    -48.820    -34.552     57.660    112.724      0.000      0.000    500.000 
 114.000     23.638     54.926    -48.820    -34.552     54.926    112.635      0.000      0.000    500.000 
 115.000     23.536     51.950    -48.820    -34.552     51.950    121.677      0.000      0.000    500.000 
 116.000     23.439     49.046    -48.820    -34.552     49.046    132.245      0.000      0.000    500.000 
 117.000     23.350     46.503    -48.820    -34.552     46.503    136.658      0.000      0.000    500.000 
 118.000     23.263     44.563    -48.820    -34.552     44.563    135.304      0.000      0.000    500.000 
 119.000     23.187     43.395    -48.819    -34.552     43.395    128.354      0.000      0.000    500.000 
 120.000     23.111     43.087    -48.819    -34.552     43.087    119.905      0.000      0.000    500.000 
 121.000     23.047     43.636    -48.819    -34.552     43.636    114.478      0.000      0.000    500.000 
 122.000     22.983     44.953    -48.819    -34.552     44.953    115.092      0.000      0.000    500.000 
 123.000     22.926     46.873    -48.819    -34.552     46.873    123.195      0.000      0.000    500.000 
 124.000     22.871     49.177    -48.819    -34.552     49.177    131.613      0.000      0.000    500.000 
 125.000     22.819     51.612    -48.819    -34.552     51.612    134.821      0.000      0.000    500.000 
 126.000     22.770     53.925    -48.819    -34.552     53.925    133.304      0.000      0.000    500.000 
 127.000     22.721     55.888    -48.819    -34.552     55.888    127.267      0.000      0.000    500.000 
 128.000     22.674     57.320    -48.819    -34.552     57.320    120.334      0.000      0.000    500.000 
 129.000     22.626     58.097    -48.819    -34.552     58.097    115.968      0.000      0.000    500.000 
 130.000     22.576     58.168    -48.819    -34.552     58.168    117.131      0.000      0.000    500.000 
 131.000     22.526     57.551    -48.819    -34.552     57.551    124.344      0.000      0.000    500.000 
 132.000     22.469     56.336    -48.819    -34.552     56.336    130.981      0.000      0.000    500.000 
 133.000     22.411     54.670    -48.819    -34.552     54.670    133.284      0.000      0.000    500.000 
 134.000     22.352     52.742    -48.819    -34.552     52.742    131.687      0.000      0.000    500.000 
 135.000     22.281     50.760    -48.819    -34.552     50.760    126.440      0.000      0.000    500.000 
 136.000     22.210     48.927    -48.819    -34.552     48.927    120.737      0.000      0.000    500.000 
 137.000     22.135     47.422    -48.819    -34.552     47.422    117.256      0.000      0.000    500.000 
 138.000     22.046     46.383    -48.819    -34.552     46.383    118.860      0.000      0.000    500.000 
 139.000     21.958     45.896    -48.819    -34.552     45.896    125.173      0.000      0.000    500.000 
 140.000     21.863     45.989    -48.819    -34.552     45.989    130.372      0.000      0.000    500.000 
 141.000     21.755     46.630    -48.819    -34.552     46.630    131.997      0.000      0.000    500.000 
 142.000     21.646     47.732    -48.819    -34.552     47.732    130.376      0.000      0.000    500.000 
 143.000     21.530     49.163    -48.819    -34.552     49.163    125.815      0.000      0.000    500.000 
 144.000     21.403     50.764    -48.819    -34.552     50.764    121.105      0.000      0.000    500.000 
 145.000     21.276     52.364    -48.819    -34.552     52.364    118.417      0.000      0.000    500.000 
 146.000     21.140     53.801    -48.819    -34.552     53.801    120.304      0.000      0.000    500.000 
 147.000     20.996     54.938    -48.819    -34.552     54.938    125.724      0.000      0.000    500.000 
 148.000     20.852     55.673    -48.819    -34.552     55.673    129.800      0.000      0.000    500.000 
 149.000     20.700     55.949    -48.819    -34.552     55.949    130.918      0.000      0.000    500.000 
 150.000     20.543     55.755    -48.819    -34.552     55.755    129.312      0.000      0.000    500.000 
 151.000     20.386     55.129    -48.819    -34.552     55.129    125.346      0.000      0.000    500.000 
 152.000     20.224     54.151    -48.819    -34.552     54.151    121.451      0.000      0.000    500.000 
 153.000     20.059     52.936    -48.819    -34.552     52.936    119.462      0.000      0.000    500.000 
 154.000     19.894     51.616    -48.819    -34.552     51.616    121.475      0.000      0.000    500.000 
 155.000     19.728     50.330    -48.819    -34.552     50.330    126.088      0.000      0.000    500.000 
 156.000     19.561     49.209    -48.819    -34.552     49.209    129.273      0.000      0.000    500.000 
 157.000     19.394     48.357    -48.819    -34.552     48.357    130.010      0.000      0.000    500.000 
 158.000     19.231     47.850    -48.819    -34.552     47.850    128.445      0.000      0.000    500.000 
 159.000     19.067     47.725    -48.819    -34.552     47.725    125.007      0.000      0.000    500.000 
 160.000     18.904     47.981    -48.819    -34.552     47.981    121.792      0.000      0.000    500.000 
 161.000     18.750     48.576    -48.819    -34.552     48.576    120.383      0.000      0.000    500.000 
 162.000     18.596     49.435    -48.819    -34.552     49.435    122.413      0.000      0.000    500.000 
 163.000     18.444     50.461    -48.819    -34.552     50.461    126.315      0.000      0.000    500.000 
 164.000     18.304     51.541    -48.819    -34.552     51.541    128.794      0.000      0.000    500.000 
 165.000     18.164     52.563    -48.819    -34.552     52.563    129.243      0.000      0.000    500.000 
 166.000     18.027     53.427    -48.819    -34.552     53.427    127.742      0.000      0.000    500.000 
 167.000     17.905     54.052    -48.819    -34.552     54.052    124.773      0.000      0.000    500.000 
 168.000     17.782     54.387    -48.819    -34.552     54.387    122.125      0.000      0.000    500.000 
 169.000     17.666     54.407    -48.819    -34.552     54.407    121.182      0.000      0.000    500.000 
 170.000     17.564     54.125    -48.819    -34.552     54.125    123.161      0.000      0.000    500.000 
 171.000     17.461     53.579    -48.819    -34.552     53.579    126.443      0.000      0.000    500.000 
 172.000     17.368     52.835    -48.819    -34.552     52.835    128.364      0.000      0.000    500.000 
 173.000     17.287     51.978    -48.819    -34.552     51.978    128.595      0.000      0.000    500.000 
 174.000     17.207     51.100    -48.819    -34.552     51.100    127.174      0.000      0.000    500.000 
 175.000     17.137     50.290    -48.819    -34.552     50.290    124.614      0.000      0.000    500.000 
 176.000     17.079     49.628    -48.819    -34.552     49.628    122.443      0.000      0.000    500.000 
 177.000     17.020     49.174    -48.819    -34.552     49.174    121.871      0.000      0.000    500.000 
 178.000     16.975     48.967    -48.819    -34.552     48.967    123.755      0.000      0.000    500.000 
 179.000     16.937     49.017    -48.819    -34.552     49.017    126.498      0.000      0.000    500.000 
 180.000     16.900     49.309    -48.819    -34.552     49.309    127.981      0.000      0.000    500.000 
 181.000     16.877     49.803    -48.819    -34.552     49.803    128.048      0.000      0.000    500.000 
 182.000     16.859     50.442    -48.819    -34.552     50.442    126.718      0.000      0.000    500.000 
 183.000     16.842     51.153    -48.819    -34.552     51.153    124.511      0.000      0.000    500.000 
 184.000     16.839     51.862    -48.819    -34.552     51.862    122.744      0.000      0.000    500.000 
 185.000     16.839     52.496    -48.819    -34.552     52.496    122.462      0.000      0.000    500.000 
 186.000     16.839     52.995    -48.819    -34.552     52.995    124.223      0.000      0.000    500.000 
 187.000     16.852     53.314    -48.819    -34.552     53.314    126.504      0.000      0.000    500.000 
 188.000     16.867     53.429    -48.819    -34.552     53.429    127.642      0.000      0.000    500.000 
 189.000     16.883     53.336    -48.819    -34.552     53.336    127.587      0.000      0.000    500.000 
 190.000     16.909     53.053    -48.819    -34.552     53.053    126.353      0.000      0.000    500.000 
 191.000     16.936     52.615    -48.819    -34.552     52.615    124.447      0.000      0.000    500.000 
 192.000     16.965     52.073    -48.819    -34.552     52.073    123.026      0.000      0.000    500.000 
 193.000     17.001     51.487    -48.819    -34.552     51.487    122.967      0.000      0.000    500.000 
 194.000     17.036     50.919    -48.819    -34.552     50.919    124.590      0.000      0.000    500.000 
 195.000     17.075     50.424    -48.819    -34.552     50.424    126.474      0.000      0.000    500.000 
 196.000     17.117     50.051    -48.819    -34.552     50.051    127.344      0.000      0.000    500.000 
 197.000     17.159     49.832    -48.819    -34.552     49.832    127.197      0.000      0.000    500.000 
 198.000     17.204     49.782    -48.819    -34.552     49.782    126.061      0.000      0.000    500.000 
 199.000     17.249     49.901    -48.819    -34.552     49.901    124.415      0.000      0.000    500.000 
 200.000     17.294     50.170    -48.819    -34.552     50.170    123.291      0.000      0.000    500.000 
