    0.050   -65.632
    0.100   -65.565
    0.150   -65.497
    0.200   -65.430
    0.250   -65.363
    0.300   -65.297
    0.350   -65.230
    0.400   -65.164
    0.450   -65.098
    0.500   -65.033
    0.550   -64.967
    0.600   -64.902
    0.650   -64.837
    0.700   -64.772
    0.750   -64.708
    0.800   -64.643
    0.850   -64.579
    0.900   -64.515
    0.950   -64.452
    1.000   -64.388
    1.050   -64.325
    1.100   -64.262
    1.150   -64.199
    1.200   -64.137
    1.250   -64.074
    1.300   -64.012
    1.350   -63.950
    1.400   -63.889
    1.450   -63.827
    1.500   -63.766
    1.550   -63.705
    1.600   -63.644
    1.650   -63.584
    1.700   -63.523
    1.750   -63.463
    1.800   -63.403
    1.850   -63.343
    1.900   -63.284
    1.950   -63.225
    2.000   -63.165
    2.050   -63.106
    2.100   -63.048
    2.150   -62.989
    2.200   -62.931
    2.250   -62.873
    2.300   -62.815
    2.350   -62.757
    2.400   -62.700
    2.450   -62.643
    2.500   -62.585
    2.550   -62.529
    2.600   -62.472
    2.650   -62.415
    2.700   -62.359
    2.750   -62.303
    2.800   -62.247
    2.850   -62.191
    2.900   -62.136
    2.950   -62.081
    3.000   -62.025
    3.050   -61.971
    3.100   -61.916
    3.150   -61.861
    3.200   -61.807
    3.250   -61.753
    3.300   -61.699
    3.350   -61.645
    3.400   -61.591
    3.450   -61.538
    3.500   -61.485
    3.550   -61.432
    3.600   -61.379
    3.650   -61.326
    3.700   -61.274
    3.750   -61.222
    3.800   -61.169
    3.850   -61.118
    3.900   -61.066
    3.950   -61.014
    4.000   -60.963
    4.050   -60.912
    4.100   -60.861
    4.150   -60.810
    4.200   -60.759
    4.250   -60.709
    4.300   -60.658
    4.350   -60.608
    4.400   -60.558
    4.450   -60.508
    4.500   -60.459
    4.550   -60.409
    4.600   -60.360
    4.650   -60.311
    4.700   -60.262
    4.750   -60.213
    4.800   -60.164
    4.850   -60.116
    4.900   -60.067
    4.950   -60.019
    5.000   -59.971
    5.050   -59.923
    5.100   -59.876
    5.150   -59.828
    5.200   -59.781
    5.250   -59.734
    5.300   -59.687
    5.350   -59.640
    5.400   -59.593
    5.450   -59.546
    5.500   -59.500
    5.550   -59.453
    5.600   -59.407
    5.650   -59.361
    5.700   -59.315
    5.750   -59.270
    5.800   -59.224
    5.850   -59.178
    5.900   -59.133
    5.950   -59.088
    6.000   -59.043
    6.050   -58.998
    6.100   -58.953
    6.150   -58.908
    6.200   -58.864
    6.250   -58.819
    6.300   -58.775
    6.350   -58.730
    6.400   -58.686
    6.450   -58.642
    6.500   -58.598
    6.550   -58.554
    6.600   -58.511
    6.650   -58.467
    6.700   -58.423
    6.750   -58.380
    6.800   -58.337
    6.850   -58.293
    6.900   -58.250
    6.950   -58.207
    7.000   -58.164
    7.050   -58.121
    7.100   -58.078
    7.150   -58.035
    7.200   -57.992
    7.250   -57.950
    7.300   -57.907
    7.350   -57.864
    7.400   -57.821
    7.450   -57.779
    7.500   -57.736
    7.550   -57.694
    7.600   -57.651
    7.650   -57.609
    7.700   -57.566
    7.750   -57.523
    7.800   -57.481
    7.850   -57.438
    7.900   -57.396
    7.950   -57.353
    8.000   -57.310
    8.050   -57.267
    8.100   -57.224
    8.150   -57.181
    8.200   -57.138
    8.250   -57.095
    8.300   -57.052
    8.350   -57.008
    8.400   -56.965
    8.450   -56.921
    8.500   -56.877
    8.550   -56.833
    8.600   -56.789
    8.650   -56.744
    8.700   -56.699
    8.750   -56.654
    8.800   -56.609
    8.850   -56.563
    8.900   -56.517
    8.950   -56.471
    9.000   -56.424
    9.050   -56.377
    9.100   -56.329
    9.150   -56.281
    9.200   -56.232
    9.250   -56.183
    9.300   -56.133
    9.350   -56.083
    9.400   -56.031
    9.450   -55.979
    9.500   -55.926
    9.550   -55.873
    9.600   -55.818
    9.650   -55.762
    9.700   -55.705
    9.750   -55.646
    9.800   -55.587
    9.850   -55.525
    9.900   -55.462
    9.950   -55.398
   10.000   -55.331
   10.050   -55.262
   10.100   -55.190
   10.150   -55.116
   10.200   -55.039
   10.250   -54.958
   10.300   -54.874
   10.350   -54.785
   10.400   -54.690
   10.450   -54.591
   10.500   -54.484
   10.550   -54.370
   10.600   -54.246
   10.650   -54.112
   10.700   -53.964
   10.750   -53.799
   10.800   -53.614
   10.850   -53.402
   10.900   -53.153
   10.950   -52.856
   11.000   -52.486
   11.050   -52.004
   11.100   -51.331
   11.150   -50.289
   11.200   -48.435
   11.250   -45.061
   11.300   -40.404
   11.350   -35.054
   11.400   -29.475
   11.450   -24.006
   11.500   -18.848
   11.550   -14.108
   11.600    -9.831
   11.650    -6.025
   11.700    -2.675
   11.750     0.240
   11.800     2.747
   11.850     4.871
   11.900     6.635
   11.950     8.060
   12.000     9.162
   12.050     9.955
   12.100    10.454
   12.150    10.669
   12.200    10.612
   12.250    10.295
   12.300     9.730
   12.350     8.929
   12.400     7.909
   12.450     6.684
   12.500     5.272
   12.550     3.693
   12.600     1.965
   12.650     0.110
   12.700    -1.850
   12.750    -3.894
   12.800    -6.000
   12.850    -8.147
   12.900   -10.315
   12.950   -12.485
   13.000   -14.641
   13.050   -16.767
   13.100   -18.852
   13.150   -20.885
   13.200   -22.859
   13.250   -24.766
   13.300   -26.603
   13.350   -28.367
   13.400   -30.056
   13.450   -31.671
   13.500   -33.212
   13.550   -34.681
   13.600   -36.078
   13.650   -37.407
   13.700   -38.669
   13.750   -39.868
   13.800   -41.008
   13.850   -42.092
   13.900   -43.126
   13.950   -44.112
   14.000   -45.053
   14.050   -45.950
   14.100   -46.805
   14.150   -47.619
   14.200   -48.396
   14.250   -49.136
   14.300   -49.842
   14.350   -50.516
   14.400   -51.159
   14.450   -51.772
   14.500   -52.358
   14.550   -52.917
   14.600   -53.451
   14.650   -53.960
   14.700   -54.445
   14.750   -54.908
   14.800   -55.350
   14.850   -55.771
   14.900   -56.172
   14.950   -56.554
   15.000   -56.919
   15.050   -57.267
   15.100   -57.598
   15.150   -57.915
   15.200   -58.216
   15.250   -58.504
   15.300   -58.779
   15.350   -59.042
   15.400   -59.293
   15.450   -59.532
   15.500   -59.761
   15.550   -59.980
   15.600   -60.190
   15.650   -60.390
   15.700   -60.582
   15.750   -60.765
   15.800   -60.941
   15.850   -61.109
   15.900   -61.270
   15.950   -61.424
   16.000   -61.572
   16.050   -61.714
   16.100   -61.849
   16.150   -61.979
   16.200   -62.104
   16.250   -62.224
   16.300   -62.338
   16.350   -62.448
   16.400   -62.554
   16.450   -62.655
   16.500   -62.751
   16.550   -62.844
   16.600   -62.934
   16.650   -63.019
   16.700   -63.101
   16.750   -63.180
   16.800   -63.255
   16.850   -63.327
   16.900   -63.397
   16.950   -63.463
   17.000   -63.527
   17.050   -63.588
   17.100   -63.646
   17.150   -63.702
   17.200   -63.756
   17.250   -63.807
   17.300   -63.856
   17.350   -63.903
   17.400   -63.948
   17.450   -63.991
   17.500   -64.032
   17.550   -64.071
   17.600   -64.108
   17.650   -64.144
   17.700   -64.178
   17.750   -64.210
   17.800   -64.241
   17.850   -64.271
   17.900   -64.298
   17.950   -64.325
   18.000   -64.350
   18.050   -64.374
   18.100   -64.396
   18.150   -64.418
   18.200   -64.438
   18.250   -64.457
   18.300   -64.474
   18.350   -64.491
   18.400   -64.507
   18.450   -64.521
   18.500   -64.535
   18.550   -64.548
   18.600   -64.559
   18.650   -64.570
   18.700   -64.580
   18.750   -64.589
   18.800   -64.597
   18.850   -64.605
   18.900   -64.612
   18.950   -64.617
   19.000   -64.623
   19.050   -64.627
   19.100   -64.631
   19.150   -64.634
   19.200   -64.636
   19.250   -64.638
   19.300   -64.639
   19.350   -64.639
   19.400   -64.639
   19.450   -64.638
   19.500   -64.637
   19.550   -64.635
   19.600   -64.633
   19.650   -64.630
   19.700   -64.627
   19.750   -64.623
   19.800   -64.618
   19.850   -64.614
   19.900   -64.608
   19.950   -64.603
   20.000   -64.596
   20.050   -64.590
   20.100   -64.583
   20.150   -64.575
   20.200   -64.568
   20.250   -64.560
   20.300   -64.551
   20.350   -64.542
   20.400   -64.533
   20.450   -64.523
   20.500   -64.513
   20.550   -64.503
   20.600   -64.492
   20.650   -64.482
   20.700   -64.470
   20.750   -64.459
   20.800   -64.447
   20.850   -64.435
   20.900   -64.423
   20.950   -64.410
   21.000   -64.397
   21.050   -64.384
   21.100   -64.371
   21.150   -64.357
   21.200   -64.343
   21.250   -64.329
   21.300   -64.315
   21.350   -64.301
   21.400   -64.286
   21.450   -64.271
   21.500   -64.256
   21.550   -64.241
   21.600   -64.225
   21.650   -64.210
   21.700   -64.194
   21.750   -64.178
   21.800   -64.161
   21.850   -64.145
   21.900   -64.129
   21.950   -64.112
   22.000   -64.095
   22.050   -64.078
   22.100   -64.061
   22.150   -64.044
   22.200   -64.026
   22.250   -64.009
   22.300   -63.991
   22.350   -63.973
   22.400   -63.955
   22.450   -63.937
   22.500   -63.919
   22.550   -63.901
   22.600   -63.883
   22.650   -63.864
   22.700   -63.846
   22.750   -63.827
   22.800   -63.808
   22.850   -63.789
   22.900   -63.770
   22.950   -63.751
   23.000   -63.732
   23.050   -63.713
   23.100   -63.694
   23.150   -63.674
   23.200   -63.655
   23.250   -63.636
   23.300   -63.616
   23.350   -63.596
   23.400   -63.577
   23.450   -63.557
   23.500   -63.537
   23.550   -63.517
   23.600   -63.497
   23.650   -63.477
   23.700   -63.457
   23.750   -63.437
   23.800   -63.417
   23.850   -63.397
   23.900   -63.377
   23.950   -63.357
   24.000   -63.336
   24.050   -63.316
   24.100   -63.296
   24.150   -63.276
   24.200   -63.255
   24.250   -63.235
   24.300   -63.214
   24.350   -63.194
   24.400   -63.173
   24.450   -63.153
   24.500   -63.132
   24.550   -63.112
   24.600   -63.091
   24.650   -63.071
   24.700   -63.050
   24.750   -63.030
   24.800   -63.009
   24.850   -62.988
   24.900   -62.968
   24.950   -62.947
   25.000   -62.927
   25.050   -62.906
   25.100   -62.885
   25.150   -62.865
   25.200   -62.844
   25.250   -62.823
   25.300   -62.803
   25.350   -62.782
   25.400   -62.762
   25.450   -62.741
   25.500   -62.720
   25.550   -62.700
   25.600   -62.679
   25.650   -62.659
   25.700   -62.638
   25.750   -62.618
   25.800   -62.597
   25.850   -62.576
   25.900   -62.556
   25.950   -62.535
   26.000   -62.515
   26.050   -62.495
   26.100   -62.474
   26.150   -62.454
   26.200   -62.433
   26.250   -62.413
   26.300   -62.393
   26.350   -62.372
   26.400   -62.352
   26.450   -62.332
   26.500   -62.312
   26.550   -62.291
   26.600   -62.271
   26.650   -62.251
   26.700   -62.231
   26.750   -62.211
   26.800   -62.191
   26.850   -62.171
   26.900   -62.151
   26.950   -62.131
   27.000   -62.111
   27.050   -62.091
   27.100   -62.071
   27.150   -62.051
   27.200   -62.031
   27.250   -62.011
   27.300   -61.992
   27.350   -61.972
   27.400   -61.952
   27.450   -61.933
   27.500   -61.913
   27.550   -61.893
   27.600   -61.874
   27.650   -61.854
   27.700   -61.835
   27.750   -61.816
   27.800   -61.796
   27.850   -61.777
   27.900   -61.758
   27.950   -61.738
   28.000   -61.719
   28.050   -61.700
   28.100   -61.681
   28.150   -61.662
   28.200   -61.643
   28.250   -61.624
   28.300   -61.605
   28.350   -61.586
   28.400   -61.567
   28.450   -61.548
   28.500   -61.529
   28.550   -61.511
   28.600   -61.492
   28.650   -61.473
   28.700   -61.455
   28.750   -61.436
   28.800   -61.418
   28.850   -61.399
   28.900   -61.381
   28.950   -61.362
   29.000   -61.344
   29.050   -61.326
   29.100   -61.307
   29.150   -61.289
   29.200   -61.271
   29.250   -61.253
   29.300   -61.235
   29.350   -61.217
   29.400   -61.199
   29.450   -61.181
   29.500   -61.163
   29.550   -61.145
   29.600   -61.127
   29.650   -61.110
   29.700   -61.092
   29.750   -61.074
   29.800   -61.057
   29.850   -61.039
   29.900   -61.022
   29.950   -61.004
   30.000   -60.987
   30.050   -60.970
   30.100   -60.952
   30.150   -60.935
   30.200   -60.918
   30.250   -60.901
   30.300   -60.884
   30.350   -60.867
   30.400   -60.850
   30.450   -60.833
   30.500   -60.816
   30.550   -60.799
   30.600   -60.782
   30.650   -60.765
   30.700   -60.749
   30.750   -60.732
   30.800   -60.715
   30.850   -60.699
   30.900   -60.682
   30.950   -60.666
   31.000   -60.649
   31.050   -60.633
   31.100   -60.617
   31.150   -60.600
   31.200   -60.584
   31.250   -60.568
   31.300   -60.552
   31.350   -60.536
   31.400   -60.520
   31.450   -60.504
   31.500   -60.488
   31.550   -60.472
   31.600   -60.456
   31.650   -60.440
   31.700   -60.424
   31.750   -60.409
   31.800   -60.393
   31.850   -60.377
   31.900   -60.362
   31.950   -60.346
   32.000   -60.331
   32.050   -60.315
   32.100   -60.300
   32.150   -60.285
   32.200   -60.269
   32.250   -60.254
   32.300   -60.239
   32.350   -60.224
   32.400   -60.209
   32.450   -60.194
   32.500   -60.179
   32.550   -60.164
   32.600   -60.149
   32.650   -60.134
   32.700   -60.119
   32.750   -60.104
   32.800   -60.090
   32.850   -60.075
   32.900   -60.060
   32.950   -60.046
   33.000   -60.031
   33.050   -60.017
   33.100   -60.002
   33.150   -59.988
   33.200   -59.973
   33.250   -59.959
   33.300   -59.945
   33.350   -59.931
   33.400   -59.916
   33.450   -59.902
   33.500   -59.888
   33.550   -59.874
   33.600   -59.860
   33.650   -59.846
   33.700   -59.832
   33.750   -59.818
   33.800   -59.804
   33.850   -59.791
   33.900   -59.777
   33.950   -59.763
   34.000   -59.749
   34.050   -59.736
   34.100   -59.722
   34.150   -59.709
   34.200   -59.695
   34.250   -59.682
   34.300   -59.668
   34.350   -59.655
   34.400   -59.641
   34.450   -59.628
   34.500   -59.615
   34.550   -59.602
   34.600   -59.588
   34.650   -59.575
   34.700   -59.562
   34.750   -59.549
   34.800   -59.536
   34.850   -59.523
   34.900   -59.510
   34.950   -59.497
   35.000   -59.484
   35.050   -59.472
   35.100   -59.459
   35.150   -59.446
   35.200   -59.433
   35.250   -59.421
   35.300   -59.408
   35.350   -59.395
   35.400   -59.383
   35.450   -59.370
   35.500   -59.358
   35.550   -59.345
   35.600   -59.333
   35.650   -59.321
   35.700   -59.308
   35.750   -59.296
   35.800   -59.284
   35.850   -59.271
   35.900   -59.259
   35.950   -59.247
   36.000   -59.235
   36.050   -59.223
   36.100   -59.211
   36.150   -59.199
   36.200   -59.187
   36.250   -59.175
   36.300   -59.163
   36.350   -59.151
   36.400   -59.139
   36.450   -59.127
   36.500   -59.116
   36.550   -59.104
   36.600   -59.092
   36.650   -59.080
   36.700   -59.069
   36.750   -59.057
   36.800   -59.046
   36.850   -59.034
   36.900   -59.023
   36.950   -59.011
   37.000   -59.000
   37.050   -58.988
   37.100   -58.977
   37.150   -58.965
   37.200   -58.954
   37.250   -58.943
   37.300   -58.932
   37.350   -58.920
   37.400   -58.909
   37.450   -58.898
   37.500   -58.887
   37.550   -58.876
   37.600   -58.865
   37.650   -58.853
   37.700   -58.842
   37.750   -58.831
   37.800   -58.820
   37.850   -58.809
   37.900   -58.799
   37.950   -58.788
   38.000   -58.777
   38.050   -58.766
   38.100   -58.755
   38.150   -58.744
   38.200   -58.734
   38.250   -58.723
   38.300   -58.712
   38.350   -58.702
   38.400   -58.691
   38.450   -58.680
   38.500   -58.670
   38.550   -58.659
   38.600   -58.649
   38.650   -58.638
   38.700   -58.628
   38.750   -58.617
   38.800   -58.607
   38.850   -58.596
   38.900   -58.586
   38.950   -58.575
   39.000   -58.565
   39.050   -58.555
   39.100   -58.544
   39.150   -58.534
   39.200   -58.524
   39.250   -58.514
   39.300   -58.504
   39.350   -58.493
   39.400   -58.483
   39.450   -58.473
   39.500   -58.463
   39.550   -58.453
   39.600   -58.443
   39.650   -58.433
   39.700   -58.423
   39.750   -58.413
   39.800   -58.403
   39.850   -58.393
   39.900   -58.383
   39.950   -58.373
   40.000   -58.363
   40.050   -58.353
   40.100   -58.343
   40.150   -58.333
   40.200   -58.323
   40.250   -58.314
   40.300   -58.304
   40.350   -58.294
   40.400   -58.284
   40.450   -58.275
   40.500   -58.265
   40.550   -58.255
   40.600   -58.245
   40.650   -58.236
   40.700   -58.226
   40.750   -58.217
   40.800   -58.207
   40.850   -58.197
   40.900   -58.188
   40.950   -58.178
   41.000   -58.169
   41.050   -58.159
   41.100   -58.150
   41.150   -58.140
   41.200   -58.131
   41.250   -58.121
   41.300   -58.112
   41.350   -58.102
   41.400   -58.093
   41.450   -58.083
   41.500   -58.074
   41.550   -58.064
   41.600   -58.055
   41.650   -58.046
   41.700   -58.036
   41.750   -58.027
   41.800   -58.018
   41.850   -58.008
   41.900   -57.999
   41.950   -57.990
   42.000   -57.980
   42.050   -57.971
   42.100   -57.962
   42.150   -57.953
   42.200   -57.943
   42.250   -57.934
   42.300   -57.925
   42.350   -57.916
   42.400   -57.907
   42.450   -57.897
   42.500   -57.888
   42.550   -57.879
   42.600   -57.870
   42.650   -57.861
   42.700   -57.851
   42.750   -57.842
   42.800   -57.833
   42.850   -57.824
   42.900   -57.815
   42.950   -57.806
   43.000   -57.797
   43.050   -57.788
   43.100   -57.779
   43.150   -57.769
   43.200   -57.760
   43.250   -57.751
   43.300   -57.742
   43.350   -57.733
   43.400   -57.724
   43.450   -57.715
   43.500   -57.706
   43.550   -57.697
   43.600   -57.688
   43.650   -57.679
   43.700   -57.670
   43.750   -57.661
   43.800   -57.652
   43.850   -57.643
   43.900   -57.633
   43.950   -57.624
   44.000   -57.615
   44.050   -57.606
   44.100   -57.597
   44.150   -57.588
   44.200   -57.579
   44.250   -57.570
   44.300   -57.561
   44.350   -57.552
   44.400   -57.543
   44.450   -57.534
   44.500   -57.525
   44.550   -57.516
   44.600   -57.507
   44.650   -57.498
   44.700   -57.489
   44.750   -57.480
   44.800   -57.471
   44.850   -57.462
   44.900   -57.452
   44.950   -57.443
   45.000   -57.434
   45.050   -57.425
   45.100   -57.416
   45.150   -57.407
   45.200   -57.398
   45.250   -57.389
   45.300   -57.380
   45.350   -57.370
   45.400   -57.361
   45.450   -57.352
   45.500   -57.343
   45.550   -57.334
   45.600   -57.325
   45.650   -57.315
   45.700   -57.306
   45.750   -57.297
   45.800   -57.288
   45.850   -57.278
   45.900   -57.269
   45.950   -57.260
   46.000   -57.251
   46.050   -57.241
   46.100   -57.232
   46.150   -57.223
   46.200   -57.213
   46.250   -57.204
   46.300   -57.194
   46.350   -57.185
   46.400   -57.176
   46.450   -57.166
   46.500   -57.157
   46.550   -57.147
   46.600   -57.138
   46.650   -57.128
   46.700   -57.119
   46.750   -57.109
   46.800   -57.099
   46.850   -57.090
   46.900   -57.080
   46.950   -57.070
   47.000   -57.061
   47.050   -57.051
   47.100   -57.041
   47.150   -57.031
   47.200   -57.022
   47.250   -57.012
   47.300   -57.002
   47.350   -56.992
   47.400   -56.982
   47.450   -56.972
   47.500   -56.962
   47.550   -56.952
   47.600   -56.942
   47.650   -56.932
   47.700   -56.922
   47.750   -56.911
   47.800   -56.901
   47.850   -56.891
   47.900   -56.881
   47.950   -56.870
   48.000   -56.860
   48.050   -56.849
   48.100   -56.839
   48.150   -56.828
   48.200   -56.818
   48.250   -56.807
   48.300   -56.796
   48.350   -56.786
   48.400   -56.775
   48.450   -56.764
   48.500   -56.753
   48.550   -56.742
   48.600   -56.731
   48.650   -56.720
   48.700   -56.709
   48.750   -56.698
   48.800   -56.687
   48.850   -56.675
   48.900   -56.664
   48.950   -56.652
   49.000   -56.641
   49.050   -56.629
   49.100   -56.618
   49.150   -56.606
   49.200   -56.594
   49.250   -56.582
   49.300   -56.570
   49.350   -56.558
   49.400   -56.546
   49.450   -56.533
   49.500   -56.521
   49.550   -56.509
   49.600   -56.496
   49.650   -56.483
   49.700   -56.471
   49.750   -56.458
   49.800   -56.445
   49.850   -56.432
   49.900   -56.418
   49.950   -56.405
   50.000   -56.392
   50.050   -56.378
   50.100   -56.364
   50.150   -56.351
   50.200   -56.337
   50.250   -56.323
   50.300   -56.308
   50.350   -56.294
   50.400   -56.279
   50.450   -56.265
   50.500   -56.250
   50.550   -56.235
   50.600   -56.219
   50.650   -56.204
   50.700   -56.188
   50.750   -56.173
   50.800   -56.157
   50.850   -56.140
   50.900   -56.124
   50.950   -56.107
   51.000   -56.090
   51.050   -56.073
   51.100   -56.056
   51.150   -56.038
   51.200   -56.020
   51.250   -56.002
   51.300   -55.984
   51.350   -55.965
   51.400   -55.946
   51.450   -55.927
   51.500   -55.907
   51.550   -55.887
   51.600   -55.867
   51.650   -55.846
   51.700   -55.825
   51.750   -55.803
   51.800   -55.781
   51.850   -55.758
   51.900   -55.735
   51.950   -55.712
   52.000   -55.688
   52.050   -55.663
   52.100   -55.638
   52.150   -55.613
   52.200   -55.586
   52.250   -55.559
   52.300   -55.531
   52.350   -55.503
   52.400   -55.473
   52.450   -55.443
   52.500   -55.412
   52.550   -55.380
   52.600   -55.347
   52.650   -55.313
   52.700   -55.277
   52.750   -55.241
   52.800   -55.203
   52.850   -55.163
   52.900   -55.122
   52.950   -55.080
   53.000   -55.035
   53.050   -54.988
   53.100   -54.940
   53.150   -54.888
   53.200   -54.834
   53.250   -54.778
   53.300   -54.717
   53.350   -54.654
   53.400   -54.586
   53.450   -54.513
   53.500   -54.435
   53.550   -54.351
   53.600   -54.261
   53.650   -54.162
   53.700   -54.053
   53.750   -53.933
   53.800   -53.799
   53.850   -53.648
   53.900   -53.476
   53.950   -53.275
   54.000   -53.038
   54.050   -52.750
   54.100   -52.387
   54.150   -51.909
   54.200   -51.234
   54.250   -50.179
   54.300   -48.302
   54.350   -44.961
   54.400   -40.436
   54.450   -35.238
   54.500   -29.793
   54.550   -24.445
   54.600   -19.401
   54.650   -14.770
   54.700   -10.602
   54.750    -6.906
   54.800    -3.671
   54.850    -0.873
   54.900     1.513
   54.950     3.515
   55.000     5.158
   55.050     6.464
   55.100     7.454
   55.150     8.147
   55.200     8.558
   55.250     8.702
   55.300     8.595
   55.350     8.251
   55.400     7.684
   55.450     6.909
   55.500     5.941
   55.550     4.796
   55.600     3.491
   55.650     2.044
   55.700     0.471
   55.750    -1.210
   55.800    -2.979
   55.850    -4.821
   55.900    -6.716
   55.950    -8.648
   56.000   -10.602
   56.050   -12.562
   56.100   -14.515
   56.150   -16.450
   56.200   -18.355
   56.250   -20.222
   56.300   -22.045
   56.350   -23.817
   56.400   -25.534
   56.450   -27.193
   56.500   -28.792
   56.550   -30.331
   56.600   -31.808
   56.650   -33.225
   56.700   -34.582
   56.750   -35.879
   56.800   -37.120
   56.850   -38.305
   56.900   -39.436
   56.950   -40.517
   57.000   -41.551
   57.050   -42.541
   57.100   -43.491
   57.150   -44.401
   57.200   -45.275
   57.250   -46.112
   57.300   -46.914
   57.350   -47.683
   57.400   -48.419
   57.450   -49.125
   57.500   -49.802
   57.550   -50.450
   57.600   -51.073
   57.650   -51.669
   57.700   -52.241
   57.750   -52.790
   57.800   -53.317
   57.850   -53.821
   57.900   -54.305
   57.950   -54.769
   58.000   -55.213
   58.050   -55.638
   58.100   -56.046
   58.150   -56.437
   58.200   -56.812
   58.250   -57.171
   58.300   -57.515
   58.350   -57.845
   58.400   -58.161
   58.450   -58.465
   58.500   -58.756
   58.550   -59.036
   58.600   -59.305
   58.650   -59.563
   58.700   -59.811
   58.750   -60.049
   58.800   -60.278
   58.850   -60.498
   58.900   -60.710
   58.950   -60.914
   59.000   -61.110
   59.050   -61.299
   59.100   -61.481
   59.150   -61.656
   59.200   -61.825
   59.250   -61.988
   59.300   -62.145
   59.350   -62.296
   59.400   -62.442
   59.450   -62.582
   59.500   -62.718
   59.550   -62.848
   59.600   -62.975
   59.650   -63.096
   59.700   -63.214
   59.750   -63.327
   59.800   -63.437
   59.850   -63.543
   59.900   -63.645
   59.950   -63.743
   60.000   -63.839
   60.050   -63.931
   60.100   -64.020
   60.150   -64.106
   60.200   -64.189
   60.250   -64.269
   60.300   -64.346
   60.350   -64.421
   60.400   -64.494
   60.450   -64.564
   60.500   -64.631
   60.550   -64.696
   60.600   -64.760
   60.650   -64.821
   60.700   -64.880
   60.750   -64.937
   60.800   -64.992
   60.850   -65.045
   60.900   -65.097
   60.950   -65.146
   61.000   -65.194
   61.050   -65.241
   61.100   -65.286
   61.150   -65.329
   61.200   -65.371
   61.250   -65.411
   61.300   -65.450
   61.350   -65.488
   61.400   -65.524
   61.450   -65.559
   61.500   -65.593
   61.550   -65.626
   61.600   -65.657
   61.650   -65.688
   61.700   -65.717
   61.750   -65.745
   61.800   -65.772
   61.850   -65.798
   61.900   -65.824
   61.950   -65.848
   62.000   -65.871
   62.050   -65.894
   62.100   -65.915
   62.150   -65.936
   62.200   -65.956
   62.250   -65.975
   62.300   -65.993
   62.350   -66.011
   62.400   -66.028
   62.450   -66.044
   62.500   -66.059
   62.550   -66.074
   62.600   -66.088
   62.650   -66.101
   62.700   -66.114
   62.750   -66.126
   62.800   -66.138
   62.850   -66.149
   62.900   -66.159
   62.950   -66.169
   63.000   -66.179
   63.050   -66.187
   63.100   -66.196
   63.150   -66.204
   63.200   -66.211
   63.250   -66.218
   63.300   -66.224
   63.350   -66.230
   63.400   -66.236
   63.450   -66.241
   63.500   -66.245
   63.550   -66.249
   63.600   -66.253
   63.650   -66.257
   63.700   -66.260
   63.750   -66.263
   63.800   -66.265
   63.850   -66.267
   63.900   -66.268
   63.950   -66.270
   64.000   -66.271
   64.050   -66.271
   64.100   -66.272
   64.150   -66.272
   64.200   -66.271
   64.250   -66.271
   64.300   -66.270
   64.350   -66.269
   64.400   -66.267
   64.450   -66.266
   64.500   -66.264
   64.550   -66.261
   64.600   -66.259
   64.650   -66.256
   64.700   -66.253
   64.750   -66.250
   64.800   -66.247
   64.850   -66.243
   64.900   -66.239
   64.950   -66.235
   65.000   -66.231
   65.050   -66.227
   65.100   -66.222
   65.150   -66.217
   65.200   -66.212
   65.250   -66.207
   65.300   -66.201
   65.350   -66.196
   65.400   -66.190
   65.450   -66.184
   65.500   -66.178
   65.550   -66.172
   65.600   -66.165
   65.650   -66.159
   65.700   -66.152
   65.750   -66.145
   65.800   -66.138
   65.850   -66.131
   65.900   -66.124
   65.950   -66.116
   66.000   -66.109
   66.050   -66.101
   66.100   -66.093
   66.150   -66.085
   66.200   -66.077
   66.250   -66.069
   66.300   -66.061
   66.350   -66.052
   66.400   -66.044
   66.450   -66.035
   66.500   -66.027
   66.550   -66.018
   66.600   -66.009
   66.650   -66.000
   66.700   -65.991
   66.750   -65.982
   66.800   -65.972
   66.850   -65.963
   66.900   -65.953
   66.950   -65.944
   67.000   -65.934
   67.050   -65.925
   67.100   -65.915
   67.150   -65.905
   67.200   -65.895
   67.250   -65.885
   67.300   -65.875
   67.350   -65.865
   67.400   -65.855
   67.450   -65.844
   67.500   -65.834
   67.550   -65.824
   67.600   -65.813
   67.650   -65.803
   67.700   -65.792
   67.750   -65.781
   67.800   -65.771
   67.850   -65.760
   67.900   -65.749
   67.950   -65.738
   68.000   -65.728
   68.050   -65.717
   68.100   -65.706
   68.150   -65.695
   68.200   -65.684
   68.250   -65.672
   68.300   -65.661
   68.350   -65.650
   68.400   -65.639
   68.450   -65.628
   68.500   -65.616
   68.550   -65.605
   68.600   -65.594
   68.650   -65.582
   68.700   -65.571
   68.750   -65.559
   68.800   -65.548
   68.850   -65.536
   68.900   -65.525
   68.950   -65.513
   69.000   -65.502
   69.050   -65.490
   69.100   -65.478
   69.150   -65.467
   69.200   -65.455
   69.250   -65.443
   69.300   -65.432
   69.350   -65.420
   69.400   -65.408
   69.450   -65.396
   69.500   -65.385
   69.550   -65.373
   69.600   -65.361
   69.650   -65.349
   69.700   -65.337
   69.750   -65.325
   69.800   -65.314
   69.850   -65.302
   69.900   -65.290
   69.950   -65.278
   70.000   -65.266
   70.050   -65.254
   70.100   -65.242
   70.150   -65.230
   70.200   -65.218
   70.250   -65.206
   70.300   -65.194
   70.350   -65.182
   70.400   -65.170
   70.450   -65.158
   70.500   -65.146
   70.550   -65.134
   70.600   -65.122
   70.650   -65.110
   70.700   -65.098
   70.750   -65.086
   70.800   -65.074
   70.850   -65.062
   70.900   -65.050
   70.950   -65.038
   71.000   -65.026
   71.050   -65.014
   71.100   -65.002
   71.150   -64.990
   71.200   -64.978
   71.250   -64.966
   71.300   -64.954
   71.350   -64.942
   71.400   -64.930
   71.450   -64.918
   71.500   -64.906
   71.550   -64.894
   71.600   -64.882
   71.650   -64.870
   71.700   -64.858
   71.750   -64.846
   71.800   -64.834
   71.850   -64.823
   71.900   -64.811
   71.950   -64.799
   72.000   -64.787
   72.050   -64.775
   72.100   -64.763
   72.150   -64.751
   72.200   -64.739
   72.250   -64.727
   72.300   -64.715
   72.350   -64.704
   72.400   -64.692
   72.450   -64.680
   72.500   -64.668
   72.550   -64.656
   72.600   -64.644
   72.650   -64.633
   72.700   -64.621
   72.750   -64.609
   72.800   -64.597
   72.850   -64.585
   72.900   -64.574
   72.950   -64.562
   73.000   -64.550
   73.050   -64.539
   73.100   -64.527
   73.150   -64.515
   73.200   -64.504
   73.250   -64.492
   73.300   -64.480
   73.350   -64.469
   73.400   -64.457
   73.450   -64.445
   73.500   -64.434
   73.550   -64.422
   73.600   -64.411
   73.650   -64.399
   73.700   -64.388
   73.750   -64.376
   73.800   -64.365
   73.850   -64.353
   73.900   -64.342
   73.950   -64.330
   74.000   -64.319
   74.050   -64.307
   74.100   -64.296
   74.150   -64.284
   74.200   -64.273
   74.250   -64.262
   74.300   -64.250
   74.350   -64.239
   74.400   -64.228
   74.450   -64.216
   74.500   -64.205
   74.550   -64.194
   74.600   -64.182
   74.650   -64.171
   74.700   -64.160
   74.750   -64.149
   74.800   -64.138
   74.850   -64.126
   74.900   -64.115
   74.950   -64.104
   75.000   -64.093
   75.050   -64.082
   75.100   -64.071
   75.150   -64.060
   75.200   -64.049
   75.250   -64.037
   75.300   -64.026
   75.350   -64.015
   75.400   -64.004
   75.450   -63.993
   75.500   -63.982
   75.550   -63.971
   75.600   -63.961
   75.650   -63.950
   75.700   -63.939
   75.750   -63.928
   75.800   -63.917
   75.850   -63.906
   75.900   -63.895
   75.950   -63.884
   76.000   -63.874
   76.050   -63.863
   76.100   -63.852
   76.150   -63.841
   76.200   -63.831
   76.250   -63.820
   76.300   -63.809
   76.350   -63.798
   76.400   -63.788
   76.450   -63.777
   76.500   -63.767
   76.550   -63.756
   76.600   -63.745
   76.650   -63.735
   76.700   -63.724
   76.750   -63.714
   76.800   -63.703
   76.850   -63.693
   76.900   -63.682
   76.950   -63.672
   77.000   -63.661
   77.050   -63.651
   77.100   -63.640
   77.150   -63.630
   77.200   -63.619
   77.250   -63.609
   77.300   -63.599
   77.350   -63.588
   77.400   -63.578
   77.450   -63.568
   77.500   -63.557
   77.550   -63.547
   77.600   -63.537
   77.650   -63.527
   77.700   -63.516
   77.750   -63.506
   77.800   -63.496
   77.850   -63.486
   77.900   -63.476
   77.950   -63.466
   78.000   -63.455
   78.050   -63.445
   78.100   -63.435
   78.150   -63.425
   78.200   -63.415
   78.250   -63.405
   78.300   -63.395
   78.350   -63.385
   78.400   -63.375
   78.450   -63.365
   78.500   -63.355
   78.550   -63.345
   78.600   -63.335
   78.650   -63.325
   78.700   -63.315
   78.750   -63.306
   78.800   -63.296
   78.850   -63.286
   78.900   -63.276
   78.950   -63.266
   79.000   -63.256
   79.050   -63.247
   79.100   -63.237
   79.150   -63.227
   79.200   -63.217
   79.250   -63.208
   79.300   -63.198
   79.350   -63.188
   79.400   -63.179
   79.450   -63.169
   79.500   -63.159
   79.550   -63.150
   79.600   -63.140
   79.650   -63.131
   79.700   -63.121
   79.750   -63.112
   79.800   -63.102
   79.850   -63.093
   79.900   -63.083
   79.950   -63.074
   80.000   -63.064
   80.050   -63.055
   80.100   -63.045
   80.150   -63.036
   80.200   -63.026
   80.250   -63.017
   80.300   -63.008
   80.350   -62.998
   80.400   -62.989
   80.450   -62.980
   80.500   -62.970
   80.550   -62.961
   80.600   -62.952
   80.650   -62.942
   80.700   -62.933
   80.750   -62.924
   80.800   -62.915
   80.850   -62.906
   80.900   -62.896
   80.950   -62.887
   81.000   -62.878
   81.050   -62.869
   81.100   -62.860
   81.150   -62.851
   81.200   -62.842
   81.250   -62.833
   81.300   -62.823
   81.350   -62.814
   81.400   -62.805
   81.450   -62.796
   81.500   -62.787
   81.550   -62.778
   81.600   -62.769
   81.650   -62.760
   81.700   -62.751
   81.750   -62.743
   81.800   -62.734
   81.850   -62.725
   81.900   -62.716
   81.950   -62.707
   82.000   -62.698
   82.050   -62.689
   82.100   -62.680
   82.150   -62.672
   82.200   -62.663
   82.250   -62.654
   82.300   -62.645
   82.350   -62.637
   82.400   -62.628
   82.450   -62.619
   82.500   -62.610
   82.550   -62.602
   82.600   -62.593
   82.650   -62.584
   82.700   -62.576
   82.750   -62.567
   82.800   -62.558
   82.850   -62.550
   82.900   -62.541
   82.950   -62.533
   83.000   -62.524
   83.050   -62.515
   83.100   -62.507
   83.150   -62.498
   83.200   -62.490
   83.250   -62.481
   83.300   -62.473
   83.350   -62.464
   83.400   -62.456
   83.450   -62.447
   83.500   -62.439
   83.550   -62.431
   83.600   -62.422
   83.650   -62.414
   83.700   -62.405
   83.750   -62.397
   83.800   -62.389
   83.850   -62.380
   83.900   -62.372
   83.950   -62.364
   84.000   -62.355
   84.050   -62.347
   84.100   -62.339
   84.150   -62.331
   84.200   -62.322
   84.250   -62.314
   84.300   -62.306
   84.350   -62.298
   84.400   -62.290
   84.450   -62.281
   84.500   -62.273
   84.550   -62.265
   84.600   -62.257
   84.650   -62.249
   84.700   -62.241
   84.750   -62.233
   84.800   -62.224
   84.850   -62.216
   84.900   -62.208
   84.950   -62.200
   85.000   -62.192
   85.050   -62.184
   85.100   -62.176
   85.150   -62.168
   85.200   -62.160
   85.250   -62.152
   85.300   -62.144
   85.350   -62.136
   85.400   -62.128
   85.450   -62.120
   85.500   -62.112
   85.550   -62.105
   85.600   -62.097
   85.650   -62.089
   85.700   -62.081
   85.750   -62.073
   85.800   -62.065
   85.850   -62.057
   85.900   -62.050
   85.950   -62.042
   86.000   -62.034
   86.050   -62.026
   86.100   -62.018
   86.150   -62.011
   86.200   -62.003
   86.250   -61.995
   86.300   -61.987
   86.350   -61.980
   86.400   -61.972
   86.450   -61.964
   86.500   -61.957
   86.550   -61.949
   86.600   -61.941
   86.650   -61.934
   86.700   -61.926
   86.750   -61.918
   86.800   -61.911
   86.850   -61.903
   86.900   -61.896
   86.950   -61.888
   87.000   -61.881
   87.050   -61.873
   87.100   -61.865
   87.150   -61.858
   87.200   -61.850
   87.250   -61.843
   87.300   -61.835
   87.350   -61.828
   87.400   -61.820
   87.450   -61.813
   87.500   -61.806
   87.550   -61.798
   87.600   -61.791
   87.650   -61.783
   87.700   -61.776
   87.750   -61.768
   87.800   -61.761
   87.850   -61.754
   87.900   -61.746
   87.950   -61.739
   88.000   -61.732
   88.050   -61.724
   88.100   -61.717
   88.150   -61.710
   88.200   -61.702
   88.250   -61.695
   88.300   -61.688
   88.350   -61.681
   88.400   -61.673
   88.450   -61.666
   88.500   -61.659
   88.550   -61.652
   88.600   -61.644
   88.650   -61.637
   88.700   -61.630
   88.750   -61.623
   88.800   -61.616
   88.850   -61.609
   88.900   -61.601
   88.950   -61.594
   89.000   -61.587
   89.050   -61.580
   89.100   -61.573
   89.150   -61.566
   89.200   -61.559
   89.250   -61.552
   89.300   -61.545
   89.350   -61.538
   89.400   -61.531
   89.450   -61.523
   89.500   -61.516
   89.550   -61.509
   89.600   -61.502
   89.650   -61.495
   89.700   -61.488
   89.750   -61.481
   89.800   -61.475
   89.850   -61.468
   89.900   -61.461
   89.950   -61.454
   90.000   -61.447
   90.050   -61.440
   90.100   -61.433
   90.150   -61.426
   90.200   -61.419
   90.250   -61.412
   90.300   -61.405
   90.350   -61.399
   90.400   -61.392
   90.450   -61.385
   90.500   -61.378
   90.550   -61.371
   90.600   -61.364
   90.650   -61.358
   90.700   -61.351
   90.750   -61.344
   90.800   -61.337
   90.850   -61.331
   90.900   -61.324
   90.950   -61.317
   91.000   -61.310
   91.050   -61.304
   91.100   -61.297
   91.150   -61.290
   91.200   -61.284
   91.250   -61.277
   91.300   -61.270
   91.350   -61.264
   91.400   -61.257
   91.450   -61.250
   91.500   -61.244
   91.550   -61.237
   91.600   -61.230
   91.650   -61.224
   91.700   -61.217
   91.750   -61.211
   91.800   -61.204
   91.850   -61.197
   91.900   -61.191
   91.950   -61.184
   92.000   -61.178
   92.050   -61.171
   92.100   -61.165
   92.150   -61.158
   92.200   -61.152
   92.250   -61.145
   92.300   -61.139
   92.350   -61.132
   92.400   -61.126
   92.450   -61.119
   92.500   -61.113
   92.550   -61.106
   92.600   -61.100
   92.650   -61.093
   92.700   -61.087
   92.750   -61.081
   92.800   -61.074
   92.850   -61.068
   92.900   -61.061
   92.950   -61.055
   93.000   -61.049
   93.050   -61.042
   93.100   -61.036
   93.150   -61.030
   93.200   -61.023
   93.250   -61.017
   93.300   -61.011
   93.350   -61.004
   93.400   -60.998
   93.450   -60.992
   93.500   -60.986
   93.550   -60.979
   93.600   -60.973
   93.650   -60.967
   93.700   -60.960
   93.750   -60.954
   93.800   -60.948
   93.850   -60.942
   93.900   -60.936
   93.950   -60.929
   94.000   -60.923
   94.050   -60.917
   94.100   -60.911
   94.150   -60.905
   94.200   -60.898
   94.250   -60.892
   94.300   -60.886
   94.350   -60.880
   94.400   -60.874
   94.450   -60.868
   94.500   -60.862
   94.550   -60.856
   94.600   -60.849
   94.650   -60.843
   94.700   -60.837
   94.750   -60.831
   94.800   -60.825
   94.850   -60.819
   94.900   -60.813
   94.950   -60.807
   95.000   -60.801
   95.050   -60.795
   95.100   -60.789
   95.150   -60.783
   95.200   -60.777
   95.250   -60.771
   95.300   -60.765
   95.350   -60.759
   95.400   -60.753
   95.450   -60.747
   95.500   -60.741
   95.550   -60.735
   95.600   -60.729
   95.650   -60.723
   95.700   -60.717
   95.750   -60.711
   95.800   -60.705
   95.850   -60.699
   95.900   -60.694
   95.950   -60.688
   96.000   -60.682
   96.050   -60.676
   96.100   -60.670
   96.150   -60.664
   96.200   -60.658
   96.250   -60.653
   96.300   -60.647
   96.350   -60.641
   96.400   -60.635
   96.450   -60.629
   96.500   -60.623
   96.550   -60.618
   96.600   -60.612
   96.650   -60.606
   96.700   -60.600
   96.750   -60.594
   96.800   -60.589
   96.850   -60.583
   96.900   -60.577
   96.950   -60.571
   97.000   -60.566
   97.050   -60.560
   97.100   -60.554
   97.150   -60.549
   97.200   -60.543
   97.250   -60.537
   97.300   -60.532
   97.350   -60.526
   97.400   -60.520
   97.450   -60.514
   97.500   -60.509
   97.550   -60.503
   97.600   -60.498
   97.650   -60.492
   97.700   -60.486
   97.750   -60.481
   97.800   -60.475
   97.850   -60.469
   97.900   -60.464
   97.950   -60.458
   98.000   -60.453
   98.050   -60.447
   98.100   -60.441
   98.150   -60.436
   98.200   -60.430
   98.250   -60.425
   98.300   -60.419
   98.350   -60.414
   98.400   -60.408
   98.450   -60.403
   98.500   -60.397
   98.550   -60.392
   98.600   -60.386
   98.650   -60.381
   98.700   -60.375
   98.750   -60.370
   98.800   -60.364
   98.850   -60.359
   98.900   -60.353
   98.950   -60.348
   99.000   -60.342
   99.050   -60.337
   99.100   -60.331
   99.150   -60.326
   99.200   -60.320
   99.250   -60.315
   99.300   -60.310
   99.350   -60.304
   99.400   -60.299
   99.450   -60.293
   99.500   -60.288
   99.550   -60.283
   99.600   -60.277
   99.650   -60.272
   99.700   -60.267
   99.750   -60.261
   99.800   -60.256
   99.850   -60.251
   99.900   -60.245
   99.950   -60.240
  100.000   -60.235
  100.050   -60.229
  100.100   -60.224
  100.150   -60.219
  100.200   -60.213
  100.250   -60.208
  100.300   -60.203
  100.350   -60.197
  100.400   -60.192
  100.450   -60.187
  100.500   -60.182
  100.550   -60.176
  100.600   -60.171
  100.650   -60.166
  100.700   -60.161
  100.750   -60.155
  100.800   -60.150
  100.850   -60.145
  100.900   -60.140
  100.950   -60.135
  101.000   -60.129
  101.050   -60.124
  101.100   -60.119
  101.150   -60.114
  101.200   -60.109
  101.250   -60.104
  101.300   -60.098
  101.350   -60.093
  101.400   -60.088
  101.450   -60.083
  101.500   -60.078
  101.550   -60.073
  101.600   -60.068
  101.650   -60.062
  101.700   -60.057
  101.750   -60.052
  101.800   -60.047
  101.850   -60.042
  101.900   -60.037
  101.950   -60.032
  102.000   -60.027
  102.050   -60.022
  102.100   -60.017
  102.150   -60.012
  102.200   -60.006
  102.250   -60.001
  102.300   -59.996
  102.350   -59.991
  102.400   -59.986
  102.450   -59.981
  102.500   -59.976
  102.550   -59.971
  102.600   -59.966
  102.650   -59.961
  102.700   -59.956
  102.750   -59.951
  102.800   -59.946
  102.850   -59.941
  102.900   -59.936
  102.950   -59.931
  103.000   -59.926
  103.050   -59.921
  103.100   -59.916
  103.150   -59.912
  103.200   -59.907
  103.250   -59.902
  103.300   -59.897
  103.350   -59.892
  103.400   -59.887
  103.450   -59.882
  103.500   -59.877
  103.550   -59.872
  103.600   -59.867
  103.650   -59.862
  103.700   -59.858
  103.750   -59.853
  103.800   -59.848
  103.850   -59.843
  103.900   -59.838
  103.950   -59.833
  104.000   -59.828
  104.050   -59.823
  104.100   -59.819
  104.150   -59.814
  104.200   -59.809
  104.250   -59.804
  104.300   -59.799
  104.350   -59.795
  104.400   -59.790
  104.450   -59.785
  104.500   -59.780
  104.550   -59.775
  104.600   -59.771
  104.650   -59.766
  104.700   -59.761
  104.750   -59.756
  104.800   -59.751
  104.850   -59.747
  104.900   -59.742
  104.950   -59.737
  105.000   -59.732
  105.050   -59.728
  105.100   -59.723
  105.150   -59.718
  105.200   -59.713
  105.250   -59.709
  105.300   -59.704
  105.350   -59.699
  105.400   -59.695
  105.450   -59.690
  105.500   -59.685
  105.550   -59.681
  105.600   -59.676
  105.650   -59.671
  105.700   -59.666
  105.750   -59.662
  105.800   -59.657
  105.850   -59.652
  105.900   -59.648
  105.950   -59.643
  106.000   -59.639
  106.050   -59.634
  106.100   -59.629
  106.150   -59.625
  106.200   -59.620
  106.250   -59.615
  106.300   -59.611
  106.350   -59.606
  106.400   -59.602
  106.450   -59.597
  106.500   -59.592
  106.550   -59.588
  106.600   -59.583
  106.650   -59.579
  106.700   -59.574
  106.750   -59.569
  106.800   -59.565
  106.850   -59.560
  106.900   -59.556
  106.950   -59.551
  107.000   -59.547
  107.050   -59.542
  107.100   -59.538
  107.150   -59.533
  107.200   -59.528
  107.250   -59.524
  107.300   -59.519
  107.350   -59.515
  107.400   -59.510
  107.450   -59.506
  107.500   -59.501
  107.550   -59.497
  107.600   -59.492
  107.650   -59.488
  107.700   -59.483
  107.750   -59.479
  107.800   -59.474
  107.850   -59.470
  107.900   -59.466
  107.950   -59.461
  108.000   -59.457
  108.050   -59.452
  108.100   -59.448
  108.150   -59.443
  108.200   -59.439
  108.250   -59.434
  108.300   -59.430
  108.350   -59.426
  108.400   -59.421
  108.450   -59.417
  108.500   -59.412
  108.550   -59.408
  108.600   -59.403
  108.650   -59.399
  108.700   -59.395
  108.750   -59.390
  108.800   -59.386
  108.850   -59.381
  108.900   -59.377
  108.950   -59.373
  109.000   -59.368
  109.050   -59.364
  109.100   -59.360
  109.150   -59.355
  109.200   -59.351
  109.250   -59.347
  109.300   -59.342
  109.350   -59.338
  109.400   -59.334
  109.450   -59.329
  109.500   -59.325
  109.550   -59.321
  109.600   -59.316
  109.650   -59.312
  109.700   -59.308
  109.750   -59.303
  109.800   -59.299
  109.850   -59.295
  109.900   -59.290
  109.950   -59.286
  110.000   -59.282
  110.050   -59.278
  110.100   -59.273
  110.150   -59.269
  110.200   -59.265
  110.250   -59.260
  110.300   -59.256
  110.350   -59.252
  110.400   -59.248
  110.450   -59.243
  110.500   -59.239
  110.550   -59.235
  110.600   -59.231
  110.650   -59.226
  110.700   -59.222
  110.750   -59.218
  110.800   -59.214
  110.850   -59.210
  110.900   -59.205
  110.950   -59.201
  111.000   -59.197
  111.050   -59.193
  111.100   -59.189
  111.150   -59.184
  111.200   -59.180
  111.250   -59.176
  111.300   -59.172
  111.350   -59.168
  111.400   -59.163
  111.450   -59.159
  111.500   -59.155
  111.550   -59.151
  111.600   -59.147
  111.650   -59.143
  111.700   -59.138
  111.750   -59.134
  111.800   -59.130
  111.850   -59.126
  111.900   -59.122
  111.950   -59.118
  112.000   -59.114
  112.050   -59.109
  112.100   -59.105
  112.150   -59.101
  112.200   -59.097
  112.250   -59.093
  112.300   -59.089
  112.350   -59.085
  112.400   -59.081
  112.450   -59.076
  112.500   -59.072
  112.550   -59.068
  112.600   -59.064
  112.650   -59.060
  112.700   -59.056
  112.750   -59.052
  112.800   -59.048
  112.850   -59.044
  112.900   -59.040
  112.950   -59.036
  113.000   -59.032
  113.050   -59.028
  113.100   -59.023
  113.150   -59.019
  113.200   -59.015
  113.250   -59.011
  113.300   -59.007
  113.350   -59.003
  113.400   -58.999
  113.450   -58.995
  113.500   -58.991
  113.550   -58.987
  113.600   -58.983
  113.650   -58.979
  113.700   -58.975
  113.750   -58.971
  113.800   -58.967
  113.850   -58.963
  113.900   -58.959
  113.950   -58.955
  114.000   -58.951
  114.050   -58.947
  114.100   -58.943
  114.150   -58.939
  114.200   -58.935
  114.250   -58.931
  114.300   -58.927
  114.350   -58.923
  114.400   -58.919
  114.450   -58.915
  114.500   -58.911
  114.550   -58.907
  114.600   -58.903
  114.650   -58.899
  114.700   -58.895
  114.750   -58.891
  114.800   -58.887
  114.850   -58.884
  114.900   -58.880
  114.950   -58.876
  115.000   -58.872
  115.050   -58.868
  115.100   -58.864
  115.150   -58.860
  115.200   -58.856
  115.250   -58.852
  115.300   -58.848
  115.350   -58.844
  115.400   -58.840
  115.450   -58.836
  115.500   -58.833
  115.550   -58.829
  115.600   -58.825
  115.650   -58.821
  115.700   -58.817
  115.750   -58.813
  115.800   -58.809
  115.850   -58.805
  115.900   -58.801
  115.950   -58.797
  116.000   -58.794
  116.050   -58.790
  116.100   -58.786
  116.150   -58.782
  116.200   -58.778
  116.250   -58.774
  116.300   -58.770
  116.350   -58.767
  116.400   -58.763
  116.450   -58.759
  116.500   -58.755
  116.550   -58.751
  116.600   -58.747
  116.650   -58.743
  116.700   -58.740
  116.750   -58.736
  116.800   -58.732
  116.850   -58.728
  116.900   -58.724
  116.950   -58.720
  117.000   -58.717
  117.050   -58.713
  117.100   -58.709
  117.150   -58.705
  117.200   -58.701
  117.250   -58.698
  117.300   -58.694
  117.350   -58.690
  117.400   -58.686
  117.450   -58.682
  117.500   -58.679
  117.550   -58.675
  117.600   -58.671
  117.650   -58.667
  117.700   -58.663
  117.750   -58.660
  117.800   -58.656
  117.850   -58.652
  117.900   -58.648
  117.950   -58.644
  118.000   -58.641
  118.050   -58.637
  118.100   -58.633
  118.150   -58.629
  118.200   -58.626
  118.250   -58.622
  118.300   -58.618
  118.350   -58.614
  118.400   -58.611
  118.450   -58.607
  118.500   -58.603
  118.550   -58.599
  118.600   -58.595
  118.650   -58.592
  118.700   -58.588
  118.750   -58.584
  118.800   -58.581
  118.850   -58.577
  118.900   -58.573
  118.950   -58.569
  119.000   -58.566
  119.050   -58.562
  119.100   -58.558
  119.150   -58.554
  119.200   -58.551
  119.250   -58.547
  119.300   -58.543
  119.350   -58.540
  119.400   -58.536
  119.450   -58.532
  119.500   -58.528
  119.550   -58.525
  119.600   -58.521
  119.650   -58.517
  119.700   -58.514
  119.750   -58.510
  119.800   -58.506
  119.850   -58.502
  119.900   -58.499
  119.950   -58.495
  120.000   -58.491
  120.050   -58.488
  120.100   -58.484
  120.150   -58.480
  120.200   -58.477
  120.250   -58.473
  120.300   -58.469
  120.350   -58.466
  120.400   -58.462
  120.450   -58.458
  120.500   -58.455
  120.550   -58.451
  120.600   -58.447
  120.650   -58.444
  120.700   -58.440
  120.750   -58.436
  120.800   -58.433
  120.850   -58.429
  120.900   -58.425
  120.950   -58.422
  121.000   -58.418
  121.050   -58.414
  121.100   -58.411
  121.150   -58.407
  121.200   -58.403
  121.250   -58.400
  121.300   -58.396
  121.350   -58.392
  121.400   -58.389
  121.450   -58.385
  121.500   -58.381
  121.550   -58.378
  121.600   -58.374
  121.650   -58.371
  121.700   -58.367
  121.750   -58.363
  121.800   -58.360
  121.850   -58.356
  121.900   -58.352
  121.950   -58.349
  122.000   -58.345
  122.050   -58.341
  122.100   -58.338
  122.150   -58.334
  122.200   -58.331
  122.250   -58.327
  122.300   -58.323
  122.350   -58.320
  122.400   -58.316
  122.450   -58.313
  122.500   -58.309
  122.550   -58.305
  122.600   -58.302
  122.650   -58.298
  122.700   -58.294
  122.750   -58.291
  122.800   -58.287
  122.850   -58.284
  122.900   -58.280
  122.950   -58.276
  123.000   -58.273
  123.050   -58.269
  123.100   -58.266
  123.150   -58.262
  123.200   -58.258
  123.250   -58.255
  123.300   -58.251
  123.350   -58.248
  123.400   -58.244
  123.450   -58.240
  123.500   -58.237
  123.550   -58.233
  123.600   -58.230
  123.650   -58.226
  123.700   -58.222
  123.750   -58.219
  123.800   -58.215
  123.850   -58.212
  123.900   -58.208
  123.950   -58.205
  124.000   -58.201
  124.050   -58.197
  124.100   -58.194
  124.150   -58.190
  124.200   -58.187
  124.250   -58.183
  124.300   -58.179
  124.350   -58.176
  124.400   -58.172
  124.450   -58.169
  124.500   -58.165
  124.550   -58.162
  124.600   -58.158
  124.650   -58.154
  124.700   -58.151
  124.750   -58.147
  124.800   -58.144
  124.850   -58.140
  124.900   -58.137
  124.950   -58.133
  125.000   -58.129
  125.050   -58.126
  125.100   -58.122
  125.150   -58.119
  125.200   -58.115
  125.250   -58.112
  125.300   -58.108
  125.350   -58.104
  125.400   -58.101
  125.450   -58.097
  125.500   -58.094
  125.550   -58.090
  125.600   -58.087
  125.650   -58.083
  125.700   -58.080
  125.750   -58.076
  125.800   -58.072
  125.850   -58.069
  125.900   -58.065
  125.950   -58.062
  126.000   -58.058
  126.050   -58.055
  126.100   -58.051
  126.150   -58.047
  126.200   -58.044
  126.250   -58.040
  126.300   -58.037
  126.350   -58.033
  126.400   -58.030
  126.450   -58.026
  126.500   -58.023
  126.550   -58.019
  126.600   -58.015
  126.650   -58.012
  126.700   -58.008
  126.750   -58.005
  126.800   -58.001
  126.850   -57.998
  126.900   -57.994
  126.950   -57.990
  127.000   -57.987
  127.050   -57.983
  127.100   -57.980
  127.150   -57.976
  127.200   -57.973
  127.250   -57.969
  127.300   -57.966
  127.350   -57.962
  127.400   -57.958
  127.450   -57.955
  127.500   -57.951
  127.550   -57.948
  127.600   -57.944
  127.650   -57.941
  127.700   -57.937
  127.750   -57.933
  127.800   -57.930
  127.850   -57.926
  127.900   -57.923
  127.950   -57.919
  128.000   -57.916
  128.050   -57.912
  128.100   -57.908
  128.150   -57.905
  128.200   -57.901
  128.250   -57.898
  128.300   -57.894
  128.350   -57.891
  128.400   -57.887
  128.450   -57.883
  128.500   -57.880
  128.550   -57.876
  128.600   -57.873
  128.650   -57.869
  128.700   -57.866
  128.750   -57.862
  128.800   -57.858
  128.850   -57.855
  128.900   -57.851
  128.950   -57.848
  129.000   -57.844
  129.050   -57.840
  129.100   -57.837
  129.150   -57.833
  129.200   -57.830
  129.250   -57.826
  129.300   -57.822
  129.350   -57.819
  129.400   -57.815
  129.450   -57.812
  129.500   -57.808
  129.550   -57.804
  129.600   -57.801
  129.650   -57.797
  129.700   -57.794
  129.750   -57.790
  129.800   -57.786
  129.850   -57.783
  129.900   -57.779
  129.950   -57.776
  130.000   -57.772
  130.050   -57.768
  130.100   -57.765
  130.150   -57.761
  130.200   -57.758
  130.250   -57.754
  130.300   -57.750
  130.350   -57.747
  130.400   -57.743
  130.450   -57.739
  130.500   -57.736
  130.550   -57.732
  130.600   -57.729
  130.650   -57.725
  130.700   -57.721
  130.750   -57.718
  130.800   -57.714
  130.850   -57.710
  130.900   -57.707
  130.950   -57.703
  131.000   -57.699
  131.050   -57.696
  131.100   -57.692
  131.150   -57.688
  131.200   -57.685
  131.250   -57.681
  131.300   -57.677
  131.350   -57.674
  131.400   -57.670
  131.450   -57.666
  131.500   -57.663
  131.550   -57.659
  131.600   -57.655
  131.650   -57.652
  131.700   -57.648
  131.750   -57.644
  131.800   -57.641
  131.850   -57.637
  131.900   -57.633
  131.950   -57.630
  132.000   -57.626
  132.050   -57.622
  132.100   -57.619
  132.150   -57.615
  132.200   -57.611
  132.250   -57.607
  132.300   -57.604
  132.350   -57.600
  132.400   -57.596
  132.450   -57.593
  132.500   -57.589
  132.550   -57.585
  132.600   -57.581
  132.650   -57.578
  132.700   -57.574
  132.750   -57.570
  132.800   -57.566
  132.850   -57.563
  132.900   -57.559
  132.950   -57.555
  133.000   -57.551
  133.050   -57.548
  133.100   -57.544
  133.150   -57.540
  133.200   -57.536
  133.250   -57.533
  133.300   -57.529
  133.350   -57.525
  133.400   -57.521
  133.450   -57.517
  133.500   -57.514
  133.550   -57.510
  133.600   -57.506
  133.650   -57.502
  133.700   -57.498
  133.750   -57.495
  133.800   -57.491
  133.850   -57.487
  133.900   -57.483
  133.950   -57.479
  134.000   -57.475
  134.050   -57.472
  134.100   -57.468
  134.150   -57.464
  134.200   -57.460
  134.250   -57.456
  134.300   -57.452
  134.350   -57.448
  134.400   -57.444
  134.450   -57.441
  134.500   -57.437
  134.550   -57.433
  134.600   -57.429
  134.650   -57.425
  134.700   -57.421
  134.750   -57.417
  134.800   -57.413
  134.850   -57.409
  134.900   -57.405
  134.950   -57.402
  135.000   -57.398
  135.050   -57.394
  135.100   -57.390
  135.150   -57.386
  135.200   -57.382
  135.250   -57.378
  135.300   -57.374
  135.350   -57.370
  135.400   -57.366
  135.450   -57.362
  135.500   -57.358
  135.550   -57.354
  135.600   -57.350
  135.650   -57.346
  135.700   -57.342
  135.750   -57.338
  135.800   -57.334
  135.850   -57.330
  135.900   -57.326
  135.950   -57.322
  136.000   -57.318
  136.050   -57.313
  136.100   -57.309
  136.150   -57.305
  136.200   -57.301
  136.250   -57.297
  136.300   -57.293
  136.350   -57.289
  136.400   -57.285
  136.450   -57.281
  136.500   -57.276
  136.550   -57.272
  136.600   -57.268
  136.650   -57.264
  136.700   -57.260
  136.750   -57.256
  136.800   -57.251
  136.850   -57.247
  136.900   -57.243
  136.950   -57.239
  137.000   -57.235
  137.050   -57.230
  137.100   -57.226
  137.150   -57.222
  137.200   -57.218
  137.250   -57.213
  137.300   -57.209
  137.350   -57.205
  137.400   -57.201
  137.450   -57.196
  137.500   -57.192
  137.550   -57.188
  137.600   -57.183
  137.650   -57.179
  137.700   -57.175
  137.750   -57.170
  137.800   -57.166
  137.850   -57.162
  137.900   -57.157
  137.950   -57.153
  138.000   -57.148
  138.050   -57.144
  138.100   -57.139
  138.150   -57.135
  138.200   -57.131
  138.250   -57.126
  138.300   -57.122
  138.350   -57.117
  138.400   -57.113
  138.450   -57.108
  138.500   -57.104
  138.550   -57.099
  138.600   -57.095
  138.650   -57.090
  138.700   -57.085
  138.750   -57.081
  138.800   -57.076
  138.850   -57.072
  138.900   -57.067
  138.950   -57.062
  139.000   -57.058
  139.050   -57.053
  139.100   -57.048
  139.150   -57.044
  139.200   -57.039
  139.250   -57.034
  139.300   -57.029
  139.350   -57.025
  139.400   -57.020
  139.450   -57.015
  139.500   -57.010
  139.550   -57.006
  139.600   -57.001
  139.650   -56.996
  139.700   -56.991
  139.750   -56.986
  139.800   -56.981
  139.850   -56.976
  139.900   -56.971
  139.950   -56.966
  140.000   -56.961
  140.050   -56.956
  140.100   -56.951
  140.150   -56.946
  140.200   -56.941
  140.250   -56.936
  140.300   -56.931
  140.350   -56.926
  140.400   -56.921
  140.450   -56.916
  140.500   -56.911
  140.550   -56.906
  140.600   -56.900
  140.650   -56.895
  140.700   -56.890
  140.750   -56.885
  140.800   -56.880
  140.850   -56.874
  140.900   -56.869
  140.950   -56.864
  141.000   -56.858
  141.050   -56.853
  141.100   -56.847
  141.150   -56.842
  141.200   -56.837
  141.250   -56.831
  141.300   -56.826
  141.350   -56.820
  141.400   -56.815
  141.450   -56.809
  141.500   -56.803
  141.550   -56.798
  141.600   -56.792
  141.650   -56.786
  141.700   -56.781
  141.750   -56.775
  141.800   -56.769
  141.850   -56.763
  141.900   -56.758
  141.950   -56.752
  142.000   -56.746
  142.050   -56.740
  142.100   -56.734
  142.150   -56.728
  142.200   -56.722
  142.250   -56.716
  142.300   -56.710
  142.350   -56.704
  142.400   -56.698
  142.450   -56.692
  142.500   -56.685
  142.550   -56.679
  142.600   -56.673
  142.650   -56.667
  142.700   -56.660
  142.750   -56.654
  142.800   -56.647
  142.850   -56.641
  142.900   -56.634
  142.950   -56.628
  143.000   -56.621
  143.050   -56.615
  143.100   -56.608
  143.150   -56.601
  143.200   -56.595
  143.250   -56.588
  143.300   -56.581
  143.350   -56.574
  143.400   -56.567
  143.450   -56.560
  143.500   -56.553
  143.550   -56.546
  143.600   -56.539
  143.650   -56.532
  143.700   -56.525
  143.750   -56.517
  143.800   -56.510
  143.850   -56.503
  143.900   -56.495
  143.950   -56.488
  144.000   -56.480
  144.050   -56.472
  144.100   -56.465
  144.150   -56.457
  144.200   -56.449
  144.250   -56.441
  144.300   -56.433
  144.350   -56.425
  144.400   -56.417
  144.450   -56.409
  144.500   -56.401
  144.550   -56.393
  144.600   -56.384
  144.650   -56.376
  144.700   -56.367
  144.750   -56.359
  144.800   -56.350
  144.850   -56.341
  144.900   -56.332
  144.950   -56.324
  145.000   -56.315
  145.050   -56.305
  145.100   -56.296
  145.150   -56.287
  145.200   -56.278
  145.250   -56.268
  145.300   -56.258
  145.350   -56.249
  145.400   -56.239
  145.450   -56.229
  145.500   -56.219
  145.550   -56.209
  145.600   -56.199
  145.650   -56.188
  145.700   -56.178
  145.750   -56.167
  145.800   -56.156
  145.850   -56.146
  145.900   -56.135
  145.950   -56.123
  146.000   -56.112
  146.050   -56.101
  146.100   -56.089
  146.150   -56.077
  146.200   -56.065
  146.250   -56.053
  146.300   -56.041
  146.350   -56.028
  146.400   -56.016
  146.450   -56.003
  146.500   -55.990
  146.550   -55.977
  146.600   -55.963
  146.650   -55.950
  146.700   -55.936
  146.750   -55.922
  146.800   -55.907
  146.850   -55.893
  146.900   -55.878
  146.950   -55.863
  147.000   -55.847
  147.050   -55.832
  147.100   -55.816
  147.150   -55.799
  147.200   -55.783
  147.250   -55.766
  147.300   -55.749
  147.350   -55.731
  147.400   -55.713
  147.450   -55.695
  147.500   -55.676
  147.550   -55.657
  147.600   -55.637
  147.650   -55.617
  147.700   -55.596
  147.750   -55.575
  147.800   -55.553
  147.850   -55.531
  147.900   -55.508
  147.950   -55.485
  148.000   -55.461
  148.050   -55.436
  148.100   -55.410
  148.150   -55.384
  148.200   -55.357
  148.250   -55.329
  148.300   -55.300
  148.350   -55.270
  148.400   -55.239
  148.450   -55.206
  148.500   -55.173
  148.550   -55.138
  148.600   -55.102
  148.650   -55.064
  148.700   -55.025
  148.750   -54.984
  148.800   -54.941
  148.850   -54.896
  148.900   -54.849
  148.950   -54.799
  149.000   -54.746
  149.050   -54.691
  149.100   -54.631
  149.150   -54.568
  149.200   -54.501
  149.250   -54.429
  149.300   -54.351
  149.350   -54.267
  149.400   -54.175
  149.450   -54.075
  149.500   -53.964
  149.550   -53.841
  149.600   -53.703
  149.650   -53.546
  149.700   -53.365
  149.750   -53.153
  149.800   -52.900
  149.850   -52.587
  149.900   -52.186
  149.950   -51.645
  150.000   -50.852
  150.050   -49.550
  150.100   -47.165
  150.150   -43.339
  150.200   -38.594
  150.250   -33.307
  150.300   -27.906
  150.350   -22.683
  150.400   -17.807
  150.450   -13.366
  150.500    -9.392
  150.550    -5.885
  150.600    -2.829
  150.650    -0.200
  150.700     2.031
  150.750     3.889
  150.800     5.401
  150.850     6.588
  150.900     7.471
  150.950     8.067
  151.000     8.394
  151.050     8.465
  151.100     8.297
  151.150     7.903
  151.200     7.298
  151.250     6.496
  151.300     5.512
  151.350     4.362
  151.400     3.062
  151.450     1.629
  151.500     0.079
  151.550    -1.571
  151.600    -3.304
  151.650    -5.103
  151.700    -6.951
  151.750    -8.834
  151.800   -10.736
  151.850   -12.644
  151.900   -14.545
  151.950   -16.428
  152.000   -18.283
  152.050   -20.103
  152.100   -21.881
  152.150   -23.611
  152.200   -25.289
  152.250   -26.913
  152.300   -28.480
  152.350   -29.990
  152.400   -31.441
  152.450   -32.835
  152.500   -34.171
  152.550   -35.451
  152.600   -36.676
  152.650   -37.847
  152.700   -38.967
  152.750   -40.038
  152.800   -41.063
  152.850   -42.045
  152.900   -42.987
  152.950   -43.892
  153.000   -44.761
  153.050   -45.595
  153.100   -46.395
  153.150   -47.163
  153.200   -47.900
  153.250   -48.607
  153.300   -49.284
  153.350   -49.935
  153.400   -50.559
  153.450   -51.158
  153.500   -51.734
  153.550   -52.286
  153.600   -52.817
  153.650   -53.326
  153.700   -53.814
  153.750   -54.283
  153.800   -54.732
  153.850   -55.164
  153.900   -55.578
  153.950   -55.974
  154.000   -56.355
  154.050   -56.721
  154.100   -57.071
  154.150   -57.408
  154.200   -57.731
  154.250   -58.041
  154.300   -58.339
  154.350   -58.625
  154.400   -58.900
  154.450   -59.164
  154.500   -59.419
  154.550   -59.663
  154.600   -59.898
  154.650   -60.125
  154.700   -60.343
  154.750   -60.553
  154.800   -60.755
  154.850   -60.950
  154.900   -61.137
  154.950   -61.318
  155.000   -61.492
  155.050   -61.661
  155.100   -61.823
  155.150   -61.979
  155.200   -62.130
  155.250   -62.276
  155.300   -62.416
  155.350   -62.552
  155.400   -62.683
  155.450   -62.810
  155.500   -62.932
  155.550   -63.050
  155.600   -63.164
  155.650   -63.274
  155.700   -63.381
  155.750   -63.483
  155.800   -63.583
  155.850   -63.679
  155.900   -63.772
  155.950   -63.862
  156.000   -63.949
  156.050   -64.033
  156.100   -64.114
  156.150   -64.193
  156.200   -64.269
  156.250   -64.342
  156.300   -64.413
  156.350   -64.482
  156.400   -64.548
  156.450   -64.613
  156.500   -64.675
  156.550   -64.735
  156.600   -64.793
  156.650   -64.849
  156.700   -64.904
  156.750   -64.956
  156.800   -65.007
  156.850   -65.057
  156.900   -65.104
  156.950   -65.150
  157.000   -65.195
  157.050   -65.238
  157.100   -65.279
  157.150   -65.319
  157.200   -65.358
  157.250   -65.396
  157.300   -65.432
  157.350   -65.467
  157.400   -65.500
  157.450   -65.533
  157.500   -65.565
  157.550   -65.595
  157.600   -65.624
  157.650   -65.652
  157.700   -65.680
  157.750   -65.706
  157.800   -65.731
  157.850   -65.756
  157.900   -65.779
  157.950   -65.802
  158.000   -65.823
  158.050   -65.844
  158.100   -65.864
  158.150   -65.884
  158.200   -65.902
  158.250   -65.920
  158.300   -65.937
  158.350   -65.953
  158.400   -65.969
  158.450   -65.984
  158.500   -65.998
  158.550   -66.012
  158.600   -66.025
  158.650   -66.038
  158.700   -66.050
  158.750   -66.061
  158.800   -66.072
  158.850   -66.082
  158.900   -66.092
  158.950   -66.101
  159.000   -66.109
  159.050   -66.118
  159.100   -66.125
  159.150   -66.132
  159.200   -66.139
  159.250   -66.146
  159.300   -66.151
  159.350   -66.157
  159.400   -66.162
  159.450   -66.167
  159.500   -66.171
  159.550   -66.175
  159.600   -66.178
  159.650   -66.181
  159.700   -66.184
  159.750   -66.186
  159.800   -66.188
  159.850   -66.190
  159.900   -66.191
  159.950   -66.193
  160.000   -66.193
  160.050   -66.194
  160.100   -66.194
  160.150   -66.194
  160.200   -66.193
  160.250   -66.193
  160.300   -66.192
  160.350   -66.190
  160.400   -66.189
  160.450   -66.187
  160.500   -66.185
  160.550   -66.183
  160.600   -66.181
  160.650   -66.178
  160.700   -66.175
  160.750   -66.172
  160.800   -66.168
  160.850   -66.165
  160.900   -66.161
  160.950   -66.157
  161.000   -66.153
  161.050   -66.149
  161.100   -66.144
  161.150   -66.139
  161.200   -66.135
  161.250   -66.130
  161.300   -66.124
  161.350   -66.119
  161.400   -66.113
  161.450   -66.108
  161.500   -66.102
  161.550   -66.096
  161.600   -66.089
  161.650   -66.083
  161.700   -66.077
  161.750   -66.070
  161.800   -66.063
  161.850   -66.056
  161.900   -66.049
  161.950   -66.042
  162.000   -66.035
  162.050   -66.028
  162.100   -66.020
  162.150   -66.013
  162.200   -66.005
  162.250   -65.997
  162.300   -65.989
  162.350   -65.981
  162.400   -65.973
  162.450   -65.965
  162.500   -65.957
  162.550   -65.948
  162.600   -65.940
  162.650   -65.931
  162.700   -65.922
  162.750   -65.914
  162.800   -65.905
  162.850   -65.896
  162.900   -65.887
  162.950   -65.878
  163.000   -65.869
  163.050   -65.859
  163.100   -65.850
  163.150   -65.841
  163.200   -65.831
  163.250   -65.822
  163.300   -65.812
  163.350   -65.803
  163.400   -65.793
  163.450   -65.783
  163.500   -65.773
  163.550   -65.764
  163.600   -65.754
  163.650   -65.744
  163.700   -65.734
  163.750   -65.724
  163.800   -65.713
  163.850   -65.703
  163.900   -65.693
  163.950   -65.683
  164.000   -65.673
  164.050   -65.662
  164.100   -65.652
  164.150   -65.641
  164.200   -65.631
  164.250   -65.621
  164.300   -65.610
  164.350   -65.599
  164.400   -65.589
  164.450   -65.578
  164.500   -65.568
  164.550   -65.557
  164.600   -65.546
  164.650   -65.535
  164.700   -65.525
  164.750   -65.514
  164.800   -65.503
  164.850   -65.492
  164.900   -65.481
  164.950   -65.471
  165.000   -65.460
  165.050   -65.449
  165.100   -65.438
  165.150   -65.427
  165.200   -65.416
  165.250   -65.405
  165.300   -65.394
  165.350   -65.383
  165.400   -65.372
  165.450   -65.361
  165.500   -65.350
  165.550   -65.339
  165.600   -65.327
  165.650   -65.316
  165.700   -65.305
  165.750   -65.294
  165.800   -65.283
  165.850   -65.272
  165.900   -65.261
  165.950   -65.250
  166.000   -65.238
  166.050   -65.227
  166.100   -65.216
  166.150   -65.205
  166.200   -65.194
  166.250   -65.182
  166.300   -65.171
  166.350   -65.160
  166.400   -65.149
  166.450   -65.138
  166.500   -65.127
  166.550   -65.115
  166.600   -65.104
  166.650   -65.093
  166.700   -65.082
  166.750   -65.071
  166.800   -65.059
  166.850   -65.048
  166.900   -65.037
  166.950   -65.026
  167.000   -65.015
  167.050   -65.003
  167.100   -64.992
  167.150   -64.981
  167.200   -64.970
  167.250   -64.959
  167.300   -64.948
  167.350   -64.936
  167.400   -64.925
  167.450   -64.914
  167.500   -64.903
  167.550   -64.892
  167.600   -64.881
  167.650   -64.870
  167.700   -64.859
  167.750   -64.848
  167.800   -64.836
  167.850   -64.825
  167.900   -64.814
  167.950   -64.803
  168.000   -64.792
  168.050   -64.781
  168.100   -64.770
  168.150   -64.759
  168.200   -64.748
  168.250   -64.737
  168.300   -64.726
  168.350   -64.715
  168.400   -64.704
  168.450   -64.693
  168.500   -64.682
  168.550   -64.671
  168.600   -64.660
  168.650   -64.650
  168.700   -64.639
  168.750   -64.628
  168.800   -64.617
  168.850   -64.606
  168.900   -64.595
  168.950   -64.584
  169.000   -64.574
  169.050   -64.563
  169.100   -64.552
  169.150   -64.541
  169.200   -64.530
  169.250   -64.520
  169.300   -64.509
  169.350   -64.498
  169.400   -64.488
  169.450   -64.477
  169.500   -64.466
  169.550   -64.455
  169.600   -64.445
  169.650   -64.434
  169.700   -64.424
  169.750   -64.413
  169.800   -64.402
  169.850   -64.392
  169.900   -64.381
  169.950   -64.371
  170.000   -64.360
  170.050   -64.350
  170.100   -64.339
  170.150   -64.329
  170.200   -64.318
  170.250   -64.308
  170.300   -64.297
  170.350   -64.287
  170.400   -64.277
  170.450   -64.266
  170.500   -64.256
  170.550   -64.246
  170.600   -64.235
  170.650   -64.225
  170.700   -64.215
  170.750   -64.204
  170.800   -64.194
  170.850   -64.184
  170.900   -64.174
  170.950   -64.163
  171.000   -64.153
  171.050   -64.143
  171.100   -64.133
  171.150   -64.123
  171.200   -64.113
  171.250   -64.102
  171.300   -64.092
  171.350   -64.082
  171.400   -64.072
  171.450   -64.062
  171.500   -64.052
  171.550   -64.042
  171.600   -64.032
  171.650   -64.022
  171.700   -64.012
  171.750   -64.002
  171.800   -63.992
  171.850   -63.982
  171.900   -63.972
  171.950   -63.963
  172.000   -63.953
  172.050   -63.943
  172.100   -63.933
  172.150   -63.923
  172.200   -63.914
  172.250   -63.904
  172.300   -63.894
  172.350   -63.884
  172.400   -63.875
  172.450   -63.865
  172.500   -63.855
  172.550   -63.845
  172.600   -63.836
  172.650   -63.826
  172.700   -63.817
  172.750   -63.807
  172.800   -63.797
  172.850   -63.788
  172.900   -63.778
  172.950   -63.769
  173.000   -63.759
  173.050   -63.750
  173.100   -63.740
  173.150   -63.731
  173.200   -63.721
  173.250   -63.712
  173.300   -63.702
  173.350   -63.693
  173.400   -63.684
  173.450   -63.674
  173.500   -63.665
  173.550   -63.656
  173.600   -63.646
  173.650   -63.637
  173.700   -63.628
  173.750   -63.618
  173.800   -63.609
  173.850   -63.600
  173.900   -63.591
  173.950   -63.582
  174.000   -63.572
  174.050   -63.563
  174.100   -63.554
  174.150   -63.545
  174.200   -63.536
  174.250   -63.527
  174.300   -63.518
  174.350   -63.509
  174.400   -63.500
  174.450   -63.491
  174.500   -63.481
  174.550   -63.472
  174.600   -63.464
  174.650   -63.455
  174.700   -63.446
  174.750   -63.437
  174.800   -63.428
  174.850   -63.419
  174.900   -63.410
  174.950   -63.401
  175.000   -63.392
  175.050   -63.383
  175.100   -63.375
  175.150   -63.366
  175.200   -63.357
  175.250   -63.348
  175.300   -63.339
  175.350   -63.331
  175.400   -63.322
  175.450   -63.313
  175.500   -63.305
  175.550   -63.296
  175.600   -63.287
  175.650   -63.279
  175.700   -63.270
  175.750   -63.261
  175.800   -63.253
  175.850   -63.244
  175.900   -63.235
  175.950   -63.227
  176.000   -63.218
  176.050   -63.210
  176.100   -63.201
  176.150   -63.193
  176.200   -63.184
  176.250   -63.176
  176.300   -63.167
  176.350   -63.159
  176.400   -63.151
  176.450   -63.142
  176.500   -63.134
  176.550   -63.125
  176.600   -63.117
  176.650   -63.109
  176.700   -63.100
  176.750   -63.092
  176.800   -63.084
  176.850   -63.075
  176.900   -63.067
  176.950   -63.059
  177.000   -63.051
  177.050   -63.042
  177.100   -63.034
  177.150   -63.026
  177.200   -63.018
  177.250   -63.010
  177.300   -63.001
  177.350   -62.993
  177.400   -62.985
  177.450   -62.977
  177.500   -62.969
  177.550   -62.961
  177.600   -62.953
  177.650   -62.945
  177.700   -62.937
  177.750   -62.929
  177.800   -62.921
  177.850   -62.913
  177.900   -62.905
  177.950   -62.897
  178.000   -62.889
  178.050   -62.881
  178.100   -62.873
  178.150   -62.865
  178.200   -62.857
  178.250   -62.849
  178.300   -62.841
  178.350   -62.833
  178.400   -62.825
  178.450   -62.818
  178.500   -62.810
  178.550   -62.802
  178.600   -62.794
  178.650   -62.786
  178.700   -62.779
  178.750   -62.771
  178.800   -62.763
  178.850   -62.755
  178.900   -62.748
  178.950   -62.740
  179.000   -62.732
  179.050   -62.725
  179.100   -62.717
  179.150   -62.709
  179.200   -62.702
  179.250   -62.694
  179.300   -62.686
  179.350   -62.679
  179.400   -62.671
  179.450   -62.664
  179.500   -62.656
  179.550   -62.648
  179.600   -62.641
  179.650   -62.633
  179.700   -62.626
  179.750   -62.618
  179.800   -62.611
  179.850   -62.603
  179.900   -62.596
  179.950   -62.588
  180.000   -62.581
  180.050   -62.574
  180.100   -62.566
  180.150   -62.559
  180.200   -62.551
  180.250   -62.544
  180.300   -62.537
  180.350   -62.529
  180.400   -62.522
  180.450   -62.515
  180.500   -62.507
  180.550   -62.500
  180.600   -62.493
  180.650   -62.485
  180.700   -62.478
  180.750   -62.471
  180.800   -62.464
  180.850   -62.456
  180.900   -62.449
  180.950   -62.442
  181.000   -62.435
  181.050   -62.427
  181.100   -62.420
  181.150   -62.413
  181.200   -62.406
  181.250   -62.399
  181.300   -62.392
  181.350   -62.384
  181.400   -62.377
  181.450   -62.370
  181.500   -62.363
  181.550   -62.356
  181.600   -62.349
  181.650   -62.342
  181.700   -62.335
  181.750   -62.328
  181.800   -62.321
  181.850   -62.314
  181.900   -62.307
  181.950   -62.300
  182.000   -62.293
  182.050   -62.286
  182.100   -62.279
  182.150   -62.272
  182.200   -62.265
  182.250   -62.258
  182.300   -62.251
  182.350   -62.244
  182.400   -62.237
  182.450   -62.231
  182.500   -62.224
  182.550   -62.217
  182.600   -62.210
  182.650   -62.203
  182.700   -62.196
  182.750   -62.190
  182.800   -62.183
  182.850   -62.176
  182.900   -62.169
  182.950   -62.162
  183.000   -62.156
  183.050   -62.149
  183.100   -62.142
  183.150   -62.135
  183.200   -62.129
  183.250   -62.122
  183.300   -62.115
  183.350   -62.109
  183.400   -62.102
  183.450   -62.095
  183.500   -62.088
  183.550   -62.082
  183.600   -62.075
  183.650   -62.069
  183.700   -62.062
  183.750   -62.055
  183.800   -62.049
  183.850   -62.042
  183.900   -62.036
  183.950   -62.029
  184.000   -62.022
  184.050   -62.016
  184.100   -62.009
  184.150   -62.003
  184.200   -61.996
  184.250   -61.990
  184.300   -61.983
  184.350   -61.977
  184.400   -61.970
  184.450   -61.964
  184.500   -61.957
  184.550   -61.951
  184.600   -61.944
  184.650   -61.938
  184.700   -61.932
  184.750   -61.925
  184.800   -61.919
  184.850   -61.912
  184.900   -61.906
  184.950   -61.900
  185.000   -61.893
  185.050   -61.887
  185.100   -61.880
  185.150   -61.874
  185.200   -61.868
  185.250   -61.861
  185.300   -61.855
  185.350   -61.849
  185.400   -61.843
  185.450   -61.836
  185.500   -61.830
  185.550   -61.824
  185.600   -61.817
  185.650   -61.811
  185.700   -61.805
  185.750   -61.799
  185.800   -61.793
  185.850   -61.786
  185.900   -61.780
  185.950   -61.774
  186.000   -61.768
  186.050   -61.762
  186.100   -61.755
  186.150   -61.749
  186.200   -61.743
  186.250   -61.737
  186.300   -61.731
  186.350   -61.725
  186.400   -61.719
  186.450   -61.712
  186.500   -61.706
  186.550   -61.700
  186.600   -61.694
  186.650   -61.688
  186.700   -61.682
  186.750   -61.676
  186.800   -61.670
  186.850   -61.664
  186.900   -61.658
  186.950   -61.652
  187.000   -61.646
  187.050   -61.640
  187.100   -61.634
  187.150   -61.628
  187.200   -61.622
  187.250   -61.616
  187.300   -61.610
  187.350   -61.604
  187.400   -61.598
  187.450   -61.592
  187.500   -61.586
  187.550   -61.580
  187.600   -61.574
  187.650   -61.568
  187.700   -61.563
  187.750   -61.557
  187.800   -61.551
  187.850   -61.545
  187.900   -61.539
  187.950   -61.533
  188.000   -61.527
  188.050   -61.521
  188.100   -61.516
  188.150   -61.510
  188.200   -61.504
  188.250   -61.498
  188.300   -61.492
  188.350   -61.487
  188.400   -61.481
  188.450   -61.475
  188.500   -61.469
  188.550   -61.464
  188.600   -61.458
  188.650   -61.452
  188.700   -61.446
  188.750   -61.441
  188.800   -61.435
  188.850   -61.429
  188.900   -61.423
  188.950   -61.418
  189.000   -61.412
  189.050   -61.406
  189.100   -61.401
  189.150   -61.395
  189.200   -61.389
  189.250   -61.384
  189.300   -61.378
  189.350   -61.372
  189.400   -61.367
  189.450   -61.361
  189.500   -61.356
  189.550   -61.350
  189.600   -61.344
  189.650   -61.339
  189.700   -61.333
  189.750   -61.328
  189.800   -61.322
  189.850   -61.317
  189.900   -61.311
  189.950   -61.305
  190.000   -61.300
  190.050   -61.294
  190.100   -61.289
  190.150   -61.283
  190.200   -61.278
  190.250   -61.272
  190.300   -61.267
  190.350   -61.261
  190.400   -61.256
  190.450   -61.250
  190.500   -61.245
  190.550   -61.239
  190.600   -61.234
  190.650   -61.229
  190.700   -61.223
  190.750   -61.218
  190.800   -61.212
  190.850   -61.207
  190.900   -61.201
  190.950   -61.196
  191.000   -61.191
  191.050   -61.185
  191.100   -61.180
  191.150   -61.175
  191.200   -61.169
  191.250   -61.164
  191.300   -61.158
  191.350   -61.153
  191.400   -61.148
  191.450   -61.142
  191.500   -61.137
  191.550   -61.132
  191.600   -61.126
  191.650   -61.121
  191.700   -61.116
  191.750   -61.111
  191.800   -61.105
  191.850   -61.100
  191.900   -61.095
  191.950   -61.090
  192.000   -61.084
  192.050   -61.079
  192.100   -61.074
  192.150   -61.069
  192.200   -61.063
  192.250   -61.058
  192.300   -61.053
  192.350   -61.048
  192.400   -61.042
  192.450   -61.037
  192.500   -61.032
  192.550   -61.027
  192.600   -61.022
  192.650   -61.017
  192.700   -61.011
  192.750   -61.006
  192.800   -61.001
  192.850   -60.996
  192.900   -60.991
  192.950   -60.986
  193.000   -60.981
  193.050   -60.975
  193.100   -60.970
  193.150   -60.965
  193.200   -60.960
  193.250   -60.955
  193.300   -60.950
  193.350   -60.945
  193.400   -60.940
  193.450   -60.935
  193.500   -60.930
  193.550   -60.925
  193.600   -60.920
  193.650   -60.915
  193.700   -60.910
  193.750   -60.905
  193.800   -60.900
  193.850   -60.894
  193.900   -60.889
  193.950   -60.884
  194.000   -60.879
  194.050   -60.875
  194.100   -60.870
  194.150   -60.865
  194.200   -60.860
  194.250   -60.855
  194.300   -60.850
  194.350   -60.845
  194.400   -60.840
  194.450   -60.835
  194.500   -60.830
  194.550   -60.825
  194.600   -60.820
  194.650   -60.815
  194.700   -60.810
  194.750   -60.805
  194.800   -60.800
  194.850   -60.796
  194.900   -60.791
  194.950   -60.786
  195.000   -60.781
  195.050   -60.776
  195.100   -60.771
  195.150   -60.766
  195.200   -60.761
  195.250   -60.757
  195.300   -60.752
  195.350   -60.747
  195.400   -60.742
  195.450   -60.737
  195.500   -60.733
  195.550   -60.728
  195.600   -60.723
  195.650   -60.718
  195.700   -60.713
  195.750   -60.709
  195.800   -60.704
  195.850   -60.699
  195.900   -60.694
  195.950   -60.689
  196.000   -60.685
  196.050   -60.680
  196.100   -60.675
  196.150   -60.670
  196.200   -60.666
  196.250   -60.661
  196.300   -60.656
  196.350   -60.652
  196.400   -60.647
  196.450   -60.642
  196.500   -60.637
  196.550   -60.633
  196.600   -60.628
  196.650   -60.623
  196.700   -60.619
  196.750   -60.614
  196.800   -60.609
  196.850   -60.605
  196.900   -60.600
  196.950   -60.595
  197.000   -60.591
  197.050   -60.586
  197.100   -60.582
  197.150   -60.577
  197.200   -60.572
  197.250   -60.568
  197.300   -60.563
  197.350   -60.558
  197.400   -60.554
  197.450   -60.549
  197.500   -60.545
  197.550   -60.540
  197.600   -60.536
  197.650   -60.531
  197.700   -60.526
  197.750   -60.522
  197.800   -60.517
  197.850   -60.513
  197.900   -60.508
  197.950   -60.504
  198.000   -60.499
  198.050   -60.495
  198.100   -60.490
  198.150   -60.486
  198.200   -60.481
  198.250   -60.477
  198.300   -60.472
  198.350   -60.468
  198.400   -60.463
  198.450   -60.459
  198.500   -60.454
  198.550   -60.450
  198.600   -60.445
  198.650   -60.441
  198.700   -60.436
  198.750   -60.432
  198.800   -60.427
  198.850   -60.423
  198.900   -60.418
  198.950   -60.414
  199.000   -60.410
  199.050   -60.405
  199.100   -60.401
  199.150   -60.396
  199.200   -60.392
  199.250   -60.388
  199.300   -60.383
  199.350   -60.379
  199.400   -60.374
  199.450   -60.370
  199.500   -60.366
  199.550   -60.361
  199.600   -60.357
  199.650   -60.352
  199.700   -60.348
  199.750   -60.344
  199.800   -60.339
  199.850   -60.335
  199.900   -60.331
  199.950   -60.326
  200.000   -60.322
  200.050   -60.386
  200.100   -60.449
  200.150   -60.511
  200.200   -60.573
  200.250   -60.635
  200.300   -60.696
  200.350   -60.757
  200.400   -60.817
  200.450   -60.877
  200.500   -60.937
  200.550   -60.996
  200.600   -61.055
  200.650   -61.113
  200.700   -61.171
  200.750   -61.228
  200.800   -61.285
  200.850   -61.342
  200.900   -61.398
  200.950   -61.454
  201.000   -61.509
  201.050   -61.564
  201.100   -61.619
  201.150   -61.673
  201.200   -61.727
  201.250   -61.781
  201.300   -61.834
  201.350   -61.886
  201.400   -61.939
  201.450   -61.991
  201.500   -62.042
  201.550   -62.094
  201.600   -62.144
  201.650   -62.195
  201.700   -62.245
  201.750   -62.295
  201.800   -62.344
  201.850   -62.393
  201.900   -62.442
  201.950   -62.490
  202.000   -62.538
  202.050   -62.585
  202.100   -62.633
  202.150   -62.680
  202.200   -62.726
  202.250   -62.772
  202.300   -62.818
  202.350   -62.864
  202.400   -62.909
  202.450   -62.954
  202.500   -62.998
  202.550   -63.043
  202.600   -63.086
  202.650   -63.130
  202.700   -63.173
  202.750   -63.216
  202.800   -63.259
  202.850   -63.301
  202.900   -63.343
  202.950   -63.385
  203.000   -63.426
  203.050   -63.467
  203.100   -63.508
  203.150   -63.548
  203.200   -63.588
  203.250   -63.628
  203.300   -63.668
  203.350   -63.707
  203.400   -63.746
  203.450   -63.785
  203.500   -63.823
  203.550   -63.861
  203.600   -63.899
  203.650   -63.937
  203.700   -63.974
  203.750   -64.011
  203.800   -64.048
  203.850   -64.084
  203.900   -64.120
  203.950   -64.156
  204.000   -64.192
  204.050   -64.227
  204.100   -64.262
  204.150   -64.297
  204.200   -64.332
  204.250   -64.366
  204.300   -64.400
  204.350   -64.434
  204.400   -64.468
  204.450   -64.501
  204.500   -64.534
  204.550   -64.567
  204.600   -64.599
  204.650   -64.632
  204.700   -64.664
  204.750   -64.696
  204.800   -64.727
  204.850   -64.759
  204.900   -64.790
  204.950   -64.821
  205.000   -64.851
  205.050   -64.882
  205.100   -64.912
  205.150   -64.942
  205.200   -64.972
  205.250   -65.001
  205.300   -65.031
  205.350   -65.060
  205.400   -65.089
  205.450   -65.117
  205.500   -65.146
  205.550   -65.174
  205.600   -65.202
  205.650   -65.230
  205.700   -65.257
  205.750   -65.285
  205.800   -65.312
  205.850   -65.339
  205.900   -65.365
  205.950   -65.392
  206.000   -65.418
  206.050   -65.444
  206.100   -65.470
  206.150   -65.496
  206.200   -65.522
  206.250   -65.547
  206.300   -65.572
  206.350   -65.597
  206.400   -65.622
  206.450   -65.646
  206.500   -65.671
  206.550   -65.695
  206.600   -65.719
  206.650   -65.743
  206.700   -65.767
  206.750   -65.790
  206.800   -65.813
  206.850   -65.836
  206.900   -65.859
  206.950   -65.882
  207.000   -65.905
  207.050   -65.927
  207.100   -65.949
  207.150   -65.971
  207.200   -65.993
  207.250   -66.015
  207.300   -66.037
  207.350   -66.058
  207.400   -66.079
  207.450   -66.100
  207.500   -66.121
  207.550   -66.142
  207.600   -66.162
  207.650   -66.183
  207.700   -66.203
  207.750   -66.223
  207.800   -66.243
  207.850   -66.263
  207.900   -66.283
  207.950   -66.302
  208.000   -66.321
  208.050   -66.341
  208.100   -66.360
  208.150   -66.378
  208.200   -66.397
  208.250   -66.416
  208.300   -66.434
  208.350   -66.452
  208.400   -66.471
  208.450   -66.489
  208.500   -66.506
  208.550   -66.524
  208.600   -66.542
  208.650   -66.559
  208.700   -66.576
  208.750   -66.594
  208.800   -66.611
  208.850   -66.628
  208.900   -66.644
  208.950   -66.661
  209.000   -66.677
  209.050   -66.694
  209.100   -66.710
  209.150   -66.726
  209.200   -66.742
  209.250   -66.758
  209.300   -66.774
  209.350   -66.789
  209.400   -66.805
  209.450   -66.820
  209.500   -66.835
  209.550   -66.850
  209.600   -66.865
  209.650   -66.880
  209.700   -66.895
  209.750   -66.910
  209.800   -66.924
  209.850   -66.939
  209.900   -66.953
  209.950   -66.967
  210.000   -66.981
  210.050   -66.995
  210.100   -67.009
  210.150   -67.022
  210.200   -67.036
  210.250   -67.049
  210.300   -67.063
  210.350   -67.076
  210.400   -67.089
  210.450   -67.102
  210.500   -67.115
  210.550   -67.128
  210.600   -67.141
  210.650   -67.153
  210.700   -67.166
  210.750   -67.178
  210.800   -67.191
  210.850   -67.203
  210.900   -67.215
  210.950   -67.227
  211.000   -67.239
  211.050   -67.251
  211.100   -67.262
  211.150   -67.274
  211.200   -67.285
  211.250   -67.297
  211.300   -67.308
  211.350   -67.319
  211.400   -67.331
  211.450   -67.342
  211.500   -67.353
  211.550   -67.363
  211.600   -67.374
  211.650   -67.385
  211.700   -67.395
  211.750   -67.406
  211.800   -67.416
  211.850   -67.427
  211.900   -67.437
  211.950   -67.447
  212.000   -67.457
  212.050   -67.467
  212.100   -67.477
  212.150   -67.487
  212.200   -67.496
  212.250   -67.506
  212.300   -67.516
  212.350   -67.525
  212.400   -67.535
  212.450   -67.544
  212.500   -67.553
  212.550   -67.562
  212.600   -67.571
  212.650   -67.580
  212.700   -67.589
  212.750   -67.598
  212.800   -67.607
  212.850   -67.615
  212.900   -67.624
  212.950   -67.633
  213.000   -67.641
  213.050   -67.649
  213.100   -67.658
  213.150   -67.666
  213.200   -67.674
  213.250   -67.682
  213.300   -67.690
  213.350   -67.698
  213.400   -67.706
  213.450   -67.714
  213.500   -67.721
  213.550   -67.729
  213.600   -67.737
  213.650   -67.744
  213.700   -67.752
  213.750   -67.759
  213.800   -67.766
  213.850   -67.774
  213.900   -67.781
  213.950   -67.788
  214.000   -67.795
  214.050   -67.802
  214.100   -67.809
  214.150   -67.816
  214.200   -67.823
  214.250   -67.829
  214.300   -67.836
  214.350   -67.843
  214.400   -67.849
  214.450   -67.856
  214.500   -67.862
  214.550   -67.869
  214.600   -67.875
  214.650   -67.881
  214.700   -67.887
  214.750   -67.893
  214.800   -67.899
  214.850   -67.906
  214.900   -67.911
  214.950   -67.917
  215.000   -67.923
  215.050   -67.929
  215.100   -67.935
  215.150   -67.940
  215.200   -67.946
  215.250   -67.952
  215.300   -67.957
  215.350   -67.963
  215.400   -67.968
  215.450   -67.973
  215.500   -67.979
  215.550   -67.984
  215.600   -67.989
  215.650   -67.994
  215.700   -67.999
  215.750   -68.004
  215.800   -68.009
  215.850   -68.014
  215.900   -68.019
  215.950   -68.024
  216.000   -68.029
  216.050   -68.034
  216.100   -68.038
  216.150   -68.043
  216.200   -68.048
  216.250   -68.052
  216.300   -68.057
  216.350   -68.061
  216.400   -68.066
  216.450   -68.070
  216.500   -68.074
  216.550   -68.079
  216.600   -68.083
  216.650   -68.087
  216.700   -68.091
  216.750   -68.095
  216.800   -68.099
  216.850   -68.103
  216.900   -68.107
  216.950   -68.111
  217.000   -68.115
  217.050   -68.119
  217.100   -68.123
  217.150   -68.127
  217.200   -68.130
  217.250   -68.134
  217.300   -68.138
  217.350   -68.141
  217.400   -68.145
  217.450   -68.148
  217.500   -68.152
  217.550   -68.155
  217.600   -68.159
  217.650   -68.162
  217.700   -68.165
  217.750   -68.169
  217.800   -68.172
  217.850   -68.175
  217.900   -68.178
  217.950   -68.182
  218.000   -68.185
  218.050   -68.188
  218.100   -68.191
  218.150   -68.194
  218.200   -68.197
  218.250   -68.200
  218.300   -68.203
  218.350   -68.205
  218.400   -68.208
  218.450   -68.211
  218.500   -68.214
  218.550   -68.216
  218.600   -68.219
  218.650   -68.222
  218.700   -68.224
  218.750   -68.227
  218.800   -68.230
  218.850   -68.232
  218.900   -68.235
  218.950   -68.237
  219.000   -68.239
  219.050   -68.242
  219.100   -68.244
  219.150   -68.247
  219.200   -68.249
  219.250   -68.251
  219.300   -68.253
  219.350   -68.256
  219.400   -68.258
  219.450   -68.260
  219.500   -68.262
  219.550   -68.264
  219.600   -68.266
  219.650   -68.268
  219.700   -68.270
  219.750   -68.272
  219.800   -68.274
  219.850   -68.276
  219.900   -68.278
  219.950   -68.280
