   0.050  0.00E+0000  3.666E-0001 -6.000E+0001
   0.100  0.00E+0000  3.666E-0001 -6.000E+0001
   0.150  0.00E+0000  3.666E-0001 -6.000E+0001
   0.200  5.76E-0004  3.666E-0001 -6.000E+0001
   0.250  3.46E-0003  3.666E-0001 -6.000E+0001
   0.300  6.34E-0003  3.666E-0001 -6.000E+0001
   0.350  9.22E-0003  3.666E-0001 -6.000E+0001
   0.400  1.21E-0002  3.666E-0001 -6.000E+0001
   0.450  1.52E-0002  3.666E-0001 -6.000E+0001
   0.500  1.89E-0002  3.666E-0001 -6.000E+0001
   0.550  2.26E-0002  3.666E-0001 -6.000E+0001
   0.600  2.62E-0002  3.666E-0001 -6.000E+0001
   0.650  2.93E-0002  3.666E-0001 -6.000E+0001
   0.700  3.20E-0002  3.666E-0001 -6.000E+0001
   0.750  3.47E-0002  3.666E-0001 -6.000E+0001
   0.800  3.75E-0002  3.666E-0001 -6.000E+0001
   0.850  4.08E-0002  3.666E-0001 -6.000E+0001
   0.900  4.41E-0002  3.666E-0001 -6.000E+0001
   0.950  4.74E-0002  3.666E-0001 -6.000E+0001
   1.000  5.07E-0002  3.666E-0001 -6.000E+0001
   1.050  5.40E-0002  3.846E-0001 -4.000E+0001
   1.100  5.73E-0002  4.030E-0001 -4.000E+0001
   1.150  6.06E-0002  4.218E-0001 -4.000E+0001
   1.200  6.39E-0002  4.410E-0001 -4.000E+0001
   1.250  6.71E-0002  4.606E-0001 -4.000E+0001
   1.300  7.08E-0002  4.806E-0001 -4.000E+0001
   1.350  7.50E-0002  5.010E-0001 -4.000E+0001
   1.400  7.92E-0002  5.217E-0001 -4.000E+0001
   1.450  8.34E-0002  5.428E-0001 -4.000E+0001
   1.500  8.76E-0002  5.642E-0001 -4.000E+0001
   1.550  9.13E-0002  5.860E-0001 -4.000E+0001
   1.600  9.50E-0002  6.082E-0001 -4.000E+0001
   1.650  9.87E-0002  6.306E-0001 -4.000E+0001
   1.700  1.02E-0001  6.534E-0001 -4.000E+0001
   1.750  1.06E-0001  6.765E-0001 -4.000E+0001
   1.800  1.09E-0001  6.998E-0001 -4.000E+0001
   1.850  1.15E-0001  7.235E-0001 -4.000E+0001
   1.900  1.21E-0001  7.475E-0001 -4.000E+0001
   1.950  1.28E-0001  7.717E-0001 -4.000E+0001
   2.000  1.29E-0001  7.962E-0001 -4.000E+0001
   2.050  1.29E-0001  8.210E-0001 -4.000E+0001
   2.100  1.32E-0001  8.460E-0001 -4.000E+0001
   2.150  1.35E-0001  8.712E-0001 -4.000E+0001
   2.200  1.38E-0001  8.967E-0001 -4.000E+0001
   2.250  1.42E-0001  9.224E-0001 -4.000E+0001
   2.300  1.47E-0001  9.483E-0001 -4.000E+0001
   2.350  1.51E-0001  9.744E-0001 -4.000E+0001
   2.400  1.55E-0001  1.001E+0000 -4.000E+0001
   2.450  1.59E-0001  1.027E+0000 -4.000E+0001
   2.500  1.63E-0001  1.054E+0000 -4.000E+0001
   2.550  1.67E-0001  1.081E+0000 -4.000E+0001
   2.600  1.71E-0001  1.108E+0000 -4.000E+0001
   2.650  1.75E-0001  1.135E+0000 -4.000E+0001
   2.700  1.78E-0001  1.162E+0000 -4.000E+0001
   2.750  1.80E-0001  1.190E+0000 -4.000E+0001
   2.800  1.83E-0001  1.217E+0000 -4.000E+0001
   2.850  1.86E-0001  1.245E+0000 -4.000E+0001
   2.900  1.88E-0001  1.272E+0000 -4.000E+0001
   2.950  1.91E-0001  1.300E+0000 -4.000E+0001
   3.000  1.94E-0001  1.328E+0000 -4.000E+0001
   3.050  1.96E-0001  1.356E+0000 -4.000E+0001
   3.100  1.98E-0001  1.384E+0000 -4.000E+0001
   3.150  2.00E-0001  1.413E+0000 -4.000E+0001
   3.200  2.03E-0001  1.441E+0000 -4.000E+0001
   3.250  2.03E-0001  1.469E+0000 -4.000E+0001
   3.300  2.04E-0001  1.498E+0000 -4.000E+0001
   3.350  2.04E-0001  1.526E+0000 -4.000E+0001
   3.400  2.05E-0001  1.554E+0000 -4.000E+0001
   3.450  2.06E-0001  1.583E+0000 -4.000E+0001
   3.500  2.06E-0001  1.611E+0000 -4.000E+0001
   3.550  2.07E-0001  1.640E+0000 -4.000E+0001
   3.600  2.07E-0001  1.668E+0000 -4.000E+0001
   3.650  2.07E-0001  1.697E+0000 -4.000E+0001
   3.700  2.07E-0001  1.725E+0000 -4.000E+0001
   3.750  2.07E-0001  1.754E+0000 -4.000E+0001
   3.800  2.07E-0001  1.782E+0000 -4.000E+0001
   3.850  2.07E-0001  1.811E+0000 -4.000E+0001
   3.900  2.07E-0001  1.839E+0000 -4.000E+0001
   3.950  2.07E-0001  1.867E+0000 -4.000E+0001
   4.000  2.07E-0001  1.896E+0000 -4.000E+0001
   4.050  2.07E-0001  1.924E+0000 -4.000E+0001
   4.100  2.07E-0001  1.952E+0000 -4.000E+0001
   4.150  2.07E-0001  1.981E+0000 -4.000E+0001
   4.200  2.07E-0001  2.009E+0000 -4.000E+0001
   4.250  2.07E-0001  2.037E+0000 -4.000E+0001
   4.300  2.07E-0001  2.065E+0000 -4.000E+0001
   4.350  2.07E-0001  2.093E+0000 -4.000E+0001
   4.400  2.07E-0001  2.121E+0000 -4.000E+0001
   4.450  2.07E-0001  2.148E+0000 -4.000E+0001
   4.500  2.07E-0001  2.176E+0000 -4.000E+0001
   4.550  2.07E-0001  2.204E+0000 -4.000E+0001
   4.600  2.07E-0001  2.231E+0000 -4.000E+0001
   4.650  2.07E-0001  2.258E+0000 -4.000E+0001
   4.700  2.04E-0001  2.286E+0000 -4.000E+0001
   4.750  1.94E-0001  2.313E+0000 -4.000E+0001
   4.800  1.82E-0001  2.340E+0000 -4.000E+0001
   4.850  1.72E-0001  2.367E+0000 -4.000E+0001
   4.900  1.63E-0001  2.394E+0000 -4.000E+0001
   4.950  1.53E-0001  2.421E+0000 -4.000E+0001
   5.000  1.44E-0001  2.447E+0000 -4.000E+0001
   5.050  1.34E-0001  2.474E+0000 -4.000E+0001
   5.100  1.24E-0001  2.500E+0000 -4.000E+0001
   5.150  1.15E-0001  2.526E+0000 -4.000E+0001
   5.200  1.07E-0001  2.553E+0000 -4.000E+0001
   5.250  1.01E-0001  2.578E+0000 -4.000E+0001
   5.300  9.43E-0002  2.604E+0000 -4.000E+0001
   5.350  8.76E-0002  2.630E+0000 -4.000E+0001
   5.400  7.99E-0002  2.656E+0000 -4.000E+0001
   5.450  7.22E-0002  2.681E+0000 -4.000E+0001
   5.500  6.64E-0002  2.706E+0000 -4.000E+0001
   5.550  6.18E-0002  2.731E+0000 -4.000E+0001
   5.600  5.71E-0002  2.756E+0000 -4.000E+0001
   5.650  5.25E-0002  2.781E+0000 -4.000E+0001
   5.700  4.77E-0002  2.806E+0000 -4.000E+0001
   5.750  4.27E-0002  2.830E+0000 -4.000E+0001
   5.800  3.77E-0002  2.855E+0000 -4.000E+0001
   5.850  3.27E-0002  2.879E+0000 -4.000E+0001
   5.900  2.76E-0002  2.903E+0000 -4.000E+0001
   5.950  2.46E-0002  2.927E+0000 -4.000E+0001
   6.000  2.15E-0002  2.951E+0000 -4.000E+0001
   6.050  1.84E-0002  2.974E+0000 -4.000E+0001
   6.100  1.59E-0002  2.998E+0000 -4.000E+0001
   6.150  1.33E-0002  3.021E+0000 -4.000E+0001
   6.200  1.07E-0002  3.044E+0000 -4.000E+0001
   6.250  9.17E-0003  3.067E+0000 -4.000E+0001
   6.300  9.05E-0003  3.090E+0000 -4.000E+0001
   6.350  8.92E-0003  3.113E+0000 -4.000E+0001
   6.400  8.80E-0003  3.135E+0000 -4.000E+0001
   6.450  8.68E-0003  3.157E+0000 -4.000E+0001
   6.500  8.56E-0003  3.179E+0000 -4.000E+0001
   6.550  8.43E-0003  3.201E+0000 -4.000E+0001
   6.600  8.31E-0003  3.223E+0000 -4.000E+0001
   6.650  8.19E-0003  3.245E+0000 -4.000E+0001
   6.700  8.07E-0003  3.266E+0000 -4.000E+0001
   6.750  7.95E-0003  3.287E+0000 -4.000E+0001
   6.800  7.82E-0003  3.309E+0000 -4.000E+0001
   6.850  7.70E-0003  3.330E+0000 -4.000E+0001
   6.900  7.58E-0003  3.350E+0000 -4.000E+0001
   6.950  7.46E-0003  3.371E+0000 -4.000E+0001
   7.000  7.33E-0003  3.391E+0000 -4.000E+0001
   7.050  7.21E-0003  3.412E+0000 -4.000E+0001
   7.100  7.09E-0003  3.432E+0000 -4.000E+0001
   7.150  6.97E-0003  3.452E+0000 -4.000E+0001
   7.200  6.85E-0003  3.471E+0000 -4.000E+0001
   7.250  6.72E-0003  3.491E+0000 -4.000E+0001
   7.300  6.60E-0003  3.510E+0000 -4.000E+0001
   7.350  6.48E-0003  3.530E+0000 -4.000E+0001
   7.400  6.36E-0003  3.549E+0000 -4.000E+0001
   7.450  6.23E-0003  3.568E+0000 -4.000E+0001
   7.500  6.11E-0003  3.586E+0000 -4.000E+0001
   7.550  5.99E-0003  3.605E+0000 -4.000E+0001
   7.600  5.87E-0003  3.623E+0000 -4.000E+0001
   7.650  5.75E-0003  3.642E+0000 -4.000E+0001
   7.700  5.62E-0003  3.660E+0000 -4.000E+0001
   7.750  5.50E-0003  3.678E+0000 -4.000E+0001
   7.800  5.38E-0003  3.696E+0000 -4.000E+0001
   7.850  5.26E-0003  3.713E+0000 -4.000E+0001
   7.900  5.13E-0003  3.731E+0000 -4.000E+0001
   7.950  5.01E-0003  3.748E+0000 -4.000E+0001
   8.000  4.89E-0003  3.765E+0000 -4.000E+0001
   8.050  4.77E-0003  3.782E+0000 -4.000E+0001
   8.100  4.64E-0003  3.799E+0000 -4.000E+0001
   8.150  4.52E-0003  3.815E+0000 -4.000E+0001
   8.200  4.40E-0003  3.832E+0000 -4.000E+0001
   8.250  4.28E-0003  3.848E+0000 -4.000E+0001
   8.300  4.16E-0003  3.864E+0000 -4.000E+0001
   8.350  4.03E-0003  3.880E+0000 -4.000E+0001
   8.400  3.91E-0003  3.896E+0000 -4.000E+0001
   8.450  3.79E-0003  3.912E+0000 -4.000E+0001
   8.500  3.67E-0003  3.928E+0000 -4.000E+0001
   8.550  3.54E-0003  3.943E+0000 -4.000E+0001
   8.600  3.42E-0003  3.958E+0000 -4.000E+0001
   8.650  3.30E-0003  3.973E+0000 -4.000E+0001
   8.700  3.18E-0003  3.988E+0000 -4.000E+0001
   8.750  3.06E-0003  4.003E+0000 -4.000E+0001
   8.800  2.93E-0003  4.018E+0000 -4.000E+0001
   8.850  2.81E-0003  4.032E+0000 -4.000E+0001
   8.900  2.69E-0003  4.047E+0000 -4.000E+0001
   8.950  2.57E-0003  4.061E+0000 -4.000E+0001
   9.000  2.44E-0003  4.075E+0000 -4.000E+0001
   9.050  2.32E-0003  4.089E+0000 -4.000E+0001
   9.100  2.20E-0003  4.103E+0000 -4.000E+0001
   9.150  2.08E-0003  4.116E+0000 -4.000E+0001
   9.200  1.96E-0003  4.130E+0000 -4.000E+0001
   9.250  1.83E-0003  4.143E+0000 -4.000E+0001
   9.300  1.71E-0003  4.156E+0000 -4.000E+0001
   9.350  1.58E-0003  4.170E+0000 -4.000E+0001
   9.400  1.46E-0003  4.183E+0000 -4.000E+0001
   9.450  1.34E-0003  4.195E+0000 -4.000E+0001
   9.500  1.22E-0003  4.208E+0000 -4.000E+0001
   9.550  1.10E-0003  4.221E+0000 -4.000E+0001
   9.600  9.78E-0004  4.233E+0000 -4.000E+0001
   9.650  8.56E-0004  4.245E+0000 -4.000E+0001
   9.700  7.33E-0004  4.258E+0000 -4.000E+0001
   9.750  6.11E-0004  4.270E+0000 -4.000E+0001
   9.800  4.89E-0004  4.282E+0000 -4.000E+0001
   9.850  3.67E-0004  4.293E+0000 -4.000E+0001
   9.900  2.44E-0004  4.305E+0000 -4.000E+0001
   9.950  1.22E-0004  4.316E+0000 -4.000E+0001
  10.000  0.00E+0000  4.328E+0000 -4.000E+0001
  10.050 -1.22E-0004  4.339E+0000 -4.000E+0001
  10.100 -2.44E-0004  4.350E+0000 -4.000E+0001
  10.150 -3.67E-0004  4.361E+0000 -4.000E+0001
  10.200 -4.89E-0004  4.372E+0000 -4.000E+0001
  10.250 -6.11E-0004  4.383E+0000 -4.000E+0001
  10.300 -7.33E-0004  4.394E+0000 -4.000E+0001
  10.350 -8.56E-0004  4.404E+0000 -4.000E+0001
  10.400 -9.78E-0004  4.415E+0000 -4.000E+0001
  10.450 -1.10E-0003  4.425E+0000 -4.000E+0001
  10.500 -1.22E-0003  4.435E+0000 -4.000E+0001
  10.550 -1.34E-0003  4.446E+0000 -4.000E+0001
  10.600 -1.46E-0003  4.456E+0000 -4.000E+0001
  10.650 -1.58E-0003  4.465E+0000 -4.000E+0001
  10.700 -1.71E-0003  4.475E+0000 -4.000E+0001
  10.750 -1.83E-0003  4.485E+0000 -4.000E+0001
  10.800 -1.96E-0003  4.495E+0000 -4.000E+0001
  10.850 -2.08E-0003  4.504E+0000 -4.000E+0001
  10.900 -2.20E-0003  4.513E+0000 -4.000E+0001
  10.950 -2.32E-0003  4.523E+0000 -4.000E+0001
  11.000 -2.44E-0003  4.532E+0000 -4.000E+0001
  11.050 -2.57E-0003  4.541E+0000 -4.000E+0001
  11.100 -2.69E-0003  4.550E+0000 -4.000E+0001
  11.150 -2.81E-0003  4.559E+0000 -4.000E+0001
  11.200 -2.93E-0003  4.567E+0000 -4.000E+0001
  11.250 -3.06E-0003  4.576E+0000 -4.000E+0001
  11.300 -3.18E-0003  4.585E+0000 -4.000E+0001
  11.350 -3.30E-0003  4.593E+0000 -4.000E+0001
  11.400 -3.42E-0003  4.601E+0000 -4.000E+0001
  11.450 -3.54E-0003  4.610E+0000 -4.000E+0001
  11.500 -3.67E-0003  4.618E+0000 -4.000E+0001
  11.550 -3.79E-0003  4.626E+0000 -4.000E+0001
  11.600 -3.91E-0003  4.634E+0000 -4.000E+0001
  11.650 -4.03E-0003  4.642E+0000 -4.000E+0001
  11.700 -4.16E-0003  4.650E+0000 -4.000E+0001
  11.750 -4.28E-0003  4.657E+0000 -4.000E+0001
  11.800 -4.40E-0003  4.665E+0000 -4.000E+0001
  11.850 -4.52E-0003  4.672E+0000 -4.000E+0001
  11.900 -4.64E-0003  4.680E+0000 -4.000E+0001
  11.950 -4.77E-0003  4.687E+0000 -4.000E+0001
  12.000 -4.89E-0003  4.695E+0000 -4.000E+0001
  12.050 -5.01E-0003  4.702E+0000 -4.000E+0001
  12.100 -5.13E-0003  4.709E+0000 -4.000E+0001
  12.150 -5.26E-0003  4.716E+0000 -4.000E+0001
  12.200 -5.38E-0003  4.723E+0000 -4.000E+0001
  12.250 -5.50E-0003  4.730E+0000 -4.000E+0001
  12.300 -5.62E-0003  4.736E+0000 -4.000E+0001
  12.350 -5.75E-0003  4.743E+0000 -4.000E+0001
  12.400 -5.87E-0003  4.750E+0000 -4.000E+0001
  12.450 -5.99E-0003  4.756E+0000 -4.000E+0001
  12.500 -6.11E-0003  4.763E+0000 -4.000E+0001
  12.550 -6.23E-0003  4.769E+0000 -4.000E+0001
  12.600 -6.36E-0003  4.776E+0000 -4.000E+0001
  12.650 -6.48E-0003  4.782E+0000 -4.000E+0001
  12.700 -6.60E-0003  4.788E+0000 -4.000E+0001
  12.750 -6.72E-0003  4.794E+0000 -4.000E+0001
  12.800 -6.85E-0003  4.800E+0000 -4.000E+0001
  12.850 -6.97E-0003  4.806E+0000 -4.000E+0001
  12.900 -7.09E-0003  4.812E+0000 -4.000E+0001
  12.950 -7.21E-0003  4.818E+0000 -4.000E+0001
  13.000 -7.33E-0003  4.824E+0000 -4.000E+0001
  13.050 -7.46E-0003  4.829E+0000 -4.000E+0001
  13.100 -7.58E-0003  4.835E+0000 -4.000E+0001
  13.150 -7.70E-0003  4.840E+0000 -4.000E+0001
  13.200 -7.82E-0003  4.846E+0000 -4.000E+0001
  13.250 -7.95E-0003  4.851E+0000 -4.000E+0001
  13.300 -8.07E-0003  4.857E+0000 -4.000E+0001
  13.350 -8.19E-0003  4.862E+0000 -4.000E+0001
  13.400 -8.31E-0003  4.867E+0000 -4.000E+0001
  13.450 -8.43E-0003  4.872E+0000 -4.000E+0001
  13.500 -8.56E-0003  4.877E+0000 -4.000E+0001
  13.550 -8.68E-0003  4.883E+0000 -4.000E+0001
  13.600 -8.80E-0003  4.888E+0000 -4.000E+0001
  13.650 -8.92E-0003  4.892E+0000 -4.000E+0001
  13.700 -9.05E-0003  4.897E+0000 -4.000E+0001
  13.750 -9.17E-0003  4.902E+0000 -4.000E+0001
  13.800 -9.29E-0003  4.907E+0000 -4.000E+0001
  13.850 -9.41E-0003  4.912E+0000 -4.000E+0001
  13.900 -9.53E-0003  4.916E+0000 -4.000E+0001
  13.950 -9.66E-0003  4.921E+0000 -4.000E+0001
  14.000 -9.78E-0003  4.925E+0000 -4.000E+0001
  14.050 -9.90E-0003  4.930E+0000 -4.000E+0001
  14.100 -1.00E-0002  4.934E+0000 -4.000E+0001
  14.150 -1.01E-0002  4.939E+0000 -4.000E+0001
  14.200 -1.02E-0002  4.943E+0000 -4.000E+0001
  14.250 -1.03E-0002  4.947E+0000 -4.000E+0001
  14.300 -1.05E-0002  4.951E+0000 -4.000E+0001
  14.350 -1.06E-0002  4.956E+0000 -4.000E+0001
  14.400 -1.07E-0002  4.960E+0000 -4.000E+0001
  14.450 -1.08E-0002  4.964E+0000 -4.000E+0001
  14.500 -1.10E-0002  4.968E+0000 -4.000E+0001
  14.550 -1.11E-0002  4.972E+0000 -4.000E+0001
  14.600 -1.12E-0002  4.976E+0000 -4.000E+0001
  14.650 -1.13E-0002  4.979E+0000 -4.000E+0001
  14.700 -1.14E-0002  4.983E+0000 -4.000E+0001
  14.750 -1.16E-0002  4.987E+0000 -4.000E+0001
  14.800 -1.17E-0002  4.991E+0000 -4.000E+0001
  14.850 -1.18E-0002  4.994E+0000 -4.000E+0001
  14.900 -1.19E-0002  4.998E+0000 -4.000E+0001
  14.950 -1.21E-0002  5.002E+0000 -4.000E+0001
  15.000 -1.22E-0002  5.005E+0000 -4.000E+0001
  15.050 -1.23E-0002  5.009E+0000 -4.000E+0001
  15.100 -1.24E-0002  5.012E+0000 -4.000E+0001
  15.150 -1.25E-0002  5.016E+0000 -4.000E+0001
  15.200 -1.27E-0002  5.019E+0000 -4.000E+0001
  15.250 -1.28E-0002  5.022E+0000 -4.000E+0001
  15.300 -1.29E-0002  5.026E+0000 -4.000E+0001
  15.350 -1.30E-0002  5.029E+0000 -4.000E+0001
  15.400 -1.32E-0002  5.032E+0000 -4.000E+0001
  15.450 -1.33E-0002  5.035E+0000 -4.000E+0001
  15.500 -1.34E-0002  5.038E+0000 -4.000E+0001
  15.550 -1.35E-0002  5.042E+0000 -4.000E+0001
  15.600 -1.36E-0002  5.045E+0000 -4.000E+0001
  15.650 -1.38E-0002  5.048E+0000 -4.000E+0001
  15.700 -1.39E-0002  5.051E+0000 -4.000E+0001
  15.750 -1.40E-0002  5.054E+0000 -4.000E+0001
  15.800 -1.41E-0002  5.056E+0000 -4.000E+0001
  15.850 -1.43E-0002  5.059E+0000 -4.000E+0001
  15.900 -1.44E-0002  5.062E+0000 -4.000E+0001
  15.950 -1.45E-0002  5.065E+0000 -4.000E+0001
  16.000 -1.46E-0002  5.068E+0000 -4.000E+0001
  16.050 -1.47E-0002  4.979E+0000 -6.000E+0001
  16.100 -1.49E-0002  4.893E+0000 -6.000E+0001
  16.150 -1.50E-0002  4.808E+0000 -6.000E+0001
  16.200 -1.51E-0002  4.726E+0000 -6.000E+0001
  16.250 -1.52E-0002  4.645E+0000 -6.000E+0001
  16.300 -1.54E-0002  4.566E+0000 -6.000E+0001
  16.350 -1.55E-0002  4.488E+0000 -6.000E+0001
  16.400 -1.56E-0002  4.413E+0000 -6.000E+0001
  16.450 -1.58E-0002  4.339E+0000 -6.000E+0001
  16.500 -1.59E-0002  4.266E+0000 -6.000E+0001
  16.550 -1.60E-0002  4.195E+0000 -6.000E+0001
  16.600 -1.61E-0002  4.126E+0000 -6.000E+0001
  16.650 -1.63E-0002  4.058E+0000 -6.000E+0001
  16.700 -1.64E-0002  3.992E+0000 -6.000E+0001
  16.750 -1.65E-0002  3.926E+0000 -6.000E+0001
  16.800 -1.66E-0002  3.863E+0000 -6.000E+0001
  16.850 -1.67E-0002  3.801E+0000 -6.000E+0001
  16.900 -1.69E-0002  3.740E+0000 -6.000E+0001
  16.950 -1.70E-0002  3.680E+0000 -6.000E+0001
  17.000 -1.71E-0002  3.621E+0000 -6.000E+0001
  17.050 -1.72E-0002  3.564E+0000 -6.000E+0001
  17.100 -1.74E-0002  3.508E+0000 -6.000E+0001
  17.150 -1.75E-0002  3.453E+0000 -6.000E+0001
  17.200 -1.76E-0002  3.399E+0000 -6.000E+0001
  17.250 -1.77E-0002  3.347E+0000 -6.000E+0001
  17.300 -1.78E-0002  3.295E+0000 -6.000E+0001
  17.350 -1.80E-0002  3.245E+0000 -6.000E+0001
  17.400 -1.81E-0002  3.195E+0000 -6.000E+0001
  17.450 -1.82E-0002  3.147E+0000 -6.000E+0001
  17.500 -1.83E-0002  3.100E+0000 -6.000E+0001
  17.550 -1.85E-0002  3.053E+0000 -6.000E+0001
  17.600 -1.86E-0002  3.007E+0000 -6.000E+0001
  17.650 -1.87E-0002  2.963E+0000 -6.000E+0001
  17.700 -1.88E-0002  2.919E+0000 -6.000E+0001
  17.750 -1.89E-0002  2.876E+0000 -6.000E+0001
  17.800 -1.91E-0002  2.834E+0000 -6.000E+0001
  17.850 -1.92E-0002  2.793E+0000 -6.000E+0001
  17.900 -1.93E-0002  2.753E+0000 -6.000E+0001
  17.950 -1.94E-0002  2.713E+0000 -6.000E+0001
  18.000 -1.96E-0002  2.675E+0000 -6.000E+0001
  18.050 -1.97E-0002  2.637E+0000 -6.000E+0001
  18.100 -1.98E-0002  2.599E+0000 -6.000E+0001
  18.150 -1.99E-0002  2.563E+0000 -6.000E+0001
  18.200 -2.00E-0002  2.527E+0000 -6.000E+0001
  18.250 -2.02E-0002  2.492E+0000 -6.000E+0001
  18.300 -2.03E-0002  2.457E+0000 -6.000E+0001
  18.350 -2.04E-0002  2.424E+0000 -6.000E+0001
  18.400 -2.05E-0002  2.391E+0000 -6.000E+0001
  18.450 -2.07E-0002  2.358E+0000 -6.000E+0001
  18.500 -2.08E-0002  2.326E+0000 -6.000E+0001
  18.550 -2.09E-0002  2.295E+0000 -6.000E+0001
  18.600 -2.10E-0002  2.264E+0000 -6.000E+0001
  18.650 -2.11E-0002  2.234E+0000 -6.000E+0001
  18.700 -2.13E-0002  2.205E+0000 -6.000E+0001
  18.750 -2.14E-0002  2.176E+0000 -6.000E+0001
  18.800 -2.15E-0002  2.148E+0000 -6.000E+0001
  18.850 -2.16E-0002  2.120E+0000 -6.000E+0001
  18.900 -2.18E-0002  2.092E+0000 -6.000E+0001
  18.950 -2.19E-0002  2.066E+0000 -6.000E+0001
  19.000 -2.20E-0002  2.039E+0000 -6.000E+0001
  19.050 -2.21E-0002  2.014E+0000 -6.000E+0001
  19.100 -2.22E-0002  1.988E+0000 -6.000E+0001
  19.150 -2.24E-0002  1.963E+0000 -6.000E+0001
  19.200 -2.25E-0002  1.939E+0000 -6.000E+0001
  19.250 -2.26E-0002  1.915E+0000 -6.000E+0001
  19.300 -2.27E-0002  1.891E+0000 -6.000E+0001
  19.350 -2.29E-0002  1.868E+0000 -6.000E+0001
  19.400 -2.30E-0002  1.846E+0000 -6.000E+0001
  19.450 -2.31E-0002  1.823E+0000 -6.000E+0001
  19.500 -2.32E-0002  1.801E+0000 -6.000E+0001
  19.550 -2.33E-0002  1.780E+0000 -6.000E+0001
  19.600 -2.35E-0002  1.759E+0000 -6.000E+0001
  19.650 -2.36E-0002  1.738E+0000 -6.000E+0001
  19.700 -2.37E-0002  1.718E+0000 -6.000E+0001
  19.750 -2.38E-0002  1.698E+0000 -6.000E+0001
  19.800 -2.40E-0002  1.678E+0000 -6.000E+0001
  19.850 -2.41E-0002  1.659E+0000 -6.000E+0001
  19.900 -2.42E-0002  1.640E+0000 -6.000E+0001
  19.950 -2.43E-0002  1.621E+0000 -6.000E+0001
  20.000 -2.44E-0002  1.603E+0000 -6.000E+0001
  20.050 -2.46E-0002  1.585E+0000 -6.000E+0001
  20.100 -2.47E-0002  1.568E+0000 -6.000E+0001
  20.150 -2.48E-0002  1.550E+0000 -6.000E+0001
  20.200 -2.49E-0002  1.533E+0000 -6.000E+0001
  20.250 -2.51E-0002  1.516E+0000 -6.000E+0001
  20.300 -2.52E-0002  1.500E+0000 -6.000E+0001
  20.350 -2.53E-0002  1.484E+0000 -6.000E+0001
  20.400 -2.54E-0002  1.468E+0000 -6.000E+0001
  20.450 -2.55E-0002  1.452E+0000 -6.000E+0001
  20.500 -2.57E-0002  1.437E+0000 -6.000E+0001
  20.550 -2.58E-0002  1.422E+0000 -6.000E+0001
  20.600 -2.59E-0002  1.407E+0000 -6.000E+0001
  20.650 -2.60E-0002  1.392E+0000 -6.000E+0001
  20.700 -2.62E-0002  1.378E+0000 -6.000E+0001
  20.750 -2.63E-0002  1.364E+0000 -6.000E+0001
  20.800 -2.64E-0002  1.350E+0000 -6.000E+0001
  20.850 -2.65E-0002  1.336E+0000 -6.000E+0001
  20.900 -2.66E-0002  1.323E+0000 -6.000E+0001
  20.950 -2.68E-0002  1.310E+0000 -6.000E+0001
  21.000 -2.69E-0002  1.297E+0000 -6.000E+0001
  21.050 -2.70E-0002  1.284E+0000 -6.000E+0001
  21.100 -2.71E-0002  1.271E+0000 -6.000E+0001
  21.150 -2.73E-0002  1.259E+0000 -6.000E+0001
  21.200 -2.74E-0002  1.247E+0000 -6.000E+0001
  21.250 -2.75E-0002  1.235E+0000 -6.000E+0001
  21.300 -2.76E-0002  1.223E+0000 -6.000E+0001
  21.350 -2.77E-0002  1.212E+0000 -6.000E+0001
  21.400 -2.79E-0002  1.200E+0000 -6.000E+0001
  21.450 -2.80E-0002  1.189E+0000 -6.000E+0001
  21.500 -2.81E-0002  1.178E+0000 -6.000E+0001
  21.550 -2.82E-0002  1.167E+0000 -6.000E+0001
  21.600 -2.84E-0002  1.157E+0000 -6.000E+0001
  21.650 -2.85E-0002  1.146E+0000 -6.000E+0001
  21.700 -2.86E-0002  1.136E+0000 -6.000E+0001
  21.750 -2.87E-0002  1.126E+0000 -6.000E+0001
  21.800 -2.88E-0002  1.116E+0000 -6.000E+0001
  21.850 -2.90E-0002  1.106E+0000 -6.000E+0001
  21.900 -2.91E-0002  1.096E+0000 -6.000E+0001
  21.950 -2.92E-0002  1.087E+0000 -6.000E+0001
  22.000 -2.93E-0002  1.077E+0000 -6.000E+0001
  22.050 -2.95E-0002  1.068E+0000 -6.000E+0001
  22.100 -2.96E-0002  1.059E+0000 -6.000E+0001
  22.150 -2.97E-0002  1.050E+0000 -6.000E+0001
  22.200 -2.98E-0002  1.041E+0000 -6.000E+0001
  22.250 -2.99E-0002  1.032E+0000 -6.000E+0001
  22.300 -3.01E-0002  1.024E+0000 -6.000E+0001
  22.350 -3.02E-0002  1.015E+0000 -6.000E+0001
  22.400 -3.03E-0002  1.007E+0000 -6.000E+0001
  22.450 -3.04E-0002  9.989E-0001 -6.000E+0001
  22.500 -3.06E-0002  9.908E-0001 -6.000E+0001
  22.550 -3.07E-0002  9.829E-0001 -6.000E+0001
  22.600 -3.08E-0002  9.751E-0001 -6.000E+0001
  22.650 -3.09E-0002  9.674E-0001 -6.000E+0001
  22.700 -3.10E-0002  9.598E-0001 -6.000E+0001
  22.750 -3.12E-0002  9.523E-0001 -6.000E+0001
  22.800 -3.13E-0002  9.450E-0001 -6.000E+0001
  22.850 -3.14E-0002  9.377E-0001 -6.000E+0001
  22.900 -3.15E-0002  9.306E-0001 -6.000E+0001
  22.950 -3.17E-0002  9.236E-0001 -6.000E+0001
  23.000 -3.18E-0002  9.167E-0001 -6.000E+0001
  23.050 -3.19E-0002  9.098E-0001 -6.000E+0001
  23.100 -3.20E-0002  9.031E-0001 -6.000E+0001
  23.150 -3.21E-0002  8.965E-0001 -6.000E+0001
  23.200 -3.23E-0002  8.899E-0001 -6.000E+0001
  23.250 -3.24E-0002  8.835E-0001 -6.000E+0001
  23.300 -3.25E-0002  8.772E-0001 -6.000E+0001
  23.350 -3.26E-0002  8.709E-0001 -6.000E+0001
  23.400 -3.28E-0002  8.648E-0001 -6.000E+0001
  23.450 -3.29E-0002  8.587E-0001 -6.000E+0001
  23.500 -3.30E-0002  8.527E-0001 -6.000E+0001
  23.550 -3.31E-0002  8.468E-0001 -6.000E+0001
  23.600 -3.32E-0002  8.410E-0001 -6.000E+0001
  23.650 -3.34E-0002  8.352E-0001 -6.000E+0001
  23.700 -3.35E-0002  8.296E-0001 -6.000E+0001
  23.750 -3.36E-0002  8.240E-0001 -6.000E+0001
  23.800 -3.37E-0002  8.185E-0001 -6.000E+0001
  23.850 -3.39E-0002  8.131E-0001 -6.000E+0001
  23.900 -3.40E-0002  8.078E-0001 -6.000E+0001
  23.950 -3.41E-0002  8.025E-0001 -6.000E+0001
  24.000 -3.42E-0002  7.973E-0001 -6.000E+0001
  24.050 -3.43E-0002  7.922E-0001 -6.000E+0001
  24.100 -3.45E-0002  7.871E-0001 -6.000E+0001
  24.150 -3.46E-0002  7.822E-0001 -6.000E+0001
  24.200 -3.47E-0002  7.772E-0001 -6.000E+0001
  24.250 -3.48E-0002  7.724E-0001 -6.000E+0001
  24.300 -3.50E-0002  7.676E-0001 -6.000E+0001
  24.350 -3.51E-0002  7.629E-0001 -6.000E+0001
  24.400 -3.52E-0002  7.583E-0001 -6.000E+0001
  24.450 -3.53E-0002  7.537E-0001 -6.000E+0001
  24.500 -3.54E-0002  7.492E-0001 -6.000E+0001
  24.550 -3.56E-0002  7.447E-0001 -6.000E+0001
  24.600 -3.57E-0002  7.403E-0001 -6.000E+0001
  24.650 -3.58E-0002  7.360E-0001 -6.000E+0001
  24.700 -3.59E-0002  7.317E-0001 -6.000E+0001
  24.750 -3.61E-0002  7.275E-0001 -6.000E+0001
  24.800 -3.62E-0002  7.233E-0001 -6.000E+0001
  24.850 -3.63E-0002  7.192E-0001 -6.000E+0001
  24.900 -3.64E-0002  7.151E-0001 -6.000E+0001
  24.950 -3.65E-0002  7.111E-0001 -6.000E+0001
  25.000 -3.67E-0002  7.072E-0001 -6.000E+0001
  25.050 -3.68E-0002  7.033E-0001 -6.000E+0001
  25.100 -3.69E-0002  6.994E-0001 -6.000E+0001
  25.150 -3.70E-0002  6.956E-0001 -6.000E+0001
  25.200 -3.72E-0002  6.919E-0001 -6.000E+0001
  25.250 -3.73E-0002  6.882E-0001 -6.000E+0001
  25.300 -3.74E-0002  6.845E-0001 -6.000E+0001
  25.350 -3.75E-0002  6.809E-0001 -6.000E+0001
  25.400 -3.76E-0002  6.774E-0001 -6.000E+0001
  25.450 -3.78E-0002  6.739E-0001 -6.000E+0001
  25.500 -3.79E-0002  6.704E-0001 -6.000E+0001
  25.550 -3.80E-0002  6.670E-0001 -6.000E+0001
  25.600 -3.81E-0002  6.636E-0001 -6.000E+0001
  25.650 -3.83E-0002  6.603E-0001 -6.000E+0001
  25.700 -3.84E-0002  6.570E-0001 -6.000E+0001
  25.750 -3.85E-0002  6.538E-0001 -6.000E+0001
  25.800 -3.86E-0002  6.505E-0001 -6.000E+0001
  25.850 -3.87E-0002  6.474E-0001 -6.000E+0001
  25.900 -3.89E-0002  6.443E-0001 -6.000E+0001
  25.950 -3.90E-0002  6.412E-0001 -6.000E+0001
  26.000 -3.91E-0002  6.381E-0001 -6.000E+0001
  26.050 -3.92E-0002  6.351E-0001 -6.000E+0001
  26.100 -3.94E-0002  6.322E-0001 -6.000E+0001
  26.150 -3.95E-0002  6.292E-0001 -6.000E+0001
  26.200 -3.96E-0002  6.263E-0001 -6.000E+0001
  26.250 -3.97E-0002  6.235E-0001 -6.000E+0001
  26.300 -3.98E-0002  6.207E-0001 -6.000E+0001
  26.350 -4.00E-0002  6.179E-0001 -6.000E+0001
  26.400 -4.01E-0002  6.151E-0001 -6.000E+0001
  26.450 -4.02E-0002  6.124E-0001 -6.000E+0001
  26.500 -4.03E-0002  6.097E-0001 -6.000E+0001
  26.550 -4.05E-0002  6.071E-0001 -6.000E+0001
  26.600 -4.06E-0002  6.044E-0001 -6.000E+0001
  26.650 -4.07E-0002  6.019E-0001 -6.000E+0001
  26.700 -4.08E-0002  5.993E-0001 -6.000E+0001
  26.750 -4.09E-0002  5.968E-0001 -6.000E+0001
  26.800 -4.11E-0002  5.943E-0001 -6.000E+0001
  26.850 -4.12E-0002  5.918E-0001 -6.000E+0001
  26.900 -4.13E-0002  5.894E-0001 -6.000E+0001
  26.950 -4.14E-0002  5.870E-0001 -6.000E+0001
  27.000 -4.16E-0002  5.846E-0001 -6.000E+0001
  27.050 -4.17E-0002  5.823E-0001 -6.000E+0001
  27.100 -4.18E-0002  5.800E-0001 -6.000E+0001
  27.150 -4.19E-0002  5.777E-0001 -6.000E+0001
  27.200 -4.20E-0002  5.754E-0001 -6.000E+0001
  27.250 -4.22E-0002  5.732E-0001 -6.000E+0001
  27.300 -4.23E-0002  5.710E-0001 -6.000E+0001
  27.350 -4.24E-0002  5.688E-0001 -6.000E+0001
  27.400 -4.25E-0002  5.666E-0001 -6.000E+0001
  27.450 -4.27E-0002  5.645E-0001 -6.000E+0001
  27.500 -4.28E-0002  5.624E-0001 -6.000E+0001
  27.550 -4.29E-0002  5.603E-0001 -6.000E+0001
  27.600 -4.30E-0002  5.583E-0001 -6.000E+0001
  27.650 -4.31E-0002  5.563E-0001 -6.000E+0001
  27.700 -4.33E-0002  5.542E-0001 -6.000E+0001
  27.750 -4.34E-0002  5.523E-0001 -6.000E+0001
  27.800 -4.35E-0002  5.503E-0001 -6.000E+0001
  27.850 -4.36E-0002  5.484E-0001 -6.000E+0001
  27.900 -4.38E-0002  5.465E-0001 -6.000E+0001
  27.950 -4.39E-0002  5.446E-0001 -6.000E+0001
  28.000 -4.40E-0002  5.427E-0001 -6.000E+0001
  28.050 -4.41E-0002  5.409E-0001 -6.000E+0001
  28.100 -4.42E-0002  5.390E-0001 -6.000E+0001
  28.150 -4.44E-0002  5.372E-0001 -6.000E+0001
  28.200 -4.45E-0002  5.354E-0001 -6.000E+0001
  28.250 -4.46E-0002  5.337E-0001 -6.000E+0001
  28.300 -4.47E-0002  5.319E-0001 -6.000E+0001
  28.350 -4.49E-0002  5.302E-0001 -6.000E+0001
  28.400 -4.50E-0002  5.285E-0001 -6.000E+0001
  28.450 -4.51E-0002  5.268E-0001 -6.000E+0001
  28.500 -4.52E-0002  5.252E-0001 -6.000E+0001
  28.550 -4.53E-0002  5.235E-0001 -6.000E+0001
  28.600 -4.55E-0002  5.219E-0001 -6.000E+0001
  28.650 -4.56E-0002  5.203E-0001 -6.000E+0001
  28.700 -4.57E-0002  5.187E-0001 -6.000E+0001
  28.750 -4.58E-0002  5.171E-0001 -6.000E+0001
  28.800 -4.60E-0002  5.156E-0001 -6.000E+0001
  28.850 -4.61E-0002  5.141E-0001 -6.000E+0001
  28.900 -4.62E-0002  5.125E-0001 -6.000E+0001
  28.950 -4.63E-0002  5.110E-0001 -6.000E+0001
  29.000 -4.64E-0002  5.096E-0001 -6.000E+0001
  29.050 -4.66E-0002  5.081E-0001 -6.000E+0001
  29.100 -4.67E-0002  5.066E-0001 -6.000E+0001
  29.150 -4.68E-0002  5.052E-0001 -6.000E+0001
  29.200 -4.69E-0002  5.038E-0001 -6.000E+0001
  29.250 -4.71E-0002  5.024E-0001 -6.000E+0001
  29.300 -4.72E-0002  5.010E-0001 -6.000E+0001
  29.350 -4.73E-0002  4.996E-0001 -6.000E+0001
  29.400 -4.74E-0002  4.983E-0001 -6.000E+0001
  29.450 -4.75E-0002  4.969E-0001 -6.000E+0001
  29.500 -4.77E-0002  4.956E-0001 -6.000E+0001
  29.550 -4.78E-0002  4.943E-0001 -6.000E+0001
  29.600 -4.79E-0002  4.930E-0001 -6.000E+0001
  29.650 -4.80E-0002  4.917E-0001 -6.000E+0001
  29.700 -4.82E-0002  4.905E-0001 -6.000E+0001
  29.750 -4.83E-0002  4.892E-0001 -6.000E+0001
  29.800 -4.84E-0002  4.880E-0001 -6.000E+0001
  29.850 -4.85E-0002  4.867E-0001 -6.000E+0001
  29.900 -4.86E-0002  4.855E-0001 -6.000E+0001
  29.950 -4.88E-0002  4.843E-0001 -6.000E+0001
  30.000 -4.89E-0002  4.831E-0001 -6.000E+0001
  30.050 -4.90E-0002  4.820E-0001 -6.000E+0001
  30.100 -4.91E-0002  4.808E-0001 -6.000E+0001
  30.150 -4.93E-0002  4.797E-0001 -6.000E+0001
  30.200 -4.94E-0002  4.785E-0001 -6.000E+0001
  30.250 -4.95E-0002  4.774E-0001 -6.000E+0001
  30.300 -4.96E-0002  4.763E-0001 -6.000E+0001
  30.350 -4.98E-0002  4.752E-0001 -6.000E+0001
  30.400 -4.99E-0002  4.741E-0001 -6.000E+0001
  30.450 -5.00E-0002  4.730E-0001 -6.000E+0001
  30.500 -5.01E-0002  4.720E-0001 -6.000E+0001
  30.550 -5.02E-0002  4.709E-0001 -6.000E+0001
  30.600 -5.04E-0002  4.699E-0001 -6.000E+0001
  30.650 -5.05E-0002  4.688E-0001 -6.000E+0001
  30.700 -5.06E-0002  4.678E-0001 -6.000E+0001
  30.750 -5.07E-0002  4.668E-0001 -6.000E+0001
  30.800 -5.09E-0002  4.658E-0001 -6.000E+0001
  30.850 -5.10E-0002  4.648E-0001 -6.000E+0001
  30.900 -5.11E-0002  4.639E-0001 -6.000E+0001
  30.950 -5.12E-0002  4.629E-0001 -6.000E+0001
  31.000 -5.13E-0002  4.619E-0001 -6.000E+0001
  31.050 -5.15E-0002  4.610E-0001 -6.000E+0001
  31.100 -5.16E-0002  4.601E-0001 -6.000E+0001
  31.150 -5.17E-0002  4.591E-0001 -6.000E+0001
  31.200 -5.18E-0002  4.582E-0001 -6.000E+0001
  31.250 -5.20E-0002  4.573E-0001 -6.000E+0001
  31.300 -5.21E-0002  4.564E-0001 -6.000E+0001
  31.350 -5.22E-0002  4.555E-0001 -6.000E+0001
  31.400 -5.23E-0002  4.546E-0001 -6.000E+0001
  31.450 -5.24E-0002  4.538E-0001 -6.000E+0001
  31.500 -5.26E-0002  4.529E-0001 -6.000E+0001
  31.550 -5.27E-0002  4.521E-0001 -6.000E+0001
  31.600 -5.28E-0002  4.512E-0001 -6.000E+0001
  31.650 -5.29E-0002  4.504E-0001 -6.000E+0001
  31.700 -5.31E-0002  4.496E-0001 -6.000E+0001
  31.750 -5.32E-0002  4.488E-0001 -6.000E+0001
  31.800 -5.33E-0002  4.480E-0001 -6.000E+0001
  31.850 -5.34E-0002  4.472E-0001 -6.000E+0001
  31.900 -5.35E-0002  4.464E-0001 -6.000E+0001
  31.950 -5.37E-0002  4.456E-0001 -6.000E+0001
  32.000 -5.38E-0002  4.448E-0001 -6.000E+0001
  32.050 -5.39E-0002  4.441E-0001 -6.000E+0001
  32.100 -5.40E-0002  4.433E-0001 -6.000E+0001
  32.150 -5.42E-0002  4.425E-0001 -6.000E+0001
  32.200 -5.43E-0002  4.418E-0001 -6.000E+0001
  32.250 -5.44E-0002  4.411E-0001 -6.000E+0001
  32.300 -5.45E-0002  4.403E-0001 -6.000E+0001
  32.350 -5.46E-0002  4.396E-0001 -6.000E+0001
  32.400 -5.48E-0002  4.389E-0001 -6.000E+0001
  32.450 -5.49E-0002  4.382E-0001 -6.000E+0001
  32.500 -5.50E-0002  4.375E-0001 -6.000E+0001
  32.550 -5.51E-0002  4.368E-0001 -6.000E+0001
  32.600 -5.53E-0002  4.361E-0001 -6.000E+0001
  32.650 -5.54E-0002  4.355E-0001 -6.000E+0001
  32.700 -5.55E-0002  4.348E-0001 -6.000E+0001
  32.750 -5.56E-0002  4.341E-0001 -6.000E+0001
  32.800 -5.57E-0002  4.335E-0001 -6.000E+0001
  32.850 -5.59E-0002  4.328E-0001 -6.000E+0001
  32.900 -5.60E-0002  4.322E-0001 -6.000E+0001
  32.950 -5.61E-0002  4.316E-0001 -6.000E+0001
  33.000 -5.62E-0002  4.309E-0001 -6.000E+0001
  33.050 -5.64E-0002  4.303E-0001 -6.000E+0001
  33.100 -5.65E-0002  4.297E-0001 -6.000E+0001
  33.150 -5.66E-0002  4.291E-0001 -6.000E+0001
  33.200 -5.67E-0002  4.285E-0001 -6.000E+0001
  33.250 -5.68E-0002  4.279E-0001 -6.000E+0001
  33.300 -5.70E-0002  4.273E-0001 -6.000E+0001
  33.350 -5.71E-0002  4.267E-0001 -6.000E+0001
  33.400 -5.72E-0002  4.261E-0001 -6.000E+0001
  33.450 -5.73E-0002  4.256E-0001 -6.000E+0001
  33.500 -5.75E-0002  4.250E-0001 -6.000E+0001
  33.550 -5.76E-0002  4.244E-0001 -6.000E+0001
  33.600 -5.77E-0002  4.239E-0001 -6.000E+0001
  33.650 -5.78E-0002  4.233E-0001 -6.000E+0001
  33.700 -5.79E-0002  4.228E-0001 -6.000E+0001
  33.750 -5.81E-0002  4.222E-0001 -6.000E+0001
  33.800 -5.82E-0002  4.217E-0001 -6.000E+0001
  33.850 -5.83E-0002  4.212E-0001 -6.000E+0001
  33.900 -5.84E-0002  4.207E-0001 -6.000E+0001
  33.950 -5.86E-0002  4.201E-0001 -6.000E+0001
  34.000 -5.87E-0002  4.196E-0001 -6.000E+0001
  34.050 -5.88E-0002  4.191E-0001 -6.000E+0001
  34.100 -5.89E-0002  4.186E-0001 -6.000E+0001
  34.150 -5.90E-0002  4.181E-0001 -6.000E+0001
  34.200 -5.92E-0002  4.176E-0001 -6.000E+0001
  34.250 -5.93E-0002  4.171E-0001 -6.000E+0001
  34.300 -5.94E-0002  4.167E-0001 -6.000E+0001
  34.350 -5.95E-0002  4.162E-0001 -6.000E+0001
  34.400 -5.97E-0002  4.157E-0001 -6.000E+0001
  34.450 -5.98E-0002  4.152E-0001 -6.000E+0001
  34.500 -5.99E-0002  4.148E-0001 -6.000E+0001
  34.550 -6.00E-0002  4.143E-0001 -6.000E+0001
  34.600 -6.01E-0002  4.139E-0001 -6.000E+0001
  34.650 -6.03E-0002  4.134E-0001 -6.000E+0001
  34.700 -6.04E-0002  4.130E-0001 -6.000E+0001
  34.750 -6.05E-0002  4.125E-0001 -6.000E+0001
  34.800 -6.06E-0002  4.121E-0001 -6.000E+0001
  34.850 -6.08E-0002  4.117E-0001 -6.000E+0001
  34.900 -6.09E-0002  4.112E-0001 -6.000E+0001
  34.950 -6.10E-0002  4.108E-0001 -6.000E+0001
  35.000 -6.11E-0002  4.104E-0001 -6.000E+0001
  35.050 -6.12E-0002  4.100E-0001 -6.000E+0001
  35.100 -6.14E-0002  4.096E-0001 -6.000E+0001
  35.150 -6.15E-0002  4.091E-0001 -6.000E+0001
  35.200 -6.16E-0002  4.087E-0001 -6.000E+0001
  35.250 -6.17E-0002  4.083E-0001 -6.000E+0001
  35.300 -6.19E-0002  4.079E-0001 -6.000E+0001
  35.350 -6.20E-0002  4.076E-0001 -6.000E+0001
  35.400 -6.21E-0002  4.072E-0001 -6.000E+0001
  35.450 -6.22E-0002  4.068E-0001 -6.000E+0001
  35.500 -6.23E-0002  4.064E-0001 -6.000E+0001
  35.550 -6.25E-0002  4.060E-0001 -6.000E+0001
  35.600 -6.26E-0002  4.057E-0001 -6.000E+0001
  35.650 -6.27E-0002  4.053E-0001 -6.000E+0001
  35.700 -6.28E-0002  4.049E-0001 -6.000E+0001
  35.750 -6.30E-0002  4.046E-0001 -6.000E+0001
  35.800 -6.31E-0002  4.042E-0001 -6.000E+0001
  35.850 -6.32E-0002  4.038E-0001 -6.000E+0001
  35.900 -6.33E-0002  4.035E-0001 -6.000E+0001
  35.950 -6.34E-0002  4.031E-0001 -6.000E+0001
  36.000 -6.36E-0002  4.028E-0001 -6.000E+0001
  36.050 -6.37E-0002  4.025E-0001 -6.000E+0001
  36.100 -6.38E-0002  4.021E-0001 -6.000E+0001
  36.150 -6.39E-0002  4.018E-0001 -6.000E+0001
  36.200 -6.41E-0002  4.015E-0001 -6.000E+0001
  36.250 -6.42E-0002  4.011E-0001 -6.000E+0001
  36.300 -6.43E-0002  4.008E-0001 -6.000E+0001
  36.350 -6.44E-0002  4.005E-0001 -6.000E+0001
  36.400 -6.45E-0002  4.002E-0001 -6.000E+0001
  36.450 -6.47E-0002  3.998E-0001 -6.000E+0001
  36.500 -6.48E-0002  3.995E-0001 -6.000E+0001
  36.550 -6.49E-0002  3.992E-0001 -6.000E+0001
  36.600 -6.50E-0002  3.989E-0001 -6.000E+0001
  36.650 -6.52E-0002  3.986E-0001 -6.000E+0001
  36.700 -6.53E-0002  3.983E-0001 -6.000E+0001
  36.750 -6.54E-0002  3.980E-0001 -6.000E+0001
  36.800 -6.55E-0002  3.977E-0001 -6.000E+0001
  36.850 -6.56E-0002  3.974E-0001 -6.000E+0001
  36.900 -6.58E-0002  3.971E-0001 -6.000E+0001
  36.950 -6.59E-0002  3.969E-0001 -6.000E+0001
  37.000 -6.60E-0002  3.966E-0001 -6.000E+0001
  37.050 -6.61E-0002  3.963E-0001 -6.000E+0001
  37.100 -6.63E-0002  3.960E-0001 -6.000E+0001
  37.150 -6.64E-0002  3.957E-0001 -6.000E+0001
  37.200 -6.65E-0002  3.955E-0001 -6.000E+0001
  37.250 -6.66E-0002  3.952E-0001 -6.000E+0001
  37.300 -6.67E-0002  3.949E-0001 -6.000E+0001
  37.350 -6.69E-0002  3.947E-0001 -6.000E+0001
  37.400 -6.70E-0002  3.944E-0001 -6.000E+0001
  37.450 -6.71E-0002  3.941E-0001 -6.000E+0001
  37.500 -6.72E-0002  3.939E-0001 -6.000E+0001
  37.550 -6.74E-0002  3.936E-0001 -6.000E+0001
  37.600 -6.75E-0002  3.934E-0001 -6.000E+0001
  37.650 -6.76E-0002  3.931E-0001 -6.000E+0001
  37.700 -6.77E-0002  3.929E-0001 -6.000E+0001
  37.750 -6.78E-0002  3.926E-0001 -6.000E+0001
  37.800 -6.80E-0002  3.924E-0001 -6.000E+0001
  37.850 -6.81E-0002  3.921E-0001 -6.000E+0001
  37.900 -6.82E-0002  3.919E-0001 -6.000E+0001
  37.950 -6.83E-0002  3.917E-0001 -6.000E+0001
  38.000 -6.85E-0002  3.914E-0001 -6.000E+0001
  38.050 -6.86E-0002  3.912E-0001 -6.000E+0001
  38.100 -6.87E-0002  3.910E-0001 -6.000E+0001
  38.150 -6.88E-0002  3.907E-0001 -6.000E+0001
  38.200 -6.89E-0002  3.905E-0001 -6.000E+0001
  38.250 -6.91E-0002  3.903E-0001 -6.000E+0001
  38.300 -6.92E-0002  3.901E-0001 -6.000E+0001
  38.350 -6.93E-0002  3.899E-0001 -6.000E+0001
  38.400 -6.94E-0002  3.896E-0001 -6.000E+0001
  38.450 -6.96E-0002  3.894E-0001 -6.000E+0001
  38.500 -6.97E-0002  3.892E-0001 -6.000E+0001
  38.550 -6.98E-0002  3.890E-0001 -6.000E+0001
  38.600 -6.99E-0002  3.888E-0001 -6.000E+0001
  38.650 -7.00E-0002  3.886E-0001 -6.000E+0001
  38.700 -7.02E-0002  3.884E-0001 -6.000E+0001
  38.750 -7.03E-0002  3.882E-0001 -6.000E+0001
  38.800 -7.04E-0002  3.880E-0001 -6.000E+0001
  38.850 -7.05E-0002  3.878E-0001 -6.000E+0001
  38.900 -7.07E-0002  3.876E-0001 -6.000E+0001
  38.950 -7.08E-0002  3.874E-0001 -6.000E+0001
  39.000 -7.09E-0002  3.872E-0001 -6.000E+0001
  39.050 -7.10E-0002  3.870E-0001 -6.000E+0001
  39.100 -7.11E-0002  3.868E-0001 -6.000E+0001
  39.150 -7.13E-0002  3.866E-0001 -6.000E+0001
  39.200 -7.14E-0002  3.864E-0001 -6.000E+0001
  39.250 -7.15E-0002  3.863E-0001 -6.000E+0001
  39.300 -7.16E-0002  3.861E-0001 -6.000E+0001
  39.350 -7.18E-0002  3.859E-0001 -6.000E+0001
  39.400 -7.19E-0002  3.857E-0001 -6.000E+0001
  39.450 -7.20E-0002  3.855E-0001 -6.000E+0001
  39.500 -7.21E-0002  3.854E-0001 -6.000E+0001
  39.550 -7.22E-0002  3.852E-0001 -6.000E+0001
  39.600 -7.24E-0002  3.850E-0001 -6.000E+0001
  39.650 -7.25E-0002  3.849E-0001 -6.000E+0001
  39.700 -7.26E-0002  3.847E-0001 -6.000E+0001
  39.750 -7.27E-0002  3.845E-0001 -6.000E+0001
  39.800 -7.29E-0002  3.843E-0001 -6.000E+0001
  39.850 -7.30E-0002  3.842E-0001 -6.000E+0001
  39.900 -7.31E-0002  3.840E-0001 -6.000E+0001
  39.950 -7.32E-0002  3.839E-0001 -6.000E+0001
