   -1.050  0.00E+0000  1.060E-0002 -6.000E+0001
   0.050  0.00E+0000  1.060E-0002 -6.000E+0001
   0.100  1.27E-0002  6.175E-0001  0.000E+0000
   0.150  3.75E-0002  2.496E+0000  0.000E+0000
   0.200  7.62E-0002  5.435E+0000  0.000E+0000
   0.250  1.17E-0001  8.944E+0000  0.000E+0000
   0.300  1.62E-0001  1.256E+0001  0.000E+0000
   0.350  2.17E-0001  1.596E+0001  0.000E+0000
   0.400  2.78E-0001  1.895E+0001  0.000E+0000
   0.450  3.42E-0001  2.142E+0001  0.000E+0000
   0.500  4.09E-0001  2.336E+0001  0.000E+0000
   0.550  4.85E-0001  2.479E+0001  0.000E+0000
   0.600  5.69E-0001  2.576E+0001  0.000E+0000
   0.650  6.40E-0001  2.633E+0001  0.000E+0000
   0.700  7.09E-0001  2.656E+0001  0.000E+0000
   0.750  7.73E-0001  2.652E+0001  0.000E+0000
   0.800  8.36E-0001  2.626E+0001  0.000E+0000
   0.850  8.96E-0001  2.583E+0001  0.000E+0000
   0.900  9.42E-0001  2.527E+0001  0.000E+0000
   0.950  9.76E-0001  2.461E+0001  0.000E+0000
   1.000  9.89E-0001  2.388E+0001  0.000E+0000
   1.050  9.86E-0001  2.311E+0001  0.000E+0000
   1.100  9.78E-0001  2.231E+0001  0.000E+0000
   1.150  9.56E-0001  2.149E+0001  0.000E+0000
   1.200  9.31E-0001  2.066E+0001  0.000E+0000
   1.250  9.05E-0001  1.985E+0001  0.000E+0000
   1.300  8.70E-0001  1.904E+0001  0.000E+0000
   1.350  8.31E-0001  1.825E+0001  0.000E+0000
   1.400  7.92E-0001  1.748E+0001  0.000E+0000
   1.450  7.54E-0001  1.674E+0001  0.000E+0000
   1.500  7.15E-0001  1.601E+0001  0.000E+0000
   1.550  6.76E-0001  1.531E+0001  0.000E+0000
   1.600  6.36E-0001  1.464E+0001  0.000E+0000
   1.650  5.93E-0001  1.399E+0001  0.000E+0000
   1.700  5.50E-0001  1.338E+0001  0.000E+0000
   1.750  5.07E-0001  1.278E+0001  0.000E+0000
   1.800  4.65E-0001  1.221E+0001  0.000E+0000
   1.850  4.22E-0001  1.167E+0001  0.000E+0000
   1.900  3.73E-0001  1.115E+0001  0.000E+0000
   1.950  3.23E-0001  1.065E+0001  0.000E+0000
   2.000  2.74E-0001  1.018E+0001  0.000E+0000
   2.050  2.24E-0001  9.726E+0000  0.000E+0000
   2.100  1.85E-0001  9.293E+0000  0.000E+0000
   2.150  1.49E-0001  8.879E+0000  0.000E+0000
   2.200  1.13E-0001  8.484E+0000  0.000E+0000
   2.250  7.82E-0002  8.108E+0000  0.000E+0000
   2.300  5.71E-0002  7.748E+0000  0.000E+0000
   2.350  3.60E-0002  7.406E+0000  0.000E+0000
   2.400  1.48E-0002  7.079E+0000  0.000E+0000
   2.450 -4.43E-0004  6.767E+0000  0.000E+0000
   2.500 -1.45E-0002  6.470E+0000  0.000E+0000
   2.550 -2.86E-0002  6.186E+0000  0.000E+0000
   2.600 -3.19E-0002  5.916E+0000  0.000E+0000
   2.650 -2.92E-0002  5.658E+0000  0.000E+0000
   2.700 -2.64E-0002  5.412E+0000  0.000E+0000
   2.750 -2.36E-0002  5.178E+0000  0.000E+0000
   2.800 -2.25E-0002  4.955E+0000  0.000E+0000
   2.850 -2.25E-0002  4.742E+0000  0.000E+0000
   2.900 -2.25E-0002  4.538E+0000  0.000E+0000
   2.950 -2.25E-0002  4.345E+0000  0.000E+0000
   3.000 -2.25E-0002  4.160E+0000  0.000E+0000
   3.050 -2.25E-0002  3.984E+0000  0.000E+0000
   3.100 -2.25E-0002  3.816E+0000  0.000E+0000
   3.150 -2.25E-0002  3.656E+0000  0.000E+0000
   3.200 -2.25E-0002  3.504E+0000  0.000E+0000
   3.250 -2.25E-0002  3.359E+0000  0.000E+0000
   3.300 -2.25E-0002  3.220E+0000  0.000E+0000
   3.350 -2.25E-0002  3.088E+0000  0.000E+0000
   3.400 -2.25E-0002  2.962E+0000  0.000E+0000
   3.450 -2.25E-0002  2.842E+0000  0.000E+0000
   3.500 -2.25E-0002  2.727E+0000  0.000E+0000
   3.550 -2.25E-0002  2.618E+0000  0.000E+0000
   3.600 -2.25E-0002  2.514E+0000  0.000E+0000
   3.650 -2.25E-0002  2.415E+0000  0.000E+0000
   3.700 -2.25E-0002  2.321E+0000  0.000E+0000
   3.750 -1.69E-0002  2.230E+0000  0.000E+0000
   3.800 -1.13E-0002  2.144E+0000  0.000E+0000
   3.850 -1.83E-0003  2.063E+0000  0.000E+0000
   3.900  7.85E-0003  1.984E+0000  0.000E+0000
   3.950  2.38E-0002  1.910E+0000  0.000E+0000
   4.000  4.32E-0002  1.839E+0000  0.000E+0000
   4.050  7.43E-0002  1.771E+0000  0.000E+0000
   4.100  1.06E-0001  1.707E+0000  0.000E+0000
   4.150  1.40E-0001  1.645E+0000  0.000E+0000
   4.200  1.72E-0001  1.587E+0000  0.000E+0000
   4.250  2.00E-0001  1.531E+0000  0.000E+0000
   4.300  2.26E-0001  1.478E+0000  0.000E+0000
   4.350  2.42E-0001  1.427E+0000  0.000E+0000
   4.400  2.52E-0001  1.378E+0000  0.000E+0000
   4.450  2.58E-0001  1.332E+0000  0.000E+0000
   4.500  2.58E-0001  1.288E+0000  0.000E+0000
   4.550  2.58E-0001  1.246E+0000  0.000E+0000
   4.600  2.55E-0001  1.206E+0000  0.000E+0000
   4.650  2.50E-0001  1.168E+0000  0.000E+0000
   4.700  2.44E-0001  1.132E+0000  0.000E+0000
   4.750  2.32E-0001  1.097E+0000  0.000E+0000
   4.800  2.21E-0001  1.064E+0000  0.000E+0000
   4.850  2.09E-0001  1.033E+0000  0.000E+0000
   4.900  1.98E-0001  1.003E+0000  0.000E+0000
   4.950  1.86E-0001  9.739E-0001  0.000E+0000
   5.000  1.73E-0001  9.466E-0001  0.000E+0000
   5.050  1.59E-0001  7.247E-0001 -6.000E+0001
   5.100  1.45E-0001  5.151E-0001 -6.000E+0001
   5.150  1.30E-0001  3.520E-0001 -6.000E+0001
   5.200  1.16E-0001  2.355E-0001 -6.000E+0001
   5.250  1.01E-0001  1.561E-0001 -6.000E+0001
   5.300  8.75E-0002  1.033E-0001 -6.000E+0001
   5.350  7.33E-0002  6.874E-0002 -6.000E+0001
   5.400  5.90E-0002  4.623E-0002 -6.000E+0001
   5.450  4.47E-0002  3.157E-0002 -6.000E+0001
   5.500  3.05E-0002  2.199E-0002 -6.000E+0001
   5.550  1.78E-0002  1.567E-0002 -6.000E+0001
   5.600  7.27E-0003  1.145E-0002 -6.000E+0001
   5.650 -3.29E-0003  8.610E-0003 -6.000E+0001
   5.700 -1.26E-0002  6.665E-0003 -6.000E+0001
   5.750 -1.81E-0002  5.314E-0003 -6.000E+0001
   5.800 -2.37E-0002  4.363E-0003 -6.000E+0001
   5.850 -2.92E-0002  3.684E-0003 -6.000E+0001
   5.900 -3.40E-0002  3.195E-0003 -6.000E+0001
   5.950 -3.55E-0002  2.839E-0003 -6.000E+0001
   6.000 -3.71E-0002  2.579E-0003 -6.000E+0001
   6.050 -3.86E-0002  2.389E-0003 -6.000E+0001
   6.100 -4.02E-0002  2.251E-0003 -6.000E+0001
   6.150 -4.17E-0002  2.152E-0003 -6.000E+0001
   6.200 -4.33E-0002  2.084E-0003 -6.000E+0001
   6.250 -4.48E-0002  2.038E-0003 -6.000E+0001
   6.300 -4.54E-0002  2.011E-0003 -6.000E+0001
   6.350 -4.58E-0002  1.998E-0003 -6.000E+0001
   6.400 -4.62E-0002  1.996E-0003 -6.000E+0001
   6.450 -4.67E-0002  2.004E-0003 -6.000E+0001
   6.500 -4.71E-0002  2.019E-0003 -6.000E+0001
   6.550 -4.76E-0002  2.041E-0003 -6.000E+0001
   6.600 -4.80E-0002  2.067E-0003 -6.000E+0001
   6.650 -4.85E-0002  2.097E-0003 -6.000E+0001
   6.700 -4.89E-0002  2.130E-0003 -6.000E+0001
   6.750 -4.93E-0002  2.167E-0003 -6.000E+0001
   6.800 -4.98E-0002  2.205E-0003 -6.000E+0001
   6.850 -5.02E-0002  2.245E-0003 -6.000E+0001
   6.900 -5.07E-0002  2.286E-0003 -6.000E+0001
   6.950 -5.11E-0002  2.328E-0003 -6.000E+0001
   7.000 -5.16E-0002  2.371E-0003 -6.000E+0001
   7.050 -5.20E-0002  2.415E-0003 -6.000E+0001
   7.100 -5.24E-0002  2.460E-0003 -6.000E+0001
   7.150 -5.29E-0002  2.504E-0003 -6.000E+0001
   7.200 -5.33E-0002  2.549E-0003 -6.000E+0001
   7.250 -5.38E-0002  2.594E-0003 -6.000E+0001
   7.300 -5.42E-0002  2.640E-0003 -6.000E+0001
   7.350 -5.46E-0002  2.685E-0003 -6.000E+0001
   7.400 -5.51E-0002  2.730E-0003 -6.000E+0001
   7.450 -5.55E-0002  2.775E-0003 -6.000E+0001
   7.500 -5.60E-0002  2.820E-0003 -6.000E+0001
   7.550 -5.64E-0002  2.865E-0003 -6.000E+0001
   7.600 -5.69E-0002  2.910E-0003 -6.000E+0001
   7.650 -5.73E-0002  2.955E-0003 -6.000E+0001
   7.700 -5.77E-0002  2.999E-0003 -6.000E+0001
   7.750 -5.82E-0002  3.043E-0003 -6.000E+0001
   7.800 -5.86E-0002  3.087E-0003 -6.000E+0001
   7.850 -5.91E-0002  3.131E-0003 -6.000E+0001
   7.900 -5.95E-0002  3.175E-0003 -6.000E+0001
   7.950 -6.00E-0002  3.218E-0003 -6.000E+0001
   8.000 -6.04E-0002  3.261E-0003 -6.000E+0001
   8.050 -6.08E-0002  3.304E-0003 -6.000E+0001
   8.100 -6.13E-0002  3.347E-0003 -6.000E+0001
   8.150 -6.17E-0002  3.390E-0003 -6.000E+0001
   8.200 -6.22E-0002  3.432E-0003 -6.000E+0001
   8.250 -6.26E-0002  3.474E-0003 -6.000E+0001
   8.300 -6.31E-0002  3.515E-0003 -6.000E+0001
   8.350 -6.35E-0002  3.557E-0003 -6.000E+0001
   8.400 -6.39E-0002  3.598E-0003 -6.000E+0001
   8.450 -6.44E-0002  3.639E-0003 -6.000E+0001
   8.500 -6.48E-0002  3.680E-0003 -6.000E+0001
   8.550 -6.53E-0002  3.721E-0003 -6.000E+0001
   8.600 -6.57E-0002  3.761E-0003 -6.000E+0001
   8.650 -6.62E-0002  3.801E-0003 -6.000E+0001
   8.700 -6.66E-0002  3.841E-0003 -6.000E+0001
   8.750 -6.70E-0002  3.880E-0003 -6.000E+0001
   8.800 -6.74E-0002  3.920E-0003 -6.000E+0001
   8.850 -6.74E-0002  3.959E-0003 -6.000E+0001
   8.900 -6.74E-0002  3.998E-0003 -6.000E+0001
   8.950 -6.74E-0002  4.037E-0003 -6.000E+0001
   9.000 -6.74E-0002  4.075E-0003 -6.000E+0001
   9.050 -6.74E-0002  4.113E-0003 -6.000E+0001
   9.100 -6.74E-0002  4.151E-0003 -6.000E+0001
   9.150 -6.74E-0002  4.189E-0003 -6.000E+0001
   9.200 -6.74E-0002  4.227E-0003 -6.000E+0001
   9.250 -6.74E-0002  4.264E-0003 -6.000E+0001
   9.300 -6.74E-0002  4.301E-0003 -6.000E+0001
   9.350 -6.74E-0002  4.338E-0003 -6.000E+0001
   9.400 -6.74E-0002  4.375E-0003 -6.000E+0001
   9.450 -6.74E-0002  4.411E-0003 -6.000E+0001
   9.500 -6.74E-0002  4.448E-0003 -6.000E+0001
   9.550 -6.74E-0002  4.484E-0003 -6.000E+0001
   9.600 -6.74E-0002  4.520E-0003 -6.000E+0001
   9.650 -6.74E-0002  4.555E-0003 -6.000E+0001
   9.700 -6.74E-0002  4.591E-0003 -6.000E+0001
   9.750 -6.74E-0002  4.626E-0003 -6.000E+0001
   9.800 -6.74E-0002  4.661E-0003 -6.000E+0001
   9.850 -6.74E-0002  4.696E-0003 -6.000E+0001
   9.900 -6.74E-0002  4.730E-0003 -6.000E+0001
   9.950 -6.74E-0002  4.765E-0003 -6.000E+0001
  10.000 -6.74E-0002  4.799E-0003 -6.000E+0001
  10.050 -6.74E-0002  4.833E-0003 -6.000E+0001
  10.100 -6.74E-0002  2.814E-0001  0.000E+0000
  10.150 -6.74E-0002  1.138E+0000  0.000E+0000
  10.200 -6.74E-0002  2.479E+0000  0.000E+0000
  10.250 -6.74E-0002  4.081E+0000  0.000E+0000
  10.300 -6.74E-0002  5.735E+0000  0.000E+0000
  10.350 -6.74E-0002  7.291E+0000  0.000E+0000
  10.400 -6.74E-0002  8.658E+0000  0.000E+0000
  10.450 -6.74E-0002  9.792E+0000  0.000E+0000
  10.500 -6.74E-0002  1.068E+0001  0.000E+0000
  10.550 -6.74E-0002  1.134E+0001  0.000E+0000
  10.600 -6.74E-0002  1.179E+0001  0.000E+0000
  10.650 -6.74E-0002  1.206E+0001  0.000E+0000
  10.700 -6.74E-0002  1.217E+0001  0.000E+0000
  10.750 -6.74E-0002  1.216E+0001  0.000E+0000
  10.800 -6.74E-0002  1.205E+0001  0.000E+0000
  10.850 -6.74E-0002  1.186E+0001  0.000E+0000
  10.900 -6.74E-0002  1.161E+0001  0.000E+0000
  10.950 -6.74E-0002  1.132E+0001  0.000E+0000
  11.000 -6.74E-0002  1.099E+0001  0.000E+0000
  11.050 -6.74E-0002  1.064E+0001  0.000E+0000
  11.100 -6.74E-0002  1.028E+0001  0.000E+0000
  11.150 -6.74E-0002  9.920E+0000  0.000E+0000
  11.200 -6.74E-0002  9.550E+0000  0.000E+0000
  11.250 -6.74E-0002  9.181E+0000  0.000E+0000
  11.300 -6.74E-0002  8.818E+0000  0.000E+0000
  11.350 -6.74E-0002  8.462E+0000  0.000E+0000
  11.400 -6.74E-0002  8.115E+0000  0.000E+0000
  11.450 -6.74E-0002  7.778E+0000  0.000E+0000
  11.500 -6.74E-0002  7.452E+0000  0.000E+0000
  11.550 -6.74E-0002  7.137E+0000  0.000E+0000
  11.600 -6.74E-0002  6.834E+0000  0.000E+0000
  11.650 -6.74E-0002  6.542E+0000  0.000E+0000
  11.700 -6.74E-0002  6.263E+0000  0.000E+0000
  11.750 -6.74E-0002  5.994E+0000  0.000E+0000
  11.800 -6.74E-0002  5.737E+0000  0.000E+0000
  11.850 -6.74E-0002  5.491E+0000  0.000E+0000
  11.900 -6.74E-0002  5.256E+0000  0.000E+0000
  11.950 -6.74E-0002  5.031E+0000  0.000E+0000
  12.000 -6.74E-0002  4.816E+0000  0.000E+0000
  12.050 -6.74E-0002  4.611E+0000  0.000E+0000
  12.100 -6.74E-0002  4.415E+0000  0.000E+0000
  12.150 -6.74E-0002  4.228E+0000  0.000E+0000
  12.200 -6.74E-0002  4.050E+0000  0.000E+0000
  12.250 -6.74E-0002  3.879E+0000  0.000E+0000
  12.300 -6.74E-0002  3.717E+0000  0.000E+0000
  12.350 -6.74E-0002  3.562E+0000  0.000E+0000
  12.400 -6.74E-0002  3.414E+0000  0.000E+0000
  12.450 -6.74E-0002  3.273E+0000  0.000E+0000
  12.500 -6.74E-0002  3.139E+0000  0.000E+0000
  12.550 -6.74E-0002  3.011E+0000  0.000E+0000
  12.600 -6.74E-0002  2.888E+0000  0.000E+0000
  12.650 -6.74E-0002  2.772E+0000  0.000E+0000
  12.700 -6.74E-0002  2.661E+0000  0.000E+0000
  12.750 -6.74E-0002  2.555E+0000  0.000E+0000
  12.800 -6.74E-0002  2.454E+0000  0.000E+0000
  12.850 -6.74E-0002  2.357E+0000  0.000E+0000
  12.900 -6.74E-0002  2.266E+0000  0.000E+0000
  12.950 -6.74E-0002  2.178E+0000  0.000E+0000
  13.000 -6.74E-0002  2.095E+0000  0.000E+0000
  13.050 -6.74E-0002  2.015E+0000  0.000E+0000
  13.100 -6.74E-0002  1.939E+0000  0.000E+0000
  13.150 -6.74E-0002  1.867E+0000  0.000E+0000
  13.200 -6.74E-0002  1.798E+0000  0.000E+0000
  13.250 -6.74E-0002  1.732E+0000  0.000E+0000
  13.300 -6.74E-0002  1.669E+0000  0.000E+0000
  13.350 -6.74E-0002  1.610E+0000  0.000E+0000
  13.400 -6.74E-0002  1.553E+0000  0.000E+0000
  13.450 -6.74E-0002  1.498E+0000  0.000E+0000
  13.500 -6.74E-0002  1.447E+0000  0.000E+0000
  13.550 -6.74E-0002  1.397E+0000  0.000E+0000
  13.600 -6.74E-0002  1.350E+0000  0.000E+0000
  13.650 -6.74E-0002  1.305E+0000  0.000E+0000
  13.700 -6.74E-0002  1.263E+0000  0.000E+0000
  13.750 -6.74E-0002  1.222E+0000  0.000E+0000
  13.800 -6.74E-0002  1.183E+0000  0.000E+0000
  13.850 -6.74E-0002  1.146E+0000  0.000E+0000
  13.900 -6.74E-0002  1.111E+0000  0.000E+0000
  13.950 -6.74E-0002  1.077E+0000  0.000E+0000
  14.000 -6.74E-0002  1.045E+0000  0.000E+0000
  14.050 -6.74E-0002  1.014E+0000  0.000E+0000
  14.100 -6.74E-0002  9.851E-0001  0.000E+0000
  14.150 -6.74E-0002  9.573E-0001  0.000E+0000
  14.200 -6.74E-0002  9.308E-0001  0.000E+0000
  14.250 -6.74E-0002  9.055E-0001  0.000E+0000
  14.300 -6.74E-0002  8.814E-0001  0.000E+0000
  14.350 -6.74E-0002  8.585E-0001  0.000E+0000
  14.400 -6.74E-0002  8.366E-0001  0.000E+0000
  14.450 -6.74E-0002  8.157E-0001  0.000E+0000
  14.500 -6.74E-0002  7.958E-0001  0.000E+0000
  14.550 -6.74E-0002  7.768E-0001  0.000E+0000
  14.600 -6.74E-0002  7.588E-0001  0.000E+0000
  14.650 -6.74E-0002  7.415E-0001  0.000E+0000
  14.700 -6.74E-0002  7.251E-0001  0.000E+0000
  14.750 -6.74E-0002  7.094E-0001  0.000E+0000
  14.800 -6.74E-0002  6.945E-0001  0.000E+0000
  14.850 -6.74E-0002  6.802E-0001  0.000E+0000
  14.900 -6.74E-0002  6.667E-0001  0.000E+0000
  14.950 -6.74E-0002  6.537E-0001  0.000E+0000
  15.000 -6.74E-0002  6.414E-0001  0.000E+0000
  15.050 -6.74E-0002  5.573E-0001 -6.000E+0001
  15.100 -6.74E-0002  4.226E-0001 -6.000E+0001
  15.150 -6.74E-0002  3.003E-0001 -6.000E+0001
  15.200 -6.74E-0002  2.063E-0001 -6.000E+0001
  15.250 -6.74E-0002  1.393E-0001 -6.000E+0001
  15.300 -6.74E-0002  9.355E-0002 -6.000E+0001
  15.350 -6.74E-0002  6.294E-0002 -6.000E+0001
  15.400 -6.74E-0002  4.271E-0002 -6.000E+0001
  15.450 -6.74E-0002  2.938E-0002 -6.000E+0001
  15.500 -6.74E-0002  2.059E-0002 -6.000E+0001
  15.550 -6.74E-0002  1.474E-0002 -6.000E+0001
  15.600 -6.74E-0002  1.082E-0002 -6.000E+0001
  15.650 -6.74E-0002  8.172E-0003 -6.000E+0001
  15.700 -6.74E-0002  6.347E-0003 -6.000E+0001
  15.750 -6.74E-0002  5.076E-0003 -6.000E+0001
  15.800 -6.74E-0002  4.178E-0003 -6.000E+0001
  15.850 -6.74E-0002  3.537E-0003 -6.000E+0001
  15.900 -6.74E-0002  3.074E-0003 -6.000E+0001
  15.950 -6.74E-0002  2.737E-0003 -6.000E+0001
  16.000 -6.74E-0002  2.490E-0003 -6.000E+0001
  16.050 -6.74E-0002  2.311E-0003 -6.000E+0001
  16.100 -6.74E-0002  2.180E-0003 -6.000E+0001
  16.150 -6.74E-0002  2.088E-0003 -6.000E+0001
  16.200 -6.74E-0002  2.023E-0003 -6.000E+0001
  16.250 -6.74E-0002  1.981E-0003 -6.000E+0001
  16.300 -6.74E-0002  1.957E-0003 -6.000E+0001
  16.350 -6.74E-0002  1.946E-0003 -6.000E+0001
  16.400 -6.74E-0002  1.947E-0003 -6.000E+0001
  16.450 -6.74E-0002  1.956E-0003 -6.000E+0001
  16.500 -6.74E-0002  1.973E-0003 -6.000E+0001
  16.550 -6.74E-0002  1.995E-0003 -6.000E+0001
  16.600 -6.74E-0002  2.022E-0003 -6.000E+0001
  16.650 -6.74E-0002  2.053E-0003 -6.000E+0001
  16.700 -6.74E-0002  2.087E-0003 -6.000E+0001
  16.750 -6.74E-0002  2.124E-0003 -6.000E+0001
  16.800 -6.74E-0002  2.162E-0003 -6.000E+0001
  16.850 -6.74E-0002  2.203E-0003 -6.000E+0001
  16.900 -6.74E-0002  2.244E-0003 -6.000E+0001
  16.950 -6.74E-0002  2.287E-0003 -6.000E+0001
  17.000 -6.74E-0002  2.331E-0003 -6.000E+0001
  17.050 -6.74E-0002  2.375E-0003 -6.000E+0001
  17.100 -6.74E-0002  2.420E-0003 -6.000E+0001
  17.150 -6.74E-0002  2.465E-0003 -6.000E+0001
  17.200 -6.74E-0002  2.510E-0003 -6.000E+0001
  17.250 -6.74E-0002  2.555E-0003 -6.000E+0001
  17.300 -6.74E-0002  2.601E-0003 -6.000E+0001
  17.350 -6.74E-0002  2.646E-0003 -6.000E+0001
  17.400 -6.74E-0002  2.692E-0003 -6.000E+0001
  17.450 -6.74E-0002  2.737E-0003 -6.000E+0001
  17.500 -6.74E-0002  2.782E-0003 -6.000E+0001
  17.550 -6.74E-0002  2.828E-0003 -6.000E+0001
  17.600 -6.74E-0002  2.873E-0003 -6.000E+0001
  17.650 -6.74E-0002  2.917E-0003 -6.000E+0001
  17.700 -6.74E-0002  2.962E-0003 -6.000E+0001
  17.750 -6.74E-0002  3.007E-0003 -6.000E+0001
  17.800 -6.74E-0002  3.051E-0003 -6.000E+0001
  17.850 -6.74E-0002  3.095E-0003 -6.000E+0001
  17.900 -6.74E-0002  3.139E-0003 -6.000E+0001
  17.950 -6.74E-0002  3.182E-0003 -6.000E+0001
  18.000 -6.74E-0002  3.226E-0003 -6.000E+0001
  39.950 -6.74E-0002  4.735E-0003 -6.000E+0001
