   -1.050  1.26E-0002  1.060E-0002 -6.000E+0001
   0.050  1.26E-0002  1.060E-0002 -6.000E+0001
   0.100  2.85E-0002  6.175E-0001  0.000E+0000
   0.150  5.38E-0002  2.496E+0000  0.000E+0000
   0.200  8.55E-0002  5.435E+0000  0.000E+0000
   0.250  1.23E-0001  8.944E+0000  0.000E+0000
   0.300  1.70E-0001  1.256E+0001  0.000E+0000
   0.350  2.18E-0001  1.596E+0001  0.000E+0000
   0.400  2.77E-0001  1.895E+0001  0.000E+0000
   0.450  3.38E-0001  2.142E+0001  0.000E+0000
   0.500  4.03E-0001  2.336E+0001  0.000E+0000
   0.550  4.74E-0001  2.479E+0001  0.000E+0000
   0.600  5.46E-0001  2.576E+0001  0.000E+0000
   0.650  6.22E-0001  2.633E+0001  0.000E+0000
   0.700  6.92E-0001  2.656E+0001  0.000E+0000
   0.750  7.60E-0001  2.652E+0001  0.000E+0000
   0.800  8.26E-0001  2.626E+0001  0.000E+0000
   0.850  8.78E-0001  2.583E+0001  0.000E+0000
   0.900  9.30E-0001  2.527E+0001  0.000E+0000
   0.950  9.63E-0001  2.461E+0001  0.000E+0000
   1.000  9.88E-0001  2.388E+0001  0.000E+0000
   1.050  9.99E-0001  2.311E+0001  0.000E+0000
   1.100  9.90E-0001  2.231E+0001  0.000E+0000
   1.150  9.69E-0001  2.149E+0001  0.000E+0000
   1.200  9.47E-0001  2.066E+0001  0.000E+0000
   1.250  9.16E-0001  1.985E+0001  0.000E+0000
   1.300  8.85E-0001  1.904E+0001  0.000E+0000
   1.350  8.53E-0001  1.825E+0001  0.000E+0000
   1.400  8.19E-0001  1.748E+0001  0.000E+0000
   1.450  7.81E-0001  1.674E+0001  0.000E+0000
   1.500  7.43E-0001  1.601E+0001  0.000E+0000
   1.550  7.05E-0001  1.531E+0001  0.000E+0000
   1.600  6.64E-0001  1.464E+0001  0.000E+0000
   1.650  6.22E-0001  1.399E+0001  0.000E+0000
   1.700  5.79E-0001  1.338E+0001  0.000E+0000
   1.750  5.36E-0001  1.278E+0001  0.000E+0000
   1.800  4.94E-0001  1.221E+0001  0.000E+0000
   1.850  4.50E-0001  1.167E+0001  0.000E+0000
   1.900  4.07E-0001  1.115E+0001  0.000E+0000
   1.950  3.64E-0001  1.065E+0001  0.000E+0000
   2.000  3.21E-0001  1.018E+0001  0.000E+0000
   2.050  2.77E-0001  9.726E+0000  0.000E+0000
   2.100  2.34E-0001  9.293E+0000  0.000E+0000
   2.150  2.04E-0001  8.879E+0000  0.000E+0000
   2.200  1.75E-0001  8.484E+0000  0.000E+0000
   2.250  1.46E-0001  8.108E+0000  0.000E+0000
   2.300  1.18E-0001  7.748E+0000  0.000E+0000
   2.350  1.02E-0001  7.406E+0000  0.000E+0000
   2.400  8.69E-0002  7.079E+0000  0.000E+0000
   2.450  7.12E-0002  6.767E+0000  0.000E+0000
   2.500  5.87E-0002  6.470E+0000  0.000E+0000
   2.550  4.79E-0002  6.186E+0000  0.000E+0000
   2.600  3.71E-0002  5.916E+0000  0.000E+0000
   2.650  2.62E-0002  5.658E+0000  0.000E+0000
   2.700  1.95E-0002  5.412E+0000  0.000E+0000
   2.750  1.54E-0002  5.178E+0000  0.000E+0000
   2.800  1.14E-0002  4.955E+0000  0.000E+0000
   2.850  7.35E-0003  4.742E+0000  0.000E+0000
   2.900  3.29E-0003  4.538E+0000  0.000E+0000
   2.950 -7.68E-0004  4.345E+0000  0.000E+0000
   3.000 -4.83E-0003  4.160E+0000  0.000E+0000
   3.050 -8.88E-0003  3.984E+0000  0.000E+0000
   3.100 -1.09E-0002  3.816E+0000  0.000E+0000
   3.150 -1.09E-0002  3.656E+0000  0.000E+0000
   3.200 -1.09E-0002  3.504E+0000  0.000E+0000
   3.250 -1.09E-0002  3.359E+0000  0.000E+0000
   3.300 -1.09E-0002  3.220E+0000  0.000E+0000
   3.350 -1.09E-0002  3.088E+0000  0.000E+0000
   3.400 -1.10E-0002  2.962E+0000  0.000E+0000
   3.450 -1.14E-0002  2.842E+0000  0.000E+0000
   3.500 -1.17E-0002  2.727E+0000  0.000E+0000
   3.550 -1.21E-0002  2.618E+0000  0.000E+0000
   3.600 -1.25E-0002  2.514E+0000  0.000E+0000
   3.650 -1.28E-0002  2.415E+0000  0.000E+0000
   3.700 -1.32E-0002  2.321E+0000  0.000E+0000
   3.750 -1.36E-0002  2.230E+0000  0.000E+0000
   3.800 -1.40E-0002  2.144E+0000  0.000E+0000
   3.850 -1.43E-0002  2.063E+0000  0.000E+0000
   3.900 -1.47E-0002  1.984E+0000  0.000E+0000
   3.950 -1.51E-0002  1.910E+0000  0.000E+0000
   4.000 -1.54E-0002  1.839E+0000  0.000E+0000
   4.050 -1.59E-0002  1.771E+0000  0.000E+0000
   4.100 -1.62E-0002  1.707E+0000  0.000E+0000
   4.150 -1.66E-0002  1.645E+0000  0.000E+0000
   4.200 -1.70E-0002  1.587E+0000  0.000E+0000
   4.250 -1.73E-0002  1.531E+0000  0.000E+0000
   4.300 -1.77E-0002  1.478E+0000  0.000E+0000
   4.350 -1.81E-0002  1.427E+0000  0.000E+0000
   4.400 -1.85E-0002  1.378E+0000  0.000E+0000
   4.450 -1.88E-0002  1.332E+0000  0.000E+0000
   4.500 -1.92E-0002  1.288E+0000  0.000E+0000
   4.550 -1.96E-0002  1.246E+0000  0.000E+0000
   4.600 -1.99E-0002  1.206E+0000  0.000E+0000
   4.650 -2.03E-0002  1.168E+0000  0.000E+0000
   4.700 -2.07E-0002  1.132E+0000  0.000E+0000
   4.750 -2.10E-0002  1.097E+0000  0.000E+0000
   4.800 -2.14E-0002  1.064E+0000  0.000E+0000
   4.850 -2.18E-0002  1.033E+0000  0.000E+0000
   4.900 -2.22E-0002  1.003E+0000  0.000E+0000
   4.950 -2.25E-0002  9.739E-0001  0.000E+0000
   5.000 -2.29E-0002  9.466E-0001  0.000E+0000
   5.050 -2.33E-0002  7.247E-0001 -6.000E+0001
   5.100 -2.36E-0002  5.151E-0001 -6.000E+0001
   5.150 -2.40E-0002  3.520E-0001 -6.000E+0001
   5.200 -2.44E-0002  2.355E-0001 -6.000E+0001
   5.250 -2.48E-0002  1.561E-0001 -6.000E+0001
   5.300 -2.51E-0002  1.033E-0001 -6.000E+0001
   5.350 -2.55E-0002  6.874E-0002 -6.000E+0001
   5.400 -2.59E-0002  4.623E-0002 -6.000E+0001
   5.450 -2.62E-0002  3.157E-0002 -6.000E+0001
   5.500 -2.66E-0002  2.199E-0002 -6.000E+0001
   5.550 -2.70E-0002  1.567E-0002 -6.000E+0001
   5.600 -2.74E-0002  1.145E-0002 -6.000E+0001
   5.650 -2.77E-0002  8.610E-0003 -6.000E+0001
   5.700 -2.81E-0002  6.665E-0003 -6.000E+0001
   5.750 -2.85E-0002  5.314E-0003 -6.000E+0001
   5.800 -2.88E-0002  4.363E-0003 -6.000E+0001
   5.850 -2.92E-0002  3.684E-0003 -6.000E+0001
   5.900 -2.96E-0002  3.195E-0003 -6.000E+0001
   5.950 -3.00E-0002  2.839E-0003 -6.000E+0001
   6.000 -3.03E-0002  2.579E-0003 -6.000E+0001
   6.050 -3.07E-0002  2.389E-0003 -6.000E+0001
   6.100 -3.11E-0002  2.251E-0003 -6.000E+0001
   6.150 -3.14E-0002  2.152E-0003 -6.000E+0001
   6.200 -3.18E-0002  2.084E-0003 -6.000E+0001
   6.250 -3.22E-0002  2.038E-0003 -6.000E+0001
   6.300 -3.26E-0002  2.011E-0003 -6.000E+0001
   6.350 -3.29E-0002  1.998E-0003 -6.000E+0001
   6.400 -2.62E-0002  1.996E-0003 -6.000E+0001
   6.450 -1.51E-0002  2.004E-0003 -6.000E+0001
   6.500 -3.72E-0005  2.019E-0003 -6.000E+0001
   6.550  3.36E-0002  2.041E-0003 -6.000E+0001
   6.600  6.72E-0002  2.067E-0003 -6.000E+0001
   6.650  1.06E-0001  2.097E-0003 -6.000E+0001
   6.700  1.56E-0001  2.130E-0003 -6.000E+0001
   6.750  2.05E-0001  2.167E-0003 -6.000E+0001
   6.800  2.61E-0001  2.205E-0003 -6.000E+0001
   6.850  3.23E-0001  2.245E-0003 -6.000E+0001
   6.900  3.85E-0001  2.286E-0003 -6.000E+0001
   6.950  4.50E-0001  2.328E-0003 -6.000E+0001
   7.000  5.22E-0001  2.371E-0003 -6.000E+0001
   7.050  5.93E-0001  2.415E-0003 -6.000E+0001
   7.100  6.64E-0001  2.460E-0003 -6.000E+0001
   7.150  7.31E-0001  2.504E-0003 -6.000E+0001
   7.200  7.98E-0001  2.549E-0003 -6.000E+0001
   7.250  8.52E-0001  2.594E-0003 -6.000E+0001
   7.300  9.02E-0001  2.640E-0003 -6.000E+0001
   7.350  9.33E-0001  2.685E-0003 -6.000E+0001
   7.400  9.51E-0001  2.730E-0003 -6.000E+0001
   7.450  9.52E-0001  2.775E-0003 -6.000E+0001
   7.500  9.40E-0001  2.820E-0003 -6.000E+0001
   7.550  9.21E-0001  2.865E-0003 -6.000E+0001
   7.600  8.95E-0001  2.910E-0003 -6.000E+0001
   7.650  8.63E-0001  2.955E-0003 -6.000E+0001
   7.700  8.26E-0001  2.999E-0003 -6.000E+0001
   7.750  7.84E-0001  3.043E-0003 -6.000E+0001
   7.800  7.42E-0001  3.087E-0003 -6.000E+0001
   7.850  7.01E-0001  3.131E-0003 -6.000E+0001
   7.900  6.60E-0001  3.175E-0003 -6.000E+0001
   7.950  6.19E-0001  3.218E-0003 -6.000E+0001
   8.000  5.77E-0001  3.261E-0003 -6.000E+0001
   8.050  5.26E-0001  3.304E-0003 -6.000E+0001
   8.100  4.74E-0001  3.347E-0003 -6.000E+0001
   8.150  4.23E-0001  3.390E-0003 -6.000E+0001
   8.200  3.72E-0001  3.432E-0003 -6.000E+0001
   8.250  3.22E-0001  3.474E-0003 -6.000E+0001
   8.300  2.77E-0001  3.515E-0003 -6.000E+0001
   8.350  2.33E-0001  3.557E-0003 -6.000E+0001
   8.400  1.88E-0001  3.598E-0003 -6.000E+0001
   8.450  1.44E-0001  3.639E-0003 -6.000E+0001
   8.500  1.03E-0001  3.680E-0003 -6.000E+0001
   8.550  7.85E-0002  3.721E-0003 -6.000E+0001
   8.600  5.33E-0002  3.761E-0003 -6.000E+0001
   8.650  2.80E-0002  3.801E-0003 -6.000E+0001
   8.700  1.43E-0002  3.841E-0003 -6.000E+0001
   8.750  4.20E-0003  3.880E-0003 -6.000E+0001
   8.800 -5.89E-0003  3.920E-0003 -6.000E+0001
   8.850 -1.60E-0002  3.959E-0003 -6.000E+0001
   8.900 -2.45E-0002  3.998E-0003 -6.000E+0001
   8.950 -3.09E-0002  4.037E-0003 -6.000E+0001
   9.000 -3.72E-0002  4.075E-0003 -6.000E+0001
   9.050 -4.35E-0002  4.113E-0003 -6.000E+0001
   9.100 -4.40E-0002  4.151E-0003 -6.000E+0001
   9.150 -4.40E-0002  4.189E-0003 -6.000E+0001
   9.200 -4.40E-0002  4.227E-0003 -6.000E+0001
   9.250 -4.40E-0002  4.264E-0003 -6.000E+0001
   9.300 -4.40E-0002  4.301E-0003 -6.000E+0001
   9.350 -4.40E-0002  4.338E-0003 -6.000E+0001
   9.400 -4.40E-0002  4.375E-0003 -6.000E+0001
   9.450 -4.40E-0002  4.411E-0003 -6.000E+0001
   9.500 -4.40E-0002  4.448E-0003 -6.000E+0001
   9.550 -4.40E-0002  4.484E-0003 -6.000E+0001
   9.600 -4.40E-0002  4.520E-0003 -6.000E+0001
   9.650 -4.40E-0002  4.555E-0003 -6.000E+0001
   9.700 -4.40E-0002  4.591E-0003 -6.000E+0001
   9.750 -4.40E-0002  4.626E-0003 -6.000E+0001
   9.800 -4.40E-0002  4.661E-0003 -6.000E+0001
   9.850 -4.40E-0002  4.696E-0003 -6.000E+0001
   9.900 -4.40E-0002  4.730E-0003 -6.000E+0001
   9.950 -4.40E-0002  4.765E-0003 -6.000E+0001
  10.000 -4.40E-0002  4.799E-0003 -6.000E+0001
  10.050 -4.40E-0002  4.833E-0003 -6.000E+0001
  10.100 -4.40E-0002  4.867E-0003 -6.000E+0001
  10.150 -4.40E-0002  4.900E-0003 -6.000E+0001
  10.200 -4.40E-0002  4.934E-0003 -6.000E+0001
  10.250 -4.40E-0002  4.967E-0003 -6.000E+0001
  10.300 -4.40E-0002  5.000E-0003 -6.000E+0001
  10.350 -4.40E-0002  5.033E-0003 -6.000E+0001
  10.400 -4.40E-0002  5.066E-0003 -6.000E+0001
  10.450 -4.40E-0002  5.098E-0003 -6.000E+0001
  10.500 -4.40E-0002  5.130E-0003 -6.000E+0001
  10.550 -4.40E-0002  5.162E-0003 -6.000E+0001
  10.600 -4.40E-0002  5.194E-0003 -6.000E+0001
  10.650 -4.40E-0002  5.226E-0003 -6.000E+0001
  10.700 -4.40E-0002  5.257E-0003 -6.000E+0001
  10.750 -4.40E-0002  5.289E-0003 -6.000E+0001
  10.800 -4.40E-0002  5.320E-0003 -6.000E+0001
  10.850 -4.40E-0002  5.351E-0003 -6.000E+0001
  10.900 -4.40E-0002  5.382E-0003 -6.000E+0001
  10.950 -4.40E-0002  5.412E-0003 -6.000E+0001
  11.000 -4.40E-0002  5.443E-0003 -6.000E+0001
  11.050 -4.40E-0002  5.473E-0003 -6.000E+0001
  11.100 -4.40E-0002  5.503E-0003 -6.000E+0001
  11.150 -4.40E-0002  5.533E-0003 -6.000E+0001
  11.200 -4.40E-0002  5.563E-0003 -6.000E+0001
  11.250 -4.40E-0002  5.592E-0003 -6.000E+0001
  11.300 -4.40E-0002  5.622E-0003 -6.000E+0001
  11.350 -4.40E-0002  5.651E-0003 -6.000E+0001
  11.400 -4.40E-0002  5.680E-0003 -6.000E+0001
  11.450 -4.40E-0002  5.709E-0003 -6.000E+0001
  11.500 -4.40E-0002  5.737E-0003 -6.000E+0001
  11.550 -4.40E-0002  5.766E-0003 -6.000E+0001
  11.600 -4.40E-0002  5.794E-0003 -6.000E+0001
  11.650 -4.40E-0002  5.822E-0003 -6.000E+0001
  11.700 -4.40E-0002  5.850E-0003 -6.000E+0001
  11.750 -4.40E-0002  5.878E-0003 -6.000E+0001
  11.800 -4.40E-0002  5.906E-0003 -6.000E+0001
  11.850 -4.40E-0002  5.934E-0003 -6.000E+0001
  11.900 -4.40E-0002  5.961E-0003 -6.000E+0001
  11.950 -4.40E-0002  5.988E-0003 -6.000E+0001
  12.000 -4.40E-0002  6.015E-0003 -6.000E+0001
  12.050 -4.40E-0002  6.042E-0003 -6.000E+0001
  12.100 -4.40E-0002  6.069E-0003 -6.000E+0001
  12.150 -4.40E-0002  6.095E-0003 -6.000E+0001
  12.200 -4.40E-0002  6.122E-0003 -6.000E+0001
  12.250 -4.40E-0002  6.148E-0003 -6.000E+0001
  12.300 -4.40E-0002  6.174E-0003 -6.000E+0001
  12.350 -4.40E-0002  6.200E-0003 -6.000E+0001
  12.400 -4.40E-0002  6.226E-0003 -6.000E+0001
  12.450 -4.40E-0002  6.252E-0003 -6.000E+0001
  12.500 -4.40E-0002  6.277E-0003 -6.000E+0001
  12.550 -4.40E-0002  6.302E-0003 -6.000E+0001
  12.600 -4.40E-0002  6.328E-0003 -6.000E+0001
  12.650 -4.40E-0002  6.353E-0003 -6.000E+0001
  12.700 -4.40E-0002  6.378E-0003 -6.000E+0001
  12.750 -4.40E-0002  6.402E-0003 -6.000E+0001
  12.800 -4.40E-0002  6.427E-0003 -6.000E+0001
  12.850 -4.40E-0002  6.452E-0003 -6.000E+0001
  12.900 -4.40E-0002  6.476E-0003 -6.000E+0001
  12.950 -4.40E-0002  6.500E-0003 -6.000E+0001
  13.000 -4.40E-0002  6.524E-0003 -6.000E+0001
  13.050 -4.40E-0002  6.548E-0003 -6.000E+0001
  13.100 -4.40E-0002  6.572E-0003 -6.000E+0001
  13.150 -4.40E-0002  6.595E-0003 -6.000E+0001
  13.200 -4.40E-0002  6.619E-0003 -6.000E+0001
  13.250 -4.40E-0002  6.642E-0003 -6.000E+0001
  13.300 -4.40E-0002  6.666E-0003 -6.000E+0001
  13.350 -4.40E-0002  6.689E-0003 -6.000E+0001
  13.400 -4.40E-0002  6.712E-0003 -6.000E+0001
  13.450 -4.40E-0002  6.734E-0003 -6.000E+0001
  13.500 -4.40E-0002  6.757E-0003 -6.000E+0001
  13.550 -4.40E-0002  6.780E-0003 -6.000E+0001
  13.600 -4.40E-0002  6.802E-0003 -6.000E+0001
  13.650 -4.40E-0002  6.824E-0003 -6.000E+0001
  13.700 -4.40E-0002  6.846E-0003 -6.000E+0001
  13.750 -4.40E-0002  6.869E-0003 -6.000E+0001
  13.800 -4.40E-0002  6.890E-0003 -6.000E+0001
  13.850 -4.40E-0002  6.912E-0003 -6.000E+0001
  13.900 -4.40E-0002  6.934E-0003 -6.000E+0001
  13.950 -4.40E-0002  6.955E-0003 -6.000E+0001
  14.000 -4.40E-0002  6.977E-0003 -6.000E+0001
  14.050 -4.40E-0002  6.998E-0003 -6.000E+0001
  14.100 -4.40E-0002  7.019E-0003 -6.000E+0001
  14.150 -4.40E-0002  7.040E-0003 -6.000E+0001
  14.200 -4.40E-0002  7.061E-0003 -6.000E+0001
  14.250 -4.40E-0002  7.082E-0003 -6.000E+0001
  14.300 -4.40E-0002  7.102E-0003 -6.000E+0001
  14.350 -4.40E-0002  7.123E-0003 -6.000E+0001
  14.400 -4.40E-0002  7.143E-0003 -6.000E+0001
  14.450 -4.40E-0002  7.164E-0003 -6.000E+0001
  14.500 -4.40E-0002  7.184E-0003 -6.000E+0001
  14.550 -4.40E-0002  7.204E-0003 -6.000E+0001
  14.600 -4.40E-0002  7.224E-0003 -6.000E+0001
  14.650 -4.40E-0002  7.244E-0003 -6.000E+0001
  14.700 -4.40E-0002  7.263E-0003 -6.000E+0001
  14.750 -4.40E-0002  7.283E-0003 -6.000E+0001
  14.800 -4.40E-0002  7.302E-0003 -6.000E+0001
  14.850 -4.40E-0002  7.322E-0003 -6.000E+0001
  14.900 -4.40E-0002  7.341E-0003 -6.000E+0001
  14.950 -4.40E-0002  7.360E-0003 -6.000E+0001
  15.000 -4.40E-0002  7.379E-0003 -6.000E+0001
  15.050 -4.40E-0002  7.398E-0003 -6.000E+0001
  15.100 -4.40E-0002  7.417E-0003 -6.000E+0001
  15.150 -4.40E-0002  7.436E-0003 -6.000E+0001
  15.200 -4.40E-0002  7.454E-0003 -6.000E+0001
  15.250 -4.40E-0002  7.473E-0003 -6.000E+0001
  15.300 -4.40E-0002  7.491E-0003 -6.000E+0001
  15.350 -4.40E-0002  7.509E-0003 -6.000E+0001
  15.400 -4.40E-0002  7.527E-0003 -6.000E+0001
  15.450 -4.40E-0002  7.545E-0003 -6.000E+0001
  15.500 -4.40E-0002  7.563E-0003 -6.000E+0001
  15.550 -4.40E-0002  7.581E-0003 -6.000E+0001
  15.600 -4.40E-0002  7.599E-0003 -6.000E+0001
  15.650 -4.40E-0002  7.617E-0003 -6.000E+0001
  15.700 -4.40E-0002  7.634E-0003 -6.000E+0001
  15.750 -4.40E-0002  7.651E-0003 -6.000E+0001
  15.800 -4.40E-0002  7.669E-0003 -6.000E+0001
  15.850 -4.40E-0002  7.686E-0003 -6.000E+0001
  15.900 -4.40E-0002  7.703E-0003 -6.000E+0001
  15.950 -4.40E-0002  7.720E-0003 -6.000E+0001
  16.000 -4.40E-0002  7.737E-0003 -6.000E+0001
  16.050 -4.40E-0002  7.754E-0003 -6.000E+0001
  16.100 -4.40E-0002  7.771E-0003 -6.000E+0001
  16.150 -4.40E-0002  7.787E-0003 -6.000E+0001
  16.200 -4.40E-0002  7.804E-0003 -6.000E+0001
  16.250 -4.40E-0002  7.820E-0003 -6.000E+0001
  16.300 -4.40E-0002  7.836E-0003 -6.000E+0001
  16.350 -4.40E-0002  7.853E-0003 -6.000E+0001
  16.400 -4.40E-0002  7.869E-0003 -6.000E+0001
  16.450 -4.40E-0002  7.885E-0003 -6.000E+0001
  16.500 -4.40E-0002  7.901E-0003 -6.000E+0001
  16.550 -4.40E-0002  7.917E-0003 -6.000E+0001
  16.600 -4.40E-0002  7.932E-0003 -6.000E+0001
  16.650 -4.40E-0002  7.948E-0003 -6.000E+0001
  16.700 -4.40E-0002  7.964E-0003 -6.000E+0001
  16.750 -4.40E-0002  7.979E-0003 -6.000E+0001
  16.800 -4.40E-0002  7.995E-0003 -6.000E+0001
  16.850 -4.40E-0002  8.010E-0003 -6.000E+0001
  16.900 -4.40E-0002  8.025E-0003 -6.000E+0001
  16.950 -4.40E-0002  8.040E-0003 -6.000E+0001
  17.000 -4.40E-0002  8.055E-0003 -6.000E+0001
  17.050 -4.40E-0002  8.070E-0003 -6.000E+0001
  17.100 -4.40E-0002  8.085E-0003 -6.000E+0001
  17.150 -4.40E-0002  8.100E-0003 -6.000E+0001
  17.200 -4.40E-0002  8.115E-0003 -6.000E+0001
  17.250 -4.40E-0002  8.129E-0003 -6.000E+0001
  17.300 -4.40E-0002  8.144E-0003 -6.000E+0001
  17.350 -4.40E-0002  8.158E-0003 -6.000E+0001
  17.400 -4.40E-0002  8.172E-0003 -6.000E+0001
  17.450 -4.40E-0002  8.187E-0003 -6.000E+0001
  17.500 -4.40E-0002  8.201E-0003 -6.000E+0001
  17.550 -4.40E-0002  8.215E-0003 -6.000E+0001
  17.600 -4.40E-0002  8.229E-0003 -6.000E+0001
  17.650 -4.40E-0002  8.243E-0003 -6.000E+0001
  17.700 -4.40E-0002  8.257E-0003 -6.000E+0001
  17.750 -4.40E-0002  8.271E-0003 -6.000E+0001
  17.800 -4.40E-0002  8.284E-0003 -6.000E+0001
  17.850 -4.40E-0002  8.298E-0003 -6.000E+0001
  17.900 -4.40E-0002  8.311E-0003 -6.000E+0001
  17.950 -4.40E-0002  8.325E-0003 -6.000E+0001
  18.000 -4.40E-0002  8.338E-0003 -6.000E+0001
  18.050 -4.40E-0002  8.352E-0003 -6.000E+0001
  18.100 -4.40E-0002  8.365E-0003 -6.000E+0001
  18.150 -4.40E-0002  8.378E-0003 -6.000E+0001
  18.200 -4.40E-0002  8.391E-0003 -6.000E+0001
  18.250 -4.40E-0002  8.404E-0003 -6.000E+0001
  18.300 -4.40E-0002  8.417E-0003 -6.000E+0001
  18.350 -4.40E-0002  8.430E-0003 -6.000E+0001
  18.400 -4.40E-0002  8.442E-0003 -6.000E+0001
  18.450 -4.40E-0002  8.455E-0003 -6.000E+0001
  18.500 -4.40E-0002  8.468E-0003 -6.000E+0001
  18.550 -4.40E-0002  8.480E-0003 -6.000E+0001
  18.600 -4.40E-0002  8.493E-0003 -6.000E+0001
  18.650 -4.40E-0002  8.505E-0003 -6.000E+0001
  18.700 -4.40E-0002  8.517E-0003 -6.000E+0001
  18.750 -4.40E-0002  8.530E-0003 -6.000E+0001
  18.800 -4.40E-0002  8.542E-0003 -6.000E+0001
  18.850 -4.40E-0002  8.554E-0003 -6.000E+0001
  18.900 -4.40E-0002  8.566E-0003 -6.000E+0001
  18.950 -4.40E-0002  8.578E-0003 -6.000E+0001
  19.000 -4.40E-0002  8.590E-0003 -6.000E+0001
  19.050 -4.40E-0002  8.602E-0003 -6.000E+0001
  19.100 -4.40E-0002  8.613E-0003 -6.000E+0001
  19.150 -4.40E-0002  8.625E-0003 -6.000E+0001
  19.200 -4.40E-0002  8.637E-0003 -6.000E+0001
  19.250 -4.40E-0002  8.648E-0003 -6.000E+0001
  19.300 -4.40E-0002  8.660E-0003 -6.000E+0001
  19.350 -4.40E-0002  8.671E-0003 -6.000E+0001
  19.400 -4.40E-0002  8.682E-0003 -6.000E+0001
  19.450 -4.40E-0002  8.694E-0003 -6.000E+0001
  19.500 -4.40E-0002  8.705E-0003 -6.000E+0001
  19.550 -4.40E-0002  8.716E-0003 -6.000E+0001
  19.600 -4.40E-0002  8.727E-0003 -6.000E+0001
  19.650 -4.40E-0002  8.738E-0003 -6.000E+0001
  19.700 -4.40E-0002  8.749E-0003 -6.000E+0001
  19.750 -4.40E-0002  8.760E-0003 -6.000E+0001
  19.800 -4.40E-0002  8.771E-0003 -6.000E+0001
  19.850 -4.40E-0002  8.782E-0003 -6.000E+0001
  19.900 -4.40E-0002  8.792E-0003 -6.000E+0001
  19.950 -4.40E-0002  8.803E-0003 -6.000E+0001
  20.000 -4.40E-0002  8.814E-0003 -6.000E+0001
  20.050 -4.40E-0002  8.824E-0003 -6.000E+0001
  20.100 -4.40E-0002  5.137E-0001  0.000E+0000
  20.150 -4.40E-0002  2.077E+0000  0.000E+0000
  20.200 -4.40E-0002  4.522E+0000  0.000E+0000
  20.250 -4.40E-0002  7.441E+0000  0.000E+0000
  20.300 -4.40E-0002  1.045E+0001  0.000E+0000
  20.350 -4.40E-0002  1.328E+0001  0.000E+0000
  20.400 -4.40E-0002  1.576E+0001  0.000E+0000
  20.450 -4.40E-0002  1.783E+0001  0.000E+0000
  20.500 -4.40E-0002  1.944E+0001  0.000E+0000
  20.550 -4.40E-0002  2.063E+0001  0.000E+0000
  20.600 -4.40E-0002  2.144E+0001  0.000E+0000
  20.650 -4.40E-0002  2.192E+0001  0.000E+0000
  20.700 -4.40E-0002  2.211E+0001  0.000E+0000
  20.750 -4.40E-0002  2.208E+0001  0.000E+0000
  20.800 -4.40E-0002  2.187E+0001  0.000E+0000
  20.850 -4.40E-0002  2.152E+0001  0.000E+0000
  20.900 -4.40E-0002  2.105E+0001  0.000E+0000
  20.950 -4.40E-0002  2.051E+0001  0.000E+0000
  21.000 -4.40E-0002  1.990E+0001  0.000E+0000
  21.050 -4.40E-0002  1.926E+0001  0.000E+0000
  21.100 -4.40E-0002  1.859E+0001  0.000E+0000
  21.150 -4.40E-0002  1.791E+0001  0.000E+0000
  21.200 -4.40E-0002  1.723E+0001  0.000E+0000
  21.250 -4.40E-0002  1.655E+0001  0.000E+0000
  21.300 -4.40E-0002  1.588E+0001  0.000E+0000
  21.350 -4.40E-0002  1.522E+0001  0.000E+0000
  21.400 -4.40E-0002  1.458E+0001  0.000E+0000
  21.450 -4.40E-0002  1.396E+0001  0.000E+0000
  21.500 -4.40E-0002  1.336E+0001  0.000E+0000
  21.550 -4.40E-0002  1.278E+0001  0.000E+0000
  21.600 -4.40E-0002  1.223E+0001  0.000E+0000
  21.650 -4.40E-0002  1.169E+0001  0.000E+0000
  21.700 -4.40E-0002  1.118E+0001  0.000E+0000
  21.750 -4.40E-0002  1.068E+0001  0.000E+0000
  21.800 -4.40E-0002  1.021E+0001  0.000E+0000
  21.850 -4.40E-0002  9.763E+0000  0.000E+0000
  21.900 -4.40E-0002  9.330E+0000  0.000E+0000
  21.950 -4.40E-0002  8.917E+0000  0.000E+0000
  22.000 -4.40E-0002  8.522E+0000  0.000E+0000
  22.050 -4.40E-0002  8.145E+0000  0.000E+0000
  22.100 -4.40E-0002  7.785E+0000  0.000E+0000
  22.150 -4.40E-0002  7.442E+0000  0.000E+0000
  22.200 -4.40E-0002  7.114E+0000  0.000E+0000
  22.250 -4.40E-0002  6.801E+0000  0.000E+0000
  22.300 -4.40E-0002  6.503E+0000  0.000E+0000
  22.350 -4.40E-0002  6.218E+0000  0.000E+0000
  22.400 -4.40E-0002  5.946E+0000  0.000E+0000
  22.450 -4.40E-0002  5.687E+0000  0.000E+0000
  22.500 -4.40E-0002  5.440E+0000  0.000E+0000
  22.550 -4.40E-0002  5.205E+0000  0.000E+0000
  22.600 -4.40E-0002  4.980E+0000  0.000E+0000
  22.650 -4.40E-0002  4.766E+0000  0.000E+0000
  22.700 -4.40E-0002  4.562E+0000  0.000E+0000
  22.750 -4.40E-0002  4.367E+0000  0.000E+0000
  22.800 -4.40E-0002  4.182E+0000  0.000E+0000
  22.850 -4.40E-0002  4.005E+0000  0.000E+0000
  22.900 -4.40E-0002  3.836E+0000  0.000E+0000
  22.950 -4.40E-0002  3.675E+0000  0.000E+0000
  23.000 -4.40E-0002  3.522E+0000  0.000E+0000
  23.050 -4.40E-0002  3.376E+0000  0.000E+0000
  23.100 -4.40E-0002  3.236E+0000  0.000E+0000
  23.150 -4.40E-0002  3.103E+0000  0.000E+0000
  23.200 -4.40E-0002  2.977E+0000  0.000E+0000
  23.250 -4.40E-0002  2.856E+0000  0.000E+0000
  23.300 -4.40E-0002  2.741E+0000  0.000E+0000
  23.350 -4.40E-0002  2.631E+0000  0.000E+0000
  23.400 -4.40E-0002  2.526E+0000  0.000E+0000
  23.450 -4.40E-0002  2.427E+0000  0.000E+0000
  23.500 -4.40E-0002  2.332E+0000  0.000E+0000
  23.550 -4.40E-0002  2.241E+0000  0.000E+0000
  23.600 -4.40E-0002  2.155E+0000  0.000E+0000
  23.650 -4.40E-0002  2.072E+0000  0.000E+0000
  23.700 -4.40E-0002  1.994E+0000  0.000E+0000
  23.750 -4.40E-0002  1.919E+0000  0.000E+0000
  23.800 -4.40E-0002  1.847E+0000  0.000E+0000
  23.850 -4.40E-0002  1.779E+0000  0.000E+0000
  23.900 -4.40E-0002  1.714E+0000  0.000E+0000
  23.950 -4.40E-0002  1.653E+0000  0.000E+0000
  24.000 -4.40E-0002  1.594E+0000  0.000E+0000
  24.050 -4.40E-0002  1.537E+0000  0.000E+0000
  24.100 -4.40E-0002  1.484E+0000  0.000E+0000
  24.150 -4.40E-0002  1.433E+0000  0.000E+0000
  24.200 -4.40E-0002  1.384E+0000  0.000E+0000
  24.250 -4.40E-0002  1.338E+0000  0.000E+0000
  24.300 -4.40E-0002  1.293E+0000  0.000E+0000
  24.350 -4.40E-0002  1.251E+0000  0.000E+0000
  24.400 -4.40E-0002  1.211E+0000  0.000E+0000
  24.450 -4.40E-0002  1.173E+0000  0.000E+0000
  24.500 -4.40E-0002  1.136E+0000  0.000E+0000
  24.550 -4.40E-0002  1.101E+0000  0.000E+0000
  24.600 -4.40E-0002  1.068E+0000  0.000E+0000
  24.650 -4.40E-0002  1.036E+0000  0.000E+0000
  24.700 -4.40E-0002  1.006E+0000  0.000E+0000
  24.750 -4.40E-0002  9.773E-0001  0.000E+0000
  24.800 -4.40E-0002  9.498E-0001  0.000E+0000
  24.850 -4.40E-0002  9.237E-0001  0.000E+0000
  24.900 -4.40E-0002  8.987E-0001  0.000E+0000
  24.950 -4.40E-0002  8.750E-0001  0.000E+0000
  25.000 -4.40E-0002  8.523E-0001  0.000E+0000
  25.050 -4.40E-0002  6.730E-0001 -6.000E+0001
  25.100 -4.40E-0002  4.865E-0001 -6.000E+0001
  25.150 -4.40E-0002  3.360E-0001 -6.000E+0001
  25.200 -4.40E-0002  2.265E-0001 -6.000E+0001
  25.250 -4.40E-0002  1.509E-0001 -6.000E+0001
  25.300 -4.40E-0002  1.002E-0001 -6.000E+0001
  25.350 -4.40E-0002  6.695E-0002 -6.000E+0001
  25.400 -4.40E-0002  4.514E-0002 -6.000E+0001
  25.450 -4.40E-0002  3.090E-0002 -6.000E+0001
  25.500 -4.40E-0002  2.155E-0002 -6.000E+0001
  25.550 -4.40E-0002  1.538E-0002 -6.000E+0001
  25.600 -4.40E-0002  1.126E-0002 -6.000E+0001
  25.650 -4.40E-0002  8.475E-0003 -6.000E+0001
  25.700 -4.40E-0002  6.567E-0003 -6.000E+0001
  25.750 -4.40E-0002  5.240E-0003 -6.000E+0001
  25.800 -4.40E-0002  4.306E-0003 -6.000E+0001
  25.850 -4.40E-0002  3.639E-0003 -6.000E+0001
  25.900 -4.40E-0002  3.157E-0003 -6.000E+0001
  25.950 -4.40E-0002  2.807E-0003 -6.000E+0001
  26.000 -4.40E-0002  2.552E-0003 -6.000E+0001
  26.050 -4.40E-0002  2.365E-0003 -6.000E+0001
  26.100 -4.40E-0002  2.229E-0003 -6.000E+0001
  26.150 -4.40E-0002  2.132E-0003 -6.000E+0001
  26.200 -4.40E-0002  2.065E-0003 -6.000E+0001
  26.250 -4.40E-0002  2.020E-0003 -6.000E+0001
  26.300 -4.40E-0002  1.994E-0003 -6.000E+0001
  26.350 -4.40E-0002  1.982E-0003 -6.000E+0001
  26.400 -4.40E-0002  1.981E-0003 -6.000E+0001
  26.450 -4.40E-0002  1.989E-0003 -6.000E+0001
  26.500 -4.40E-0002  2.005E-0003 -6.000E+0001
  26.550 -4.40E-0002  2.027E-0003 -6.000E+0001
  26.600 -4.40E-0002  2.053E-0003 -6.000E+0001
  26.650 -4.40E-0002  2.083E-0003 -6.000E+0001
  26.700 -4.40E-0002  2.117E-0003 -6.000E+0001
  26.750 -4.40E-0002  2.153E-0003 -6.000E+0001
  26.800 -4.40E-0002  2.192E-0003 -6.000E+0001
  26.850 -4.40E-0002  2.232E-0003 -6.000E+0001
  26.900 -4.40E-0002  2.273E-0003 -6.000E+0001
  26.950 -4.40E-0002  2.315E-0003 -6.000E+0001
  27.000 -4.40E-0002  2.359E-0003 -6.000E+0001
  27.050 -4.40E-0002  2.403E-0003 -6.000E+0001
  27.100 -4.40E-0002  2.447E-0003 -6.000E+0001
  27.150 -4.40E-0002  2.492E-0003 -6.000E+0001
  27.200 -4.40E-0002  2.537E-0003 -6.000E+0001
  27.250 -4.40E-0002  2.582E-0003 -6.000E+0001
  27.300 -4.40E-0002  2.628E-0003 -6.000E+0001
  27.350 -4.40E-0002  2.673E-0003 -6.000E+0001
  27.400 -4.40E-0002  2.718E-0003 -6.000E+0001
  27.450 -4.40E-0002  2.763E-0003 -6.000E+0001
  27.500 -4.40E-0002  2.809E-0003 -6.000E+0001
  27.550 -4.40E-0002  2.854E-0003 -6.000E+0001
  27.600 -4.40E-0002  2.898E-0003 -6.000E+0001
  27.650 -4.40E-0002  2.943E-0003 -6.000E+0001
  27.700 -4.40E-0002  2.988E-0003 -6.000E+0001
  27.750 -4.40E-0002  3.032E-0003 -6.000E+0001
  27.800 -4.40E-0002  3.076E-0003 -6.000E+0001
  27.850 -4.40E-0002  3.120E-0003 -6.000E+0001
  27.900 -4.40E-0002  3.164E-0003 -6.000E+0001
  27.950 -4.40E-0002  3.207E-0003 -6.000E+0001
  28.000 -4.40E-0002  3.250E-0003 -6.000E+0001
  28.050 -4.40E-0002  3.293E-0003 -6.000E+0001
  28.100 -4.40E-0002  3.336E-0003 -6.000E+0001
  28.150 -4.40E-0002  3.379E-0003 -6.000E+0001
  28.200 -4.40E-0002  3.421E-0003 -6.000E+0001
  28.250 -4.40E-0002  3.463E-0003 -6.000E+0001
  28.300 -4.40E-0002  3.505E-0003 -6.000E+0001
  28.350 -4.40E-0002  3.546E-0003 -6.000E+0001
  28.400 -4.40E-0002  3.588E-0003 -6.000E+0001
  28.450 -4.40E-0002  3.629E-0003 -6.000E+0001
  28.500 -4.40E-0002  3.670E-0003 -6.000E+0001
  28.550 -4.40E-0002  3.710E-0003 -6.000E+0001
  28.600 -4.40E-0002  3.751E-0003 -6.000E+0001
  28.650 -4.40E-0002  3.791E-0003 -6.000E+0001
  28.700 -4.40E-0002  3.831E-0003 -6.000E+0001
  28.750 -4.40E-0002  3.870E-0003 -6.000E+0001
  28.800 -4.40E-0002  3.910E-0003 -6.000E+0001
  28.850 -4.40E-0002  3.949E-0003 -6.000E+0001
  28.900 -4.40E-0002  3.988E-0003 -6.000E+0001
  28.950 -4.40E-0002  4.027E-0003 -6.000E+0001
  29.000 -4.40E-0002  4.065E-0003 -6.000E+0001
  29.050 -4.40E-0002  4.104E-0003 -6.000E+0001
  29.100 -4.40E-0002  4.142E-0003 -6.000E+0001
  29.150 -4.40E-0002  4.179E-0003 -6.000E+0001
  29.200 -4.40E-0002  4.217E-0003 -6.000E+0001
  29.250 -4.40E-0002  4.255E-0003 -6.000E+0001
  29.300 -4.40E-0002  4.292E-0003 -6.000E+0001
  29.350 -4.40E-0002  4.329E-0003 -6.000E+0001
  29.400 -4.40E-0002  4.365E-0003 -6.000E+0001
  29.450 -4.40E-0002  4.402E-0003 -6.000E+0001
  29.500 -4.40E-0002  4.438E-0003 -6.000E+0001
  29.550 -4.40E-0002  4.475E-0003 -6.000E+0001
  29.600 -4.40E-0002  4.510E-0003 -6.000E+0001
  29.650 -4.40E-0002  4.546E-0003 -6.000E+0001
  29.700 -4.40E-0002  4.582E-0003 -6.000E+0001
  29.750 -4.40E-0002  4.617E-0003 -6.000E+0001
  29.800 -4.40E-0002  4.652E-0003 -6.000E+0001
  29.850 -4.40E-0002  4.687E-0003 -6.000E+0001
  29.900 -4.40E-0002  4.722E-0003 -6.000E+0001
  29.950 -4.40E-0002  4.756E-0003 -6.000E+0001
  30.000 -4.40E-0002  4.790E-0003 -6.000E+0001
  30.050 -4.40E-0002  4.824E-0003 -6.000E+0001
  30.100 -4.40E-0002  4.858E-0003 -6.000E+0001
  30.150 -4.40E-0002  4.892E-0003 -6.000E+0001
  30.200 -4.40E-0002  4.925E-0003 -6.000E+0001
  30.250 -4.40E-0002  4.959E-0003 -6.000E+0001
  30.300 -4.40E-0002  4.992E-0003 -6.000E+0001
  30.350 -4.40E-0002  5.025E-0003 -6.000E+0001
  30.400 -4.40E-0002  5.057E-0003 -6.000E+0001
  30.450 -4.40E-0002  5.090E-0003 -6.000E+0001
  30.500 -4.40E-0002  5.122E-0003 -6.000E+0001
  30.550 -4.40E-0002  5.154E-0003 -6.000E+0001
  30.600 -4.40E-0002  5.186E-0003 -6.000E+0001
  30.650 -4.40E-0002  5.218E-0003 -6.000E+0001
  30.700 -4.40E-0002  5.249E-0003 -6.000E+0001
  30.750 -4.40E-0002  5.281E-0003 -6.000E+0001
  30.800 -4.40E-0002  5.312E-0003 -6.000E+0001
  30.850 -4.40E-0002  5.343E-0003 -6.000E+0001
  30.900 -4.40E-0002  5.374E-0003 -6.000E+0001
  30.950 -4.40E-0002  5.404E-0003 -6.000E+0001
  31.000 -4.40E-0002  5.435E-0003 -6.000E+0001
  31.050 -4.40E-0002  5.465E-0003 -6.000E+0001
  31.100 -4.40E-0002  5.495E-0003 -6.000E+0001
  31.150 -4.40E-0002  5.525E-0003 -6.000E+0001
  31.200 -4.40E-0002  5.555E-0003 -6.000E+0001
  31.250 -4.40E-0002  5.585E-0003 -6.000E+0001
  31.300 -4.40E-0002  5.614E-0003 -6.000E+0001
  31.350 -4.40E-0002  5.643E-0003 -6.000E+0001
  31.400 -4.40E-0002  5.672E-0003 -6.000E+0001
  31.450 -4.40E-0002  5.701E-0003 -6.000E+0001
  31.500 -4.40E-0002  5.730E-0003 -6.000E+0001
  31.550 -4.40E-0002  5.759E-0003 -6.000E+0001
  31.600 -4.40E-0002  5.787E-0003 -6.000E+0001
  31.650 -4.40E-0002  5.815E-0003 -6.000E+0001
  31.700 -4.40E-0002  5.843E-0003 -6.000E+0001
  31.750 -4.40E-0002  5.871E-0003 -6.000E+0001
  31.800 -4.40E-0002  5.899E-0003 -6.000E+0001
  31.850 -4.40E-0002  5.926E-0003 -6.000E+0001
  31.900 -4.40E-0002  5.954E-0003 -6.000E+0001
  31.950 -4.40E-0002  5.981E-0003 -6.000E+0001
  32.000 -4.40E-0002  6.008E-0003 -6.000E+0001
  32.050 -4.40E-0002  6.035E-0003 -6.000E+0001
  32.100 -4.40E-0002  6.062E-0003 -6.000E+0001
  32.150 -4.40E-0002  6.089E-0003 -6.000E+0001
  32.200 -4.40E-0002  6.115E-0003 -6.000E+0001
  32.250 -4.40E-0002  6.141E-0003 -6.000E+0001
  32.300 -4.40E-0002  6.167E-0003 -6.000E+0001
  32.350 -4.40E-0002  6.193E-0003 -6.000E+0001
  32.400 -4.40E-0002  6.219E-0003 -6.000E+0001
  32.450 -4.40E-0002  6.245E-0003 -6.000E+0001
  32.500 -4.40E-0002  6.271E-0003 -6.000E+0001
  32.550 -4.40E-0002  6.296E-0003 -6.000E+0001
  32.600 -4.40E-0002  6.321E-0003 -6.000E+0001
  32.650 -4.40E-0002  6.346E-0003 -6.000E+0001
  32.700 -4.40E-0002  6.371E-0003 -6.000E+0001
  32.750 -4.40E-0002  6.396E-0003 -6.000E+0001
  32.800 -4.40E-0002  6.421E-0003 -6.000E+0001
  32.850 -4.40E-0002  6.445E-0003 -6.000E+0001
  32.900 -4.40E-0002  6.470E-0003 -6.000E+0001
  32.950 -4.40E-0002  6.494E-0003 -6.000E+0001
  33.000 -4.40E-0002  6.518E-0003 -6.000E+0001
  33.050 -4.40E-0002  6.542E-0003 -6.000E+0001
  33.100 -4.40E-0002  6.566E-0003 -6.000E+0001
  33.150 -4.40E-0002  6.589E-0003 -6.000E+0001
  33.200 -4.40E-0002  6.613E-0003 -6.000E+0001
  33.250 -4.40E-0002  6.636E-0003 -6.000E+0001
  33.300 -4.40E-0002  6.660E-0003 -6.000E+0001
  33.350 -4.40E-0002  6.683E-0003 -6.000E+0001
  33.400 -4.40E-0002  6.706E-0003 -6.000E+0001
  33.450 -4.40E-0002  6.729E-0003 -6.000E+0001
  33.500 -4.40E-0002  6.751E-0003 -6.000E+0001
  33.550 -4.40E-0002  6.774E-0003 -6.000E+0001
  33.600 -4.40E-0002  6.796E-0003 -6.000E+0001
  33.650 -4.40E-0002  6.819E-0003 -6.000E+0001
  33.700 -4.40E-0002  6.841E-0003 -6.000E+0001
  33.750 -4.40E-0002  6.863E-0003 -6.000E+0001
  33.800 -4.40E-0002  6.885E-0003 -6.000E+0001
  33.850 -4.40E-0002  6.907E-0003 -6.000E+0001
  33.900 -4.40E-0002  6.928E-0003 -6.000E+0001
  33.950 -4.40E-0002  6.950E-0003 -6.000E+0001
  34.000 -4.40E-0002  6.971E-0003 -6.000E+0001
  34.050 -4.40E-0002  6.993E-0003 -6.000E+0001
  34.100 -4.40E-0002  7.014E-0003 -6.000E+0001
  34.150 -4.40E-0002  7.035E-0003 -6.000E+0001
  34.200 -4.40E-0002  7.056E-0003 -6.000E+0001
  34.250 -4.40E-0002  7.077E-0003 -6.000E+0001
  34.300 -4.40E-0002  7.097E-0003 -6.000E+0001
  34.350 -4.40E-0002  7.118E-0003 -6.000E+0001
  34.400 -4.40E-0002  7.138E-0003 -6.000E+0001
  34.450 -4.40E-0002  7.159E-0003 -6.000E+0001
  34.500 -4.40E-0002  7.179E-0003 -6.000E+0001
  34.550 -4.40E-0002  7.199E-0003 -6.000E+0001
  34.600 -4.40E-0002  7.219E-0003 -6.000E+0001
  34.650 -4.40E-0002  7.239E-0003 -6.000E+0001
  34.700 -4.40E-0002  7.258E-0003 -6.000E+0001
  34.750 -4.40E-0002  7.278E-0003 -6.000E+0001
  34.800 -4.40E-0002  7.297E-0003 -6.000E+0001
  34.850 -4.40E-0002  7.317E-0003 -6.000E+0001
  34.900 -4.40E-0002  7.336E-0003 -6.000E+0001
  34.950 -4.40E-0002  7.355E-0003 -6.000E+0001
  35.000 -4.40E-0002  7.374E-0003 -6.000E+0001
  35.050 -4.40E-0002  7.393E-0003 -6.000E+0001
  35.100 -4.40E-0002  7.412E-0003 -6.000E+0001
  35.150 -4.40E-0002  7.431E-0003 -6.000E+0001
  35.200 -4.40E-0002  7.449E-0003 -6.000E+0001
  35.250 -4.40E-0002  7.468E-0003 -6.000E+0001
  35.300 -4.40E-0002  7.486E-0003 -6.000E+0001
  35.350 -4.40E-0002  7.505E-0003 -6.000E+0001
  35.400 -4.40E-0002  7.523E-0003 -6.000E+0001
  35.450 -4.40E-0002  7.541E-0003 -6.000E+0001
  35.500 -4.40E-0002  7.559E-0003 -6.000E+0001
  35.550 -4.40E-0002  7.577E-0003 -6.000E+0001
  35.600 -4.40E-0002  7.594E-0003 -6.000E+0001
  35.650 -4.40E-0002  7.612E-0003 -6.000E+0001
  35.700 -4.40E-0002  7.630E-0003 -6.000E+0001
  35.750 -4.40E-0002  7.647E-0003 -6.000E+0001
  35.800 -4.40E-0002  7.664E-0003 -6.000E+0001
  35.850 -4.40E-0002  7.682E-0003 -6.000E+0001
  35.900 -4.40E-0002  7.699E-0003 -6.000E+0001
  35.950 -4.40E-0002  7.716E-0003 -6.000E+0001
  36.000 -4.40E-0002  7.733E-0003 -6.000E+0001
  36.050 -4.40E-0002  7.750E-0003 -6.000E+0001
  36.100 -4.40E-0002  7.766E-0003 -6.000E+0001
  36.150 -4.40E-0002  7.783E-0003 -6.000E+0001
  36.200 -4.40E-0002  7.799E-0003 -6.000E+0001
  36.250 -4.40E-0002  7.816E-0003 -6.000E+0001
  36.300 -4.40E-0002  7.832E-0003 -6.000E+0001
  36.350 -4.40E-0002  7.849E-0003 -6.000E+0001
  36.400 -4.40E-0002  7.865E-0003 -6.000E+0001
  36.450 -4.40E-0002  7.881E-0003 -6.000E+0001
  36.500 -4.40E-0002  7.897E-0003 -6.000E+0001
  36.550 -4.40E-0002  7.913E-0003 -6.000E+0001
  36.600 -4.40E-0002  7.928E-0003 -6.000E+0001
  36.650 -4.40E-0002  7.944E-0003 -6.000E+0001
  36.700 -4.40E-0002  7.960E-0003 -6.000E+0001
  36.750 -4.40E-0002  7.975E-0003 -6.000E+0001
  36.800 -4.40E-0002  7.991E-0003 -6.000E+0001
  36.850 -4.40E-0002  8.006E-0003 -6.000E+0001
  36.900 -4.40E-0002  8.021E-0003 -6.000E+0001
  36.950 -4.40E-0002  8.036E-0003 -6.000E+0001
  37.000 -4.40E-0002  8.051E-0003 -6.000E+0001
  37.050 -4.40E-0002  8.066E-0003 -6.000E+0001
  37.100 -4.40E-0002  8.081E-0003 -6.000E+0001
  37.150 -4.40E-0002  8.096E-0003 -6.000E+0001
  37.200 -4.40E-0002  8.111E-0003 -6.000E+0001
  37.250 -4.40E-0002  8.125E-0003 -6.000E+0001
  37.300 -4.40E-0002  8.140E-0003 -6.000E+0001
  37.350 -4.40E-0002  8.154E-0003 -6.000E+0001
  37.400 -4.40E-0002  8.169E-0003 -6.000E+0001
  37.450 -4.40E-0002  8.183E-0003 -6.000E+0001
  37.500 -4.40E-0002  8.197E-0003 -6.000E+0001
  37.550 -4.40E-0002  8.211E-0003 -6.000E+0001
  37.600 -4.40E-0002  8.225E-0003 -6.000E+0001
  37.650 -4.40E-0002  8.239E-0003 -6.000E+0001
  37.700 -4.40E-0002  8.253E-0003 -6.000E+0001
  37.750 -4.40E-0002  8.267E-0003 -6.000E+0001
  37.800 -4.40E-0002  8.281E-0003 -6.000E+0001
  37.850 -4.40E-0002  8.294E-0003 -6.000E+0001
  37.900 -4.40E-0002  8.308E-0003 -6.000E+0001
  37.950 -4.40E-0002  8.321E-0003 -6.000E+0001
  38.000 -4.40E-0002  8.335E-0003 -6.000E+0001
  38.050 -4.40E-0002  8.348E-0003 -6.000E+0001
  38.100 -4.40E-0002  8.361E-0003 -6.000E+0001
  38.150 -4.40E-0002  8.375E-0003 -6.000E+0001
  38.200 -4.40E-0002  8.388E-0003 -6.000E+0001
  38.250 -4.40E-0002  8.401E-0003 -6.000E+0001
  38.300 -4.40E-0002  8.414E-0003 -6.000E+0001
  38.350 -4.40E-0002  8.426E-0003 -6.000E+0001
  38.400 -4.40E-0002  8.439E-0003 -6.000E+0001
  38.450 -4.40E-0002  8.452E-0003 -6.000E+0001
  38.500 -4.40E-0002  8.464E-0003 -6.000E+0001
  38.550 -4.40E-0002  8.477E-0003 -6.000E+0001
  38.600 -4.40E-0002  8.490E-0003 -6.000E+0001
  38.650 -4.40E-0002  8.502E-0003 -6.000E+0001
  38.700 -4.40E-0002  8.514E-0003 -6.000E+0001
  38.750 -4.40E-0002  8.527E-0003 -6.000E+0001
  38.800 -4.40E-0002  8.539E-0003 -6.000E+0001
  38.850 -4.40E-0002  8.551E-0003 -6.000E+0001
  38.900 -4.40E-0002  8.563E-0003 -6.000E+0001
  38.950 -4.40E-0002  8.575E-0003 -6.000E+0001
  39.000 -4.40E-0002  8.587E-0003 -6.000E+0001
  39.050 -4.40E-0002  8.599E-0003 -6.000E+0001
  39.100 -4.40E-0002  8.610E-0003 -6.000E+0001
  39.150 -4.40E-0002  8.622E-0003 -6.000E+0001
  39.200 -4.40E-0002  8.634E-0003 -6.000E+0001
  39.250 -4.40E-0002  8.645E-0003 -6.000E+0001
  39.300 -4.40E-0002  8.657E-0003 -6.000E+0001
  39.350 -4.40E-0002  8.668E-0003 -6.000E+0001
  39.400 -4.40E-0002  8.680E-0003 -6.000E+0001
  39.450 -4.40E-0002  8.691E-0003 -6.000E+0001
  39.500 -4.40E-0002  8.702E-0003 -6.000E+0001
  39.550 -4.40E-0002  8.713E-0003 -6.000E+0001
  39.600 -4.40E-0002  8.724E-0003 -6.000E+0001
  39.650 -4.40E-0002  8.735E-0003 -6.000E+0001
  39.700 -4.40E-0002  8.746E-0003 -6.000E+0001
  39.750 -4.40E-0002  8.757E-0003 -6.000E+0001
  39.800 -4.40E-0002  8.768E-0003 -6.000E+0001
  39.850 -4.40E-0002  8.779E-0003 -6.000E+0001
  39.900 -4.40E-0002  8.790E-0003 -6.000E+0001
  39.950 -4.40E-0002  8.800E-0003 -6.000E+0001
