   0.050  0.00E+0000  1.060E-0002 -6.000E+0001
   0.100  0.00E+0000  1.060E-0002 -6.000E+0001
   0.150  6.62E-0004  1.060E-0002 -6.000E+0001
   0.200  3.97E-0003  1.060E-0002 -6.000E+0001
   0.250  7.83E-0003  1.060E-0002 -6.000E+0001
   0.300  1.38E-0002  1.060E-0002 -6.000E+0001
   0.350  1.99E-0002  1.060E-0002 -6.000E+0001
   0.400  2.89E-0002  1.060E-0002 -6.000E+0001
   0.450  3.79E-0002  1.060E-0002 -6.000E+0001
   0.500  4.33E-0002  1.060E-0002 -6.000E+0001
   0.550  4.77E-0002  1.060E-0002 -6.000E+0001
   0.600  5.21E-0002  1.060E-0002 -6.000E+0001
   0.650  5.89E-0002  1.060E-0002 -6.000E+0001
   0.700  6.62E-0002  1.060E-0002 -6.000E+0001
   0.750  7.36E-0002  1.060E-0002 -6.000E+0001
   0.800  8.09E-0002  1.060E-0002 -6.000E+0001
   0.850  8.80E-0002  1.060E-0002 -6.000E+0001
   0.900  9.51E-0002  1.060E-0002 -6.000E+0001
   0.950  1.02E-0001  1.060E-0002 -6.000E+0001
   1.000  1.08E-0001  1.060E-0002 -6.000E+0001
   1.050  1.15E-0001  4.229E-0002 -4.000E+0001
   1.100  1.21E-0001  9.939E-0002 -4.000E+0001
   1.150  1.26E-0001  1.809E-0001 -4.000E+0001
   1.200  1.32E-0001  2.833E-0001 -4.000E+0001
   1.250  1.37E-0001  4.020E-0001 -4.000E+0001
   1.300  1.42E-0001  5.320E-0001 -4.000E+0001
   1.350  1.47E-0001  6.688E-0001 -4.000E+0001
   1.400  1.52E-0001  8.084E-0001 -4.000E+0001
   1.450  1.55E-0001  9.473E-0001 -4.000E+0001
   1.500  1.58E-0001  1.083E+0000 -4.000E+0001
   1.550  1.61E-0001  1.213E+0000 -4.000E+0001
   1.600  1.64E-0001  1.336E+0000 -4.000E+0001
   1.650  1.66E-0001  1.451E+0000 -4.000E+0001
   1.700  1.66E-0001  1.558E+0000 -4.000E+0001
   1.750  1.66E-0001  1.655E+0000 -4.000E+0001
   1.800  1.66E-0001  1.744E+0000 -4.000E+0001
   1.850  1.65E-0001  1.823E+0000 -4.000E+0001
   1.900  1.64E-0001  1.894E+0000 -4.000E+0001
   1.950  1.62E-0001  1.956E+0000 -4.000E+0001
   2.000  1.61E-0001  2.011E+0000 -4.000E+0001
   2.050  1.60E-0001  2.058E+0000 -4.000E+0001
   2.100  1.59E-0001  2.098E+0000 -4.000E+0001
   2.150  1.57E-0001  2.132E+0000 -4.000E+0001
   2.200  1.55E-0001  2.160E+0000 -4.000E+0001
   2.250  1.53E-0001  2.183E+0000 -4.000E+0001
   2.300  1.50E-0001  2.201E+0000 -4.000E+0001
   2.350  1.48E-0001  2.214E+0000 -4.000E+0001
   2.400  1.46E-0001  2.224E+0000 -4.000E+0001
   2.450  1.44E-0001  2.230E+0000 -4.000E+0001
   2.500  1.42E-0001  2.232E+0000 -4.000E+0001
   2.550  1.40E-0001  2.232E+0000 -4.000E+0001
   2.600  1.38E-0001  2.229E+0000 -4.000E+0001
   2.650  1.35E-0001  2.224E+0000 -4.000E+0001
   2.700  1.33E-0001  2.217E+0000 -4.000E+0001
   2.750  1.31E-0001  2.209E+0000 -4.000E+0001
   2.800  1.27E-0001  2.198E+0000 -4.000E+0001
   2.850  1.24E-0001  2.187E+0000 -4.000E+0001
   2.900  1.21E-0001  2.174E+0000 -4.000E+0001
   2.950  1.17E-0001  2.160E+0000 -4.000E+0001
   3.000  1.14E-0001  2.145E+0000 -4.000E+0001
   3.050  1.11E-0001  2.130E+0000 -4.000E+0001
   3.100  1.08E-0001  2.113E+0000 -4.000E+0001
   3.150  1.05E-0001  2.097E+0000 -4.000E+0001
   3.200  1.01E-0001  2.079E+0000 -4.000E+0001
   3.250  9.71E-0002  2.062E+0000 -4.000E+0001
   3.300  9.31E-0002  2.044E+0000 -4.000E+0001
   3.350  8.91E-0002  2.026E+0000 -4.000E+0001
   3.400  8.51E-0002  2.008E+0000 -4.000E+0001
   3.450  8.11E-0002  1.989E+0000 -4.000E+0001
   3.500  7.73E-0002  1.971E+0000 -4.000E+0001
   3.550  7.38E-0002  1.952E+0000 -4.000E+0001
   3.600  7.02E-0002  1.934E+0000 -4.000E+0001
   3.650  6.67E-0002  1.915E+0000 -4.000E+0001
   3.700  6.32E-0002  1.897E+0000 -4.000E+0001
   3.750  5.96E-0002  1.879E+0000 -4.000E+0001
   3.800  5.55E-0002  1.860E+0000 -4.000E+0001
   3.850  5.13E-0002  1.842E+0000 -4.000E+0001
   3.900  4.72E-0002  1.824E+0000 -4.000E+0001
   3.950  4.30E-0002  1.806E+0000 -4.000E+0001
   4.000  3.89E-0002  1.788E+0000 -4.000E+0001
   4.050  3.48E-0002  1.771E+0000 -4.000E+0001
   4.100  3.06E-0002  1.753E+0000 -4.000E+0001
   4.150  2.65E-0002  1.736E+0000 -4.000E+0001
   4.200  2.24E-0002  1.719E+0000 -4.000E+0001
   4.250  1.82E-0002  1.702E+0000 -4.000E+0001
   4.300  1.40E-0002  1.685E+0000 -4.000E+0001
   4.350  1.04E-0002  1.669E+0000 -4.000E+0001
   4.400  6.86E-0003  1.652E+0000 -4.000E+0001
   4.450  3.31E-0003  1.636E+0000 -4.000E+0001
   4.500 -2.37E-0004  1.620E+0000 -4.000E+0001
   4.550 -3.78E-0003  1.605E+0000 -4.000E+0001
   4.600 -6.99E-0003  1.589E+0000 -4.000E+0001
   4.650 -8.83E-0003  1.574E+0000 -4.000E+0001
   4.700 -1.06E-0002  1.559E+0000 -4.000E+0001
   4.750 -1.25E-0002  1.544E+0000 -4.000E+0001
   4.800 -1.33E-0002  1.529E+0000 -4.000E+0001
   4.850 -1.35E-0002  1.515E+0000 -4.000E+0001
   4.900 -1.37E-0002  1.500E+0000 -4.000E+0001
   4.950 -1.39E-0002  1.486E+0000 -4.000E+0001
   5.000 -1.41E-0002  1.472E+0000 -4.000E+0001
   5.050 -1.42E-0002  1.458E+0000 -4.000E+0001
   5.100 -1.44E-0002  1.445E+0000 -4.000E+0001
   5.150 -1.46E-0002  1.432E+0000 -4.000E+0001
   5.200 -1.48E-0002  1.418E+0000 -4.000E+0001
   5.250 -1.50E-0002  1.405E+0000 -4.000E+0001
   5.300 -1.52E-0002  1.393E+0000 -4.000E+0001
   5.350 -1.53E-0002  1.380E+0000 -4.000E+0001
   5.400 -1.55E-0002  1.368E+0000 -4.000E+0001
   5.450 -1.58E-0002  1.355E+0000 -4.000E+0001
   5.500 -1.59E-0002  1.343E+0000 -4.000E+0001
   5.550 -1.61E-0002  1.331E+0000 -4.000E+0001
   5.600 -1.63E-0002  1.320E+0000 -4.000E+0001
   5.650 -1.65E-0002  1.308E+0000 -4.000E+0001
   5.700 -1.67E-0002  1.297E+0000 -4.000E+0001
   5.750 -1.69E-0002  1.285E+0000 -4.000E+0001
   5.800 -1.71E-0002  1.274E+0000 -4.000E+0001
   5.850 -1.72E-0002  1.264E+0000 -4.000E+0001
   5.900 -1.74E-0002  1.253E+0000 -4.000E+0001
   5.950 -1.76E-0002  1.242E+0000 -4.000E+0001
   6.000 -1.78E-0002  1.232E+0000 -4.000E+0001
   6.050 -1.80E-0002  1.221E+0000 -4.000E+0001
   6.100 -1.82E-0002  1.211E+0000 -4.000E+0001
   6.150 -1.84E-0002  1.201E+0000 -4.000E+0001
   6.200 -1.85E-0002  1.191E+0000 -4.000E+0001
   6.250 -1.87E-0002  1.182E+0000 -4.000E+0001
   6.300 -1.89E-0002  1.172E+0000 -4.000E+0001
   6.350 -1.91E-0002  1.163E+0000 -4.000E+0001
   6.400 -1.93E-0002  1.154E+0000 -4.000E+0001
   6.450 -1.95E-0002  1.144E+0000 -4.000E+0001
   6.500 -1.96E-0002  1.135E+0000 -4.000E+0001
   6.550 -1.98E-0002  1.126E+0000 -4.000E+0001
   6.600 -1.99E-0002  1.118E+0000 -4.000E+0001
   6.650 -1.99E-0002  1.109E+0000 -4.000E+0001
   6.700 -1.99E-0002  1.101E+0000 -4.000E+0001
   6.750 -1.99E-0002  1.092E+0000 -4.000E+0001
   6.800 -1.99E-0002  1.084E+0000 -4.000E+0001
   6.850 -1.99E-0002  1.076E+0000 -4.000E+0001
   6.900 -1.99E-0002  1.068E+0000 -4.000E+0001
   6.950 -1.99E-0002  1.060E+0000 -4.000E+0001
   7.000 -1.99E-0002  1.052E+0000 -4.000E+0001
   7.050 -1.99E-0002  1.044E+0000 -4.000E+0001
   7.100 -1.99E-0002  1.037E+0000 -4.000E+0001
   7.150 -1.99E-0002  1.029E+0000 -4.000E+0001
   7.200 -1.99E-0002  1.022E+0000 -4.000E+0001
   7.250 -1.99E-0002  1.015E+0000 -4.000E+0001
   7.300 -1.99E-0002  1.008E+0000 -4.000E+0001
   7.350 -1.99E-0002  1.001E+0000 -4.000E+0001
   7.400 -1.99E-0002  9.938E-0001 -4.000E+0001
   7.450 -1.99E-0002  9.870E-0001 -4.000E+0001
   7.500 -1.99E-0002  9.803E-0001 -4.000E+0001
   7.550 -1.99E-0002  9.737E-0001 -4.000E+0001
   7.600 -1.99E-0002  9.672E-0001 -4.000E+0001
   7.650 -1.99E-0002  9.607E-0001 -4.000E+0001
   7.700 -1.99E-0002  9.544E-0001 -4.000E+0001
   7.750 -1.99E-0002  9.482E-0001 -4.000E+0001
   7.800 -1.99E-0002  9.420E-0001 -4.000E+0001
   7.850 -1.99E-0002  9.359E-0001 -4.000E+0001
   7.900 -1.99E-0002  9.300E-0001 -4.000E+0001
   7.950 -1.99E-0002  9.241E-0001 -4.000E+0001
   8.000 -1.99E-0002  9.183E-0001 -4.000E+0001
   8.050 -1.99E-0002  9.126E-0001 -4.000E+0001
   8.100 -1.99E-0002  9.070E-0001 -4.000E+0001
   8.150 -1.99E-0002  9.014E-0001 -4.000E+0001
   8.200 -1.99E-0002  8.959E-0001 -4.000E+0001
   8.250 -1.99E-0002  8.906E-0001 -4.000E+0001
   8.300 -1.99E-0002  8.853E-0001 -4.000E+0001
   8.350 -1.99E-0002  8.800E-0001 -4.000E+0001
   8.400 -1.99E-0002  8.749E-0001 -4.000E+0001
   8.450 -1.99E-0002  8.698E-0001 -4.000E+0001
   8.500 -1.99E-0002  8.648E-0001 -4.000E+0001
   8.550 -1.99E-0002  8.599E-0001 -4.000E+0001
   8.600 -1.99E-0002  8.550E-0001 -4.000E+0001
   8.650 -1.99E-0002  8.502E-0001 -4.000E+0001
   8.700 -1.99E-0002  8.455E-0001 -4.000E+0001
   8.750 -1.99E-0002  8.409E-0001 -4.000E+0001
   8.800 -1.99E-0002  8.363E-0001 -4.000E+0001
   8.850 -1.99E-0002  8.318E-0001 -4.000E+0001
   8.900 -1.99E-0002  8.273E-0001 -4.000E+0001
   8.950 -1.99E-0002  8.229E-0001 -4.000E+0001
   9.000 -1.99E-0002  8.186E-0001 -4.000E+0001
   9.050 -1.99E-0002  8.144E-0001 -4.000E+0001
   9.100 -1.99E-0002  8.102E-0001 -4.000E+0001
   9.150 -1.99E-0002  8.060E-0001 -4.000E+0001
   9.200 -1.99E-0002  8.020E-0001 -4.000E+0001
   9.250 -1.99E-0002  7.980E-0001 -4.000E+0001
   9.300 -1.99E-0002  7.940E-0001 -4.000E+0001
   9.350 -1.99E-0002  7.901E-0001 -4.000E+0001
   9.400 -1.99E-0002  7.863E-0001 -4.000E+0001
   9.450 -1.99E-0002  7.825E-0001 -4.000E+0001
   9.500 -1.99E-0002  7.788E-0001 -4.000E+0001
   9.550 -1.99E-0002  7.751E-0001 -4.000E+0001
   9.600 -1.99E-0002  7.715E-0001 -4.000E+0001
   9.650 -1.99E-0002  7.679E-0001 -4.000E+0001
   9.700 -1.99E-0002  7.644E-0001 -4.000E+0001
   9.750 -1.99E-0002  7.610E-0001 -4.000E+0001
   9.800 -1.99E-0002  7.575E-0001 -4.000E+0001
   9.850 -1.99E-0002  7.542E-0001 -4.000E+0001
   9.900 -1.99E-0002  7.509E-0001 -4.000E+0001
   9.950 -1.99E-0002  7.476E-0001 -4.000E+0001
  10.000 -1.99E-0002  7.444E-0001 -4.000E+0001
  10.050 -1.99E-0002  7.412E-0001 -4.000E+0001
  10.100 -1.99E-0002  7.381E-0001 -4.000E+0001
  10.150 -1.99E-0002  7.350E-0001 -4.000E+0001
  10.200 -1.99E-0002  7.320E-0001 -4.000E+0001
  10.250 -1.99E-0002  7.290E-0001 -4.000E+0001
  10.300 -1.99E-0002  7.261E-0001 -4.000E+0001
  10.350 -1.99E-0002  7.232E-0001 -4.000E+0001
  10.400 -1.99E-0002  7.203E-0001 -4.000E+0001
  10.450 -1.99E-0002  7.175E-0001 -4.000E+0001
  10.500 -1.99E-0002  7.147E-0001 -4.000E+0001
  10.550 -1.99E-0002  7.120E-0001 -4.000E+0001
  10.600 -1.99E-0002  7.093E-0001 -4.000E+0001
  10.650 -1.99E-0002  7.066E-0001 -4.000E+0001
  10.700 -1.99E-0002  7.040E-0001 -4.000E+0001
  10.750 -1.99E-0002  7.014E-0001 -4.000E+0001
  10.800 -1.99E-0002  6.989E-0001 -4.000E+0001
  10.850 -1.99E-0002  6.964E-0001 -4.000E+0001
  10.900 -1.99E-0002  6.939E-0001 -4.000E+0001
  10.950 -1.99E-0002  6.915E-0001 -4.000E+0001
  11.000 -1.99E-0002  6.891E-0001 -4.000E+0001
  11.050 -1.99E-0002  6.867E-0001 -4.000E+0001
  11.100 -1.99E-0002  6.844E-0001 -4.000E+0001
  11.150 -1.99E-0002  6.821E-0001 -4.000E+0001
  11.200 -1.99E-0002  6.799E-0001 -4.000E+0001
  11.250 -1.99E-0002  6.776E-0001 -4.000E+0001
  11.300 -1.99E-0002  6.755E-0001 -4.000E+0001
  11.350 -1.99E-0002  6.733E-0001 -4.000E+0001
  11.400 -1.99E-0002  6.712E-0001 -4.000E+0001
  11.450 -1.99E-0002  6.691E-0001 -4.000E+0001
  11.500 -1.99E-0002  6.670E-0001 -4.000E+0001
  11.550 -1.99E-0002  6.650E-0001 -4.000E+0001
  11.600 -1.99E-0002  6.630E-0001 -4.000E+0001
  11.650 -1.99E-0002  6.610E-0001 -4.000E+0001
  11.700 -1.99E-0002  6.590E-0001 -4.000E+0001
  11.750 -1.99E-0002  6.571E-0001 -4.000E+0001
  11.800 -1.99E-0002  6.552E-0001 -4.000E+0001
  11.850 -1.99E-0002  6.534E-0001 -4.000E+0001
  11.900 -1.99E-0002  6.515E-0001 -4.000E+0001
  11.950 -1.99E-0002  6.497E-0001 -4.000E+0001
  12.000 -1.99E-0002  6.479E-0001 -4.000E+0001
  12.050 -1.99E-0002  6.462E-0001 -4.000E+0001
  12.100 -1.99E-0002  6.444E-0001 -4.000E+0001
  12.150 -1.99E-0002  6.427E-0001 -4.000E+0001
  12.200 -1.99E-0002  6.411E-0001 -4.000E+0001
  12.250 -1.99E-0002  6.394E-0001 -4.000E+0001
  12.300 -1.99E-0002  6.378E-0001 -4.000E+0001
  12.350 -1.99E-0002  6.362E-0001 -4.000E+0001
  12.400 -1.99E-0002  6.346E-0001 -4.000E+0001
  12.450 -1.99E-0002  6.330E-0001 -4.000E+0001
  12.500 -1.99E-0002  6.315E-0001 -4.000E+0001
  12.550 -1.99E-0002  6.300E-0001 -4.000E+0001
  12.600 -1.99E-0002  6.285E-0001 -4.000E+0001
  12.650 -1.99E-0002  6.270E-0001 -4.000E+0001
  12.700 -1.99E-0002  6.255E-0001 -4.000E+0001
  12.750 -1.99E-0002  6.241E-0001 -4.000E+0001
  12.800 -1.99E-0002  6.227E-0001 -4.000E+0001
  12.850 -1.99E-0002  6.213E-0001 -4.000E+0001
  12.900 -1.99E-0002  6.199E-0001 -4.000E+0001
  12.950 -1.99E-0002  6.186E-0001 -4.000E+0001
  13.000 -1.99E-0002  6.173E-0001 -4.000E+0001
  13.050 -1.99E-0002  6.160E-0001 -4.000E+0001
  13.100 -1.99E-0002  6.147E-0001 -4.000E+0001
  13.150 -1.99E-0002  6.134E-0001 -4.000E+0001
  13.200 -1.99E-0002  6.121E-0001 -4.000E+0001
  13.250 -1.99E-0002  6.109E-0001 -4.000E+0001
  13.300 -1.99E-0002  6.097E-0001 -4.000E+0001
  13.350 -1.99E-0002  6.085E-0001 -4.000E+0001
  13.400 -1.99E-0002  6.073E-0001 -4.000E+0001
  13.450 -1.99E-0002  6.062E-0001 -4.000E+0001
  13.500 -1.99E-0002  6.050E-0001 -4.000E+0001
  13.550 -1.99E-0002  6.039E-0001 -4.000E+0001
  13.600 -1.99E-0002  6.028E-0001 -4.000E+0001
  13.650 -1.99E-0002  6.017E-0001 -4.000E+0001
  13.700 -1.99E-0002  6.006E-0001 -4.000E+0001
  13.750 -1.99E-0002  5.995E-0001 -4.000E+0001
  13.800 -1.99E-0002  5.985E-0001 -4.000E+0001
  13.850 -1.99E-0002  5.974E-0001 -4.000E+0001
  13.900 -1.99E-0002  5.964E-0001 -4.000E+0001
  13.950 -1.99E-0002  5.954E-0001 -4.000E+0001
  14.000 -1.99E-0002  5.944E-0001 -4.000E+0001
  14.050 -1.99E-0002  5.935E-0001 -4.000E+0001
  14.100 -1.99E-0002  5.925E-0001 -4.000E+0001
  14.150 -1.99E-0002  5.915E-0001 -4.000E+0001
  14.200 -1.99E-0002  5.906E-0001 -4.000E+0001
  14.250 -1.99E-0002  5.897E-0001 -4.000E+0001
  14.300 -1.99E-0002  5.888E-0001 -4.000E+0001
  14.350 -1.99E-0002  5.879E-0001 -4.000E+0001
  14.400 -1.99E-0002  5.870E-0001 -4.000E+0001
  14.450 -1.99E-0002  5.862E-0001 -4.000E+0001
  14.500 -1.99E-0002  5.853E-0001 -4.000E+0001
  14.550 -1.99E-0002  5.845E-0001 -4.000E+0001
  14.600 -1.99E-0002  5.836E-0001 -4.000E+0001
  14.650 -1.99E-0002  5.828E-0001 -4.000E+0001
  14.700 -1.99E-0002  5.820E-0001 -4.000E+0001
  14.750 -1.99E-0002  5.812E-0001 -4.000E+0001
  14.800 -1.99E-0002  5.804E-0001 -4.000E+0001
  14.850 -1.99E-0002  5.797E-0001 -4.000E+0001
  14.900 -1.99E-0002  5.789E-0001 -4.000E+0001
  14.950 -1.99E-0002  5.782E-0001 -4.000E+0001
  15.000 -1.99E-0002  5.774E-0001 -4.000E+0001
  15.050 -1.99E-0002  5.767E-0001 -4.000E+0001
  15.100 -1.99E-0002  5.760E-0001 -4.000E+0001
  15.150 -1.99E-0002  5.753E-0001 -4.000E+0001
  15.200 -1.99E-0002  5.746E-0001 -4.000E+0001
  15.250 -1.99E-0002  5.739E-0001 -4.000E+0001
  15.300 -1.99E-0002  5.732E-0001 -4.000E+0001
  15.350 -1.99E-0002  5.726E-0001 -4.000E+0001
  15.400 -1.99E-0002  5.719E-0001 -4.000E+0001
  15.450 -1.99E-0002  5.713E-0001 -4.000E+0001
  15.500 -1.99E-0002  5.706E-0001 -4.000E+0001
  15.550 -1.99E-0002  5.700E-0001 -4.000E+0001
  15.600 -1.99E-0002  5.694E-0001 -4.000E+0001
  15.650 -1.99E-0002  5.688E-0001 -4.000E+0001
  15.700 -1.99E-0002  5.682E-0001 -4.000E+0001
  15.750 -1.99E-0002  5.676E-0001 -4.000E+0001
  15.800 -1.99E-0002  5.670E-0001 -4.000E+0001
  15.850 -1.99E-0002  5.664E-0001 -4.000E+0001
  15.900 -1.99E-0002  5.659E-0001 -4.000E+0001
  15.950 -1.99E-0002  5.653E-0001 -4.000E+0001
  16.000 -1.99E-0002  5.648E-0001 -4.000E+0001
  16.050 -1.99E-0002  3.415E-0001 -6.000E+0001
  16.100 -1.99E-0002  2.102E-0001 -6.000E+0001
  16.150 -1.99E-0002  1.321E-0001 -6.000E+0001
  16.200 -1.99E-0002  8.498E-0002 -6.000E+0001
  16.250 -1.99E-0002  5.611E-0002 -6.000E+0001
  16.300 -1.99E-0002  3.812E-0002 -6.000E+0001
  16.350 -1.99E-0002  2.669E-0002 -6.000E+0001
  16.400 -1.99E-0002  1.930E-0002 -6.000E+0001
  16.450 -1.99E-0002  1.441E-0002 -6.000E+0001
  16.500 -1.99E-0002  1.112E-0002 -6.000E+0001
  16.550 -1.99E-0002  8.862E-0003 -6.000E+0001
  16.600 -1.99E-0002  7.278E-0003 -6.000E+0001
  16.650 -1.99E-0002  6.151E-0003 -6.000E+0001
  16.700 -1.99E-0002  5.337E-0003 -6.000E+0001
  16.750 -1.99E-0002  4.741E-0003 -6.000E+0001
  16.800 -1.99E-0002  4.301E-0003 -6.000E+0001
  16.850 -1.99E-0002  3.974E-0003 -6.000E+0001
  16.900 -1.99E-0002  3.730E-0003 -6.000E+0001
  16.950 -1.99E-0002  3.549E-0003 -6.000E+0001
  17.000 -1.99E-0002  3.415E-0003 -6.000E+0001
  17.050 -1.99E-0002  3.318E-0003 -6.000E+0001
  17.100 -1.99E-0002  3.249E-0003 -6.000E+0001
  17.150 -1.99E-0002  3.202E-0003 -6.000E+0001
  17.200 -1.99E-0002  3.172E-0003 -6.000E+0001
  17.250 -1.99E-0002  3.157E-0003 -6.000E+0001
  17.300 -1.99E-0002  3.153E-0003 -6.000E+0001
  17.350 -1.99E-0002  3.157E-0003 -6.000E+0001
  17.400 -1.99E-0002  3.169E-0003 -6.000E+0001
  17.450 -1.99E-0002  3.186E-0003 -6.000E+0001
  17.500 -1.99E-0002  3.209E-0003 -6.000E+0001
  17.550 -1.99E-0002  3.234E-0003 -6.000E+0001
  17.600 -1.99E-0002  3.263E-0003 -6.000E+0001
  17.650 -1.99E-0002  3.295E-0003 -6.000E+0001
  17.700 -1.99E-0002  3.328E-0003 -6.000E+0001
  17.750 -1.99E-0002  3.363E-0003 -6.000E+0001
  17.800 -1.99E-0002  3.399E-0003 -6.000E+0001
  17.850 -1.99E-0002  3.436E-0003 -6.000E+0001
  17.900 -1.99E-0002  3.473E-0003 -6.000E+0001
  17.950 -1.99E-0002  3.511E-0003 -6.000E+0001
  18.000 -1.99E-0002  3.550E-0003 -6.000E+0001
  18.050 -1.99E-0002  3.589E-0003 -6.000E+0001
  18.100 -1.99E-0002  3.628E-0003 -6.000E+0001
  18.150 -1.99E-0002  3.667E-0003 -6.000E+0001
  18.200 -1.99E-0002  3.707E-0003 -6.000E+0001
  18.250 -1.99E-0002  3.746E-0003 -6.000E+0001
  18.300 -1.99E-0002  3.785E-0003 -6.000E+0001
  18.350 -1.99E-0002  3.825E-0003 -6.000E+0001
  18.400 -1.99E-0002  3.864E-0003 -6.000E+0001
  18.450 -1.99E-0002  3.903E-0003 -6.000E+0001
  18.500 -1.99E-0002  3.942E-0003 -6.000E+0001
  18.550 -1.99E-0002  3.980E-0003 -6.000E+0001
  18.600 -1.99E-0002  4.019E-0003 -6.000E+0001
  18.650 -1.99E-0002  4.057E-0003 -6.000E+0001
  18.700 -1.99E-0002  4.095E-0003 -6.000E+0001
  18.750 -1.99E-0002  4.133E-0003 -6.000E+0001
  18.800 -1.99E-0002  4.171E-0003 -6.000E+0001
  18.850 -1.99E-0002  4.209E-0003 -6.000E+0001
  18.900 -1.99E-0002  4.246E-0003 -6.000E+0001
  18.950 -1.99E-0002  4.283E-0003 -6.000E+0001
  19.000 -1.99E-0002  4.320E-0003 -6.000E+0001
  19.050 -1.99E-0002  4.357E-0003 -6.000E+0001
  19.100 -1.99E-0002  4.394E-0003 -6.000E+0001
  19.150 -1.99E-0002  4.430E-0003 -6.000E+0001
  19.200 -1.99E-0002  4.466E-0003 -6.000E+0001
  19.250 -1.99E-0002  4.502E-0003 -6.000E+0001
  19.300 -1.99E-0002  4.538E-0003 -6.000E+0001
  19.350 -1.99E-0002  4.573E-0003 -6.000E+0001
  19.400 -1.99E-0002  4.609E-0003 -6.000E+0001
  19.450 -1.99E-0002  4.644E-0003 -6.000E+0001
  19.500 -1.99E-0002  4.679E-0003 -6.000E+0001
  19.550 -1.99E-0002  4.713E-0003 -6.000E+0001
  19.600 -1.99E-0002  4.748E-0003 -6.000E+0001
  19.650 -1.99E-0002  4.782E-0003 -6.000E+0001
  19.700 -1.99E-0002  4.816E-0003 -6.000E+0001
  19.750 -1.99E-0002  4.850E-0003 -6.000E+0001
  19.800 -1.99E-0002  4.884E-0003 -6.000E+0001
  19.850 -1.99E-0002  4.917E-0003 -6.000E+0001
  19.900 -1.99E-0002  4.951E-0003 -6.000E+0001
  19.950 -1.99E-0002  4.984E-0003 -6.000E+0001
  20.000 -1.99E-0002  5.017E-0003 -6.000E+0001
  20.050 -1.99E-0002  5.050E-0003 -6.000E+0001
  20.100 -1.99E-0002  5.082E-0003 -6.000E+0001
  20.150 -1.99E-0002  5.114E-0003 -6.000E+0001
  20.200 -1.99E-0002  5.147E-0003 -6.000E+0001
  20.250 -1.99E-0002  5.179E-0003 -6.000E+0001
  20.300 -1.99E-0002  5.210E-0003 -6.000E+0001
  20.350 -1.99E-0002  5.242E-0003 -6.000E+0001
  20.400 -1.99E-0002  5.273E-0003 -6.000E+0001
  20.450 -1.99E-0002  5.305E-0003 -6.000E+0001
  20.500 -1.99E-0002  5.336E-0003 -6.000E+0001
  20.550 -1.99E-0002  5.367E-0003 -6.000E+0001
  20.600 -1.99E-0002  5.397E-0003 -6.000E+0001
  20.650 -1.99E-0002  5.428E-0003 -6.000E+0001
  20.700 -1.99E-0002  5.458E-0003 -6.000E+0001
  20.750 -1.99E-0002  5.488E-0003 -6.000E+0001
  20.800 -1.99E-0002  5.518E-0003 -6.000E+0001
  20.850 -1.99E-0002  5.548E-0003 -6.000E+0001
  20.900 -1.99E-0002  5.578E-0003 -6.000E+0001
  20.950 -1.99E-0002  5.607E-0003 -6.000E+0001
  21.000 -1.99E-0002  5.636E-0003 -6.000E+0001
  21.050 -1.99E-0002  5.666E-0003 -6.000E+0001
  21.100 -1.99E-0002  5.694E-0003 -6.000E+0001
  21.150 -1.99E-0002  5.723E-0003 -6.000E+0001
  21.200 -1.99E-0002  5.752E-0003 -6.000E+0001
  21.250 -1.99E-0002  5.780E-0003 -6.000E+0001
  21.300 -1.99E-0002  5.809E-0003 -6.000E+0001
  21.350 -1.99E-0002  5.837E-0003 -6.000E+0001
  21.400 -1.99E-0002  5.865E-0003 -6.000E+0001
  21.450 -1.99E-0002  5.892E-0003 -6.000E+0001
  21.500 -1.99E-0002  5.920E-0003 -6.000E+0001
  21.550 -1.99E-0002  5.947E-0003 -6.000E+0001
  21.600 -1.99E-0002  5.975E-0003 -6.000E+0001
  21.650 -1.99E-0002  6.002E-0003 -6.000E+0001
  21.700 -1.99E-0002  6.029E-0003 -6.000E+0001
  21.750 -1.99E-0002  6.056E-0003 -6.000E+0001
  21.800 -1.99E-0002  6.082E-0003 -6.000E+0001
  21.850 -1.99E-0002  6.109E-0003 -6.000E+0001
  21.900 -1.99E-0002  6.135E-0003 -6.000E+0001
  21.950 -1.99E-0002  6.161E-0003 -6.000E+0001
  22.000 -1.99E-0002  6.187E-0003 -6.000E+0001
  22.050 -1.99E-0002  6.213E-0003 -6.000E+0001
  22.100 -1.99E-0002  6.239E-0003 -6.000E+0001
  22.150 -1.99E-0002  6.265E-0003 -6.000E+0001
  22.200 -1.99E-0002  6.290E-0003 -6.000E+0001
  22.250 -1.99E-0002  6.315E-0003 -6.000E+0001
  22.300 -1.99E-0002  6.340E-0003 -6.000E+0001
  22.350 -1.99E-0002  6.365E-0003 -6.000E+0001
  22.400 -1.99E-0002  6.390E-0003 -6.000E+0001
  22.450 -1.99E-0002  6.415E-0003 -6.000E+0001
  22.500 -1.99E-0002  6.440E-0003 -6.000E+0001
  22.550 -1.99E-0002  6.464E-0003 -6.000E+0001
  22.600 -1.99E-0002  6.488E-0003 -6.000E+0001
  22.650 -1.99E-0002  6.512E-0003 -6.000E+0001
  22.700 -1.99E-0002  6.536E-0003 -6.000E+0001
  22.750 -1.99E-0002  6.560E-0003 -6.000E+0001
  22.800 -1.99E-0002  6.584E-0003 -6.000E+0001
  22.850 -1.99E-0002  6.607E-0003 -6.000E+0001
  22.900 -1.99E-0002  6.631E-0003 -6.000E+0001
  22.950 -1.99E-0002  6.654E-0003 -6.000E+0001
  23.000 -1.99E-0002  6.677E-0003 -6.000E+0001
  23.050 -1.99E-0002  6.700E-0003 -6.000E+0001
  23.100 -1.99E-0002  6.723E-0003 -6.000E+0001
  23.150 -1.99E-0002  6.746E-0003 -6.000E+0001
  23.200 -1.99E-0002  6.769E-0003 -6.000E+0001
  23.250 -1.99E-0002  6.791E-0003 -6.000E+0001
  23.300 -1.99E-0002  6.813E-0003 -6.000E+0001
  23.350 -1.99E-0002  6.836E-0003 -6.000E+0001
  23.400 -1.99E-0002  6.858E-0003 -6.000E+0001
  23.450 -1.99E-0002  6.880E-0003 -6.000E+0001
  23.500 -1.99E-0002  6.901E-0003 -6.000E+0001
  23.550 -1.99E-0002  6.923E-0003 -6.000E+0001
  23.600 -1.99E-0002  6.945E-0003 -6.000E+0001
  23.650 -1.99E-0002  6.966E-0003 -6.000E+0001
  23.700 -1.99E-0002  6.988E-0003 -6.000E+0001
  23.750 -1.99E-0002  7.009E-0003 -6.000E+0001
  23.800 -1.99E-0002  7.030E-0003 -6.000E+0001
  23.850 -1.99E-0002  7.051E-0003 -6.000E+0001
  23.900 -1.99E-0002  7.072E-0003 -6.000E+0001
  23.950 -1.99E-0002  7.092E-0003 -6.000E+0001
  24.000 -1.99E-0002  7.113E-0003 -6.000E+0001
  24.050 -1.99E-0002  7.133E-0003 -6.000E+0001
  24.100 -1.99E-0002  7.154E-0003 -6.000E+0001
  24.150 -1.99E-0002  7.174E-0003 -6.000E+0001
  24.200 -1.99E-0002  7.194E-0003 -6.000E+0001
  24.250 -1.99E-0002  7.214E-0003 -6.000E+0001
  24.300 -1.99E-0002  7.234E-0003 -6.000E+0001
  24.350 -1.99E-0002  7.254E-0003 -6.000E+0001
  24.400 -1.99E-0002  7.273E-0003 -6.000E+0001
  24.450 -1.99E-0002  7.293E-0003 -6.000E+0001
  24.500 -1.99E-0002  7.312E-0003 -6.000E+0001
  24.550 -1.99E-0002  7.332E-0003 -6.000E+0001
  24.600 -1.99E-0002  7.351E-0003 -6.000E+0001
  24.650 -1.99E-0002  7.370E-0003 -6.000E+0001
  24.700 -1.99E-0002  7.389E-0003 -6.000E+0001
  24.750 -1.99E-0002  7.408E-0003 -6.000E+0001
  24.800 -1.99E-0002  7.426E-0003 -6.000E+0001
  24.850 -1.99E-0002  7.445E-0003 -6.000E+0001
  24.900 -1.99E-0002  7.464E-0003 -6.000E+0001
  24.950 -1.99E-0002  7.482E-0003 -6.000E+0001
  25.000 -1.99E-0002  7.500E-0003 -6.000E+0001
  25.050 -1.99E-0002  7.518E-0003 -6.000E+0001
  25.100 -1.99E-0002  7.537E-0003 -6.000E+0001
  25.150 -1.99E-0002  7.555E-0003 -6.000E+0001
  25.200 -1.99E-0002  7.572E-0003 -6.000E+0001
  25.250 -1.99E-0002  7.590E-0003 -6.000E+0001
  25.300 -1.99E-0002  7.608E-0003 -6.000E+0001
  25.350 -1.99E-0002  7.625E-0003 -6.000E+0001
  25.400 -1.99E-0002  7.643E-0003 -6.000E+0001
  25.450 -1.99E-0002  7.660E-0003 -6.000E+0001
  25.500 -1.99E-0002  7.678E-0003 -6.000E+0001
  25.550 -1.99E-0002  7.695E-0003 -6.000E+0001
  25.600 -1.99E-0002  7.712E-0003 -6.000E+0001
  25.650 -1.99E-0002  7.729E-0003 -6.000E+0001
  25.700 -1.99E-0002  7.746E-0003 -6.000E+0001
  25.750 -1.99E-0002  7.762E-0003 -6.000E+0001
  25.800 -1.99E-0002  7.779E-0003 -6.000E+0001
  25.850 -1.99E-0002  7.796E-0003 -6.000E+0001
  25.900 -1.99E-0002  7.812E-0003 -6.000E+0001
  25.950 -1.99E-0002  7.828E-0003 -6.000E+0001
  26.000 -1.99E-0002  7.845E-0003 -6.000E+0001
  26.050 -1.99E-0002  7.861E-0003 -6.000E+0001
  26.100 -1.99E-0002  7.877E-0003 -6.000E+0001
  26.150 -1.99E-0002  7.893E-0003 -6.000E+0001
  26.200 -1.99E-0002  7.909E-0003 -6.000E+0001
  26.250 -1.99E-0002  7.925E-0003 -6.000E+0001
  26.300 -1.99E-0002  7.940E-0003 -6.000E+0001
  26.350 -1.99E-0002  7.956E-0003 -6.000E+0001
  26.400 -1.99E-0002  7.972E-0003 -6.000E+0001
  26.450 -1.99E-0002  7.987E-0003 -6.000E+0001
  26.500 -1.99E-0002  8.002E-0003 -6.000E+0001
  26.550 -1.99E-0002  8.018E-0003 -6.000E+0001
  26.600 -1.99E-0002  8.033E-0003 -6.000E+0001
  26.650 -1.99E-0002  8.048E-0003 -6.000E+0001
  26.700 -1.99E-0002  8.063E-0003 -6.000E+0001
  26.750 -1.99E-0002  8.078E-0003 -6.000E+0001
  26.800 -1.99E-0002  8.093E-0003 -6.000E+0001
  26.850 -1.99E-0002  8.107E-0003 -6.000E+0001
  26.900 -1.99E-0002  8.122E-0003 -6.000E+0001
  26.950 -1.99E-0002  8.137E-0003 -6.000E+0001
  27.000 -1.99E-0002  8.151E-0003 -6.000E+0001
  27.050 -1.99E-0002  8.165E-0003 -6.000E+0001
  27.100 -1.99E-0002  8.180E-0003 -6.000E+0001
  27.150 -1.99E-0002  8.194E-0003 -6.000E+0001
  27.200 -1.99E-0002  8.208E-0003 -6.000E+0001
  27.250 -1.99E-0002  8.222E-0003 -6.000E+0001
  27.300 -1.99E-0002  8.236E-0003 -6.000E+0001
  27.350 -1.99E-0002  8.250E-0003 -6.000E+0001
  27.400 -1.99E-0002  8.264E-0003 -6.000E+0001
  27.450 -1.99E-0002  8.278E-0003 -6.000E+0001
  27.500 -1.99E-0002  8.291E-0003 -6.000E+0001
  27.550 -1.99E-0002  8.305E-0003 -6.000E+0001
  27.600 -1.99E-0002  8.318E-0003 -6.000E+0001
  27.650 -1.99E-0002  8.332E-0003 -6.000E+0001
  27.700 -1.99E-0002  8.345E-0003 -6.000E+0001
  27.750 -1.99E-0002  8.358E-0003 -6.000E+0001
  27.800 -1.99E-0002  8.371E-0003 -6.000E+0001
  27.850 -1.99E-0002  8.385E-0003 -6.000E+0001
  27.900 -1.99E-0002  8.398E-0003 -6.000E+0001
  27.950 -1.99E-0002  8.410E-0003 -6.000E+0001
  28.000 -1.99E-0002  8.423E-0003 -6.000E+0001
  28.050 -1.99E-0002  8.436E-0003 -6.000E+0001
  28.100 -1.99E-0002  8.449E-0003 -6.000E+0001
  28.150 -1.99E-0002  8.462E-0003 -6.000E+0001
  28.200 -1.99E-0002  8.474E-0003 -6.000E+0001
  28.250 -1.99E-0002  8.487E-0003 -6.000E+0001
  28.300 -1.99E-0002  8.499E-0003 -6.000E+0001
  28.350 -1.99E-0002  8.511E-0003 -6.000E+0001
  28.400 -1.99E-0002  8.524E-0003 -6.000E+0001
  28.450 -1.99E-0002  8.536E-0003 -6.000E+0001
  28.500 -1.99E-0002  8.548E-0003 -6.000E+0001
  28.550 -1.99E-0002  8.560E-0003 -6.000E+0001
  28.600 -1.99E-0002  8.572E-0003 -6.000E+0001
  28.650 -1.99E-0002  8.584E-0003 -6.000E+0001
  28.700 -1.99E-0002  8.596E-0003 -6.000E+0001
  28.750 -1.99E-0002  8.608E-0003 -6.000E+0001
  28.800 -1.99E-0002  8.619E-0003 -6.000E+0001
  28.850 -1.99E-0002  8.631E-0003 -6.000E+0001
  28.900 -1.99E-0002  8.643E-0003 -6.000E+0001
  28.950 -1.99E-0002  8.654E-0003 -6.000E+0001
  29.000 -1.99E-0002  8.666E-0003 -6.000E+0001
  29.050 -1.99E-0002  8.677E-0003 -6.000E+0001
  29.100 -1.99E-0002  8.688E-0003 -6.000E+0001
  29.150 -1.99E-0002  8.699E-0003 -6.000E+0001
  29.200 -1.99E-0002  8.711E-0003 -6.000E+0001
  29.250 -1.99E-0002  8.722E-0003 -6.000E+0001
  29.300 -1.99E-0002  8.733E-0003 -6.000E+0001
  29.350 -1.99E-0002  8.744E-0003 -6.000E+0001
  29.400 -1.99E-0002  8.755E-0003 -6.000E+0001
  29.450 -1.99E-0002  8.766E-0003 -6.000E+0001
  29.500 -1.99E-0002  8.776E-0003 -6.000E+0001
  29.550 -1.99E-0002  8.787E-0003 -6.000E+0001
  29.600 -1.99E-0002  8.798E-0003 -6.000E+0001
  29.650 -1.99E-0002  8.808E-0003 -6.000E+0001
  29.700 -1.99E-0002  8.819E-0003 -6.000E+0001
  29.750 -1.99E-0002  8.829E-0003 -6.000E+0001
  29.800 -1.99E-0002  8.840E-0003 -6.000E+0001
  29.850 -1.99E-0002  8.850E-0003 -6.000E+0001
  29.900 -1.99E-0002  8.860E-0003 -6.000E+0001
  29.950 -1.99E-0002  8.871E-0003 -6.000E+0001
  30.000 -1.99E-0002  8.881E-0003 -6.000E+0001
  30.050 -1.99E-0002  8.891E-0003 -6.000E+0001
  30.100 -1.99E-0002  8.901E-0003 -6.000E+0001
  30.150 -1.99E-0002  8.911E-0003 -6.000E+0001
  30.200 -1.99E-0002  8.921E-0003 -6.000E+0001
  30.250 -1.99E-0002  8.931E-0003 -6.000E+0001
  30.300 -1.99E-0002  8.941E-0003 -6.000E+0001
  30.350 -1.99E-0002  8.950E-0003 -6.000E+0001
  30.400 -1.99E-0002  8.960E-0003 -6.000E+0001
  30.450 -1.99E-0002  8.970E-0003 -6.000E+0001
  30.500 -1.99E-0002  8.979E-0003 -6.000E+0001
  30.550 -1.99E-0002  8.989E-0003 -6.000E+0001
  30.600 -1.99E-0002  8.998E-0003 -6.000E+0001
  30.650 -1.99E-0002  9.008E-0003 -6.000E+0001
  30.700 -1.99E-0002  9.017E-0003 -6.000E+0001
  30.750 -1.99E-0002  9.027E-0003 -6.000E+0001
  30.800 -1.99E-0002  9.036E-0003 -6.000E+0001
  30.850 -1.99E-0002  9.045E-0003 -6.000E+0001
  30.900 -1.99E-0002  9.054E-0003 -6.000E+0001
  30.950 -1.99E-0002  9.063E-0003 -6.000E+0001
  31.000 -1.99E-0002  9.072E-0003 -6.000E+0001
  31.050 -1.99E-0002  9.081E-0003 -6.000E+0001
  31.100 -1.99E-0002  9.090E-0003 -6.000E+0001
  31.150 -1.99E-0002  9.099E-0003 -6.000E+0001
  31.200 -1.99E-0002  9.108E-0003 -6.000E+0001
  31.250 -1.99E-0002  9.117E-0003 -6.000E+0001
  31.300 -1.99E-0002  9.126E-0003 -6.000E+0001
  31.350 -1.99E-0002  9.134E-0003 -6.000E+0001
  31.400 -1.99E-0002  9.143E-0003 -6.000E+0001
  31.450 -1.99E-0002  9.151E-0003 -6.000E+0001
  31.500 -1.99E-0002  9.160E-0003 -6.000E+0001
  31.550 -1.99E-0002  9.168E-0003 -6.000E+0001
  31.600 -1.99E-0002  9.177E-0003 -6.000E+0001
  31.650 -1.99E-0002  9.185E-0003 -6.000E+0001
  31.700 -1.99E-0002  9.194E-0003 -6.000E+0001
  31.750 -1.99E-0002  9.202E-0003 -6.000E+0001
  31.800 -1.99E-0002  9.210E-0003 -6.000E+0001
  31.850 -1.99E-0002  9.218E-0003 -6.000E+0001
  31.900 -1.99E-0002  9.226E-0003 -6.000E+0001
  31.950 -1.99E-0002  9.235E-0003 -6.000E+0001
  32.000 -1.99E-0002  9.243E-0003 -6.000E+0001
  32.050 -1.99E-0002  9.251E-0003 -6.000E+0001
  32.100 -1.99E-0002  9.259E-0003 -6.000E+0001
  32.150 -1.99E-0002  9.266E-0003 -6.000E+0001
  32.200 -1.99E-0002  9.274E-0003 -6.000E+0001
  32.250 -1.99E-0002  9.282E-0003 -6.000E+0001
  32.300 -1.99E-0002  9.290E-0003 -6.000E+0001
  32.350 -1.99E-0002  9.298E-0003 -6.000E+0001
  32.400 -1.99E-0002  9.305E-0003 -6.000E+0001
  32.450 -1.99E-0002  9.313E-0003 -6.000E+0001
  32.500 -1.99E-0002  9.321E-0003 -6.000E+0001
  32.550 -1.99E-0002  9.328E-0003 -6.000E+0001
  32.600 -1.99E-0002  9.336E-0003 -6.000E+0001
  32.650 -1.99E-0002  9.343E-0003 -6.000E+0001
  32.700 -1.99E-0002  9.350E-0003 -6.000E+0001
  32.750 -1.99E-0002  9.358E-0003 -6.000E+0001
  32.800 -1.99E-0002  9.365E-0003 -6.000E+0001
  32.850 -1.99E-0002  9.372E-0003 -6.000E+0001
  32.900 -1.99E-0002  9.380E-0003 -6.000E+0001
  32.950 -1.99E-0002  9.387E-0003 -6.000E+0001
  33.000 -1.99E-0002  9.394E-0003 -6.000E+0001
  33.050 -1.99E-0002  9.401E-0003 -6.000E+0001
  33.100 -1.99E-0002  9.408E-0003 -6.000E+0001
  33.150 -1.99E-0002  9.415E-0003 -6.000E+0001
  33.200 -1.99E-0002  9.422E-0003 -6.000E+0001
  33.250 -1.99E-0002  9.429E-0003 -6.000E+0001
  33.300 -1.99E-0002  9.436E-0003 -6.000E+0001
  33.350 -1.99E-0002  9.443E-0003 -6.000E+0001
  33.400 -1.99E-0002  9.450E-0003 -6.000E+0001
  33.450 -1.99E-0002  9.457E-0003 -6.000E+0001
  33.500 -1.99E-0002  9.463E-0003 -6.000E+0001
  33.550 -1.99E-0002  9.470E-0003 -6.000E+0001
  33.600 -1.99E-0002  9.477E-0003 -6.000E+0001
  33.650 -1.99E-0002  9.483E-0003 -6.000E+0001
  33.700 -1.99E-0002  9.490E-0003 -6.000E+0001
  33.750 -1.99E-0002  9.496E-0003 -6.000E+0001
  33.800 -1.99E-0002  9.503E-0003 -6.000E+0001
  33.850 -1.99E-0002  9.509E-0003 -6.000E+0001
  33.900 -1.99E-0002  9.516E-0003 -6.000E+0001
  33.950 -1.99E-0002  9.522E-0003 -6.000E+0001
  34.000 -1.99E-0002  9.529E-0003 -6.000E+0001
  34.050 -1.99E-0002  9.535E-0003 -6.000E+0001
  34.100 -1.99E-0002  9.541E-0003 -6.000E+0001
  34.150 -1.99E-0002  9.548E-0003 -6.000E+0001
  34.200 -1.99E-0002  9.554E-0003 -6.000E+0001
  34.250 -1.99E-0002  9.560E-0003 -6.000E+0001
  34.300 -1.99E-0002  9.566E-0003 -6.000E+0001
  34.350 -1.99E-0002  9.572E-0003 -6.000E+0001
  34.400 -1.99E-0002  9.578E-0003 -6.000E+0001
  34.450 -1.99E-0002  9.584E-0003 -6.000E+0001
  34.500 -1.99E-0002  9.590E-0003 -6.000E+0001
  34.550 -1.99E-0002  9.596E-0003 -6.000E+0001
  34.600 -1.99E-0002  9.602E-0003 -6.000E+0001
  34.650 -1.99E-0002  9.608E-0003 -6.000E+0001
  34.700 -1.99E-0002  9.614E-0003 -6.000E+0001
  34.750 -1.99E-0002  9.620E-0003 -6.000E+0001
  34.800 -1.99E-0002  9.626E-0003 -6.000E+0001
  34.850 -1.99E-0002  9.631E-0003 -6.000E+0001
  34.900 -1.99E-0002  9.637E-0003 -6.000E+0001
  34.950 -1.99E-0002  9.643E-0003 -6.000E+0001
  35.000 -1.99E-0002  9.648E-0003 -6.000E+0001
  35.050 -1.99E-0002  9.654E-0003 -6.000E+0001
  35.100 -1.99E-0002  9.660E-0003 -6.000E+0001
  35.150 -1.99E-0002  9.665E-0003 -6.000E+0001
  35.200 -1.99E-0002  9.671E-0003 -6.000E+0001
  35.250 -1.99E-0002  9.676E-0003 -6.000E+0001
  35.300 -1.99E-0002  9.682E-0003 -6.000E+0001
  35.350 -1.99E-0002  9.687E-0003 -6.000E+0001
  35.400 -1.99E-0002  9.692E-0003 -6.000E+0001
  35.450 -1.99E-0002  9.698E-0003 -6.000E+0001
  35.500 -1.99E-0002  9.703E-0003 -6.000E+0001
  35.550 -1.99E-0002  9.708E-0003 -6.000E+0001
  35.600 -1.99E-0002  9.714E-0003 -6.000E+0001
  35.650 -1.99E-0002  9.719E-0003 -6.000E+0001
  35.700 -1.99E-0002  9.724E-0003 -6.000E+0001
  35.750 -1.99E-0002  9.729E-0003 -6.000E+0001
  35.800 -1.99E-0002  9.735E-0003 -6.000E+0001
  35.850 -1.99E-0002  9.740E-0003 -6.000E+0001
  35.900 -1.99E-0002  9.745E-0003 -6.000E+0001
  35.950 -1.99E-0002  9.750E-0003 -6.000E+0001
  36.000 -1.99E-0002  9.755E-0003 -6.000E+0001
  36.050 -1.99E-0002  9.760E-0003 -6.000E+0001
  36.100 -1.99E-0002  9.765E-0003 -6.000E+0001
  36.150 -1.99E-0002  9.770E-0003 -6.000E+0001
  36.200 -1.99E-0002  9.775E-0003 -6.000E+0001
  36.250 -1.99E-0002  9.780E-0003 -6.000E+0001
  36.300 -1.99E-0002  9.784E-0003 -6.000E+0001
  36.350 -1.99E-0002  9.789E-0003 -6.000E+0001
  36.400 -1.99E-0002  9.794E-0003 -6.000E+0001
  36.450 -1.99E-0002  9.799E-0003 -6.000E+0001
  36.500 -1.99E-0002  9.804E-0003 -6.000E+0001
  36.550 -1.99E-0002  9.808E-0003 -6.000E+0001
  36.600 -1.99E-0002  9.813E-0003 -6.000E+0001
  36.650 -1.99E-0002  9.818E-0003 -6.000E+0001
  36.700 -1.99E-0002  9.822E-0003 -6.000E+0001
  36.750 -1.99E-0002  9.827E-0003 -6.000E+0001
  36.800 -1.99E-0002  9.831E-0003 -6.000E+0001
  36.850 -1.99E-0002  9.836E-0003 -6.000E+0001
  36.900 -1.99E-0002  9.841E-0003 -6.000E+0001
  36.950 -1.99E-0002  9.845E-0003 -6.000E+0001
  37.000 -1.99E-0002  9.849E-0003 -6.000E+0001
  37.050 -1.99E-0002  9.854E-0003 -6.000E+0001
  37.100 -1.99E-0002  9.858E-0003 -6.000E+0001
  37.150 -1.99E-0002  9.863E-0003 -6.000E+0001
  37.200 -1.99E-0002  9.867E-0003 -6.000E+0001
  37.250 -1.99E-0002  9.871E-0003 -6.000E+0001
  37.300 -1.99E-0002  9.876E-0003 -6.000E+0001
  37.350 -1.99E-0002  9.880E-0003 -6.000E+0001
  37.400 -1.99E-0002  9.884E-0003 -6.000E+0001
  37.450 -1.99E-0002  9.889E-0003 -6.000E+0001
  37.500 -1.99E-0002  9.893E-0003 -6.000E+0001
  37.550 -1.99E-0002  9.897E-0003 -6.000E+0001
  37.600 -1.99E-0002  9.901E-0003 -6.000E+0001
  37.650 -1.99E-0002  9.905E-0003 -6.000E+0001
  37.700 -1.99E-0002  9.909E-0003 -6.000E+0001
  37.750 -1.99E-0002  9.914E-0003 -6.000E+0001
  37.800 -1.99E-0002  9.918E-0003 -6.000E+0001
  37.850 -1.99E-0002  9.922E-0003 -6.000E+0001
  37.900 -1.99E-0002  9.926E-0003 -6.000E+0001
  37.950 -1.99E-0002  9.930E-0003 -6.000E+0001
  38.000 -1.99E-0002  9.934E-0003 -6.000E+0001
  38.050 -1.99E-0002  9.938E-0003 -6.000E+0001
  38.100 -1.99E-0002  9.942E-0003 -6.000E+0001
  38.150 -1.99E-0002  9.945E-0003 -6.000E+0001
  38.200 -1.99E-0002  9.949E-0003 -6.000E+0001
  38.250 -1.99E-0002  9.953E-0003 -6.000E+0001
  38.300 -1.99E-0002  9.957E-0003 -6.000E+0001
  38.350 -1.99E-0002  9.961E-0003 -6.000E+0001
  38.400 -1.99E-0002  9.965E-0003 -6.000E+0001
  38.450 -1.99E-0002  9.968E-0003 -6.000E+0001
  38.500 -1.99E-0002  9.972E-0003 -6.000E+0001
  38.550 -1.99E-0002  9.976E-0003 -6.000E+0001
  38.600 -1.99E-0002  9.980E-0003 -6.000E+0001
  38.650 -1.99E-0002  9.983E-0003 -6.000E+0001
  38.700 -1.99E-0002  9.987E-0003 -6.000E+0001
  38.750 -1.99E-0002  9.991E-0003 -6.000E+0001
  38.800 -1.99E-0002  9.994E-0003 -6.000E+0001
  38.850 -1.99E-0002  9.998E-0003 -6.000E+0001
  38.900 -1.99E-0002  1.000E-0002 -6.000E+0001
  38.950 -1.99E-0002  1.000E-0002 -6.000E+0001
  39.000 -1.99E-0002  1.000E-0002 -6.000E+0001
  39.050 -1.99E-0002  1.001E-0002 -6.000E+0001
  39.100 -1.99E-0002  1.001E-0002 -6.000E+0001
  39.150 -1.99E-0002  1.001E-0002 -6.000E+0001
  39.200 -1.99E-0002  1.002E-0002 -6.000E+0001
  39.250 -1.99E-0002  1.002E-0002 -6.000E+0001
  39.300 -1.99E-0002  1.002E-0002 -6.000E+0001
  39.350 -1.99E-0002  1.003E-0002 -6.000E+0001
  39.400 -1.99E-0002  1.003E-0002 -6.000E+0001
  39.450 -1.99E-0002  1.003E-0002 -6.000E+0001
  39.500 -1.99E-0002  1.004E-0002 -6.000E+0001
  39.550 -1.99E-0002  1.004E-0002 -6.000E+0001
  39.600 -1.99E-0002  1.004E-0002 -6.000E+0001
  39.650 -1.99E-0002  1.005E-0002 -6.000E+0001
  39.700 -1.99E-0002  1.005E-0002 -6.000E+0001
  39.750 -1.99E-0002  1.005E-0002 -6.000E+0001
  39.800 -1.99E-0002  1.006E-0002 -6.000E+0001
  39.850 -1.99E-0002  1.006E-0002 -6.000E+0001
  39.900 -1.99E-0002  1.006E-0002 -6.000E+0001
  39.950 -1.99E-0002  1.007E-0002 -6.000E+0001
