ZONE T="ZONE1"
I= 61 ,J= 21 ,K=1,F=POINT
    0.000   0.00000 103.34195  -0.00483   0.00000
    1.667   0.00000 130.01083  -0.00772   0.00000
    3.333   0.00000 161.68014  -0.00931   0.00000
    5.000   0.00000 186.68222  -0.01107   0.00000
    6.667   0.00000 205.01708  -0.01272   0.00000
    8.333   0.00000 221.68514  -0.01410   0.00000
   10.000   0.00000 233.35278  -0.01523   0.00000
   11.667   0.00000 246.68722  -0.01632   0.00000
   13.333   0.00000 258.35486  -0.01728   0.00000
   15.000   0.00000 268.35570  -0.01816   0.00000
   16.667   0.00000 276.68972  -0.01900   0.00000
   18.333   0.00000 288.35736  -0.01982   0.00000
   20.000   0.00000 295.02459  -0.02045   0.00000
   21.667   0.00000 300.02500  -0.02105   0.00000
   23.333   0.00000 308.35903  -0.02165   0.00000
   25.000   0.00000 315.02625  -0.02224   0.00000
   26.667   0.00000 321.69347  -0.02279   0.00000
   28.333   0.00000 326.69389  -0.02329   0.00000
   30.000   0.00000 331.69431  -0.02379   0.00000
   31.667   0.00000 338.36153  -0.02426   0.00000
   33.333   0.00000 341.69514  -0.02473   0.00000
   35.000   0.00000 346.69556  -0.02517   0.00000
   36.667   0.00000 350.02917  -0.02564   0.00000
   38.333   0.00000 351.69597  -0.02605   0.00000
   40.000   0.00000 353.36278  -0.02649   0.00000
   41.667   0.00000 351.69597  -0.02695   0.00000
   43.333   0.00000 351.69597  -0.02739   0.00000
   45.000   0.00000 343.36195  -0.02782   0.00000
   46.667   0.00000 330.02750  -0.02828   0.00000
   48.333   0.00000 303.35861  -0.02870   0.00000
   50.000   0.00000 173.34778  -0.02857   0.00000
   51.667   0.00000  65.00542  -0.02691   0.00000
   53.333   0.00000  61.67181  -0.02732   0.00000
   55.000   0.00000   1.66681   0.01230 -31.23279
   56.667   0.00000   1.66681   0.01333 -36.53294
   58.333   0.00000   1.66681   0.01330 -35.19188
   60.000   0.00000   1.66681   0.01322 -33.90065
   61.667   0.00000   1.66681   0.01308 -34.31392
   63.333   0.00000   1.66681   0.01412 -34.14440
   65.000   0.00000   1.66681   0.01415 -34.01666
   66.667   0.00000   1.66681   0.01412 -33.88815
   68.333   0.00000   1.66681   0.01406 -33.76111
   70.000   0.00000   1.66681   0.01396 -33.63536
   71.667   0.00000   1.66681   0.01383 -33.51084
   73.333   0.00000   1.66681   0.01510 -33.38750
   75.000   0.00000   1.66681   0.01512 -33.26529
   76.667   0.00000   1.66681   0.01511 -33.14416
   78.333   0.00000   1.66681   0.01508 -33.02407
   80.000   0.00000   1.66681   0.01502 -32.90497
   81.667   0.00000   1.66681   0.01493 -32.78683
   83.333   0.00000   1.66681   0.01620 -32.66962
   85.000   0.00000   1.66681   0.01626 -32.55328
   86.667   0.00000   1.66681   0.01630 -32.43780
   88.333   0.00000   1.66681   0.01631 -32.32314
   90.000   0.00000   1.66681   0.01631 -32.20928
   91.667   0.00000   1.66681   0.01628 -32.09617
   93.333   0.00000   1.66681   0.01624 -31.98381
   95.000   0.00000   1.66681   0.01619 -31.87216
   96.667   0.00000   1.66681   0.01612 -31.76119
   98.333   0.00000   1.66681   0.01763 -31.65090
  100.000   0.00000   1.66681   0.01769 -31.54124
    0.000   0.07500  10.00083   0.00059   0.00000
    1.667   0.07500  75.00625  -0.00306   0.00000
    3.333   0.07500 110.00917  -0.00660   0.00000
    5.000   0.07500 135.01125  -0.00925   0.00000
    6.667   0.07500 168.34736  -0.01059   0.00000
    8.333   0.07500 190.01583  -0.01228   0.00000
   10.000   0.07500 208.35070  -0.01380   0.00000
   11.667   0.07500 221.68514  -0.01498   0.00000
   13.333   0.07500 235.01958  -0.01616   0.00000
   15.000   0.07500 246.68722  -0.01722   0.00000
   16.667   0.07500 258.35486  -0.01811   0.00000
   18.333   0.07500 268.35570  -0.01895   0.00000
   20.000   0.07500 276.68972  -0.01974   0.00000
   21.667   0.07500 285.02375  -0.02047   0.00000
   23.333   0.07500 295.02459  -0.02117   0.00000
   25.000   0.07500 300.02500  -0.02167   0.00000
   26.667   0.07500 306.69222  -0.02228   0.00000
   28.333   0.07500 313.35945  -0.02284   0.00000
   30.000   0.07500 318.35986  -0.02331   0.00000
   31.667   0.07500 325.02709  -0.02382   0.00000
   33.333   0.07500 331.69431  -0.02433   0.00000
   35.000   0.07500 335.02792  -0.02475   0.00000
   36.667   0.07500 338.36153  -0.02521   0.00000
   38.333   0.07500 346.69556  -0.02568   0.00000
   40.000   0.07500 346.69556  -0.02608   0.00000
   41.667   0.07500 350.02917  -0.02652   0.00000
   43.333   0.07500 350.02917  -0.02695   0.00000
   45.000   0.07500 348.36236  -0.02739   0.00000
   46.667   0.07500 346.69556  -0.02783   0.00000
   48.333   0.07500 335.02792  -0.02825   0.00000
   50.000   0.07500 311.69264  -0.02868   0.00000
   51.667   0.07500 213.35111  -0.02879   0.00000
   53.333   0.07500  61.67181  -0.02677   0.00000
   55.000   0.07500  61.67181  -0.02727   0.00000
   56.667   0.07500  30.00250  -0.02557   0.00000
   58.333   0.07500   1.66681   0.01177 -35.57923
   60.000   0.07500   1.66681   0.01285 -32.76987
   61.667   0.07500   1.66681   0.01281 -36.35451
   63.333   0.07500   1.66681   0.01272 -34.24859
   65.000   0.07500   1.66681   0.01257 -34.35617
   66.667   0.07500   1.66681   0.01365 -34.21251
   68.333   0.07500   1.66681   0.01367 -34.08330
   70.000   0.07500   1.66681   0.01364 -33.95490
   71.667   0.07500   1.66681   0.01357 -33.82789
   73.333   0.07500   1.66681   0.01347 -33.70217
   75.000   0.07500   1.66681   0.01334 -33.57770
   76.667   0.07500   1.66681   0.01463 -33.45442
   78.333   0.07500   1.66681   0.01465 -33.33227
   80.000   0.07500   1.66681   0.01464 -33.21121
   81.667   0.07500   1.66681   0.01460 -33.09120
   83.333   0.07500   1.66681   0.01454 -32.97219
   85.000   0.07500   1.66681   0.01445 -32.85414
   86.667   0.07500   1.66681   0.01574 -32.73702
   88.333   0.07500   1.66681   0.01580 -32.62079
   90.000   0.07500   1.66681   0.01583 -32.50542
   91.667   0.07500   1.66681   0.01584 -32.39087
   93.333   0.07500   1.66681   0.01584 -32.27712
   95.000   0.07500   1.66681   0.01581 -32.16414
   96.667   0.07500   1.66681   0.01577 -32.05191
   98.333   0.07500   1.66681   0.01572 -31.94039
  100.000   0.07500   1.66681   0.01565 -31.82956
    0.000   0.15000   0.00000   0.00000 -82.52965
    1.667   0.15000   0.00000   0.00000 -74.89093
    3.333   0.15000  28.33569  -0.00148   0.00000
    5.000   0.15000  85.00708  -0.00512   0.00000
    6.667   0.15000 116.67639  -0.00829   0.00000
    8.333   0.15000 145.01208  -0.01013   0.00000
   10.000   0.15000 173.34778  -0.01183   0.00000
   11.667   0.15000 193.34945  -0.01343   0.00000
   13.333   0.15000 210.01750  -0.01486   0.00000
   15.000   0.15000 223.35195  -0.01597   0.00000
   16.667   0.15000 235.01958  -0.01709   0.00000
   18.333   0.15000 248.35403  -0.01813   0.00000
   20.000   0.15000 260.02167  -0.01898   0.00000
   21.667   0.15000 268.35570  -0.01974   0.00000
   23.333   0.15000 276.68972  -0.02045   0.00000
   25.000   0.15000 285.02375  -0.02113   0.00000
   26.667   0.15000 291.69097  -0.02173   0.00000
   28.333   0.15000 298.35820  -0.02232   0.00000
   30.000   0.15000 306.69222  -0.02286   0.00000
   31.667   0.15000 313.35945  -0.02341   0.00000
   33.333   0.15000 318.35986  -0.02388   0.00000
   35.000   0.15000 323.36028  -0.02435   0.00000
   36.667   0.15000 328.36070  -0.02480   0.00000
   38.333   0.15000 333.36111  -0.02526   0.00000
   40.000   0.15000 338.36153  -0.02568   0.00000
   41.667   0.15000 341.69514  -0.02612   0.00000
   43.333   0.15000 345.02875  -0.02655   0.00000
   45.000   0.15000 346.69556  -0.02698   0.00000
   46.667   0.15000 346.69556  -0.02740   0.00000
   48.333   0.15000 343.36195  -0.02782   0.00000
   50.000   0.15000 338.36153  -0.02825   0.00000
   51.667   0.15000 318.35986  -0.02866   0.00000
   53.333   0.15000 245.02042  -0.02889   0.00000
   55.000   0.15000  61.67181  -0.02680   0.00000
   56.667   0.15000  58.33819  -0.02710   0.00000
   58.333   0.15000  53.33778  -0.02740   0.00000
   60.000   0.15000   1.66681   0.01146 -32.54406
   61.667   0.15000   1.66681   0.01237 -38.24748
   63.333   0.15000   1.66681   0.01238 -32.21962
   65.000   0.15000   1.66681   0.01232 -35.37268
   66.667   0.15000   1.66681   0.01222 -34.50135
   68.333   0.15000   1.66681   0.01207 -34.41271
   70.000   0.15000   1.66681   0.01319 -34.27932
   71.667   0.15000   1.66681   0.01319 -34.14961
   73.333   0.15000   1.66681   0.01316 -34.02125
   75.000   0.15000   1.66681   0.01309 -33.89426
   76.667   0.15000   1.66681   0.01299 -33.76859
   78.333   0.15000   1.66681   0.01413 -33.64416
   80.000   0.15000   1.66681   0.01417 -33.52093
   81.667   0.15000   1.66681   0.01418 -33.39885
   83.333   0.15000   1.66681   0.01416 -33.27786
   85.000   0.15000   1.66681   0.01412 -33.15792
   86.667   0.15000   1.66681   0.01406 -33.03900
   88.333   0.15000   1.66681   0.01398 -32.92104
   90.000   0.15000   1.66681   0.01528 -32.80402
   91.667   0.15000   1.66681   0.01533 -32.68789
   93.333   0.15000   1.66681   0.01536 -32.57262
   95.000   0.15000   1.66681   0.01538 -32.45819
   96.667   0.15000   1.66681   0.01537 -32.34456
   98.333   0.15000   1.66681   0.01535 -32.23170
  100.000   0.15000   1.66681   0.01531 -32.11958
    0.000   0.22500   0.00000   0.00000 -84.47659
    1.667   0.22500   0.00000   0.00000 -78.57180
    3.333   0.22500   0.00000   0.00000 -72.90758
    5.000   0.22500   0.00000   0.00000 -67.66704
    6.667   0.22500  48.33736  -0.00349   0.00000
    8.333   0.22500  93.34111  -0.00687   0.00000
   10.000   0.22500 120.01000  -0.00976   0.00000
   11.667   0.22500 151.67931  -0.01138   0.00000
   13.333   0.22500 176.68139  -0.01304   0.00000
   15.000   0.22500 195.01625  -0.01454   0.00000
   16.667   0.22500 211.68431  -0.01589   0.00000
   18.333   0.22500 223.35195  -0.01692   0.00000
   20.000   0.22500 236.68639  -0.01796   0.00000
   21.667   0.22500 246.68722  -0.01887   0.00000
   23.333   0.22500 260.02167  -0.01970   0.00000
   25.000   0.22500 266.68889  -0.02044   0.00000
   26.667   0.22500 276.68972  -0.02114   0.00000
   28.333   0.22500 285.02375  -0.02179   0.00000
   30.000   0.22500 290.02417  -0.02235   0.00000
   31.667   0.22500 298.35820  -0.02289   0.00000
   33.333   0.22500 305.02542  -0.02343   0.00000
   35.000   0.22500 311.69264  -0.02396   0.00000
   36.667   0.22500 316.69306  -0.02441   0.00000
   38.333   0.22500 323.36028  -0.02486   0.00000
   40.000   0.22500 326.69389  -0.02531   0.00000
   41.667   0.22500 331.69431  -0.02575   0.00000
   43.333   0.22500 336.69472  -0.02615   0.00000
   45.000   0.22500 340.02834  -0.02660   0.00000
   46.667   0.22500 341.69514  -0.02699   0.00000
   48.333   0.22500 343.36195  -0.02743   0.00000
   50.000   0.22500 343.36195  -0.02783   0.00000
   51.667   0.22500 336.69472  -0.02826   0.00000
   53.333   0.22500 321.69347  -0.02865   0.00000
   55.000   0.22500 268.35570  -0.02893   0.00000
   56.667   0.22500  60.00500  -0.02675   0.00000
   58.333   0.22500  60.00500  -0.02714   0.00000
   60.000   0.22500  56.67139  -0.02750   0.00000
   61.667   0.22500   1.66681   0.01111 -39.62060
   63.333   0.22500   1.66681   0.01096 -31.12281
   65.000   0.22500   1.66681   0.01191 -37.59749
   66.667   0.22500   1.66681   0.01190 -34.35407
   68.333   0.22500   1.66681   0.01184 -34.78745
   70.000   0.22500   1.66681   0.01173 -34.60727
   71.667   0.22500   1.66681   0.01158 -34.47674
   73.333   0.22500   1.66681   0.01273 -34.34534
   75.000   0.22500   1.66681   0.01272 -34.21554
   76.667   0.22500   1.66681   0.01268 -34.08720
   78.333   0.22500   1.66681   0.01261 -33.96024
   80.000   0.22500   1.66681   0.01251 -33.83461
   81.667   0.22500   1.66681   0.01367 -33.71022
   83.333   0.22500   1.66681   0.01371 -33.58705
   85.000   0.22500   1.66681   0.01371 -33.46503
   86.667   0.22500   1.66681   0.01370 -33.34411
   88.333   0.22500   1.66681   0.01366 -33.22425
   90.000   0.22500   1.66681   0.01360 -33.10540
   91.667   0.22500   1.66681   0.01352 -32.98754
   93.333   0.22500   1.66681   0.01483 -32.87060
   95.000   0.22500   1.66681   0.01488 -32.75458
   96.667   0.22500   1.66681   0.01491 -32.63942
   98.333   0.22500   1.66681   0.01492 -32.52509
  100.000   0.22500   1.66681   0.01491 -32.41158
    0.000   0.30000   0.00000   0.00000 -85.64158
    1.667   0.30000   0.00000   0.00000 -80.92727
    3.333   0.30000   0.00000   0.00000 -76.29083
    5.000   0.30000   0.00000   0.00000 -71.78397
    6.667   0.30000   0.00000   0.00000 -67.47861
    8.333   0.30000   1.66681  -0.00127 -63.52336
   10.000   0.30000  60.00500  -0.00520   0.00000
   11.667   0.30000  98.34153  -0.00861   0.00000
   13.333   0.30000 125.01042  -0.01111   0.00000
   15.000   0.30000 155.01292  -0.01257   0.00000
   16.667   0.30000 178.34820  -0.01416   0.00000
   18.333   0.30000 196.68306  -0.01560   0.00000
   20.000   0.30000 211.68431  -0.01684   0.00000
   21.667   0.30000 226.68556  -0.01783   0.00000
   23.333   0.30000 236.68639  -0.01876   0.00000
   25.000   0.30000 246.68722  -0.01964   0.00000
   26.667   0.30000 256.68806  -0.02044   0.00000
   28.333   0.30000 266.68889  -0.02114   0.00000
   30.000   0.30000 275.02292  -0.02181   0.00000
   31.667   0.30000 283.35695  -0.02242   0.00000
   33.333   0.30000 290.02417  -0.02295   0.00000
   35.000   0.30000 296.69139  -0.02348   0.00000
   36.667   0.30000 303.35861  -0.02400   0.00000
   38.333   0.30000 308.35903  -0.02445   0.00000
   40.000   0.30000 315.02625  -0.02490   0.00000
   41.667   0.30000 321.69347  -0.02536   0.00000
   43.333   0.30000 325.02709  -0.02578   0.00000
   45.000   0.30000 330.02750  -0.02620   0.00000
   46.667   0.30000 333.36111  -0.02662   0.00000
   48.333   0.30000 336.69472  -0.02702   0.00000
   50.000   0.30000 340.02834  -0.02745   0.00000
   51.667   0.30000 340.02834  -0.02786   0.00000
   53.333   0.30000 338.36153  -0.02826   0.00000
   55.000   0.30000 323.36028  -0.02865   0.00000
   56.667   0.30000 275.02292  -0.02893   0.00000
   58.333   0.30000  90.00750  -0.02780   0.00000
   60.000   0.30000  60.00500  -0.02718   0.00000
   61.667   0.30000  60.00500  -0.02760   0.00000
   63.333   0.30000   1.66681   0.01073 -35.86083
   65.000   0.30000   1.66681   0.01062 -38.94881
   66.667   0.30000   1.66681   0.01046 -34.46378
   68.333   0.30000   1.66681   0.01146 -34.64355
   70.000   0.30000   1.66681   0.01143 -35.38060
   71.667   0.30000   1.66681   0.01136 -34.78399
   73.333   0.30000   1.66681   0.01125 -34.67635
   75.000   0.30000   1.66681   0.01225 -34.54214
   76.667   0.30000   1.66681   0.01227 -34.41089
   78.333   0.30000   1.66681   0.01226 -34.28110
   80.000   0.30000   1.66681   0.01221 -34.15277
   81.667   0.30000   1.66681   0.01214 -34.02584
   83.333   0.30000   1.66681   0.01203 -33.90023
   85.000   0.30000   1.66681   0.01322 -33.77590
   86.667   0.30000   1.66681   0.01325 -33.65277
   88.333   0.30000   1.66681   0.01326 -33.53081
   90.000   0.30000   1.66681   0.01324 -33.40996
   91.667   0.30000   1.66681   0.01319 -33.29017
   93.333   0.30000   1.66681   0.01313 -33.17141
   95.000   0.30000   1.66681   0.01431 -33.05363
   96.667   0.30000   1.66681   0.01438 -32.93679
   98.333   0.30000   1.66681   0.01442 -32.82086
  100.000   0.30000   1.66681   0.01445 -32.70581
    0.000   0.37500   0.00000   0.00000 -86.40549
    1.667   0.37500   0.00000   0.00000 -82.50118
    3.333   0.37500   0.00000   0.00000 -78.62866
    5.000   0.37500   0.00000   0.00000 -74.80705
    6.667   0.37500   0.00000   0.00000 -71.06307
    8.333   0.37500   0.00000   0.00000 -67.43185
   10.000   0.37500   0.00000   0.00000 -63.96270
   11.667   0.37500   6.66722  -0.00333 -60.79992
   13.333   0.37500  68.33903  -0.00704   0.00000
   15.000   0.37500 103.34195  -0.01018   0.00000
   16.667   0.37500 126.67722  -0.01245   0.00000
   18.333   0.37500 158.34653  -0.01371   0.00000
   20.000   0.37500 180.01500  -0.01525   0.00000
   21.667   0.37500 198.34986  -0.01653   0.00000
   23.333   0.37500 211.68431  -0.01761   0.00000
   25.000   0.37500 225.01875  -0.01865   0.00000
   26.667   0.37500 236.68639  -0.01954   0.00000
   28.333   0.37500 246.68722  -0.02039   0.00000
   30.000   0.37500 256.68806  -0.02111   0.00000
   31.667   0.37500 265.02209  -0.02183   0.00000
   33.333   0.37500 276.68972  -0.02250   0.00000
   35.000   0.37500 280.02334  -0.02301   0.00000
   36.667   0.37500 290.02417  -0.02355   0.00000
   38.333   0.37500 295.02459  -0.02406   0.00000
   40.000   0.37500 301.69181  -0.02453   0.00000
   41.667   0.37500 308.35903  -0.02500   0.00000
   43.333   0.37500 313.35945  -0.02542   0.00000
   45.000   0.37500 318.35986  -0.02582   0.00000
   46.667   0.37500 323.36028  -0.02626   0.00000
   48.333   0.37500 328.36070  -0.02666   0.00000
   50.000   0.37500 331.69431  -0.02707   0.00000
   51.667   0.37500 335.02792  -0.02747   0.00000
   53.333   0.37500 336.69472  -0.02788   0.00000
   55.000   0.37500 335.02792  -0.02827   0.00000
   56.667   0.37500 323.36028  -0.02864   0.00000
   58.333   0.37500 283.35695  -0.02895   0.00000
   60.000   0.37500 126.67722  -0.02843   0.00000
   61.667   0.37500  60.00500  -0.02718   0.00000
   63.333   0.37500  60.00500  -0.02763   0.00000
   65.000   0.37500   1.66681   0.01032 -36.90831
   66.667   0.37500   1.66681   0.01026 -35.28437
   68.333   0.37500   1.66681   0.01014 -34.57186
   70.000   0.37500   1.66681   0.01099 -37.44777
   71.667   0.37500   1.66681   0.01100 -33.44620
   73.333   0.37500   1.66681   0.01097 -35.21394
   75.000   0.37500   1.66681   0.01089 -34.86500
   76.667   0.37500   1.66681   0.01077 -34.74081
   78.333   0.37500   1.66681   0.01180 -34.60736
   80.000   0.37500   1.66681   0.01182 -34.47605
   81.667   0.37500   1.66681   0.01180 -34.34627
   83.333   0.37500   1.66681   0.01175 -34.21796
   85.000   0.37500   1.66681   0.01167 -34.09105
   86.667   0.37500   1.66681   0.01272 -33.96548
   88.333   0.37500   1.66681   0.01278 -33.84118
   90.000   0.37500   1.66681   0.01280 -33.71811
   91.667   0.37500   1.66681   0.01280 -33.59620
   93.333   0.37500   1.66681   0.01278 -33.47542
   95.000   0.37500   1.66681   0.01274 -33.35571
   96.667   0.37500   1.66681   0.01268 -33.23702
   98.333   0.37500   1.66681   0.01387 -33.11933
  100.000   0.37500   1.66681   0.01394 -33.00258
    0.000   0.45000   0.00000   0.00000 -86.94293
    1.667   0.45000   0.00000   0.00000 -83.61622
    3.333   0.45000   0.00000   0.00000 -80.30493
    5.000   0.45000   0.00000   0.00000 -77.01722
    6.667   0.45000   0.00000   0.00000 -73.76446
    8.333   0.45000   0.00000   0.00000 -70.56182
   10.000   0.45000   0.00000   0.00000 -67.42858
   11.667   0.45000   0.00000   0.00000 -64.38899
   13.333   0.45000   0.00000   0.00000 -61.48006
   15.000   0.45000  11.66764  -0.00533   0.00000
   16.667   0.45000  75.00625  -0.00870   0.00000
   18.333   0.45000 106.67556  -0.01156   0.00000
   20.000   0.45000 128.34403  -0.01361   0.00000
   21.667   0.45000 161.68014  -0.01477   0.00000
   23.333   0.45000 181.68181  -0.01624   0.00000
   25.000   0.45000 198.34986  -0.01747   0.00000
   26.667   0.45000 211.68431  -0.01853   0.00000
   28.333   0.45000 225.01875  -0.01947   0.00000
   30.000   0.45000 235.01958  -0.02031   0.00000
   31.667   0.45000 246.68722  -0.02110   0.00000
   33.333   0.45000 256.68806  -0.02181   0.00000
   35.000   0.45000 265.02209  -0.02247   0.00000
   36.667   0.45000 273.35611  -0.02306   0.00000
   38.333   0.45000 280.02334  -0.02356   0.00000
   40.000   0.45000 286.69056  -0.02411   0.00000
   41.667   0.45000 295.02459  -0.02457   0.00000
   43.333   0.45000 301.69181  -0.02506   0.00000
   45.000   0.45000 305.02542  -0.02549   0.00000
   46.667   0.45000 313.35945  -0.02593   0.00000
   48.333   0.45000 316.69306  -0.02632   0.00000
   50.000   0.45000 321.69347  -0.02673   0.00000
   51.667   0.45000 326.69389  -0.02711   0.00000
   53.333   0.45000 330.02750  -0.02752   0.00000
   55.000   0.45000 331.69431  -0.02790   0.00000
   56.667   0.45000 330.02750  -0.02830   0.00000
   58.333   0.45000 321.69347  -0.02865   0.00000
   60.000   0.45000 288.35736  -0.02896   0.00000
   61.667   0.45000 143.34528  -0.02862   0.00000
   63.333   0.45000  58.33819  -0.02715   0.00000
   65.000   0.45000  60.00500  -0.02763   0.00000
   66.667   0.45000   1.66681   0.00987 -37.67420
   68.333   0.45000   1.66681   0.00986 -33.28665
   70.000   0.45000   1.66681   0.00979 -38.95414
   71.667   0.45000   1.66681   0.00966 -31.93148
   73.333   0.45000   1.66681   0.01055 -37.75565
   75.000   0.45000   1.66681   0.01055 -34.61594
   76.667   0.45000   1.66681   0.01051 -35.11551
   78.333   0.45000   1.66681   0.01042 -34.93793
   80.000   0.45000   1.66681   0.01030 -34.80524
   81.667   0.45000   1.66681   0.01136 -34.67217
   83.333   0.45000   1.66681   0.01137 -34.54084
   85.000   0.45000   1.66681   0.01135 -34.41105
   86.667   0.45000   1.66681   0.01129 -34.28276
   88.333   0.45000   1.66681   0.01121 -34.15587
   90.000   0.45000   1.66681   0.01229 -34.03033
   91.667   0.45000   1.66681   0.01233 -33.90608
   93.333   0.45000   1.66681   0.01236 -33.78306
   95.000   0.45000   1.66681   0.01235 -33.66121
   96.667   0.45000   1.66681   0.01233 -33.54049
   98.333   0.45000   1.66681   0.01229 -33.42085
  100.000   0.45000   1.66681   0.01223 -33.30224
    0.000   0.52500   0.00000   0.00000 -87.34107
    1.667   0.52500   0.00000   0.00000 -84.44484
    3.333   0.52500   0.00000   0.00000 -81.55708
    5.000   0.52500   0.00000   0.00000 -78.68173
    6.667   0.52500   0.00000   0.00000 -75.82417
    8.333   0.52500   0.00000   0.00000 -72.99159
   10.000   0.52500   0.00000   0.00000 -70.19324
   11.667   0.52500   0.00000   0.00000 -67.44056
   13.333   0.52500   0.00000   0.00000 -64.74728
   15.000   0.52500   0.00000   0.00000 -62.13049
   16.667   0.52500   0.00000   0.00000 -59.61880
   18.333   0.52500  15.00125  -0.00697   0.00000
   20.000   0.52500  80.00667  -0.01030   0.00000
   21.667   0.52500 110.00917  -0.01277   0.00000
   23.333   0.52500 130.01083  -0.01475   0.00000
   25.000   0.52500 163.34695  -0.01584   0.00000
   26.667   0.52500 183.34861  -0.01722   0.00000
   28.333   0.52500 196.68306  -0.01827   0.00000
   30.000   0.52500 211.68431  -0.01933   0.00000
   31.667   0.52500 223.35195  -0.02023   0.00000
   33.333   0.52500 235.01958  -0.02106   0.00000
   35.000   0.52500 245.02042  -0.02183   0.00000
   36.667   0.52500 255.02125  -0.02248   0.00000
   38.333   0.52500 263.35528  -0.02309   0.00000
   40.000   0.52500 270.02250  -0.02363   0.00000
   41.667   0.52500 278.35653  -0.02414   0.00000
   43.333   0.52500 285.02375  -0.02464   0.00000
   45.000   0.52500 293.35778  -0.02511   0.00000
   46.667   0.52500 298.35820  -0.02556   0.00000
   48.333   0.52500 305.02542  -0.02597   0.00000
   50.000   0.52500 310.02584  -0.02639   0.00000
   51.667   0.52500 315.02625  -0.02678   0.00000
   53.333   0.52500 318.35986  -0.02717   0.00000
   55.000   0.52500 323.36028  -0.02755   0.00000
   56.667   0.52500 326.69389  -0.02794   0.00000
   58.333   0.52500 328.36070  -0.02833   0.00000
   60.000   0.52500 320.02667  -0.02869   0.00000
   61.667   0.52500 291.69097  -0.02898   0.00000
   63.333   0.52500 158.34653  -0.02877   0.00000
   65.000   0.52500  56.67139  -0.02711   0.00000
   66.667   0.52500  58.33819  -0.02759   0.00000
   68.333   0.52500   1.66681   0.00864 -31.48122
   70.000   0.52500   1.66681   0.00944 -39.90825
   71.667   0.52500   1.66681   0.00941 -31.18242
   73.333   0.52500   1.66681   0.00932 -39.32353
   75.000   0.52500   1.66681   0.00919 -33.99787
   76.667   0.52500   1.66681   0.01012 -35.85311
   78.333   0.52500   1.66681   0.01011 -35.24673
   80.000   0.52500   1.66681   0.01005 -35.14370
   81.667   0.52500   1.66681   0.00996 -35.00418
   83.333   0.52500   1.66681   0.01089 -34.86960
   85.000   0.52500   1.66681   0.01093 -34.73659
   86.667   0.52500   1.66681   0.01093 -34.60524
   88.333   0.52500   1.66681   0.01090 -34.47546
   90.000   0.52500   1.66681   0.01084 -34.34718
   91.667   0.52500   1.66681   0.01076 -34.22031
   93.333   0.52500   1.66681   0.01186 -34.09481
   95.000   0.52500   1.66681   0.01190 -33.97060
   96.667   0.52500   1.66681   0.01191 -33.84762
   98.333   0.52500   1.66681   0.01191 -33.72583
  100.000   0.52500   1.66681   0.01188 -33.60517
    0.000   0.60000   0.00000   0.00000 -87.64768
    1.667   0.60000   0.00000   0.00000 -85.08400
    3.333   0.60000   0.00000   0.00000 -82.52541
    5.000   0.60000   0.00000   0.00000 -79.97402
    6.667   0.60000   0.00000   0.00000 -77.43264
    8.333   0.60000   0.00000   0.00000 -74.90494
   10.000   0.60000   0.00000   0.00000 -72.39570
   11.667   0.60000   0.00000   0.00000 -69.91085
   13.333   0.60000   0.00000   0.00000 -67.45762
   15.000   0.60000   0.00000   0.00000 -65.04444
   16.667   0.60000   0.00000   0.00000 -62.68098
   18.333   0.60000   0.00000   0.00000 -60.37900
   20.000   0.60000   0.00000   0.00000 -58.16033
   21.667   0.60000  18.33486  -0.00871   0.00000
   23.333   0.60000  81.67347  -0.01174   0.00000
   25.000   0.60000 111.67597  -0.01410   0.00000
   26.667   0.60000 131.67764  -0.01583   0.00000
   28.333   0.60000 163.34695  -0.01693   0.00000
   30.000   0.60000 183.34861  -0.01811   0.00000
   31.667   0.60000 196.68306  -0.01915   0.00000
   33.333   0.60000 210.01750  -0.02013   0.00000
   35.000   0.60000 223.35195  -0.02098   0.00000
   36.667   0.60000 233.35278  -0.02177   0.00000
   38.333   0.60000 245.02042  -0.02247   0.00000
   40.000   0.60000 253.35445  -0.02313   0.00000
   41.667   0.60000 261.68847  -0.02370   0.00000
   43.333   0.60000 270.02250  -0.02424   0.00000
   45.000   0.60000 278.35653  -0.02474   0.00000
   46.667   0.60000 285.02375  -0.02519   0.00000
   48.333   0.60000 291.69097  -0.02565   0.00000
   50.000   0.60000 296.69139  -0.02604   0.00000
   51.667   0.60000 303.35861  -0.02644   0.00000
   53.333   0.60000 306.69222  -0.02684   0.00000
   55.000   0.60000 313.35945  -0.02724   0.00000
   56.667   0.60000 316.69306  -0.02763   0.00000
   58.333   0.60000 321.69347  -0.02801   0.00000
   60.000   0.60000 323.36028  -0.02836   0.00000
   61.667   0.60000 315.02625  -0.02872   0.00000
   63.333   0.60000 290.02417  -0.02901   0.00000
   65.000   0.60000 160.01333  -0.02881   0.00000
   66.667   0.60000  56.67139  -0.02721   0.00000
   68.333   0.60000  56.67139  -0.02755   0.00000
   70.000   0.60000   1.66681   0.00832 -42.29634
   71.667   0.60000   1.66681   0.00816 -30.57116
   73.333   0.60000   1.66681   0.00900 -40.85686
   75.000   0.60000   1.66681   0.00896 -34.80634
   76.667   0.60000   1.66681   0.00887 -36.00363
   78.333   0.60000   1.66681   0.00966 -36.70407
   80.000   0.60000   1.66681   0.00968 -35.04549
   81.667   0.60000   1.66681   0.00966 -35.36557
   83.333   0.60000   1.66681   0.00960 -35.20423
   85.000   0.60000   1.66681   0.00951 -35.06847
   86.667   0.60000   1.66681   0.01047 -34.93366
   88.333   0.60000   1.66681   0.01049 -34.80064
   90.000   0.60000   1.66681   0.01049 -34.66928
   91.667   0.60000   1.66681   0.01045 -34.53950
   93.333   0.60000   1.66681   0.01039 -34.41122
   95.000   0.60000   1.66681   0.01137 -34.28438
   96.667   0.60000   1.66681   0.01143 -34.15890
   98.333   0.60000   1.66681   0.01147 -34.03473
  100.000   0.60000   1.66681   0.01148 -33.91180
    0.000   0.67500   0.00000   0.00000 -87.89099
    1.667   0.67500   0.00000   0.00000 -85.59169
    3.333   0.67500   0.00000   0.00000 -83.29567
    5.000   0.67500   0.00000   0.00000 -81.00415
    6.667   0.67500   0.00000   0.00000 -78.71870
    8.333   0.67500   0.00000   0.00000 -76.44137
   10.000   0.67500   0.00000   0.00000 -74.17478
   11.667   0.67500   0.00000   0.00000 -71.92219
   13.333   0.67500   0.00000   0.00000 -69.68760
   15.000   0.67500   0.00000   0.00000 -67.47578
   16.667   0.67500   0.00000   0.00000 -65.29221
   18.333   0.67500   0.00000   0.00000 -63.14296
   20.000   0.67500   0.00000   0.00000 -61.03447
   21.667   0.67500   0.00000   0.00000 -58.97424
   23.333   0.67500   0.00000   0.00000 -56.97831
   25.000   0.67500  20.00167  -0.01022   0.00000
   26.667   0.67500  83.34028  -0.01319   0.00000
   28.333   0.67500 111.67597  -0.01520   0.00000
   30.000   0.67500 131.67764  -0.01688   0.00000
   31.667   0.67500 163.34695  -0.01786   0.00000
   33.333   0.67500 183.34861  -0.01908   0.00000
   35.000   0.67500 196.68306  -0.02000   0.00000
   36.667   0.67500 210.01750  -0.02090   0.00000
   38.333   0.67500 221.68514  -0.02176   0.00000
   40.000   0.67500 233.35278  -0.02247   0.00000
   41.667   0.67500 243.35361  -0.02315   0.00000
   43.333   0.67500 251.68764  -0.02375   0.00000
   45.000   0.67500 260.02167  -0.02425   0.00000
   46.667   0.67500 268.35570  -0.02476   0.00000
   48.333   0.67500 275.02292  -0.02525   0.00000
   50.000   0.67500 283.35695  -0.02571   0.00000
   51.667   0.67500 288.35736  -0.02613   0.00000
   53.333   0.67500 295.02459  -0.02652   0.00000
   55.000   0.67500 301.69181  -0.02693   0.00000
   56.667   0.67500 305.02542  -0.02730   0.00000
   58.333   0.67500 310.02584  -0.02768   0.00000
   60.000   0.67500 315.02625  -0.02806   0.00000
   61.667   0.67500 316.69306  -0.02842   0.00000
   63.333   0.67500 316.69306  -0.02878   0.00000
   65.000   0.67500 283.35695  -0.02904   0.00000
   66.667   0.67500 160.01333  -0.02884   0.00000
   68.333   0.67500  56.67139  -0.02727   0.00000
   70.000   0.67500  56.67139  -0.02760   0.00000
   71.667   0.67500   1.66681   0.00798 -37.17208
   73.333   0.67500   1.66681   0.00787 -40.88222
   75.000   0.67500   1.66681   0.00857 -32.94566
   76.667   0.67500   1.66681   0.00858 -34.79919
   78.333   0.67500   1.66681   0.00852 -38.40500
   80.000   0.67500   1.66681   0.00841 -33.13281
   81.667   0.67500   1.66681   0.00924 -37.24919
   83.333   0.67500   1.66681   0.00926 -35.37752
   85.000   0.67500   1.66681   0.00923 -35.41569
   86.667   0.67500   1.66681   0.00916 -35.26848
   88.333   0.67500   1.66681   0.00906 -35.13219
   90.000   0.67500   1.66681   0.01005 -34.99736
   91.667   0.67500   1.66681   0.01007 -34.86431
   93.333   0.67500   1.66681   0.01005 -34.73294
   95.000   0.67500   1.66681   0.01002 -34.60316
   96.667   0.67500   1.66681   0.00995 -34.47490
   98.333   0.67500   1.66681   0.01096 -34.34807
  100.000   0.67500   1.66681   0.01101 -34.22263
    0.000   0.75000   0.00000   0.00000 -88.08875
    1.667   0.75000   0.00000   0.00000 -86.00456
    3.333   0.75000   0.00000   0.00000 -83.92261
    5.000   0.75000   0.00000   0.00000 -81.84363
    6.667   0.75000   0.00000   0.00000 -79.76858
    8.333   0.75000   0.00000   0.00000 -77.69866
   10.000   0.75000   0.00000   0.00000 -75.63539
   11.667   0.75000   0.00000   0.00000 -73.58068
   13.333   0.75000   0.00000   0.00000 -71.53684
   15.000   0.75000   0.00000   0.00000 -69.50666
   16.667   0.75000   0.00000   0.00000 -67.49342
   18.333   0.75000   0.00000   0.00000 -65.50082
   20.000   0.75000   0.00000   0.00000 -63.53292
   21.667   0.75000   0.00000   0.00000 -61.59380
   23.333   0.75000   0.00000   0.00000 -59.68727
   25.000   0.75000   0.00000   0.00000 -57.81733
   26.667   0.75000   1.66681  -0.00344 -55.99771
   28.333   0.75000  20.00167  -0.01132   0.00000
   30.000   0.75000  85.00708  -0.01437   0.00000
   31.667   0.75000 111.67597  -0.01638   0.00000
   33.333   0.75000 131.67764  -0.01791   0.00000
   35.000   0.75000 163.34695  -0.01884   0.00000
   36.667   0.75000 180.01500  -0.01983   0.00000
   38.333   0.75000 195.01625  -0.02083   0.00000
   40.000   0.75000 208.35070  -0.02169   0.00000
   41.667   0.75000 221.68514  -0.02243   0.00000
   43.333   0.75000 231.68597  -0.02314   0.00000
   45.000   0.75000 241.68681  -0.02380   0.00000
   46.667   0.75000 250.02084  -0.02434   0.00000
   48.333   0.75000 260.02167  -0.02485   0.00000
   50.000   0.75000 266.68889  -0.02533   0.00000
   51.667   0.75000 273.35611  -0.02580   0.00000
   53.333   0.75000 281.69014  -0.02624   0.00000
   55.000   0.75000 286.69056  -0.02661   0.00000
   56.667   0.75000 293.35778  -0.02700   0.00000
   58.333   0.75000 298.35820  -0.02738   0.00000
   60.000   0.75000 303.35861  -0.02777   0.00000
   61.667   0.75000 308.35903  -0.02812   0.00000
   63.333   0.75000 311.69264  -0.02848   0.00000
   65.000   0.75000 310.02584  -0.02882   0.00000
   66.667   0.75000 280.02334  -0.02908   0.00000
   68.333   0.75000 151.67931  -0.02886   0.00000
   70.000   0.75000  56.67139  -0.02736   0.00000
   71.667   0.75000  55.00458  -0.02764   0.00000
   73.333   0.75000   1.66681   0.00759 -30.50166
   75.000   0.75000   1.66681   0.00754 -39.71234
   76.667   0.75000   1.66681   0.00741 -37.21034
   78.333   0.75000   1.66681   0.00816 -36.41757
   80.000   0.75000   1.66681   0.00815 -32.00815
   81.667   0.75000   1.66681   0.00808 -39.29577
   83.333   0.75000   1.66681   0.00796 -34.15295
   85.000   0.75000   1.66681   0.00883 -36.18914
   86.667   0.75000   1.66681   0.00883 -35.58208
   88.333   0.75000   1.66681   0.00879 -35.47254
   90.000   0.75000   1.66681   0.00872 -35.33219
   91.667   0.75000   1.66681   0.00959 -35.19554
   93.333   0.75000   1.66681   0.00963 -35.06069
   95.000   0.75000   1.66681   0.00964 -34.92762
   96.667   0.75000   1.66681   0.00963 -34.79623
   98.333   0.75000   1.66681   0.00958 -34.66645
  100.000   0.75000   1.66681   0.00952 -34.53820
    0.000   0.82500   0.00000   0.00000 -88.25263
    1.667   0.82500   0.00000   0.00000 -86.34685
    3.333   0.82500   0.00000   0.00000 -84.44265
    5.000   0.82500   0.00000   0.00000 -82.54051
    6.667   0.82500   0.00000   0.00000 -80.64104
    8.333   0.82500   0.00000   0.00000 -78.74497
   10.000   0.82500   0.00000   0.00000 -76.85327
   11.667   0.82500   0.00000   0.00000 -74.96707
   13.333   0.82500   0.00000   0.00000 -73.08779
   15.000   0.82500   0.00000   0.00000 -71.21712
   16.667   0.82500   0.00000   0.00000 -69.35706
   18.333   0.82500   0.00000   0.00000 -67.50992
   20.000   0.82500   0.00000   0.00000 -65.67833
   21.667   0.82500   0.00000   0.00000 -63.86509
   23.333   0.82500   0.00000   0.00000 -62.07299
   25.000   0.82500   0.00000   0.00000 -60.30446
   26.667   0.82500   0.00000   0.00000 -58.56111
   28.333   0.82500   0.00000   0.00000 -56.84411
   30.000   0.82500   1.66681  -0.00252 -55.16174
   31.667   0.82500  18.33486  -0.01215   0.00000
   33.333   0.82500  83.34028  -0.01573   0.00000
   35.000   0.82500 111.67597  -0.01744   0.00000
   36.667   0.82500 131.67764  -0.01889   0.00000
   38.333   0.82500 163.34695  -0.01979   0.00000
   40.000   0.82500 180.01500  -0.02078   0.00000
   41.667   0.82500 195.01625  -0.02163   0.00000
   43.333   0.82500 206.68389  -0.02248   0.00000
   45.000   0.82500 221.68514  -0.02317   0.00000
   46.667   0.82500 230.01917  -0.02382   0.00000
   48.333   0.82500 240.02000  -0.02440   0.00000
   50.000   0.82500 246.68722  -0.02492   0.00000
   51.667   0.82500 258.35486  -0.02542   0.00000
   53.333   0.82500 265.02209  -0.02590   0.00000
   55.000   0.82500 271.68931  -0.02631   0.00000
   56.667   0.82500 280.02334  -0.02675   0.00000
   58.333   0.82500 285.02375  -0.02710   0.00000
   60.000   0.82500 291.69097  -0.02748   0.00000
   61.667   0.82500 296.69139  -0.02784   0.00000
   63.333   0.82500 300.02500  -0.02821   0.00000
   65.000   0.82500 306.69222  -0.02856   0.00000
   66.667   0.82500 303.35861  -0.02890   0.00000
   68.333   0.82500 268.35570  -0.02913   0.00000
   70.000   0.82500  91.67431  -0.02822   0.00000
   71.667   0.82500  55.00458  -0.02738   0.00000
   73.333   0.82500  55.00458  -0.02773   0.00000
   75.000   0.82500   1.66681   0.00644 -31.04375
   76.667   0.82500   1.66681   0.00718 -32.87758
   78.333   0.82500   1.66681   0.00711 -41.51598
   80.000   0.82500   1.66681   0.00697 -33.09401
   81.667   0.82500   1.66681   0.00775 -40.05902
   83.333   0.82500   1.66681   0.00773 -34.75258
   85.000   0.82500   1.66681   0.00764 -36.92296
   86.667   0.82500   1.66681   0.00839 -36.12885
   88.333   0.82500   1.66681   0.00842 -35.82145
   90.000   0.82500   1.66681   0.00841 -35.67324
   91.667   0.82500   1.66681   0.00836 -35.53423
   93.333   0.82500   1.66681   0.00829 -35.39531
   95.000   0.82500   1.66681   0.00918 -35.25854
   96.667   0.82500   1.66681   0.00922 -35.12365
   98.333   0.82500   1.66681   0.00922 -34.99055
  100.000   0.82500   1.66681   0.00920 -34.85916
    0.000   0.90000   0.00000   0.00000 -88.39064
    1.667   0.90000   0.00000   0.00000 -86.63519
    3.333   0.90000   0.00000   0.00000 -84.88090
    5.000   0.90000   0.00000   0.00000 -83.12808
    6.667   0.90000   0.00000   0.00000 -81.37715
    8.333   0.90000   0.00000   0.00000 -79.62858
   10.000   0.90000   0.00000   0.00000 -77.88299
   11.667   0.90000   0.00000   0.00000 -76.14112
   13.333   0.90000   0.00000   0.00000 -74.40384
   15.000   0.90000   0.00000   0.00000 -72.67224
   16.667   0.90000   0.00000   0.00000 -70.94756
   18.333   0.90000   0.00000   0.00000 -69.23129
   20.000   0.90000   0.00000   0.00000 -67.52511
   21.667   0.90000   0.00000   0.00000 -65.83091
   23.333   0.90000   0.00000   0.00000 -64.15070
   25.000   0.90000   0.00000   0.00000 -62.48650
   26.667   0.90000   0.00000   0.00000 -60.84002
   28.333   0.90000   0.00000   0.00000 -59.21225
   30.000   0.90000   0.00000   0.00000 -57.60302
   31.667   0.90000   0.00000   0.00000 -56.01125
   33.333   0.90000   1.66681  -0.00240 -54.44042
   35.000   0.90000  16.66806  -0.01257   0.00000
   36.667   0.90000  81.67347  -0.01745   0.00000
   38.333   0.90000 110.00917  -0.01853   0.00000
   40.000   0.90000 130.01083  -0.01987   0.00000
   41.667   0.90000 160.01333  -0.02058   0.00000
   43.333   0.90000 178.34820  -0.02155   0.00000
   45.000   0.90000 193.34945  -0.02246   0.00000
   46.667   0.90000 206.68389  -0.02316   0.00000
   48.333   0.90000 218.35153  -0.02384   0.00000
   50.000   0.90000 228.35236  -0.02447   0.00000
   51.667   0.90000 238.35320  -0.02503   0.00000
   53.333   0.90000 245.02042  -0.02553   0.00000
   55.000   0.90000 256.68806  -0.02600   0.00000
   56.667   0.90000 261.68847  -0.02641   0.00000
   58.333   0.90000 270.02250  -0.02683   0.00000
   60.000   0.90000 276.68972  -0.02722   0.00000
   61.667   0.90000 283.35695  -0.02758   0.00000
   63.333   0.90000 286.69056  -0.02795   0.00000
   65.000   0.90000 293.35778  -0.02829   0.00000
   66.667   0.90000 296.69139  -0.02865   0.00000
   68.333   0.90000 295.02459  -0.02897   0.00000
   70.000   0.90000 260.02167  -0.02918   0.00000
   71.667   0.90000  58.33819  -0.02738   0.00000
   73.333   0.90000  51.67097  -0.02738   0.00000
   75.000   0.90000  55.00458  -0.02780   0.00000
   76.667   0.90000   1.66681   0.00618 -30.80343
   78.333   0.90000   1.66681   0.00598 -30.68578
   80.000   0.90000   1.66681   0.00677 -35.96807
   81.667   0.90000   1.66681   0.00668 -41.87861
   83.333   0.90000   1.66681   0.00652 -31.90665
   85.000   0.90000   1.66681   0.00735 -35.62359
   86.667   0.90000   1.66681   0.00731 -37.99948
   88.333   0.90000   1.66681   0.00721 -34.48711
   90.000   0.90000   1.66681   0.00799 -36.44578
   91.667   0.90000   1.66681   0.00801 -35.86177
   93.333   0.90000   1.66681   0.00800 -35.73850
   95.000   0.90000   1.66681   0.00794 -35.59683
   96.667   0.90000   1.66681   0.00873 -35.45801
   98.333   0.90000   1.66681   0.00878 -35.32118
  100.000   0.90000   1.66681   0.00881 -35.18625
    0.000   0.97500   0.00000   0.00000 -88.50846
    1.667   0.97500   0.00000   0.00000 -86.88139
    3.333   0.97500   0.00000   0.00000 -85.25519
    5.000   0.97500   0.00000   0.00000 -83.63008
    6.667   0.97500   0.00000   0.00000 -82.00635
    8.333   0.97500   0.00000   0.00000 -80.38432
   10.000   0.97500   0.00000   0.00000 -78.76440
   11.667   0.97500   0.00000   0.00000 -77.14708
   13.333   0.97500   0.00000   0.00000 -75.53294
   15.000   0.97500   0.00000   0.00000 -73.92268
   16.667   0.97500   0.00000   0.00000 -72.31712
   18.333   0.97500   0.00000   0.00000 -70.71721
   20.000   0.97500   0.00000   0.00000 -69.12408
   21.667   0.97500   0.00000   0.00000 -67.53898
   23.333   0.97500   0.00000   0.00000 -65.96330
   25.000   0.97500   0.00000   0.00000 -64.39853
   26.667   0.97500   0.00000   0.00000 -62.84615
   28.333   0.97500   0.00000   0.00000 -61.30745
   30.000   0.97500   0.00000   0.00000 -59.78322
   31.667   0.97500   0.00000   0.00000 -58.27325
   33.333   0.97500   0.00000   0.00000 -56.77595
   35.000   0.97500   0.00000   0.00000 -55.28846
   36.667   0.97500   1.66681  -0.00247 -53.81025
   38.333   0.97500  13.33444  -0.01175   0.00000
   40.000   0.97500  73.33944  -0.01850   0.00000
   41.667   0.97500 110.00917  -0.01978   0.00000
   43.333   0.97500 128.34403  -0.02086   0.00000
   45.000   0.97500 155.01292  -0.02157   0.00000
   46.667   0.97500 176.68139  -0.02238   0.00000
   48.333   0.97500 191.68264  -0.02318   0.00000
   50.000   0.97500 205.01708  -0.02391   0.00000
   51.667   0.97500 216.68472  -0.02456   0.00000
   53.333   0.97500 226.68556  -0.02514   0.00000
   55.000   0.97500 235.01958  -0.02560   0.00000
   56.667   0.97500 241.68681  -0.02607   0.00000
   58.333   0.97500 255.02125  -0.02656   0.00000
   60.000   0.97500 260.02167  -0.02694   0.00000
   61.667   0.97500 266.68889  -0.02733   0.00000
   63.333   0.97500 273.35611  -0.02770   0.00000
   65.000   0.97500 283.35695  -0.02807   0.00000
   66.667   0.97500 285.02375  -0.02840   0.00000
   68.333   0.97500 288.35736  -0.02875   0.00000
   70.000   0.97500 285.02375  -0.02905   0.00000
   71.667   0.97500 235.01958  -0.02920   0.00000
   73.333   0.97500  50.00417  -0.02711   0.00000
   75.000   0.97500  51.67097  -0.02749   0.00000
   76.667   0.97500  31.66931  -0.02645   0.00000
   78.333   0.97500   1.66681   0.00588 -31.64826
   80.000   0.97500   1.66681   0.00575 -30.66246
   81.667   0.97500   1.66681   0.00639 -31.40351
   83.333   0.97500   1.66681   0.00636 -38.75945
   85.000   0.97500   1.66681   0.00625 -39.94004
   86.667   0.97500   1.66681   0.00694 -40.36083
   88.333   0.97500   1.66681   0.00694 -32.96133
   90.000   0.97500   1.66681   0.00689 -39.02884
   91.667   0.97500   1.66681   0.00679 -35.01964
   93.333   0.97500   1.66681   0.00760 -36.20777
   95.000   0.97500   1.66681   0.00761 -35.93777
   96.667   0.97500   1.66681   0.00758 -35.80058
   98.333   0.97500   1.66681   0.00752 -35.65924
  100.000   0.97500   1.66681   0.00834 -35.52034
    0.000   1.05000   0.00000   0.00000 -88.61022
    1.667   1.05000   0.00000   0.00000 -87.09405
    3.333   1.05000   0.00000   0.00000 -85.57855
    5.000   1.05000   0.00000   0.00000 -84.06389
    6.667   1.05000   0.00000   0.00000 -82.55025
    8.333   1.05000   0.00000   0.00000 -81.03788
   10.000   1.05000   0.00000   0.00000 -79.52705
   11.667   1.05000   0.00000   0.00000 -78.01809
   13.333   1.05000   0.00000   0.00000 -76.51141
   15.000   1.05000   0.00000   0.00000 -75.00747
   16.667   1.05000   0.00000   0.00000 -73.50682
   18.333   1.05000   0.00000   0.00000 -72.01012
   20.000   1.05000   0.00000   0.00000 -70.51810
   21.667   1.05000   0.00000   0.00000 -69.03161
   23.333   1.05000   0.00000   0.00000 -67.55161
   25.000   1.05000   0.00000   0.00000 -66.07915
   26.667   1.05000   0.00000   0.00000 -64.61536
   28.333   1.05000   0.00000   0.00000 -63.16135
   30.000   1.05000   0.00000   0.00000 -61.71813
   31.667   1.05000   0.00000   0.00000 -60.28634
   33.333   1.05000   0.00000   0.00000 -58.86595
   35.000   1.05000   0.00000   0.00000 -57.45581
   36.667   1.05000   0.00000   0.00000 -56.05322
   38.333   1.05000   0.00000   0.00000 -54.65400
   40.000   1.05000   1.66681  -0.00289 -53.25437
   41.667   1.05000  10.00083  -0.01136   0.00000
   43.333   1.05000  68.33903  -0.01979   0.00000
   45.000   1.05000 106.67556  -0.02086   0.00000
   46.667   1.05000 125.01042  -0.02173   0.00000
   48.333   1.05000 148.34570  -0.02225   0.00000
   50.000   1.05000 173.34778  -0.02329   0.00000
   51.667   1.05000 191.68264  -0.02401   0.00000
   53.333   1.05000 203.35028  -0.02462   0.00000
   55.000   1.05000 211.68431  -0.02522   0.00000
   56.667   1.05000 223.35195  -0.02575   0.00000
   58.333   1.05000 233.35278  -0.02621   0.00000
   60.000   1.05000 240.02000  -0.02665   0.00000
   61.667   1.05000 251.68764  -0.02708   0.00000
   63.333   1.05000 258.35486  -0.02748   0.00000
   65.000   1.05000 263.35528  -0.02783   0.00000
   66.667   1.05000 271.68931  -0.02819   0.00000
   68.333   1.05000 276.68972  -0.02853   0.00000
   70.000   1.05000 283.35695  -0.02886   0.00000
   71.667   1.05000 275.02292  -0.02915   0.00000
   73.333   1.05000 196.68306  -0.02918   0.00000
   75.000   1.05000  50.00417  -0.02729   0.00000
   76.667   1.05000  48.33736  -0.02747   0.00000
   78.333   1.05000   1.66681   0.00497 -36.75995
   80.000   1.05000   1.66681   0.00553 -30.49005
   81.667   1.05000   1.66681   0.00547 -30.78931
   83.333   1.05000   1.66681   0.00532 -31.17558
   85.000   1.05000   1.66681   0.00601 -33.67066
   86.667   1.05000   1.66681   0.00595 -40.83782
   88.333   1.05000   1.66681   0.00583 -36.30851
   90.000   1.05000   1.66681   0.00656 -40.01720
   91.667   1.05000   1.66681   0.00654 -35.00052
   93.333   1.05000   1.66681   0.00648 -37.42359
   95.000   1.05000   1.66681   0.00637 -36.12022
   96.667   1.05000   1.66681   0.00721 -36.16842
   98.333   1.05000   1.66681   0.00721 -36.00487
  100.000   1.05000   1.66681   0.00718 -35.86248
    0.000   1.12500   0.00000   0.00000 -88.69898
    1.667   1.12500   0.00000   0.00000 -87.27957
    3.333   1.12500   0.00000   0.00000 -85.86070
    5.000   1.12500   0.00000   0.00000 -84.44247
    6.667   1.12500   0.00000   0.00000 -83.02503
    8.333   1.12500   0.00000   0.00000 -81.60855
   10.000   1.12500   0.00000   0.00000 -80.19322
   11.667   1.12500   0.00000   0.00000 -78.77929
   13.333   1.12500   0.00000   0.00000 -77.36702
   15.000   1.12500   0.00000   0.00000 -75.95676
   16.667   1.12500   0.00000   0.00000 -74.54887
   18.333   1.12500   0.00000   0.00000 -73.14381
   20.000   1.12500   0.00000   0.00000 -71.74208
   21.667   1.12500   0.00000   0.00000 -70.34426
   23.333   1.12500   0.00000   0.00000 -68.95103
   25.000   1.12500   0.00000   0.00000 -67.56311
   26.667   1.12500   0.00000   0.00000 -66.18133
   28.333   1.12500   0.00000   0.00000 -64.80653
   30.000   1.12500   0.00000   0.00000 -63.43959
   31.667   1.12500   0.00000   0.00000 -62.08129
   33.333   1.12500   0.00000   0.00000 -60.73219
   35.000   1.12500   0.00000   0.00000 -59.39237
   36.667   1.12500   0.00000   0.00000 -58.06114
   38.333   1.12500   0.00000   0.00000 -56.73658
   40.000   1.12500   0.00000   0.00000 -55.41519
   41.667   1.12500   0.00000   0.00000 -54.09180
   43.333   1.12500   1.66681  -0.00256 -52.76024
   45.000   1.12500   8.33403  -0.01220 -51.39841
   46.667   1.12500  58.33819  -0.01993   0.00000
   48.333   1.12500 101.67514  -0.02204   0.00000
   50.000   1.12500 123.34361  -0.02274   0.00000
   51.667   1.12500 146.67889  -0.02320   0.00000
   53.333   1.12500 171.68097  -0.02414   0.00000
   55.000   1.12500 186.68222  -0.02476   0.00000
   56.667   1.12500 200.01667  -0.02536   0.00000
   58.333   1.12500 210.01750  -0.02588   0.00000
   60.000   1.12500 220.01833  -0.02636   0.00000
   61.667   1.12500 231.68597  -0.02683   0.00000
   63.333   1.12500 238.35320  -0.02724   0.00000
   65.000   1.12500 248.35403  -0.02762   0.00000
   66.667   1.12500 255.02125  -0.02800   0.00000
   68.333   1.12500 261.68847  -0.02833   0.00000
   70.000   1.12500 270.02250  -0.02868   0.00000
   71.667   1.12500 271.68931  -0.02899   0.00000
   73.333   1.12500 253.35445  -0.02922   0.00000
   75.000   1.12500  58.33819  -0.02762   0.00000
   76.667   1.12500  48.33736  -0.02737   0.00000
   78.333   1.12500  48.33736  -0.02767   0.00000
   80.000   1.12500   3.33361  -0.00684 -45.49082
   81.667   1.12500   1.66681   0.00455 -39.57586
   83.333   1.12500   1.66681   0.00515 -31.82587
   85.000   1.12500   1.66681   0.00506 -32.96612
   86.667   1.12500   1.66681   0.00489 -31.86530
   88.333   1.12500   1.66681   0.00562 -36.42732
   90.000   1.12500   1.66681   0.00554 -41.72629
   91.667   1.12500   1.66681   0.00541 -37.64030
   93.333   1.12500   1.66681   0.00618 -36.25028
   95.000   1.12500   1.66681   0.00615 -37.67860
   96.667   1.12500   1.66681   0.00607 -35.98240
   98.333   1.12500   1.66681   0.00680 -36.38344
  100.000   1.12500   1.66681   0.00683 -36.21413
    0.000   1.20000   0.00000   0.00000 -88.77709
    1.667   1.20000   0.00000   0.00000 -87.44285
    3.333   1.20000   0.00000   0.00000 -86.10903
    5.000   1.20000   0.00000   0.00000 -84.77572
    6.667   1.20000   0.00000   0.00000 -83.44303
    8.333   1.20000   0.00000   0.00000 -82.11109
   10.000   1.20000   0.00000   0.00000 -80.78003
   11.667   1.20000   0.00000   0.00000 -79.45003
   13.333   1.20000   0.00000   0.00000 -78.12129
   15.000   1.20000   0.00000   0.00000 -76.79403
   16.667   1.20000   0.00000   0.00000 -75.46854
   18.333   1.20000   0.00000   0.00000 -74.14513
   20.000   1.20000   0.00000   0.00000 -72.82414
   21.667   1.20000   0.00000   0.00000 -71.50601
   23.333   1.20000   0.00000   0.00000 -70.19118
   25.000   1.20000   0.00000   0.00000 -68.88018
   26.667   1.20000   0.00000   0.00000 -67.57360
   28.333   1.20000   0.00000   0.00000 -66.27207
   30.000   1.20000   0.00000   0.00000 -64.97625
   31.667   1.20000   0.00000   0.00000 -63.68684
   33.333   1.20000   0.00000   0.00000 -62.40444
   35.000   1.20000   0.00000   0.00000 -61.12954
   36.667   1.20000   0.00000   0.00000 -59.86230
   38.333   1.20000   0.00000   0.00000 -58.60233
   40.000   1.20000   0.00000   0.00000 -57.34839
   41.667   1.20000   0.00000   0.00000 -56.09798
   43.333   1.20000   0.00000   0.00000 -54.84703
   45.000   1.20000   0.00000   0.00000 -53.58975
   46.667   1.20000   1.66681  -0.00321 -52.31831
   48.333   1.20000   6.66722  -0.01258 -51.00856
   50.000   1.20000  41.67014  -0.01764   0.00000
   51.667   1.20000 100.00833  -0.02369   0.00000
   53.333   1.20000 120.01000  -0.02382   0.00000
   55.000   1.20000 145.01208  -0.02420   0.00000
   56.667   1.20000 170.01417  -0.02508   0.00000
   58.333   1.20000 185.01542  -0.02558   0.00000
   60.000   1.20000 198.34986  -0.02610   0.00000
   61.667   1.20000 206.68389  -0.02653   0.00000
   63.333   1.20000 218.35153  -0.02698   0.00000
   65.000   1.20000 228.35236  -0.02742   0.00000
   66.667   1.20000 236.68639  -0.02780   0.00000
   68.333   1.20000 246.68722  -0.02818   0.00000
   70.000   1.20000 253.35445  -0.02851   0.00000
   71.667   1.20000 260.02167  -0.02882   0.00000
   73.333   1.20000 263.35528  -0.02914   0.00000
   75.000   1.20000 205.01708  -0.02923   0.00000
   76.667   1.20000  45.00375  -0.02714   0.00000
   78.333   1.20000  46.67056  -0.02753   0.00000
   80.000   1.20000   1.66681   0.00394 -45.93016
   81.667   1.20000   1.66681   0.00370 -30.33874
   83.333   1.20000   1.66681   0.00432 -45.29686
   85.000   1.20000   1.66681   0.00413 -41.71136
   86.667   1.20000   1.66681   0.00477 -34.17405
   88.333   1.20000   1.66681   0.00466 -35.42924
   90.000   1.20000   1.66681   0.00526 -33.30251
   91.667   1.20000   1.66681   0.00523 -38.87251
   93.333   1.20000   1.66681   0.00514 -40.74151
   95.000   1.20000   1.66681   0.00579 -40.21337
   96.667   1.20000   1.66681   0.00580 -34.02016
   98.333   1.20000   1.66681   0.00576 -38.47300
  100.000   1.20000   1.66681   0.00567 -36.28393
    0.000   1.27500   0.00000   0.00000 -88.84636
    1.667   1.27500   0.00000   0.00000 -87.58764
    3.333   1.27500   0.00000   0.00000 -86.32927
    5.000   1.27500   0.00000   0.00000 -85.07131
    6.667   1.27500   0.00000   0.00000 -83.81385
    8.333   1.27500   0.00000   0.00000 -82.55697
   10.000   1.27500   0.00000   0.00000 -81.30079
   11.667   1.27500   0.00000   0.00000 -80.04543
   13.333   1.27500   0.00000   0.00000 -78.79103
   15.000   1.27500   0.00000   0.00000 -77.53777
   16.667   1.27500   0.00000   0.00000 -76.28585
   18.333   1.27500   0.00000   0.00000 -75.03548
   20.000   1.27500   0.00000   0.00000 -73.78693
   21.667   1.27500   0.00000   0.00000 -72.54049
   23.333   1.27500   0.00000   0.00000 -71.29650
   25.000   1.27500   0.00000   0.00000 -70.05533
   26.667   1.27500   0.00000   0.00000 -68.81740
   28.333   1.27500   0.00000   0.00000 -67.58318
   30.000   1.27500   0.00000   0.00000 -66.35316
   31.667   1.27500   0.00000   0.00000 -65.12788
   33.333   1.27500   0.00000   0.00000 -63.90788
   35.000   1.27500   0.00000   0.00000 -62.69365
   36.667   1.27500   0.00000   0.00000 -61.48560
   38.333   1.27500   0.00000   0.00000 -60.28393
   40.000   1.27500   0.00000   0.00000 -59.08845
   41.667   1.27500   0.00000   0.00000 -57.89838
   43.333   1.27500   0.00000   0.00000 -56.71203
   45.000   1.27500   0.00000   0.00000 -55.52651
   46.667   1.27500   0.00000   0.00000 -54.33738
   48.333   1.27500   0.00000   0.00000 -53.13851
   50.000   1.27500   1.66681  -0.00313 -51.92105
   51.667   1.27500   5.00042  -0.01047 -50.66228
   53.333   1.27500  36.66972  -0.01879   0.00000
   55.000   1.27500  80.00667  -0.02293   0.00000
   56.667   1.27500 118.34320  -0.02502   0.00000
   58.333   1.27500 140.01167  -0.02525   0.00000
   60.000   1.27500 165.01375  -0.02588   0.00000
   61.667   1.27500 181.68181  -0.02639   0.00000
   63.333   1.27500 196.68306  -0.02686   0.00000
   65.000   1.27500 205.01708  -0.02722   0.00000
   66.667   1.27500 215.01792  -0.02763   0.00000
   68.333   1.27500 226.68556  -0.02803   0.00000
   70.000   1.27500 235.01958  -0.02837   0.00000
   71.667   1.27500 243.35361  -0.02871   0.00000
   73.333   1.27500 250.02084  -0.02901   0.00000
   75.000   1.27500 236.68639  -0.02925   0.00000
   76.667   1.27500  43.33694  -0.02701   0.00000
   78.333   1.27500  43.33694  -0.02730   0.00000
   80.000   1.27500  35.00292  -0.02695   0.00000
   81.667   1.27500   1.66681   0.00367 -40.98364
   83.333   1.27500   1.66681   0.00354 -46.16308
   85.000   1.27500   1.66681   0.00402 -32.16555
   86.667   1.27500   1.66681   0.00393 -44.94417
   88.333   1.27500   1.66681   0.00371 -42.80664
   90.000   1.27500   1.66681   0.00439 -36.69345
   91.667   1.27500   1.66681   0.00426 -35.87084
   93.333   1.27500   1.66681   0.00489 -35.38945
   95.000   1.27500   1.66681   0.00485 -40.71611
   96.667   1.27500   1.66681   0.00475 -34.60301
   98.333   1.27500   1.66681   0.00543 -39.82927
  100.000   1.27500   1.66681   0.00542 -35.47586
    0.000   1.35000   0.00000   0.00000 -88.90820
    1.667   1.35000   0.00000   0.00000 -87.71692
    3.333   1.35000   0.00000   0.00000 -86.52593
    5.000   1.35000   0.00000   0.00000 -85.33528
    6.667   1.35000   0.00000   0.00000 -84.14503
    8.333   1.35000   0.00000   0.00000 -82.95525
   10.000   1.35000   0.00000   0.00000 -81.76601
   11.667   1.35000   0.00000   0.00000 -80.57743
   13.333   1.35000   0.00000   0.00000 -79.38960
   15.000   1.35000   0.00000   0.00000 -78.20266
   16.667   1.35000   0.00000   0.00000 -77.01675
   18.333   1.35000   0.00000   0.00000 -75.83203
   20.000   1.35000   0.00000   0.00000 -74.64870
   21.667   1.35000   0.00000   0.00000 -73.46697
   23.333   1.35000   0.00000   0.00000 -72.28709
   25.000   1.35000   0.00000   0.00000 -71.10932
   26.667   1.35000   0.00000   0.00000 -69.93397
   28.333   1.35000   0.00000   0.00000 -68.76140
   30.000   1.35000   0.00000   0.00000 -67.59195
   31.667   1.35000   0.00000   0.00000 -66.42606
   33.333   1.35000   0.00000   0.00000 -65.26412
   35.000   1.35000   0.00000   0.00000 -64.10659
   36.667   1.35000   0.00000   0.00000 -62.95386
   38.333   1.35000   0.00000   0.00000 -61.80629
   40.000   1.35000   0.00000   0.00000 -60.66406
   41.667   1.35000   0.00000   0.00000 -59.52712
   43.333   1.35000   0.00000   0.00000 -58.39499
   45.000   1.35000   0.00000   0.00000 -57.26657
   46.667   1.35000   0.00000   0.00000 -56.13984
   48.333   1.35000   0.00000   0.00000 -55.01164
   50.000   1.35000   0.00000   0.00000 -53.87734
   51.667   1.35000   0.00000   0.00000 -52.73085
   53.333   1.35000   1.66681  -0.00325 -51.56243
   55.000   1.35000   3.33361  -0.00822 -50.35027
   56.667   1.35000  30.00250  -0.01923   0.00000
   58.333   1.35000  53.33778  -0.01983   0.00000
   60.000   1.35000 110.00917  -0.02589   0.00000
   61.667   1.35000 136.67806  -0.02620   0.00000
   63.333   1.35000 155.01292  -0.02650   0.00000
   65.000   1.35000 173.34778  -0.02717   0.00000
   66.667   1.35000 190.01583  -0.02756   0.00000
   68.333   1.35000 201.68347  -0.02793   0.00000
   70.000   1.35000 213.35111  -0.02826   0.00000
   71.667   1.35000 223.35195  -0.02863   0.00000
   73.333   1.35000 230.01917  -0.02893   0.00000
   75.000   1.35000 236.68639  -0.02923   0.00000
   76.667   1.35000 106.67556  -0.02877   0.00000
   78.333   1.35000  43.33694  -0.02729   0.00000
   80.000   1.35000  38.33653  -0.02719   0.00000
   81.667   1.35000   1.66681   0.00236 -38.57671
   83.333   1.35000   1.66681   0.00286 -38.75039
   85.000   1.35000   1.66681   0.00331 -43.16162
   86.667   1.35000   1.66681   0.00314 -44.07410
   88.333   1.35000   1.66681   0.00366 -35.00827
   90.000   1.35000   1.66681   0.00353 -43.69467
   91.667   1.35000   1.66681   0.00408 -42.30339
   93.333   1.35000   1.66681   0.00401 -38.83773
   95.000   1.35000   1.66681   0.00386 -35.06937
   96.667   1.35000   1.66681   0.00453 -37.52380
   98.333   1.35000   1.66681   0.00447 -40.85461
  100.000   1.35000   1.66681   0.00435 -37.97996
    0.000   1.42500   0.00000   0.00000 -88.96375
    1.667   1.42500   0.00000   0.00000 -87.83306
    3.333   1.42500   0.00000   0.00000 -86.70261
    5.000   1.42500   0.00000   0.00000 -85.57243
    6.667   1.42500   0.00000   0.00000 -84.44259
    8.333   1.42500   0.00000   0.00000 -83.31313
   10.000   1.42500   0.00000   0.00000 -82.18411
   11.667   1.42500   0.00000   0.00000 -81.05561
   13.333   1.42500   0.00000   0.00000 -79.92772
   15.000   1.42500   0.00000   0.00000 -78.80052
   16.667   1.42500   0.00000   0.00000 -77.67413
   18.333   1.42500   0.00000   0.00000 -76.54868
   20.000   1.42500   0.00000   0.00000 -75.42430
   21.667   1.42500   0.00000   0.00000 -74.30116
   23.333   1.42500   0.00000   0.00000 -73.17943
   25.000   1.42500   0.00000   0.00000 -72.05932
   26.667   1.42500   0.00000   0.00000 -70.94106
   28.333   1.42500   0.00000   0.00000 -69.82490
   30.000   1.42500   0.00000   0.00000 -68.71111
   31.667   1.42500   0.00000   0.00000 -67.60001
   33.333   1.42500   0.00000   0.00000 -66.49192
   35.000   1.42500   0.00000   0.00000 -65.38717
   36.667   1.42500   0.00000   0.00000 -64.28614
   38.333   1.42500   0.00000   0.00000 -63.18914
   40.000   1.42500   0.00000   0.00000 -62.09648
   41.667   1.42500   0.00000   0.00000 -61.00834
   43.333   1.42500   0.00000   0.00000 -59.92473
   45.000   1.42500   0.00000   0.00000 -58.84537
   46.667   1.42500   0.00000   0.00000 -57.76955
   48.333   1.42500   0.00000   0.00000 -56.69589
   50.000   1.42500   0.00000   0.00000 -55.62217
   51.667   1.42500   0.00000   0.00000 -54.54505
   53.333   1.42500   0.00000   0.00000 -53.45984
   55.000   1.42500   1.66681  -0.00634 -52.36244
   56.667   1.42500   1.66681  -0.00367 -51.23751
   58.333   1.42500   1.66681  -0.00245 -50.06991
   60.000   1.42500  20.00167  -0.01848   0.00000
   61.667   1.42500  53.33778  -0.02205   0.00000
   63.333   1.42500  75.00625  -0.02371   0.00000
   65.000   1.42500 133.34445  -0.02738   0.00000
   66.667   1.42500 153.34611  -0.02747   0.00000
   68.333   1.42500 163.34695  -0.02758   0.00000
   70.000   1.42500 175.01458  -0.02803   0.00000
   71.667   1.42500 196.68306  -0.02858   0.00000
   73.333   1.42500 211.68431  -0.02893   0.00000
   75.000   1.42500 216.68472  -0.02920   0.00000
   76.667   1.42500 120.01000  -0.02895   0.00000
   78.333   1.42500  40.00333  -0.02722   0.00000
   80.000   1.42500  31.66931  -0.02680   0.00000
   81.667   1.42500   1.66681   0.00191 -30.33553
   83.333   1.42500   1.66681   0.00229 -47.88480
   85.000   1.42500   1.66681   0.00266 -41.05293
   86.667   1.42500   1.66681   0.00246 -41.18421
   88.333   1.42500   1.66681   0.00295 -44.72044
   90.000   1.42500   1.66681   0.00274 -40.11712
   91.667   1.42500   1.66681   0.00330 -37.44242
   93.333   1.42500   1.66681   0.00315 -41.17150
   95.000   1.42500   1.66681   0.00373 -41.79700
   96.667   1.42500   1.66681   0.00364 -40.49246
   98.333   1.42500   1.66681   0.00347 -35.74095
  100.000   1.42500   1.66681   0.00417 -39.41790
    0.000   1.50000   0.00000   0.00000 -89.01392
    1.667   1.50000   0.00000   0.00000 -87.93795
    3.333   1.50000   0.00000   0.00000 -86.86219
    5.000   1.50000   0.00000   0.00000 -85.78666
    6.667   1.50000   0.00000   0.00000 -84.71140
    8.333   1.50000   0.00000   0.00000 -83.63645
   10.000   1.50000   0.00000   0.00000 -82.56187
   11.667   1.50000   0.00000   0.00000 -81.48771
   13.333   1.50000   0.00000   0.00000 -80.41404
   15.000   1.50000   0.00000   0.00000 -79.34093
   16.667   1.50000   0.00000   0.00000 -78.26847
   18.333   1.50000   0.00000   0.00000 -77.19674
   20.000   1.50000   0.00000   0.00000 -76.12586
   21.667   1.50000   0.00000   0.00000 -75.05595
   23.333   1.50000   0.00000   0.00000 -73.98715
   25.000   1.50000   0.00000   0.00000 -72.91961
   26.667   1.50000   0.00000   0.00000 -71.85349
   28.333   1.50000   0.00000   0.00000 -70.78900
   30.000   1.50000   0.00000   0.00000 -69.72633
   31.667   1.50000   0.00000   0.00000 -68.66572
   33.333   1.50000   0.00000   0.00000 -67.60743
   35.000   1.50000   0.00000   0.00000 -66.55171
   36.667   1.50000   0.00000   0.00000 -65.49885
   38.333   1.50000   0.00000   0.00000 -64.44913
   40.000   1.50000   0.00000   0.00000 -63.40285
   41.667   1.50000   0.00000   0.00000 -62.36024
   43.333   1.50000   0.00000   0.00000 -61.32148
   45.000   1.50000   0.00000   0.00000 -60.28662
   46.667   1.50000   0.00000   0.00000 -59.25550
   48.333   1.50000   0.00000   0.00000 -58.22767
   50.000   1.50000   0.00000   0.00000 -57.20219
   51.667   1.50000   0.00000   0.00000 -56.17751
   53.333   1.50000   0.00000   0.00000 -55.15126
   55.000   1.50000   0.00000   0.00000 -54.12002
   56.667   1.50000   0.00000   0.00000 -53.07917
   58.333   1.50000   1.66681  -0.00596 -52.02463
   60.000   1.50000   1.66681  -0.00372 -50.94216
   61.667   1.50000   1.66681  -0.00246 -49.81945
   63.333   1.50000  13.33444  -0.01776   0.00000
   65.000   1.50000  45.00375  -0.02244   0.00000
   66.667   1.50000  60.00500  -0.02239   0.00000
   68.333   1.50000  66.67222  -0.02392   0.00000
   70.000   1.50000 143.34528  -0.02832   0.00000
   71.667   1.50000 160.01333  -0.02842   0.00000
   73.333   1.50000 173.34778  -0.02883   0.00000
   75.000   1.50000 180.01500  -0.02918   0.00000
   76.667   1.50000  35.00292  -0.02693   0.00000
   78.333   1.50000  28.33569  -0.02621   0.00000
   80.000   1.50000   5.00042  -0.01403 -34.94407
   81.667   1.50000   1.66681   0.00153 -39.93180
   83.333   1.50000   1.66681   0.00179 -37.81913
   85.000   1.50000   1.66681   0.00149 -34.46604
   86.667   1.50000   1.66681   0.00191 -47.58396
   88.333   1.50000   1.66681   0.00231 -42.90452
   90.000   1.50000   1.66681   0.00206 -42.91467
   91.667   1.50000   1.66681   0.00258 -44.96217
   93.333   1.50000   1.66681   0.00235 -39.58129
   95.000   1.50000   1.66681   0.00294 -38.91893
   96.667   1.50000   1.66681   0.00276 -38.17448
   98.333   1.50000   1.66681   0.00337 -42.15040
  100.000   1.50000   1.66681   0.00327 -41.07204
