    0.050   -51.176
    0.100   -51.476
    0.150   -51.748
    0.200   -51.992
    0.250   -52.211
    0.300   -52.406
    0.350   -52.579
    0.400   -52.732
    0.450   -52.866
    0.500   -52.981
    0.550   -53.080
    0.600   -53.162
    0.650   -53.230
    0.700   -53.283
    0.750   -53.324
    0.800   -53.351
    0.850   -53.367
    0.900   -53.371
    0.950   -53.364
    1.000   -53.348
    1.050   -53.321
    1.100   -53.285
    1.150   -53.239
    1.200   -53.185
    1.250   -53.122
    1.300   -53.051
    1.350   -52.971
    1.400   -52.882
    1.450   -52.784
    1.500   -52.677
    1.550   -52.559
    1.600   -52.431
    1.650   -52.290
    1.700   -52.135
    1.750   -52.135
    1.800   -52.135
    1.850   -52.135
    1.900   -52.135
    1.950   -52.135
    2.000   -52.135
    2.050   -52.135
    2.100   -52.135
    2.150   -52.135
    2.200   -52.135
    2.250   -52.135
    2.300   -52.135
    2.350     0.000
    2.400     0.000
    2.450     0.000
    2.500     0.000
    2.550     0.000
    2.600     0.000
    2.650     0.000
    2.700     0.000
    2.750     0.000
    2.800     0.000
    2.850     0.000
    2.900     0.000
    2.950     0.000
    3.000     0.000
    3.050     0.000
    3.100     0.000
    3.150     0.000
    3.200     0.000
    3.250     0.000
    3.300     0.000
    3.350     0.000
    3.400     0.000
    3.450     0.000
    3.500     0.000
    3.550     0.000
    3.600   -63.738
    3.650   -63.696
    3.700   -63.633
    3.750   -63.552
    3.800   -63.454
    3.850   -63.341
    3.900   -63.215
    3.950   -63.077
    4.000   -62.927
    4.050   -62.768
    4.100   -62.599
    4.150   -62.422
    4.200   -62.238
    4.250   -62.047
    4.300   -61.850
    4.350   -61.647
    4.400   -61.438
    4.450   -61.225
    4.500   -61.008
    4.550   -60.787
    4.600   -60.562
    4.650   -60.333
    4.700   -60.102
    4.750   -59.867
    4.800   -59.630
    4.850   -59.391
    4.900   -59.149
    4.950   -58.905
    5.000   -58.660
    5.050   -58.412
    5.100   -58.162
    5.150   -57.911
    5.200   -57.658
    5.250   -57.402
    5.300   -57.145
    5.350   -56.886
    5.400   -56.625
    5.450   -56.361
    5.500   -56.094
    5.550   -55.824
    5.600   -55.550
    5.650   -55.271
    5.700   -54.988
    5.750   -54.698
    5.800   -54.400
    5.850   -54.093
    5.900   -54.093
    5.950   -54.093
    6.000   -54.093
    6.050   -54.093
    6.100   -54.093
    6.150   -54.093
    6.200   -54.093
    6.250   -54.093
    6.300   -54.093
    6.350   -54.093
    6.400   -54.093
    6.450   -54.093
    6.500   -54.093
    6.550   -54.093
    6.600     0.000
    6.650     0.000
    6.700     0.000
    6.750     0.000
    6.800     0.000
    6.850     0.000
    6.900     0.000
    6.950     0.000
    7.000     0.000
    7.050     0.000
    7.100     0.000
    7.150     0.000
    7.200     0.000
    7.250     0.000
    7.300     0.000
    7.350     0.000
    7.400     0.000
    7.450     0.000
    7.500     0.000
    7.550     0.000
    7.600     0.000
    7.650     0.000
    7.700     0.000
    7.750     0.000
    7.800     0.000
    7.850     0.000
    7.900   -59.599
    7.950   -59.562
    8.000   -59.507
    8.050   -59.435
    8.100   -59.349
    8.150   -59.249
    8.200   -59.137
    8.250   -59.014
    8.300   -58.881
    8.350   -58.739
    8.400   -58.588
    8.450   -58.430
    8.500   -58.264
    8.550   -58.092
    8.600   -57.914
    8.650   -57.730
    8.700   -57.541
    8.750   -57.348
    8.800   -57.150
    8.850   -56.948
    8.900   -56.743
    8.950   -56.534
    9.000   -56.322
    9.050   -56.107
    9.100   -55.889
    9.150   -55.668
    9.200   -55.444
    9.250   -55.218
    9.300   -54.990
    9.350   -54.759
    9.400   -54.525
    9.450   -54.288
    9.500   -54.048
    9.550   -53.806
    9.600   -53.559
    9.650   -53.309
    9.700   -53.054
    9.750   -52.795
    9.800   -52.529
    9.850   -52.256
    9.900   -51.976
    9.950   -51.976
   10.000   -51.976
   10.050   -51.976
   10.100   -51.976
   10.150   -51.976
   10.200   -51.976
   10.250   -51.976
   10.300   -51.976
   10.350   -51.976
   10.400   -51.976
   10.450   -51.976
   10.500   -51.976
   10.550   -51.976
   10.600   -51.976
   10.650   -51.976
   10.700     0.000
   10.750     0.000
   10.800     0.000
   10.850     0.000
   10.900     0.000
   10.950     0.000
   11.000     0.000
   11.050     0.000
   11.100     0.000
   11.150     0.000
   11.200     0.000
   11.250     0.000
   11.300     0.000
   11.350     0.000
   11.400     0.000
   11.450     0.000
   11.500     0.000
   11.550     0.000
   11.600     0.000
   11.650     0.000
   11.700     0.000
   11.750     0.000
   11.800     0.000
   11.850     0.000
   11.900     0.000
   11.950     0.000
   12.000     0.000
   12.050   -58.584
   12.100   -58.538
   12.150   -58.476
   12.200   -58.399
   12.250   -58.308
   12.300   -58.205
   12.350   -58.091
   12.400   -57.966
   12.450   -57.832
   12.500   -57.689
   12.550   -57.538
   12.600   -57.380
   12.650   -57.216
   12.700   -57.045
   12.750   -56.868
   12.800   -56.687
   12.850   -56.500
   12.900   -56.309
   12.950   -56.114
   13.000   -55.915
   13.050   -55.713
   13.100   -55.507
   13.150   -55.298
   13.200   -55.086
   13.250   -54.871
   13.300   -54.653
   13.350   -54.433
   13.400   -54.209
   13.450   -53.983
   13.500   -53.754
   13.550   -53.522
   13.600   -53.287
   13.650   -53.048
   13.700   -52.806
   13.750   -52.559
   13.800   -52.308
   13.850   -52.051
   13.900   -51.787
   13.950   -51.517
   14.000   -51.238
   14.050   -51.238
   14.100   -51.238
   14.150   -51.238
   14.200   -51.238
   14.250   -51.238
   14.300   -51.238
   14.350   -51.238
   14.400   -51.238
   14.450   -51.238
   14.500   -51.238
   14.550   -51.238
   14.600   -51.238
   14.650   -51.238
   14.700   -51.238
   14.750   -51.238
   14.800     0.000
   14.850     0.000
   14.900     0.000
   14.950     0.000
   15.000     0.000
   15.050     0.000
   15.100     0.000
   15.150     0.000
   15.200     0.000
   15.250     0.000
   15.300     0.000
   15.350     0.000
   15.400     0.000
   15.450     0.000
   15.500     0.000
   15.550     0.000
   15.600     0.000
   15.650     0.000
   15.700     0.000
   15.750     0.000
   15.800     0.000
   15.850     0.000
   15.900     0.000
   15.950     0.000
   16.000     0.000
   16.050     0.000
   16.100     0.000
   16.150   -58.363
   16.200   -58.313
   16.250   -58.248
   16.300   -58.168
   16.350   -58.075
   16.400   -57.970
   16.450   -57.853
   16.500   -57.727
   16.550   -57.592
   16.600   -57.448
   16.650   -57.296
   16.700   -57.137
   16.750   -56.972
   16.800   -56.801
   16.850   -56.624
   16.900   -56.442
   16.950   -56.255
   17.000   -56.064
   17.050   -55.869
   17.100   -55.670
   17.150   -55.468
   17.200   -55.262
   17.250   -55.053
   17.300   -54.841
   17.350   -54.627
   17.400   -54.409
   17.450   -54.189
   17.500   -53.965
   17.550   -53.739
   17.600   -53.510
   17.650   -53.278
   17.700   -53.043
   17.750   -52.804
   17.800   -52.561
   17.850   -52.313
   17.900   -52.061
   17.950   -51.802
   18.000   -51.537
   18.050   -51.264
   18.100   -51.264
   18.150   -51.264
   18.200   -51.264
   18.250   -51.264
   18.300   -51.264
   18.350   -51.264
   18.400   -51.264
   18.450   -51.264
   18.500   -51.264
   18.550   -51.264
   18.600   -51.264
   18.650   -51.264
   18.700   -51.264
   18.750   -51.264
   18.800   -51.264
   18.850   -51.264
   18.900     0.000
   18.950     0.000
   19.000     0.000
   19.050     0.000
   19.100     0.000
   19.150     0.000
   19.200     0.000
   19.250     0.000
   19.300     0.000
   19.350     0.000
   19.400     0.000
   19.450     0.000
   19.500     0.000
   19.550     0.000
   19.600     0.000
   19.650     0.000
   19.700     0.000
   19.750     0.000
   19.800     0.000
   19.850     0.000
   19.900     0.000
   19.950     0.000
   20.000     0.000
   20.050     0.000
   20.100     0.000
   20.150     0.000
   20.200   -58.360
   20.250   -58.328
   20.300   -58.279
   20.350   -58.214
   20.400   -58.135
   20.450   -58.042
   20.500   -57.938
   20.550   -57.823
   20.600   -57.697
   20.650   -57.563
   20.700   -57.420
   20.750   -57.270
   20.800   -57.112
   20.850   -56.948
   20.900   -56.778
   20.950   -56.603
   21.000   -56.422
   21.050   -56.237
   21.100   -56.047
   21.150   -55.853
   21.200   -55.655
   21.250   -55.454
   21.300   -55.249
   21.350   -55.042
   21.400   -54.831
   21.450   -54.617
   21.500   -54.401
   21.550   -54.181
   21.600   -53.959
   21.650   -53.734
   21.700   -53.505
   21.750   -53.274
   21.800   -53.039
   21.850   -52.800
   21.900   -52.557
   21.950   -52.309
   22.000   -52.056
   22.050   -51.797
   22.100   -51.531
   22.150   -51.257
   22.200   -51.257
   22.250   -51.257
   22.300   -51.257
   22.350   -51.257
   22.400   -51.257
   22.450   -51.257
   22.500   -51.257
   22.550   -51.257
   22.600   -51.257
   22.650   -51.257
   22.700   -51.257
   22.750   -51.257
   22.800   -51.257
   22.850   -51.257
   22.900   -51.257
   22.950     0.000
   23.000     0.000
   23.050     0.000
   23.100     0.000
   23.150     0.000
   23.200     0.000
   23.250     0.000
   23.300     0.000
   23.350     0.000
   23.400     0.000
   23.450     0.000
   23.500     0.000
   23.550     0.000
   23.600     0.000
   23.650     0.000
   23.700     0.000
   23.750     0.000
   23.800     0.000
   23.850     0.000
   23.900     0.000
   23.950     0.000
   24.000     0.000
   24.050     0.000
   24.100     0.000
   24.150     0.000
   24.200     0.000
   24.250     0.000
   24.300   -58.336
   24.350   -58.294
   24.400   -58.235
   24.450   -58.162
   24.500   -58.075
   24.550   -57.975
   24.600   -57.865
   24.650   -57.743
   24.700   -57.612
   24.750   -57.473
   24.800   -57.325
   24.850   -57.170
   24.900   -57.008
   24.950   -56.840
   25.000   -56.666
   25.050   -56.487
   25.100   -56.304
   25.150   -56.115
   25.200   -55.922
   25.250   -55.726
   25.300   -55.526
   25.350   -55.322
   25.400   -55.115
   25.450   -54.905
   25.500   -54.692
   25.550   -54.477
   25.600   -54.258
   25.650   -54.037
   25.700   -53.812
   25.750   -53.585
   25.800   -53.355
   25.850   -53.121
   25.900   -52.884
   25.950   -52.643
   26.000   -52.397
   26.050   -52.147
   26.100   -51.891
   26.150   -51.629
   26.200   -51.359
   26.250   -51.080
   26.300   -51.080
   26.350   -51.080
   26.400   -51.080
   26.450   -51.080
   26.500   -51.080
   26.550   -51.080
   26.600   -51.080
   26.650   -51.080
   26.700   -51.080
   26.750   -51.080
   26.800   -51.080
   26.850   -51.080
   26.900   -51.080
   26.950   -51.080
   27.000   -51.080
   27.050     0.000
   27.100     0.000
   27.150     0.000
   27.200     0.000
   27.250     0.000
   27.300     0.000
   27.350     0.000
   27.400     0.000
   27.450     0.000
   27.500     0.000
   27.550     0.000
   27.600     0.000
   27.650     0.000
   27.700     0.000
   27.750     0.000
   27.800     0.000
   27.850     0.000
   27.900     0.000
   27.950     0.000
   28.000     0.000
   28.050     0.000
   28.100     0.000
   28.150     0.000
   28.200     0.000
   28.250     0.000
   28.300     0.000
   28.350     0.000
   28.400   -58.309
   28.450   -58.258
   28.500   -58.190
   28.550   -58.109
   28.600   -58.014
   28.650   -57.908
   28.700   -57.790
   28.750   -57.663
   28.800   -57.526
   28.850   -57.382
   28.900   -57.229
   28.950   -57.070
   29.000   -56.904
   29.050   -56.732
   29.100   -56.555
   29.150   -56.372
   29.200   -56.185
   29.250   -55.994
   29.300   -55.798
   29.350   -55.599
   29.400   -55.396
   29.450   -55.190
   29.500   -54.981
   29.550   -54.769
   29.600   -54.554
   29.650   -54.336
   29.700   -54.116
   29.750   -53.892
   29.800   -53.666
   29.850   -53.437
   29.900   -53.205
   29.950   -52.969
   30.000   -52.729
   30.050   -52.486
   30.100   -52.238
   30.150   -51.985
   30.200   -51.726
   30.250   -51.460
   30.300   -51.186
   30.350   -51.186
   30.400   -51.186
   30.450   -51.186
   30.500   -51.186
   30.550   -51.186
   30.600   -51.186
   30.650   -51.186
   30.700   -51.186
   30.750   -51.186
   30.800   -51.186
   30.850   -51.186
   30.900   -51.186
   30.950   -51.186
   31.000   -51.186
   31.050   -51.186
   31.100     0.000
   31.150     0.000
   31.200     0.000
   31.250     0.000
   31.300     0.000
   31.350     0.000
   31.400     0.000
   31.450     0.000
   31.500     0.000
   31.550     0.000
   31.600     0.000
   31.650     0.000
   31.700     0.000
   31.750     0.000
   31.800     0.000
   31.850     0.000
   31.900     0.000
   31.950     0.000
   32.000     0.000
   32.050     0.000
   32.100     0.000
   32.150     0.000
   32.200     0.000
   32.250     0.000
   32.300     0.000
   32.350     0.000
   32.400     0.000
   32.450   -58.347
   32.500   -58.311
   32.550   -58.259
   32.600   -58.191
   32.650   -58.109
   32.700   -58.015
   32.750   -57.908
   32.800   -57.791
   32.850   -57.664
   32.900   -57.528
   32.950   -57.383
   33.000   -57.231
   33.050   -57.072
   33.100   -56.907
   33.150   -56.736
   33.200   -56.559
   33.250   -56.377
   33.300   -56.191
   33.350   -56.000
   33.400   -55.805
   33.450   -55.607
   33.500   -55.405
   33.550   -55.200
   33.600   -54.991
   33.650   -54.780
   33.700   -54.565
   33.750   -54.348
   33.800   -54.128
   33.850   -53.905
   33.900   -53.679
   33.950   -53.450
   34.000   -53.218
   34.050   -52.982
   34.100   -52.743
   34.150   -52.499
   34.200   -52.250
   34.250   -51.996
   34.300   -51.736
   34.350   -51.469
   34.400   -51.193
   34.450   -51.193
   34.500   -51.193
   34.550   -51.193
   34.600   -51.193
   34.650   -51.193
   34.700   -51.193
   34.750   -51.193
   34.800   -51.193
   34.850   -51.193
   34.900   -51.193
   34.950   -51.193
   35.000   -51.193
   35.050   -51.193
   35.100   -51.193
   35.150   -51.193
   35.200     0.000
   35.250     0.000
   35.300     0.000
   35.350     0.000
   35.400     0.000
   35.450     0.000
   35.500     0.000
   35.550     0.000
   35.600     0.000
   35.650     0.000
   35.700     0.000
   35.750     0.000
   35.800     0.000
   35.850     0.000
   35.900     0.000
   35.950     0.000
   36.000     0.000
   36.050     0.000
   36.100     0.000
   36.150     0.000
   36.200     0.000
   36.250     0.000
   36.300     0.000
   36.350     0.000
   36.400     0.000
   36.450     0.000
   36.500     0.000
   36.550   -58.326
   36.600   -58.281
   36.650   -58.220
   36.700   -58.143
   36.750   -58.054
   36.800   -57.952
   36.850   -57.838
   36.900   -57.715
   36.950   -57.582
   37.000   -57.441
   37.050   -57.291
   37.100   -57.135
   37.150   -56.971
   37.200   -56.802
   37.250   -56.627
   37.300   -56.447
   37.350   -56.262
   37.400   -56.072
   37.450   -55.879
   37.500   -55.681
   37.550   -55.480
   37.600   -55.276
   37.650   -55.068
   37.700   -54.857
   37.750   -54.644
   37.800   -54.427
   37.850   -54.208
   37.900   -53.986
   37.950   -53.761
   38.000   -53.533
   38.050   -53.302
   38.100   -53.068
   38.150   -52.830
   38.200   -52.588
   38.250   -52.342
   38.300   -52.090
   38.350   -51.833
   38.400   -51.570
   38.450   -51.298
   38.500   -51.018
   38.550   -51.018
   38.600   -51.018
   38.650   -51.018
   38.700   -51.018
   38.750   -51.018
   38.800   -51.018
   38.850   -51.018
   38.900   -51.018
   38.950   -51.018
   39.000   -51.018
   39.050   -51.018
   39.100   -51.018
   39.150   -51.018
   39.200   -51.018
   39.250   -51.018
   39.300     0.000
   39.350     0.000
   39.400     0.000
   39.450     0.000
   39.500     0.000
   39.550     0.000
   39.600     0.000
   39.650     0.000
   39.700     0.000
   39.750     0.000
   39.800     0.000
   39.850     0.000
   39.900     0.000
   39.950     0.000
   40.000     0.000
   40.050     0.000
   40.100     0.000
   40.150     0.000
   40.200     0.000
   40.250     0.000
   40.300     0.000
   40.350     0.000
   40.400     0.000
   40.450     0.000
   40.500     0.000
   40.550     0.000
   40.600     0.000
   40.650   -58.298
   40.700   -58.243
   40.750   -58.173
   40.800   -58.089
   40.850   -57.992
   40.900   -57.883
   40.950   -57.763
   41.000   -57.634
   41.050   -57.495
   41.100   -57.349
   41.150   -57.195
   41.200   -57.034
   41.250   -56.867
   41.300   -56.693
   41.350   -56.515
   41.400   -56.331
   41.450   -56.143
   41.500   -55.951
   41.550   -55.754
   41.600   -55.554
   41.650   -55.351
   41.700   -55.144
   41.750   -54.934
   41.800   -54.721
   41.850   -54.505
   41.900   -54.287
   41.950   -54.066
   42.000   -53.842
   42.050   -53.615
   42.100   -53.385
   42.150   -53.152
   42.200   -52.915
   42.250   -52.675
   42.300   -52.431
   42.350   -52.182
   42.400   -51.927
   42.450   -51.667
   42.500   -51.400
   42.550   -51.124
   42.600   -51.124
   42.650   -51.124
   42.700   -51.124
   42.750   -51.124
   42.800   -51.124
   42.850   -51.124
   42.900   -51.124
   42.950   -51.124
   43.000   -51.124
   43.050   -51.124
   43.100   -51.124
   43.150   -51.124
   43.200   -51.124
   43.250   -51.124
   43.300   -51.124
   43.350     0.000
   43.400     0.000
   43.450     0.000
   43.500     0.000
   43.550     0.000
   43.600     0.000
   43.650     0.000
   43.700     0.000
   43.750     0.000
   43.800     0.000
   43.850     0.000
   43.900     0.000
   43.950     0.000
   44.000     0.000
   44.050     0.000
   44.100     0.000
   44.150     0.000
   44.200     0.000
   44.250     0.000
   44.300     0.000
   44.350     0.000
   44.400     0.000
   44.450     0.000
   44.500     0.000
   44.550     0.000
   44.600     0.000
   44.650     0.000
   44.700   -58.340
   44.750   -58.302
   44.800   -58.246
   44.850   -58.175
   44.900   -58.091
   44.950   -57.993
   45.000   -57.884
   45.050   -57.765
   45.100   -57.636
   45.150   -57.498
   45.200   -57.352
   45.250   -57.198
   45.300   -57.037
   45.350   -56.871
   45.400   -56.698
   45.450   -56.520
   45.500   -56.337
   45.550   -56.150
   45.600   -55.958
   45.650   -55.762
   45.700   -55.563
   45.750   -55.360
   45.800   -55.154
   45.850   -54.945
   45.900   -54.732
   45.950   -54.517
   46.000   -54.299
   46.050   -54.079
   46.100   -53.855
   46.150   -53.628
   46.200   -53.399
   46.250   -53.166
   46.300   -52.929
   46.350   -52.689
   46.400   -52.444
   46.450   -52.195
   46.500   -51.940
   46.550   -51.678
   46.600   -51.410
   46.650   -51.132
   46.700   -51.132
   46.750   -51.132
   46.800   -51.132
   46.850   -51.132
   46.900   -51.132
   46.950   -51.132
   47.000   -51.132
   47.050   -51.132
   47.100   -51.132
   47.150   -51.132
   47.200   -51.132
   47.250   -51.132
   47.300   -51.132
   47.350   -51.132
   47.400   -51.132
   47.450     0.000
   47.500     0.000
   47.550     0.000
   47.600     0.000
   47.650     0.000
   47.700     0.000
   47.750     0.000
   47.800     0.000
   47.850     0.000
   47.900     0.000
   47.950     0.000
   48.000     0.000
   48.050     0.000
   48.100     0.000
   48.150     0.000
   48.200     0.000
   48.250     0.000
   48.300     0.000
   48.350     0.000
   48.400     0.000
   48.450     0.000
   48.500     0.000
   48.550     0.000
   48.600     0.000
   48.650     0.000
   48.700     0.000
   48.750     0.000
   48.800   -58.317
   48.850   -58.269
   48.900   -58.204
   48.950   -58.125
   49.000   -58.033
   49.050   -57.928
   49.100   -57.813
   49.150   -57.687
   49.200   -57.552
   49.250   -57.409
   49.300   -57.258
   49.350   -57.100
   49.400   -56.935
   49.450   -56.764
   49.500   -56.588
   49.550   -56.407
   49.600   -56.221
   49.650   -56.030
   49.700   -55.836
   49.750   -55.637
   49.800   -55.435
   49.850   -55.230
   49.900   -55.022
   49.950   -54.810
   50.000   -54.596
   50.050   -54.379
   50.100   -54.159
   50.150   -53.936
   50.200   -53.710
   50.250   -53.481
   50.300   -53.250
   50.350   -53.015
   50.400   -52.776
   50.450   -52.533
   50.500   -52.286
   50.550   -52.033
   50.600   -51.775
   50.650   -51.510
   50.700   -51.238
   50.750   -51.238
   50.800   -51.238
   50.850   -51.238
   50.900   -51.238
   50.950   -51.238
   51.000   -51.238
   51.050   -51.238
   51.100   -51.238
   51.150   -51.238
   51.200   -51.238
   51.250   -51.238
   51.300   -51.238
   51.350   -51.238
   51.400   -51.238
   51.450   -51.238
   51.500   -51.238
   51.550     0.000
   51.600     0.000
   51.650     0.000
   51.700     0.000
   51.750     0.000
   51.800     0.000
   51.850     0.000
   51.900     0.000
   51.950     0.000
   52.000     0.000
   52.050     0.000
   52.100     0.000
   52.150     0.000
   52.200     0.000
   52.250     0.000
   52.300     0.000
   52.350     0.000
   52.400     0.000
   52.450     0.000
   52.500     0.000
   52.550     0.000
   52.600     0.000
   52.650     0.000
   52.700     0.000
   52.750     0.000
   52.800     0.000
   52.850   -58.351
   52.900   -58.319
   52.950   -58.269
   53.000   -58.204
   53.050   -58.125
   53.100   -58.032
   53.150   -57.928
   53.200   -57.812
   53.250   -57.687
   53.300   -57.553
   53.350   -57.410
   53.400   -57.259
   53.450   -57.102
   53.500   -56.938
   53.550   -56.767
   53.600   -56.592
   53.650   -56.411
   53.700   -56.226
   53.750   -56.036
   53.800   -55.842
   53.850   -55.644
   53.900   -55.443
   53.950   -55.238
   54.000   -55.031
   54.050   -54.820
   54.100   -54.606
   54.150   -54.390
   54.200   -54.170
   54.250   -53.948
   54.300   -53.722
   54.350   -53.494
   54.400   -53.262
   54.450   -53.027
   54.500   -52.789
   54.550   -52.546
   54.600   -52.298
   54.650   -52.045
   54.700   -51.786
   54.750   -51.519
   54.800   -51.245
   54.850   -51.245
   54.900   -51.245
   54.950   -51.245
   55.000   -51.245
   55.050   -51.245
   55.100   -51.245
   55.150   -51.245
   55.200   -51.245
   55.250   -51.245
   55.300   -51.245
   55.350   -51.245
   55.400   -51.245
   55.450   -51.245
   55.500   -51.245
   55.550   -51.245
   55.600     0.000
   55.650     0.000
   55.700     0.000
   55.750     0.000
   55.800     0.000
   55.850     0.000
   55.900     0.000
   55.950     0.000
   56.000     0.000
   56.050     0.000
   56.100     0.000
   56.150     0.000
   56.200     0.000
   56.250     0.000
   56.300     0.000
   56.350     0.000
   56.400     0.000
   56.450     0.000
   56.500     0.000
   56.550     0.000
   56.600     0.000
   56.650     0.000
   56.700     0.000
   56.750     0.000
   56.800     0.000
   56.850     0.000
   56.900     0.000
   56.950   -58.333
   57.000   -58.291
   57.050   -58.232
   57.100   -58.158
   57.150   -58.071
   57.200   -57.971
   57.250   -57.860
   57.300   -57.738
   57.350   -57.607
   57.400   -57.467
   57.450   -57.319
   57.500   -57.164
   57.550   -57.002
   57.600   -56.834
   57.650   -56.660
   57.700   -56.481
   57.750   -56.297
   57.800   -56.108
   57.850   -55.916
   57.900   -55.719
   57.950   -55.519
   58.000   -55.315
   58.050   -55.108
   58.100   -54.898
   58.150   -54.685
   58.200   -54.469
   58.250   -54.250
   58.300   -54.029
   58.350   -53.804
   58.400   -53.577
   58.450   -53.347
   58.500   -53.113
   58.550   -52.876
   58.600   -52.635
   58.650   -52.389
   58.700   -52.139
   58.750   -51.882
   58.800   -51.620
   58.850   -51.350
   58.900   -51.071
   58.950   -51.071
   59.000   -51.071
   59.050   -51.071
   59.100   -51.071
   59.150   -51.071
   59.200   -51.071
   59.250   -51.071
   59.300   -51.071
   59.350   -51.071
   59.400   -51.071
   59.450   -51.071
   59.500   -51.071
   59.550   -51.071
   59.600   -51.071
   59.650   -51.071
   59.700     0.000
   59.750     0.000
   59.800     0.000
   59.850     0.000
   59.900     0.000
   59.950     0.000
   60.000     0.000
   60.050     0.000
   60.100     0.000
   60.150     0.000
   60.200     0.000
   60.250     0.000
   60.300     0.000
   60.350     0.000
   60.400     0.000
   60.450     0.000
   60.500     0.000
   60.550     0.000
   60.600     0.000
   60.650     0.000
   60.700     0.000
   60.750     0.000
   60.800     0.000
   60.850     0.000
   60.900     0.000
   60.950     0.000
   61.000     0.000
   61.050   -58.308
   61.100   -58.256
   61.150   -58.188
   61.200   -58.106
   61.250   -58.011
   61.300   -57.904
   61.350   -57.786
   61.400   -57.659
   61.450   -57.522
   61.500   -57.377
   61.550   -57.224
   61.600   -57.065
   61.650   -56.898
   61.700   -56.726
   61.750   -56.549
   61.800   -56.366
   61.850   -56.179
   61.900   -55.988
   61.950   -55.792
   62.000   -55.593
   62.050   -55.390
   62.100   -55.184
   62.150   -54.975
   62.200   -54.762
   62.250   -54.547
   62.300   -54.329
   62.350   -54.109
   62.400   -53.885
   62.450   -53.659
   62.500   -53.429
   62.550   -53.197
   62.600   -52.961
   62.650   -52.722
   62.700   -52.478
   62.750   -52.230
   62.800   -51.976
   62.850   -51.717
   62.900   -51.451
   62.950   -51.177
   63.000   -51.177
   63.050   -51.177
   63.100   -51.177
   63.150   -51.177
   63.200   -51.177
   63.250   -51.177
   63.300   -51.177
   63.350   -51.177
   63.400   -51.177
   63.450   -51.177
   63.500   -51.177
   63.550   -51.177
   63.600   -51.177
   63.650   -51.177
   63.700   -51.177
   63.750     0.000
   63.800     0.000
   63.850     0.000
   63.900     0.000
   63.950     0.000
   64.000     0.000
   64.050     0.000
   64.100     0.000
   64.150     0.000
   64.200     0.000
   64.250     0.000
   64.300     0.000
   64.350     0.000
   64.400     0.000
   64.450     0.000
   64.500     0.000
   64.550     0.000
   64.600     0.000
   64.650     0.000
   64.700     0.000
   64.750     0.000
   64.800     0.000
   64.850     0.000
   64.900     0.000
   64.950     0.000
   65.000     0.000
   65.050     0.000
   65.100   -58.346
   65.150   -58.310
   65.200   -58.257
   65.250   -58.189
   65.300   -58.107
   65.350   -58.012
   65.400   -57.905
   65.450   -57.787
   65.500   -57.660
   65.550   -57.523
   65.600   -57.379
   65.650   -57.227
   65.700   -57.067
   65.750   -56.902
   65.800   -56.730
   65.850   -56.553
   65.900   -56.372
   65.950   -56.185
   66.000   -55.994
   66.050   -55.799
   66.100   -55.601
   66.150   -55.399
   66.200   -55.193
   66.250   -54.985
   66.300   -54.773
   66.350   -54.558
   66.400   -54.341
   66.450   -54.121
   66.500   -53.898
   66.550   -53.672
   66.600   -53.443
   66.650   -53.210
   66.700   -52.975
   66.750   -52.735
   66.800   -52.491
   66.850   -52.242
   66.900   -51.988
   66.950   -51.728
   67.000   -51.460
   67.050   -51.184
   67.100   -51.184
   67.150   -51.184
   67.200   -51.184
   67.250   -51.184
   67.300   -51.184
   67.350   -51.184
   67.400   -51.184
   67.450   -51.184
   67.500   -51.184
   67.550   -51.184
   67.600   -51.184
   67.650   -51.184
   67.700   -51.184
   67.750   -51.184
   67.800   -51.184
   67.850     0.000
   67.900     0.000
   67.950     0.000
   68.000     0.000
   68.050     0.000
   68.100     0.000
   68.150     0.000
   68.200     0.000
   68.250     0.000
   68.300     0.000
   68.350     0.000
   68.400     0.000
   68.450     0.000
   68.500     0.000
   68.550     0.000
   68.600     0.000
   68.650     0.000
   68.700     0.000
   68.750     0.000
   68.800     0.000
   68.850     0.000
   68.900     0.000
   68.950     0.000
   69.000     0.000
   69.050     0.000
   69.100     0.000
   69.150     0.000
   69.200   -58.325
   69.250   -58.279
   69.300   -58.217
   69.350   -58.141
   69.400   -58.051
   69.450   -57.948
   69.500   -57.835
   69.550   -57.711
   69.600   -57.578
   69.650   -57.436
   69.700   -57.287
   69.750   -57.130
   69.800   -56.966
   69.850   -56.797
   69.900   -56.622
   69.950   -56.441
   70.000   -56.256
   70.050   -56.066
   70.100   -55.873
   70.150   -55.675
   70.200   -55.474
   70.250   -55.269
   70.300   -55.062
   70.350   -54.851
   70.400   -54.637
   70.450   -54.420
   70.500   -54.201
   70.550   -53.979
   70.600   -53.754
   70.650   -53.526
   70.700   -53.295
   70.750   -53.060
   70.800   -52.822
   70.850   -52.580
   70.900   -52.334
   70.950   -52.082
   71.000   -51.825
   71.050   -51.561
   71.100   -51.290
   71.150   -51.009
   71.200   -51.009
   71.250   -51.009
   71.300   -51.009
   71.350   -51.009
   71.400   -51.009
   71.450   -51.009
   71.500   -51.009
   71.550   -51.009
   71.600   -51.009
   71.650   -51.009
   71.700   -51.009
   71.750   -51.009
   71.800   -51.009
   71.850   -51.009
   71.900   -51.009
   71.950     0.000
   72.000     0.000
   72.050     0.000
   72.100     0.000
   72.150     0.000
   72.200     0.000
   72.250     0.000
   72.300     0.000
   72.350     0.000
   72.400     0.000
   72.450     0.000
   72.500     0.000
   72.550     0.000
   72.600     0.000
   72.650     0.000
   72.700     0.000
   72.750     0.000
   72.800     0.000
   72.850     0.000
   72.900     0.000
   72.950     0.000
   73.000     0.000
   73.050     0.000
   73.100     0.000
   73.150     0.000
   73.200     0.000
   73.250     0.000
   73.300   -58.297
   73.350   -58.241
   73.400   -58.171
   73.450   -58.086
   73.500   -57.988
   73.550   -57.879
   73.600   -57.759
   73.650   -57.630
   73.700   -57.491
   73.750   -57.344
   73.800   -57.190
   73.850   -57.029
   73.900   -56.861
   73.950   -56.688
   74.000   -56.509
   74.050   -56.325
   74.100   -56.137
   74.150   -55.944
   74.200   -55.748
   74.250   -55.548
   74.300   -55.344
   74.350   -55.137
   74.400   -54.927
   74.450   -54.714
   74.500   -54.498
   74.550   -54.280
   74.600   -54.058
   74.650   -53.834
   74.700   -53.607
   74.750   -53.377
   74.800   -53.144
   74.850   -52.907
   74.900   -52.667
   74.950   -52.423
   75.000   -52.173
   75.050   -51.919
   75.100   -51.659
   75.150   -51.391
   75.200   -51.116
   75.250   -51.116
   75.300   -51.116
   75.350   -51.116
   75.400   -51.116
   75.450   -51.116
   75.500   -51.116
   75.550   -51.116
   75.600   -51.116
   75.650   -51.116
   75.700   -51.116
   75.750   -51.116
   75.800   -51.116
   75.850   -51.116
   75.900   -51.116
   75.950   -51.116
   76.000     0.000
   76.050     0.000
   76.100     0.000
   76.150     0.000
   76.200     0.000
   76.250     0.000
   76.300     0.000
   76.350     0.000
   76.400     0.000
   76.450     0.000
   76.500     0.000
   76.550     0.000
   76.600     0.000
   76.650     0.000
   76.700     0.000
   76.750     0.000
   76.800     0.000
   76.850     0.000
   76.900     0.000
   76.950     0.000
   77.000     0.000
   77.050     0.000
   77.100     0.000
   77.150     0.000
   77.200     0.000
   77.250     0.000
   77.300     0.000
   77.350   -58.340
   77.400   -58.300
   77.450   -58.244
   77.500   -58.173
   77.550   -58.088
   77.600   -57.990
   77.650   -57.881
   77.700   -57.761
   77.750   -57.632
   77.800   -57.493
   77.850   -57.347
   77.900   -57.193
   77.950   -57.032
   78.000   -56.866
   78.050   -56.693
   78.100   -56.515
   78.150   -56.332
   78.200   -56.144
   78.250   -55.952
   78.300   -55.756
   78.350   -55.557
   78.400   -55.354
   78.450   -55.147
   78.500   -54.938
   78.550   -54.726
   78.600   -54.510
   78.650   -54.292
   78.700   -54.071
   78.750   -53.848
   78.800   -53.621
   78.850   -53.391
   78.900   -53.158
   78.950   -52.922
   79.000   -52.681
   79.050   -52.436
   79.100   -52.187
   79.150   -51.931
   79.200   -51.670
   79.250   -51.401
   79.300   -51.123
   79.350   -51.123
   79.400   -51.123
   79.450   -51.123
   79.500   -51.123
   79.550   -51.123
   79.600   -51.123
   79.650   -51.123
   79.700   -51.123
   79.750   -51.123
   79.800   -51.123
   79.850   -51.123
   79.900   -51.123
   79.950   -51.123
   80.000   -51.123
   80.050   -51.123
   80.100     0.000
   80.150     0.000
   80.200     0.000
   80.250     0.000
   80.300     0.000
   80.350     0.000
   80.400     0.000
   80.450     0.000
   80.500     0.000
   80.550     0.000
   80.600     0.000
   80.650     0.000
   80.700     0.000
   80.750     0.000
   80.800     0.000
   80.850     0.000
   80.900     0.000
   80.950     0.000
   81.000     0.000
   81.050     0.000
   81.100     0.000
   81.150     0.000
   81.200     0.000
   81.250     0.000
   81.300     0.000
   81.350     0.000
   81.400     0.000
   81.450   -58.316
   81.500   -58.267
   81.550   -58.202
   81.600   -58.122
   81.650   -58.030
   81.700   -57.925
   81.750   -57.809
   81.800   -57.683
   81.850   -57.548
   81.900   -57.405
   81.950   -57.253
   82.000   -57.095
   82.050   -56.930
   82.100   -56.759
   82.150   -56.583
   82.200   -56.401
   82.250   -56.215
   82.300   -56.024
   82.350   -55.829
   82.400   -55.631
   82.450   -55.429
   82.500   -55.223
   82.550   -55.015
   82.600   -54.803
   82.650   -54.589
   82.700   -54.372
   82.750   -54.151
   82.800   -53.929
   82.850   -53.703
   82.900   -53.474
   82.950   -53.242
   83.000   -53.007
   83.050   -52.768
   83.100   -52.525
   83.150   -52.278
   83.200   -52.025
   83.250   -51.767
   83.300   -51.502
   83.350   -51.229
   83.400   -51.229
   83.450   -51.229
   83.500   -51.229
   83.550   -51.229
   83.600   -51.229
   83.650   -51.229
   83.700   -51.229
   83.750   -51.229
   83.800   -51.229
   83.850   -51.229
   83.900   -51.229
   83.950   -51.229
   84.000   -51.229
   84.050   -51.229
   84.100   -51.229
   84.150   -51.229
   84.200     0.000
   84.250     0.000
   84.300     0.000
   84.350     0.000
   84.400     0.000
   84.450     0.000
   84.500     0.000
   84.550     0.000
   84.600     0.000
   84.650     0.000
   84.700     0.000
   84.750     0.000
   84.800     0.000
   84.850     0.000
   84.900     0.000
   84.950     0.000
   85.000     0.000
   85.050     0.000
   85.100     0.000
   85.150     0.000
   85.200     0.000
   85.250     0.000
   85.300     0.000
   85.350     0.000
   85.400     0.000
   85.450     0.000
   85.500   -58.350
   85.550   -58.318
   85.600   -58.268
   85.650   -58.202
   85.700   -58.122
   85.750   -58.029
   85.800   -57.925
   85.850   -57.809
   85.900   -57.683
   85.950   -57.549
   86.000   -57.405
   86.050   -57.255
   86.100   -57.097
   86.150   -56.933
   86.200   -56.762
   86.250   -56.586
   86.300   -56.406
   86.350   -56.220
   86.400   -56.030
   86.450   -55.836
   86.500   -55.638
   86.550   -55.437
   86.600   -55.232
   86.650   -55.024
   86.700   -54.813
   86.750   -54.599
   86.800   -54.383
   86.850   -54.163
   86.900   -53.941
   86.950   -53.715
   87.000   -53.487
   87.050   -53.255
   87.100   -53.020
   87.150   -52.781
   87.200   -52.538
   87.250   -52.290
   87.300   -52.037
   87.350   -51.777
   87.400   -51.511
   87.450   -51.236
   87.500   -51.236
   87.550   -51.236
   87.600   -51.236
   87.650   -51.236
   87.700   -51.236
   87.750   -51.236
   87.800   -51.236
   87.850   -51.236
   87.900   -51.236
   87.950   -51.236
   88.000   -51.236
   88.050   -51.236
   88.100   -51.236
   88.150   -51.236
   88.200   -51.236
   88.250     0.000
   88.300     0.000
   88.350     0.000
   88.400     0.000
   88.450     0.000
   88.500     0.000
   88.550     0.000
   88.600     0.000
   88.650     0.000
   88.700     0.000
   88.750     0.000
   88.800     0.000
   88.850     0.000
   88.900     0.000
   88.950     0.000
   89.000     0.000
   89.050     0.000
   89.100     0.000
   89.150     0.000
   89.200     0.000
   89.250     0.000
   89.300     0.000
   89.350     0.000
   89.400     0.000
   89.450     0.000
   89.500     0.000
   89.550     0.000
   89.600   -58.332
   89.650   -58.289
   89.700   -58.230
   89.750   -58.156
   89.800   -58.068
   89.850   -57.968
   89.900   -57.856
   89.950   -57.734
   90.000   -57.603
   90.050   -57.463
   90.100   -57.315
   90.150   -57.159
   90.200   -56.997
   90.250   -56.829
   90.300   -56.655
   90.350   -56.475
   90.400   -56.291
   90.450   -56.102
   90.500   -55.909
   90.550   -55.713
   90.600   -55.512
   90.650   -55.308
   90.700   -55.101
   90.750   -54.891
   90.800   -54.678
   90.850   -54.462
   90.900   -54.243
   90.950   -54.022
   91.000   -53.797
   91.050   -53.570
   91.100   -53.339
   91.150   -53.106
   91.200   -52.868
   91.250   -52.627
   91.300   -52.381
   91.350   -52.130
   91.400   -51.874
   91.450   -51.611
   91.500   -51.341
   91.550   -51.062
   91.600   -51.062
   91.650   -51.062
   91.700   -51.062
   91.750   -51.062
   91.800   -51.062
   91.850   -51.062
   91.900   -51.062
   91.950   -51.062
   92.000   -51.062
   92.050   -51.062
   92.100   -51.062
   92.150   -51.062
   92.200   -51.062
   92.250   -51.062
   92.300   -51.062
   92.350     0.000
   92.400     0.000
   92.450     0.000
   92.500     0.000
   92.550     0.000
   92.600     0.000
   92.650     0.000
   92.700     0.000
   92.750     0.000
   92.800     0.000
   92.850     0.000
   92.900     0.000
   92.950     0.000
   93.000     0.000
   93.050     0.000
   93.100     0.000
   93.150     0.000
   93.200     0.000
   93.250     0.000
   93.300     0.000
   93.350     0.000
   93.400     0.000
   93.450     0.000
   93.500     0.000
   93.550     0.000
   93.600     0.000
   93.650     0.000
   93.700   -58.306
   93.750   -58.254
   93.800   -58.185
   93.850   -58.103
   93.900   -58.008
   93.950   -57.900
   94.000   -57.782
   94.050   -57.655
   94.100   -57.518
   94.150   -57.372
   94.200   -57.219
   94.250   -57.059
   94.300   -56.893
   94.350   -56.721
   94.400   -56.543
   94.450   -56.360
   94.500   -56.173
   94.550   -55.981
   94.600   -55.786
   94.650   -55.586
   94.700   -55.383
   94.750   -55.177
   94.800   -54.968
   94.850   -54.755
   94.900   -54.540
   94.950   -54.322
   95.000   -54.101
   95.050   -53.878
   95.100   -53.651
   95.150   -53.422
   95.200   -53.189
   95.250   -52.953
   95.300   -52.714
   95.350   -52.470
   95.400   -52.222
   95.450   -51.968
   95.500   -51.709
   95.550   -51.443
   95.600   -51.168
   95.650   -51.168
   95.700   -51.168
   95.750   -51.168
   95.800   -51.168
   95.850   -51.168
   95.900   -51.168
   95.950   -51.168
   96.000   -51.168
   96.050   -51.168
   96.100   -51.168
   96.150   -51.168
   96.200   -51.168
   96.250   -51.168
   96.300   -51.168
   96.350   -51.168
   96.400     0.000
   96.450     0.000
   96.500     0.000
   96.550     0.000
   96.600     0.000
   96.650     0.000
   96.700     0.000
   96.750     0.000
   96.800     0.000
   96.850     0.000
   96.900     0.000
   96.950     0.000
   97.000     0.000
   97.050     0.000
   97.100     0.000
   97.150     0.000
   97.200     0.000
   97.250     0.000
   97.300     0.000
   97.350     0.000
   97.400     0.000
   97.450     0.000
   97.500     0.000
   97.550     0.000
   97.600     0.000
   97.650     0.000
   97.700     0.000
   97.750   -58.345
   97.800   -58.309
   97.850   -58.255
   97.900   -58.187
   97.950   -58.104
   98.000   -58.009
   98.050   -57.901
   98.100   -57.783
   98.150   -57.656
   98.200   -57.519
   98.250   -57.374
   98.300   -57.222
   98.350   -57.062
   98.400   -56.897
   98.450   -56.725
   98.500   -56.548
   98.550   -56.366
   98.600   -56.179
   98.650   -55.988
   98.700   -55.793
   98.750   -55.594
   98.800   -55.392
   98.850   -55.187
   98.900   -54.978
   98.950   -54.766
   99.000   -54.552
   99.050   -54.334
   99.100   -54.114
   99.150   -53.891
   99.200   -53.665
   99.250   -53.435
   99.300   -53.203
   99.350   -52.967
   99.400   -52.727
   99.450   -52.483
   99.500   -52.234
   99.550   -51.980
   99.600   -51.720
   99.650   -51.452
   99.700   -51.176
   99.750   -51.176
   99.800   -51.176
   99.850   -51.176
   99.900   -51.176
   99.950   -51.176
  100.000   -51.176
