    0.000   0.00000   0.00000
    0.250   0.00000   0.00000
    0.500   0.00000   0.00000
    0.750   0.00000   0.00000
    1.000   0.00000   0.00000
    1.250   0.00000   0.00000
    1.500   0.00000   0.00000
    1.750   0.00000   0.00000
    2.000   0.00000   0.00000
    2.250   0.00000   0.00000
    2.500   0.00000   0.00000
    2.750   0.00000   0.00000
    3.000   0.00000   0.00000
    3.250   0.00000   0.00000
    3.500   0.00000   0.00000
    3.750   0.00000   0.00000
    4.000   0.00000   0.00000
    4.250   1.00000   0.00000
    4.500   0.00000   0.00000
    4.750   2.00000   0.00001
    5.000   6.00000   0.00002
    5.250  18.00000   0.00005
    5.500  22.00000   0.00016
    5.750  37.00000   0.00036
    6.000  60.00000   0.00072
    6.250  78.00000   0.00132
    6.500 109.00000   0.00220
    6.750 158.00000   0.00355
    7.000 181.00000   0.00551
    7.250 208.00000   0.00801
    7.500 265.00000   0.01141
    8.000 300.00000   0.02055
    8.250 284.00000   0.02652
    8.500 304.00000   0.03322
    8.750 274.00000   0.04008
    9.000 258.00000   0.04778
    9.250 218.00000   0.05566
    9.500 180.00000   0.06302
    9.750 150.00000   0.07048
   10.000 130.00000   0.07740
   10.250  96.00000   0.08330
   10.500  97.00000   0.08882
   10.750  69.00000   0.09355
   11.000  51.00000   0.09729
   11.250  41.00000   0.10045
   11.500  33.00000   0.10279
   11.750  28.00000   0.10430
   12.000  14.00000   0.10522
   12.250  14.00000   0.10548
   12.500  17.00000   0.10517
   12.750  11.00000   0.10435
   13.000   8.00000   0.10310
   13.250   4.00000   0.10157
   13.500   8.00000   0.09960
   13.750   5.00000   0.09735
   14.000   1.00000   0.09504
   14.250   1.00000   0.09238
   14.500  13.00000   0.08957
   14.750   7.00000   0.08684
   15.000  11.00000   0.08390
   15.250  16.00000   0.08095
   15.500  21.00000   0.07820
   15.750  27.00000   0.07535
   16.000  45.00000   0.07261
   16.250  43.00000   0.07021
   16.500  65.00000   0.06788
   16.750  75.00000   0.06582
   17.000  80.00000   0.06419
   17.250 112.00000   0.06279
   17.500 120.00000   0.06182
   17.750 120.00000   0.06134
   18.000 159.00000   0.06127
   18.250 185.00000   0.06169
   18.500 180.00000   0.06267
   18.750 197.00000   0.06426
   19.000 189.00000   0.06639
   19.250 205.00000   0.06881
   19.500 207.00000   0.07178
   19.750 188.00000   0.07513
   20.000 175.00000   0.07851
   20.250 187.00000   0.08219
   20.500 179.00000   0.08592
   20.750 164.00000   0.08947
   21.000 128.00000   0.09317
   21.250 115.00000   0.09663
   21.500 110.00000   0.09954
   21.750 123.00000   0.10226
   22.000  96.00000   0.10466
   22.250  91.00000   0.10661
   22.500  63.00000   0.10830
   22.750  61.00000   0.10953
   23.000  50.00000   0.11025
   23.250  40.00000   0.11058
   23.500  35.00000   0.11044
   23.750  33.00000   0.10992
   24.000  20.00000   0.10899
   24.250  16.00000   0.10769
   24.500  18.00000   0.10614
   24.750  18.00000   0.10420
   25.000  13.00000   0.10202
   25.250  13.00000   0.09978
   25.500  15.00000   0.09723
   25.750  23.00000   0.09455
   26.000  27.00000   0.09197
   26.250  32.00000   0.08923
   26.500  33.00000   0.08654
   26.750  32.00000   0.08408
   27.000  43.00000   0.08153
   27.250  86.00000   0.07910
   27.500  65.00000   0.07708
   27.750  74.00000   0.07522
   28.000  83.00000   0.07362
   28.250  94.00000   0.07236
   28.500 114.00000   0.07131
   28.750 128.00000   0.07063
   29.000 138.00000   0.07038
   29.250 143.00000   0.07052
   29.500 161.00000   0.07108
   29.750 115.00000   0.07198
   30.000 133.00000   0.07319
   30.250 185.00000   0.07453
   30.500 157.00000   0.07609
   30.750 171.00000   0.07806
   31.000 140.00000   0.08027
   31.250 158.00000   0.08247
   31.500 165.00000   0.08486
   32.000 137.00000   0.08970
   32.250 126.00000   0.09208
   32.500 135.00000   0.09434
   32.750 123.00000   0.09636
   33.000 122.00000   0.09838
   33.250 111.00000   0.10025
   33.500  75.00000   0.10184
   33.750  64.00000   0.10321
   34.000  76.00000   0.10417
   34.250  57.00000   0.10474
   34.500  47.00000   0.10503
   34.750  54.00000   0.10494
   35.000  43.00000   0.10457
   35.250  51.00000   0.10388
   35.500  39.00000   0.10296
   35.750  21.00000   0.10188
   36.000  34.00000   0.10047
   36.250  29.00000   0.09883
   36.500  30.00000   0.09713
   36.750  31.00000   0.09518
   37.000  36.00000   0.09313
   37.250  40.00000   0.09114
   37.500  48.00000   0.08902
   37.750  55.00000   0.08695
   38.000  56.00000   0.08509
   38.250  69.00000   0.08322
   38.500  71.00000   0.08151
   38.750  82.00000   0.08008
   39.000  77.00000   0.07876
   39.250  98.00000   0.07764
   39.500  86.00000   0.07680
   39.750 125.00000   0.07613
   40.000 111.00000   0.07575
   40.250 105.00000   0.07568
   40.500 120.00000   0.07581
   40.750 149.00000   0.07615
   41.000 119.00000   0.07675
   41.250 162.00000   0.07764
   41.500 151.00000   0.07879
   41.750 137.00000   0.08015
   42.000 131.00000   0.08176
   42.250 135.00000   0.08345
   42.500 121.00000   0.08509
   42.750 133.00000   0.08682
   43.000 131.00000   0.08855
   43.250 136.00000   0.09018
   43.500 111.00000   0.09192
   43.750 126.00000   0.09358
   44.000  92.00000   0.09506
   44.250 106.00000   0.09648
   44.500  89.00000   0.09770
   44.750  78.00000   0.09867
   45.000  84.00000   0.09946
   45.250  74.00000   0.10002
   45.500  78.00000   0.10035
   45.750  73.00000   0.10050
   46.000  62.00000   0.10047
   46.250  61.00000   0.10027
   46.500  39.00000   0.09984
   46.750  56.00000   0.09917
   47.000  43.00000   0.09834
   47.250  57.00000   0.09729
   47.500  46.00000   0.09611
   47.750  48.00000   0.09491
   48.000  33.00000   0.09354
   48.250  50.00000   0.09204
   48.500  48.00000   0.09055
   48.750  65.00000   0.08896
   49.000  63.00000   0.08741
   49.250  67.00000   0.08603
   49.500  70.00000   0.08465
   49.750  75.00000   0.08339
   50.000  93.00000   0.08231
   50.250  92.00000   0.08135
   50.500 101.00000   0.08060
   50.750  94.00000   0.08009
   51.000  92.00000   0.07974
   51.250 106.00000   0.07951
   51.500 113.00000   0.07944
   51.750 108.00000   0.07957
   52.000 127.00000   0.07986
   52.250 115.00000   0.08031
   52.500 121.00000   0.08096
   52.750 113.00000   0.08174
   53.000 134.00000   0.08257
   53.250 122.00000   0.08357
   53.500 116.00000   0.08469
   53.750 131.00000   0.08578
   54.000 130.00000   0.08700
   54.250 126.00000   0.08831
   54.500  95.00000   0.08958
   54.750 112.00000   0.09085
   55.000 105.00000   0.09201
   55.250 105.00000   0.09303
   55.500 101.00000   0.09403
   55.750  98.00000   0.09493
   56.000 101.00000   0.09568
   56.250  94.00000   0.09639
   56.500  80.00000   0.09699
   56.750  69.00000   0.09741
   57.000  69.00000   0.09766
   57.250  63.00000   0.09769
   57.500  74.00000   0.09753
   57.750  49.00000   0.09722
   58.000  74.00000   0.09673
   58.250  59.00000   0.09614
   58.500  59.00000   0.09542
   58.750  56.00000   0.09459
   59.000  58.00000   0.09371
   59.250  54.00000   0.09269
   59.500  70.00000   0.09160
   59.750  64.00000   0.09056
   60.000  63.00000   0.08947
   60.250  73.00000   0.08839
   60.500  63.00000   0.08741
   60.750  66.00000   0.08640
   61.000  74.00000   0.08540
   61.250  82.00000   0.08452
   61.500  92.00000   0.08368
   61.750  77.00000   0.08300
   62.000 106.00000   0.08245
   62.250 128.00000   0.08202
   62.500  94.00000   0.08187
   62.750 109.00000   0.08192
   63.000 106.00000   0.08208
   63.500 101.00000   0.08269
   63.750 119.00000   0.08307
   64.000 119.00000   0.08355
   64.250 119.00000   0.08415
   64.500 104.00000   0.08489
   64.750 112.00000   0.08564
   64.750 122.00000   0.08568
   65.000  99.00000   0.08648
   65.250 102.00000   0.08734
   65.500 130.00000   0.08814
   65.750 121.00000   0.08896
   66.000 114.00000   0.08991
   66.250 111.00000   0.09088
   66.500  95.00000   0.09179
   66.750 101.00000   0.09267
   67.000 103.00000   0.09346
   67.250  87.00000   0.09413
   67.500  94.00000   0.09475
   67.750  90.00000   0.09524
   68.000  76.00000   0.09563
   68.250  77.00000   0.09589
   68.500  70.00000   0.09599
   68.750  69.00000   0.09595
   69.000  68.00000   0.09575
   69.250  71.00000   0.09541
   69.500  63.00000   0.09500
   69.750  59.00000   0.09445
   70.000  69.00000   0.09378
   70.250  52.00000   0.09307
   70.500  61.00000   0.09223
   70.750  84.00000   0.09129
   71.000  64.00000   0.09044
   71.250  57.00000   0.08956
   71.500  82.00000   0.08864
   71.750  64.00000   0.08779
   72.000  89.00000   0.08692
   72.250  91.00000   0.08613
   72.500  95.00000   0.08552
   72.750  83.00000   0.08501
   73.000  92.00000   0.08460
   73.250  92.00000   0.08429
   73.500 107.00000   0.08405
   73.750 112.00000   0.08395
   74.000  92.00000   0.08401
   74.250  89.00000   0.08417
   74.500 126.00000   0.08434
   74.750 107.00000   0.08462
   75.000 107.00000   0.08505
   75.250 106.00000   0.08556
   75.500  93.00000   0.08608
   75.750 104.00000   0.08663
   76.000 114.00000   0.08717
   76.250 120.00000   0.08773
   76.500 104.00000   0.08842
   76.750 106.00000   0.08914
   77.000  94.00000   0.08982
   77.250 123.00000   0.09048
   77.500  96.00000   0.09116
   77.750  73.00000   0.09181
   78.000 105.00000   0.09235
   78.250  96.00000   0.09279
   78.500  86.00000   0.09319
   78.750  94.00000   0.09353
   79.000  69.00000   0.09381
   79.250  88.00000   0.09395
   79.500  62.00000   0.09400
   79.750  83.00000   0.09391
   80.000  67.00000   0.09372
   80.250  82.00000   0.09344
   80.500  85.00000   0.09308
   80.750  81.00000   0.09274
   81.000  81.00000   0.09237
   81.250  70.00000   0.09199
   81.500  68.00000   0.09159
   81.750  58.00000   0.09109
   82.000  84.00000   0.09049
   82.250  66.00000   0.08990
   82.500  78.00000   0.08927
   82.750  71.00000   0.08863
   83.000  77.00000   0.08804
   83.250  88.00000   0.08742
   83.500  71.00000   0.08687
   83.750  83.00000   0.08638
   84.000  88.00000   0.08588
   84.250  86.00000   0.08546
   84.500  99.00000   0.08513
   84.750  94.00000   0.08488
   85.000 105.00000   0.08474
   85.250 100.00000   0.08471
   85.500 101.00000   0.08479
   85.750  96.00000   0.08495
   86.000 113.00000   0.08516
   86.250 113.00000   0.08547
   86.500 104.00000   0.08590
   86.750 105.00000   0.08638
   87.000 103.00000   0.08691
   87.250 106.00000   0.08748
   87.500 105.00000   0.08802
   87.750 110.00000   0.08863
   88.000 101.00000   0.08925
   88.250 101.00000   0.08985
   88.500 108.00000   0.09046
   88.750 105.00000   0.09106
   89.000  97.00000   0.09163
   89.250  90.00000   0.09220
   89.500  84.00000   0.09269
   89.750  74.00000   0.09305
   90.000  60.00000   0.09329
   90.250  88.00000   0.09333
   90.500  85.00000   0.09326
   90.750  76.00000   0.09315
   91.000  88.00000   0.09297
   91.250  83.00000   0.09278
   91.500  86.00000   0.09255
   91.750  65.00000   0.09231
   92.000  67.00000   0.09202
   92.250  63.00000   0.09160
   92.500  72.00000   0.09108
   92.750  65.00000   0.09053
   93.000  88.00000   0.08989
   93.250  89.00000   0.08928
   93.500  74.00000   0.08878
   93.750  90.00000   0.08828
   94.000  84.00000   0.08782
   94.250  75.00000   0.08745
   94.500  98.00000   0.08706
   94.750  91.00000   0.08673
   95.000  86.00000   0.08651
   95.250  85.00000   0.08632
   95.500  81.00000   0.08615
   95.750  82.00000   0.08600
   96.000 105.00000   0.08583
   96.250  92.00000   0.08575
   96.500  86.00000   0.08575
   96.750 110.00000   0.08576
   97.000  97.00000   0.08586
   97.250 104.00000   0.08604
   97.500 108.00000   0.08629
   97.750  99.00000   0.08662
   98.000  97.00000   0.08698
   98.250 119.00000   0.08737
   98.500 116.00000   0.08784
   98.750  95.00000   0.08838
   99.000 101.00000   0.08897
   99.250  94.00000   0.08953
   99.500 104.00000   0.09002
   99.750 102.00000   0.09052
  100.000 105.00000   0.09102
  100.250  75.00000   0.09149
  100.500  88.00000   0.09190
  100.750 100.00000   0.09219
  101.000  89.00000   0.09244
  101.250  76.00000   0.09267
  101.500  89.00000   0.09279
  101.750  76.00000   0.09284
  102.000  71.00000   0.09282
  102.250  72.00000   0.09268
  102.500  85.00000   0.09244
  102.750  83.00000   0.09215
  103.000  81.00000   0.09186
  103.250  77.00000   0.09156
  103.500  64.00000   0.09122
  103.750  76.00000   0.09079
  104.000  77.00000   0.09034
  104.250  83.00000   0.08984
  104.500  82.00000   0.08936
  104.750  88.00000   0.08894
  105.000  90.00000   0.08853
  105.250  89.00000   0.08819
  105.500  69.00000   0.08793
  105.750  81.00000   0.08762
  106.000  89.00000   0.08729
  106.250  82.00000   0.08701
  106.500  85.00000   0.08675
  106.750  96.00000   0.08651
  107.000  92.00000   0.08634
  107.250 101.00000   0.08623
  107.500 102.00000   0.08620
  107.750 100.00000   0.08626
  108.000  94.00000   0.08641
  108.250 103.00000   0.08660
  108.500  79.00000   0.08682
  108.750 110.00000   0.08703
  109.000  81.00000   0.08727
  109.250  98.00000   0.08750
  109.500  95.00000   0.08773
  109.750 104.00000   0.08798
