   0.075        -0.000    
   0.150        -0.000    
   0.225        -0.000    
   0.300        -0.000    
   0.375        -0.000    
   0.450        -0.000    
   0.525        -0.000    
   0.600        -0.000    
   0.675        -0.000    
   0.750        -0.000    
   0.825        -0.000    
   0.900        -0.000    
   0.975        -0.000    
   1.050        -0.000    
   1.125        -0.000    
   1.200        -0.000    
   1.275        -0.000    
   1.350        -0.000    
   1.425        -0.000    
   1.500        -0.000    
   1.575        -0.000    
   1.650        -0.000    
   1.725        -0.000    
   1.800        -0.000    
   1.875        -0.000    
   1.950        -0.000    
   2.025        -0.000    
   2.100        -0.000    
   2.175        -0.000    
   2.250        -0.000    
   2.325        -0.000    
   2.400        -0.000    
   2.475         0.000    
   2.550         0.000    
   2.625         0.000    
   2.700         0.000    
   2.775         0.000    
   2.850         0.000    
   2.925         0.000    
   3.000         0.000    
   3.075         0.000    
   3.150         0.000    
   3.225         0.000    
   3.300         0.000    
   3.375         0.001    
   3.450         0.001    
   3.525         0.002    
   3.600         0.003    
   3.675         0.005    
   3.750         0.007    
   3.825         0.011    
   3.900         0.017    
   3.975         0.026    
   4.050         0.039    
   4.125         0.057    
   4.200         0.082    
   4.275         0.118    
   4.350         0.166    
   4.425         0.234    
   4.500         0.330    
   4.575         0.463    
   4.650         0.637    
   4.725         0.862    
   4.800         1.155    
   4.875         1.534    
   4.950         2.020    
   5.025         2.636    
   5.100         3.417    
   5.175         4.393    
   5.250         5.584    
   5.325         6.991    
   5.400         8.657    
   5.475        10.669    
   5.550        13.156    
   5.625        16.136    
   5.700        19.579    
   5.775        23.448    
   5.850        27.815    
   5.925        32.795    
   6.000        38.463    
   6.075        44.814    
   6.150        51.884    
   6.225        59.679    
   6.300        68.178    
   6.375        77.320    
   6.450        87.072    
   6.525        97.406    
   6.600       108.375    
   6.675       119.893    
   6.750       131.815    
   6.825       143.719    
   6.900       155.600    
   6.975       167.583    
   7.050       180.233    
   7.125       193.187    
   7.200       205.933    
   7.275       217.640    
   7.350       228.508    
   7.425       238.901    
   7.500       249.355    
   7.575       259.410    
   7.650       268.661    
   7.725       276.802    
   7.800       283.862    
   7.875       289.928    
   7.950       295.047    
   8.025       299.111    
   8.100       301.857    
   8.175       303.208    
   8.250       303.365    
   8.325       302.499    
   8.400       300.683    
   8.475       297.938    
   8.550       294.579    
   8.625       290.577    
   8.700       285.824    
   8.775       280.197    
   8.850       273.805    
   8.925       266.780    
   9.000       259.329    
   9.075       251.481    
   9.150       243.234    
   9.225       234.556    
   9.300       225.572    
   9.375       216.458    
   9.450       207.319    
   9.525       198.167    
   9.600       189.063    
   9.675       180.049    
   9.750       171.169    
   9.825       162.449    
   9.900       153.923    
   9.975       145.584    
  10.050       137.343    
  10.125       129.285    
  10.200       121.455    
  10.275       113.993    
  10.350       106.896    
  10.425       100.072    
  10.500        93.570    
  10.575        87.365    
  10.650        81.473    
  10.725        75.952    
  10.800        70.750    
  10.875        65.806    
  10.950        61.123    
  11.025        56.713    
  11.100        52.554    
  11.175        48.673    
  11.250        45.004    
  11.325        41.635    
  11.400        38.458    
  11.475        35.538    
  11.550        32.775    
  11.625        30.205    
  11.700        27.839    
  11.775        25.660    
  11.850        23.636    
  11.925        21.749    
  12.000        19.993    
  12.075        18.387    
  12.150        16.899    
  12.225        15.538    
  12.300        14.291    
  12.375        13.136    
  12.450        12.071    
  12.525        11.051    
  12.600        10.198    
  12.675         9.338    
  12.750         8.578    
  12.825         7.903    
  12.900         7.216    
  12.975         6.563    
  13.050         6.035    
  13.125         5.524    
  13.200         5.143    
  13.275         4.726    
  13.350         4.382    
  13.425         4.012    
  13.500         3.782    
  13.575         3.453    
  13.650         3.145    
  13.725         2.920    
  13.800         2.746    
  13.875         2.608    
  13.950         2.501    
  14.025         2.423    
  14.100         2.374    
  14.175         2.354    
  14.250         2.364    
  14.325         2.407    
  14.400         2.486    
  14.475         2.603    
  14.550         2.761    
  14.625         2.965    
  14.700         3.217    
  14.775         3.523    
  14.850         3.888    
  14.925         4.316    
  15.000         4.813    
  15.075         5.386    
  15.150         6.041    
  15.225         6.784    
  15.300         7.623    
  15.375         8.564    
  15.450         9.615    
  15.525        10.783    
  15.600        12.076    
  15.675        13.501    
  15.750        15.066    
  15.825        16.778    
  15.900        18.643    
  15.975        20.668    
  16.050        22.859    
  16.125        25.221    
  16.200        27.760    
  16.275        30.480    
  16.350        33.382    
  16.425        36.471    
  16.500        39.746    
  16.575        43.208    
  16.650        46.856    
  16.725        50.688    
  16.800        54.699    
  16.875        58.885    
  16.950        63.238    
  17.025        67.753    
  17.100        72.419    
  17.175        77.225    
  17.250        82.160    
  17.325        87.211    
  17.400        92.363    
  17.475        97.601    
  17.550       102.908    
  17.625       108.267    
  17.700       113.658    
  17.775       119.063    
  17.850       124.462    
  17.925       129.834    
  18.000       135.160    
  18.075       140.417    
  18.150       145.585    
  18.225       150.645    
  18.300       155.574    
  18.375       160.353    
  18.450       164.963    
  18.525       169.385    
  18.600       173.601    
  18.675       177.595    
  18.750       181.351    
  18.825       184.855    
  18.900       188.093    
  18.975       191.053    
  19.050       193.725    
  19.125       196.101    
  19.200       198.172    
  19.275       199.933    
  19.350       201.379    
  19.425       202.509    
  19.500       203.321    
  19.575       203.815    
  19.650       203.995    
  19.725       203.863    
  19.800       203.424    
  19.875       202.684    
  19.950       201.652    
  20.025       200.335    
  20.100       198.743    
  20.175       196.887    
  20.250       194.779    
  20.325       192.430    
  20.400       189.855    
  20.475       187.065    
  20.550       184.076    
  20.625       180.902    
  20.700       177.557    
  20.775       174.056    
  20.850       170.415    
  20.925       166.648    
  21.000       162.771    
  21.075       158.797    
  21.150       154.741    
  21.225       150.618    
  21.300       146.440    
  21.375       142.221    
  21.450       137.975    
  21.525       133.712    
  21.600       129.446    
  21.675       125.186    
  21.750       120.944    
  21.825       116.730    
  21.900       112.552    
  21.975       108.419    
  22.050       104.340    
  22.125       100.321    
  22.200        96.369    
  22.275        92.491    
  22.350        88.690    
  22.425        84.974    
  22.500        81.344    
  22.575        77.806    
  22.650        74.362    
  22.725        71.015    
  22.800        67.766    
  22.875        64.618    
  22.950        61.573    
  23.025        58.629    
  23.100        55.789    
  23.175        53.052    
  23.250        50.419    
  23.325        47.888    
  23.400        45.459    
  23.475        43.132    
  23.550        40.904    
  23.625        38.776    
  23.700        36.746    
  23.775        34.811    
  23.850        32.972    
  23.925        31.226    
  24.000        29.571    
  24.075        28.007    
  24.150        26.532    
  24.225        25.143    
  24.300        23.841    
  24.375        22.623    
  24.450        21.488    
  24.525        20.435    
  24.600        19.464    
  24.675        18.572    
  24.750        17.760    
  24.825        17.027    
  24.900        16.372    
  24.975        15.795    
  25.050        15.295    
  25.125        14.874    
  25.200        14.530    
  25.275        14.265    
  25.350        14.079    
  25.425        13.972    
  25.500        13.946    
  25.575        14.000    
  25.650        14.137    
  25.725        14.357    
  25.800        14.661    
  25.875        15.051    
  25.950        15.528    
  26.025        16.094    
  26.100        16.750    
  26.175        17.498    
  26.250        18.338    
  26.325        19.273    
  26.400        20.304    
  26.475        21.431    
  26.550        22.657    
  26.625        23.982    
  26.700        25.406    
  26.775        26.932    
  26.850        28.559    
  26.925        30.287    
  27.000        32.116    
  27.075        34.047    
  27.150        36.078    
  27.225        38.209    
  27.300        40.439    
  27.375        42.765    
  27.450        45.186    
  27.525        47.700    
  27.600        50.305    
  27.675        52.996    
  27.750        55.770    
  27.825        58.625    
  27.900        61.554    
  27.975        64.555    
  28.050        67.621    
  28.125        70.748    
  28.200        73.929    
  28.275        77.159    
  28.350        80.431    
  28.425        83.738    
  28.500        87.074    
  28.575        90.430    
  28.650        93.800    
  28.725        97.176    
  28.800       100.549    
  28.875       103.912    
  28.950       107.257    
  29.025       110.575    
  29.100       113.858    
  29.175       117.098    
  29.250       120.286    
  29.325       123.414    
  29.400       126.475    
  29.475       129.460    
  29.550       132.361    
  29.625       135.172    
  29.700       137.884    
  29.775       140.490    
  29.850       142.985    
  29.925       145.361    
  30.000       147.612    
  30.075       149.733    
  30.150       151.720    
  30.225       153.566    
  30.300       155.267    
  30.375       156.821    
  30.450       158.223    
  30.525       159.470    
  30.600       160.560    
  30.675       161.492    
  30.750       162.263    
  30.825       162.873    
  30.900       163.322    
  30.975       163.609    
  31.050       163.736    
  31.125       163.703    
  31.200       163.512    
  31.275       163.165    
  31.350       162.665    
  31.425       162.014    
  31.500       161.215    
  31.575       160.273    
  31.650       159.190    
  31.725       157.973    
  31.800       156.624    
  31.875       155.149    
  31.950       153.553    
  32.025       151.842    
  32.100       150.021    
  32.175       148.095    
  32.250       146.072    
  32.325       143.955    
  32.400       141.753    
  32.475       139.471    
  32.550       137.114    
  32.625       134.691    
  32.700       132.205    
  32.775       129.665    
  32.850       127.076    
  32.925       124.443    
  33.000       121.774    
  33.075       119.074    
  33.150       116.349    
  33.225       113.604    
  33.300       110.846    
  33.375       108.080    
  33.450       105.310    
  33.525       102.542    
  33.600        99.781    
  33.675        97.032    
  33.750        94.299    
  33.825        91.586    
  33.900        88.899    
  33.975        86.239    
  34.050        83.613    
  34.125        81.022    
  34.200        78.471    
  34.275        75.963    
  34.350        73.500    
  34.425        71.087    
  34.500        68.724    
  34.575        66.415    
  34.650        64.163    
  34.725        61.969    
  34.800        59.835    
  34.875        57.764    
  34.950        55.757    
  35.025        53.817    
  35.100        51.943    
  35.175        50.139    
  35.250        48.404    
  35.325        46.742    
  35.400        45.151    
  35.475        43.635    
  35.550        42.194    
  35.625        40.828    
  35.700        39.538    
  35.775        38.326    
  35.850        37.192    
  35.925        36.137    
  36.000        35.162    
  36.075        34.266    
  36.150        33.452    
  36.225        32.718    
  36.300        32.067    
  36.375        31.497    
  36.450        31.011    
  36.525        30.607    
  36.600        30.287    
  36.675        30.051    
  36.750        29.899    
  36.825        29.831    
  36.900        29.847    
  36.975        29.948    
  37.050        30.134    
  37.125        30.404    
  37.200        30.759    
  37.275        31.199    
  37.350        31.722    
  37.425        32.330    
  37.500        33.021    
  37.575        33.795    
  37.650        34.651    
  37.725        35.589    
  37.800        36.608    
  37.875        37.706    
  37.950        38.884    
  38.025        40.138    
  38.100        41.469    
  38.175        42.875    
  38.250        44.353    
  38.325        45.903    
  38.400        47.522    
  38.475        49.208    
  38.550        50.959    
  38.625        52.772    
  38.700        54.645    
  38.775        56.575    
  38.850        58.559    
  38.925        60.594    
  39.000        62.677    
  39.075        64.805    
  39.150        66.974    
  39.225        69.180    
  39.300        71.419    
  39.375        73.688    
  39.450        75.983    
  39.525        78.300    
  39.600        80.634    
  39.675        82.981    
  39.750        85.336    
  39.825        87.696    
  39.900        90.055    
  39.975        92.410    
  40.050        94.755    
  40.125        97.086    
  40.200        99.399    
  40.275       101.688    
  40.350       103.950    
  40.425       106.179    
  40.500       108.372    
  40.575       110.523    
  40.650       112.629    
  40.725       114.685    
  40.800       116.687    
  40.875       118.631    
  40.950       120.514    
  41.025       122.330    
  41.100       124.077    
  41.175       125.752    
  41.250       127.351    
  41.325       128.870    
  41.400       130.307    
  41.475       131.660    
  41.550       132.925    
  41.625       134.101    
  41.700       135.185    
  41.775       136.176    
  41.850       137.071    
  41.925       137.870    
  42.000       138.571    
  42.075       139.173    
  42.150       139.676    
  42.225       140.079    
  42.300       140.382    
  42.375       140.584    
  42.450       140.687    
  42.525       140.690    
  42.600       140.594    
  42.675       140.401    
  42.750       140.110    
  42.825       139.724    
  42.900       139.244    
  42.975       138.671    
  43.050       138.008    
  43.125       137.257    
  43.200       136.419    
  43.275       135.498    
  43.350       134.495    
  43.425       133.414    
  43.500       132.256    
  43.575       131.026    
  43.650       129.726    
  43.725       128.359    
  43.800       126.929    
  43.875       125.438    
  43.950       123.890    
  44.025       122.289    
  44.100       120.638    
  44.175       118.941    
  44.250       117.200    
  44.325       115.421    
  44.400       113.605    
  44.475       111.758    
  44.550       109.882    
  44.625       107.981    
  44.700       106.059    
  44.775       104.119    
  44.850       102.165    
  44.925       100.200    
  45.000        98.228    
  45.075        96.252    
  45.150        94.275    
  45.225        92.301    
  45.300        90.334    
  45.375        88.375    
  45.450        86.429    
  45.525        84.498    
  45.600        82.585    
  45.675        80.694    
  45.750        78.826    
  45.825        76.985    
  45.900        75.174    
  45.975        73.394    
  46.050        71.650    
  46.125        69.941    
  46.200        68.273    
  46.275        66.645    
  46.350        65.061    
  46.425        63.523    
  46.500        62.032    
  46.575        60.591    
  46.650        59.201    
  46.725        57.865    
  46.800        56.583    
  46.875        55.357    
  46.950        54.189    
  47.025        53.080    
  47.100        52.031    
  47.175        51.045    
  47.250        50.121    
  47.325        49.260    
  47.400        48.465    
  47.475        47.736    
  47.550        47.073    
  47.625        46.477    
  47.700        45.949    
  47.775        45.490    
  47.850        45.099    
  47.925        44.778    
  48.000        44.527    
  48.075        44.345    
  48.150        44.234    
  48.225        44.192    
  48.300        44.220    
  48.375        44.318    
  48.450        44.485    
  48.525        44.722    
  48.600        45.027    
  48.675        45.400    
  48.750        45.841    
  48.825        46.348    
  48.900        46.922    
  48.975        47.560    
  49.050        48.262    
  49.125        49.027    
  49.200        49.854    
  49.275        50.741    
  49.350        51.687    
  49.425        52.690    
  49.500        53.748    
  49.575        54.861    
  49.650        56.025    
  49.725        57.240    
  49.800        58.503    
  49.875        59.813    
  49.950        61.166    
  50.025        62.561    
  50.100        63.995    
  50.175        65.466    
  50.250        66.971    
  50.325        68.508    
  50.400        70.075    
  50.475        71.668    
  50.550        73.284    
  50.625        74.922    
  50.700        76.578    
  50.775        78.248    
  50.850        79.931    
  50.925        81.623    
  51.000        83.322    
  51.075        85.024    
  51.150        86.725    
  51.225        88.424    
  51.300        90.117    
  51.375        91.802    
  51.450        93.474    
  51.525        95.131    
  51.600        96.770    
  51.675        98.389    
  51.750        99.983    
  51.825       101.551    
  51.900       103.090    
  51.975       104.596    
  52.050       106.068    
  52.125       107.502    
  52.200       108.896    
  52.275       110.247    
  52.350       111.554    
  52.425       112.813    
  52.500       114.024    
  52.575       115.182    
  52.650       116.288    
  52.725       117.338    
  52.800       118.331    
  52.875       119.266    
  52.950       120.140    
  53.025       120.954    
  53.100       121.704    
  53.175       122.390    
  53.250       123.012    
  53.325       123.568    
  53.400       124.057    
  53.475       124.480    
  53.550       124.834    
  53.625       125.121    
  53.700       125.340    
  53.775       125.491    
  53.850       125.574    
  53.925       125.589    
  54.000       125.536    
  54.075       125.417    
  54.150       125.231    
  54.225       124.979    
  54.300       124.663    
  54.375       124.282    
  54.450       123.839    
  54.525       123.334    
  54.600       122.769    
  54.675       122.145    
  54.750       121.463    
  54.825       120.726    
  54.900       119.934    
  54.975       119.090    
  55.050       118.195    
  55.125       117.251    
  55.200       116.261    
  55.275       115.226    
  55.350       114.149    
  55.425       113.031    
  55.500       111.876    
  55.575       110.684    
  55.650       109.459    
  55.725       108.202    
  55.800       106.917    
  55.875       105.606    
  55.950       104.271    
  56.025       102.914    
  56.100       101.538    
  56.175       100.146    
  56.250        98.739    
  56.325        97.321    
  56.400        95.894    
  56.475        94.461    
  56.550        93.023    
  56.625        91.584    
  56.700        90.145    
  56.775        88.709    
  56.850        87.279    
  56.925        85.857    
  57.000        84.445    
  57.075        83.045    
  57.150        81.660    
  57.225        80.292    
  57.300        78.943    
  57.375        77.615    
  57.450        76.310    
  57.525        75.031    
  57.600        73.778    
  57.675        72.554    
  57.750        71.361    
  57.825        70.201    
  57.900        69.075    
  57.975        67.985    
  58.050        66.933    
  58.125        65.919    
  58.200        64.946    
  58.275        64.015    
  58.350        63.127    
  58.425        62.284    
  58.500        61.486    
  58.575        60.735    
  58.650        60.031    
  58.725        59.376    
  58.800        58.770    
  58.875        58.215    
  58.950        57.710    
  59.025        57.257    
  59.100        56.857    
  59.175        56.508    
  59.250        56.213    
  59.325        55.971    
  59.400        55.782    
  59.475        55.647    
  59.550        55.565    
  59.625        55.537    
  59.700        55.562    
  59.775        55.641    
  59.850        55.772    
  59.925        55.956    
  60.000        56.192    
  60.075        56.480    
  60.150        56.819    
  60.225        57.207    
  60.300        57.646    
  60.375        58.133    
  60.450        58.667    
  60.525        59.249    
  60.600        59.876    
  60.675        60.547    
  60.750        61.262    
  60.825        62.018    
  60.900        62.815    
  60.975        63.651    
  61.050        64.524    
  61.125        65.434    
  61.200        66.378    
  61.275        67.355    
  61.350        68.362    
  61.425        69.399    
  61.500        70.463    
  61.575        71.553    
  61.650        72.666    
  61.725        73.801    
  61.800        74.955    
  61.875        76.127    
  61.950        77.314    
  62.025        78.515    
  62.100        79.727    
  62.175        80.949    
  62.250        82.177    
  62.325        83.410    
  62.400        84.646    
  62.475        85.883    
  62.550        87.118    
  62.625        88.349    
  62.700        89.575    
  62.775        90.792    
  62.850        92.000    
  62.925        93.195    
  63.000        94.376    
  63.075        95.541    
  63.150        96.687    
  63.225        97.814    
  63.300        98.918    
  63.375        99.999    
  63.450       101.053    
  63.525       102.081    
  63.600       103.079    
  63.675       104.046    
  63.750       104.980    
  63.825       105.881    
  63.900       106.746    
  63.975       107.574    
  64.050       108.364    
  64.125       109.115    
  64.200       109.825    
  64.275       110.493    
  64.350       111.119    
  64.425       111.701    
  64.500       112.238    
  64.575       112.731    
  64.650       113.177    
  64.725       113.577    
  64.800       113.930    
  64.875       114.236    
  64.950       114.493    
  65.025       114.703    
  65.100       114.865    
  65.175       114.978    
  65.250       115.043    
  65.325       115.061    
  65.400       115.030    
  65.475       114.951    
  65.550       114.826    
  65.625       114.653    
  65.700       114.435    
  65.775       114.171    
  65.850       113.861    
  65.925       113.508    
  66.000       113.111    
  66.075       112.672    
  66.150       112.191    
  66.225       111.670    
  66.300       111.110    
  66.375       110.511    
  66.450       109.876    
  66.525       109.205    
  66.600       108.499    
  66.675       107.761    
  66.750       106.992    
  66.825       106.192    
  66.900       105.364    
  66.975       104.510    
  67.050       103.630    
  67.125       102.726    
  67.200       101.801    
  67.275       100.856    
  67.350        99.892    
  67.425        98.911    
  67.500        97.915    
  67.575        96.907    
  67.650        95.886    
  67.725        94.857    
  67.800        93.819    
  67.875        92.775    
  67.950        91.728    
  68.025        90.677    
  68.100        89.626    
  68.175        88.577    
  68.250        87.530    
  68.325        86.488    
  68.400        85.452    
  68.475        84.425    
  68.550        83.407    
  68.625        82.401    
  68.700        81.408    
  68.775        80.429    
  68.850        79.467    
  68.925        78.523    
  69.000        77.598    
  69.075        76.694    
  69.150        75.812    
  69.225        74.953    
  69.300        74.120    
  69.375        73.312    
  69.450        72.532    
  69.525        71.781    
  69.600        71.059    
  69.675        70.368    
  69.750        69.709    
  69.825        69.083    
  69.900        68.490    
  69.975        67.932    
  70.050        67.409    
  70.125        66.922    
  70.200        66.472    
  70.275        66.059    
  70.350        65.684    
  70.425        65.347    
  70.500        65.049    
  70.575        64.791    
  70.650        64.571    
  70.725        64.391    
  70.800        64.251    
  70.875        64.151    
  70.950        64.090    
  71.025        64.070    
  71.100        64.089    
  71.175        64.147    
  71.250        64.245    
  71.325        64.382    
  71.400        64.557    
  71.475        64.771    
  71.550        65.022    
  71.625        65.310    
  71.700        65.635    
  71.775        65.995    
  71.850        66.391    
  71.925        66.821    
  72.000        67.284    
  72.075        67.780    
  72.150        68.307    
  72.225        68.865    
  72.300        69.453    
  72.375        70.069    
  72.450        70.712    
  72.525        71.381    
  72.600        72.075    
  72.675        72.793    
  72.750        73.533    
  72.825        74.294    
  72.900        75.074    
  72.975        75.873    
  73.050        76.688    
  73.125        77.519    
  73.200        78.364    
  73.275        79.221    
  73.350        80.088    
  73.425        80.965    
  73.500        81.850    
  73.575        82.741    
  73.650        83.636    
  73.725        84.535    
  73.800        85.435    
  73.875        86.335    
  73.950        87.234    
  74.025        88.129    
  74.100        89.020    
  74.175        89.905    
  74.250        90.781    
  74.325        91.649    
  74.400        92.506    
  74.475        93.352    
  74.550        94.183    
  74.625        95.000    
  74.700        95.801    
  74.775        96.584    
  74.850        97.348    
  74.925        98.092    
  75.000        98.815    
  75.075        99.515    
  75.150       100.192    
  75.225       100.845    
  75.300       101.471    
  75.375       102.071    
  75.450       102.644    
  75.525       103.188    
  75.600       103.702    
  75.675       104.187    
  75.750       104.641    
  75.825       105.064    
  75.900       105.454    
  75.975       105.812    
  76.050       106.137    
  76.125       106.428    
  76.200       106.686    
  76.275       106.910    
  76.350       107.099    
  76.425       107.253    
  76.500       107.373    
  76.575       107.458    
  76.650       107.509    
  76.725       107.524    
  76.800       107.506    
  76.875       107.453    
  76.950       107.365    
  77.025       107.244    
  77.100       107.090    
  77.175       106.902    
  77.250       106.682    
  77.325       106.430    
  77.400       106.146    
  77.475       105.832    
  77.550       105.487    
  77.625       105.113    
  77.700       104.711    
  77.775       104.280    
  77.850       103.823    
  77.925       103.340    
  78.000       102.831    
  78.075       102.298    
  78.150       101.743    
  78.225       101.165    
  78.300       100.566    
  78.375        99.948    
  78.450        99.311    
  78.525        98.656    
  78.600        97.985    
  78.675        97.300    
  78.750        96.600    
  78.825        95.888    
  78.900        95.164    
  78.975        94.430    
  79.050        93.688    
  79.125        92.938    
  79.200        92.183    
  79.275        91.422    
  79.350        90.658    
  79.425        89.892    
  79.500        89.125    
  79.575        88.359    
  79.650        87.594    
  79.725        86.832    
  79.800        86.075    
  79.875        85.323    
  79.950        84.578    
  80.025        83.842    
  80.100        83.114    
  80.175        82.397    
  80.250        81.692    
  80.325        81.000    
  80.400        80.321    
  80.475        79.658    
  80.550        79.010    
  80.625        78.380    
  80.700        77.768    
  80.775        77.175    
  80.850        76.601    
  80.925        76.049    
  81.000        75.518    
  81.075        75.010    
  81.150        74.525    
  81.225        74.065    
  81.300        73.628    
  81.375        73.218    
  81.450        72.833    
  81.525        72.474    
  81.600        72.142    
  81.675        71.838    
  81.750        71.562    
  81.825        71.314    
  81.900        71.094    
  81.975        70.903    
  82.050        70.741    
  82.125        70.608    
  82.200        70.504    
  82.275        70.430    
  82.350        70.384    
  82.425        70.368    
  82.500        70.382    
  82.575        70.424    
  82.650        70.495    
  82.725        70.594    
  82.800        70.722    
  82.875        70.878    
  82.950        71.062    
  83.025        71.272    
  83.100        71.510    
  83.175        71.774    
  83.250        72.063    
  83.325        72.377    
  83.400        72.716    
  83.475        73.079    
  83.550        73.464    
  83.625        73.873    
  83.700        74.302    
  83.775        74.752    
  83.850        75.223    
  83.925        75.712    
  84.000        76.219    
  84.075        76.743    
  84.150        77.284    
  84.225        77.840    
  84.300        78.410    
  84.375        78.993    
  84.450        79.588    
  84.525        80.194    
  84.600        80.810    
  84.675        81.436    
  84.750        82.068    
  84.825        82.708    
  84.900        83.353    
  84.975        84.003    
  85.050        84.655    
  85.125        85.310    
  85.200        85.966    
  85.275        86.622    
  85.350        87.276    
  85.425        87.929    
  85.500        88.577    
  85.575        89.222    
  85.650        89.860    
  85.725        90.492    
  85.800        91.116    
  85.875        91.731    
  85.950        92.337    
  86.025        92.931    
  86.100        93.514    
  86.175        94.084    
  86.250        94.640    
  86.325        95.182    
  86.400        95.708    
  86.475        96.218    
  86.550        96.711    
  86.625        97.186    
  86.700        97.643    
  86.775        98.080    
  86.850        98.497    
  86.925        98.893    
  87.000        99.268    
  87.075        99.622    
  87.150        99.953    
  87.225       100.261    
  87.300       100.547    
  87.375       100.808    
  87.450       101.046    
  87.525       101.259    
  87.600       101.448    
  87.675       101.612    
  87.750       101.751    
  87.825       101.865    
  87.900       101.954    
  87.975       102.018    
  88.050       102.057    
  88.125       102.070    
  88.200       102.058    
  88.275       102.022    
  88.350       101.960    
  88.425       101.874    
  88.500       101.764    
  88.575       101.630    
  88.650       101.472    
  88.725       101.290    
  88.800       101.086    
  88.875       100.859    
  88.950       100.610    
  89.025       100.340    
  89.100       100.049    
  89.175        99.738    
  89.250        99.407    
  89.325        99.057    
  89.400        98.688    
  89.475        98.302    
  89.550        97.899    
  89.625        97.480    
  89.700        97.045    
  89.775        96.596    
  89.850        96.133    
  89.925        95.658    
  90.000        95.170    
  90.075        94.671    
  90.150        94.162    
  90.225        93.644    
  90.300        93.117    
  90.375        92.583    
  90.450        92.042    
  90.525        91.496    
  90.600        90.945    
  90.675        90.391    
  90.750        89.834    
  90.825        89.275    
  90.900        88.715    
  90.975        88.156    
  91.050        87.598    
  91.125        87.042    
  91.200        86.489    
  91.275        85.940    
  91.350        85.396    
  91.425        84.857    
  91.500        84.326    
  91.575        83.802    
  91.650        83.286    
  91.725        82.779    
  91.800        82.283    
  91.875        81.798    
  91.950        81.324    
  92.025        80.863    
  92.100        80.414    
  92.175        79.980    
  92.250        79.560    
  92.325        79.156    
  92.400        78.767    
  92.475        78.394    
  92.550        78.039    
  92.625        77.701    
  92.700        77.381    
  92.775        77.080    
  92.850        76.798    
  92.925        76.535    
  93.000        76.291    
  93.075        76.068    
  93.150        75.865    
  93.225        75.682    
  93.300        75.521    
  93.375        75.380    
  93.450        75.260    
  93.525        75.162    
  93.600        75.085    
  93.675        75.030    
  93.750        74.996    
  93.825        74.983    
  93.900        74.992    
  93.975        75.022    
  94.050        75.073    
  94.125        75.145    
  94.200        75.238    
  94.275        75.351    
  94.350        75.484    
  94.425        75.637    
  94.500        75.810    
  94.575        76.002    
  94.650        76.212    
  94.725        76.441    
  94.800        76.688    
  94.875        76.952    
  94.950        77.233    
  95.025        77.531    
  95.100        77.844    
  95.175        78.172    
  95.250        78.515    
  95.325        78.871    
  95.400        79.241    
  95.475        79.623    
  95.550        80.017    
  95.625        80.422    
  95.700        80.838    
  95.775        81.263    
  95.850        81.697    
  95.925        82.139    
  96.000        82.588    
  96.075        83.043    
  96.150        83.505    
  96.225        83.971    
  96.300        84.441    
  96.375        84.915    
  96.450        85.390    
  96.525        85.868    
  96.600        86.346    
  96.675        86.824    
  96.750        87.301    
  96.825        87.777    
  96.900        88.249    
  96.975        88.719    
  97.050        89.185    
  97.125        89.645    
  97.200        90.100    
  97.275        90.549    
  97.350        90.990    
  97.425        91.424    
  97.500        91.849    
  97.575        92.264    
  97.650        92.670    
  97.725        93.065    
  97.800        93.449    
  97.875        93.821    
  97.950        94.181    
  98.025        94.527    
  98.100        94.860    
  98.175        95.179    
  98.250        95.484    
  98.325        95.773    
  98.400        96.048    
  98.475        96.306    
  98.550        96.548    
  98.625        96.774    
  98.700        96.982    
  98.775        97.174    
  98.850        97.348    
  98.925        97.504    
  99.000        97.643    
  99.075        97.764    
  99.150        97.866    
  99.225        97.950    
  99.300        98.016    
  99.375        98.064    
  99.450        98.093    
  99.525        98.104    
  99.600        98.097    
  99.675        98.071    
  99.750        98.028    
  99.825        97.966    
  99.900        97.887    
  99.975        97.791    
 100.050        97.677    
 100.125        97.546    
 100.200        97.398    
 100.275        97.234    
 100.350        97.054    
 100.425        96.858    
 100.500        96.647    
 100.575        96.422    
 100.650        96.181    
 100.725        95.927    
 100.800        95.660    
 100.875        95.379    
 100.950        95.086    
 101.025        94.782    
 101.100        94.466    
 101.175        94.139    
 101.250        93.803    
 101.325        93.456    
 101.400        93.102    
 101.475        92.738    
 101.550        92.368    
 101.625        91.990    
 101.700        91.607    
 101.775        91.218    
 101.850        90.824    
 101.925        90.426    
 102.000        90.024    
 102.075        89.620    
 102.150        89.214    
 102.225        88.806    
 102.300        88.398    
 102.375        87.990    
 102.450        87.583    
 102.525        87.177    
 102.600        86.774    
 102.675        86.373    
 102.750        85.976    
 102.825        85.583    
 102.900        85.194    
 102.975        84.812    
 103.050        84.435    
 103.125        84.065    
 103.200        83.702    
 103.275        83.347    
 103.350        83.001    
 103.425        82.664    
 103.500        82.336    
 103.575        82.019    
 103.650        81.712    
 103.725        81.416    
 103.800        81.131    
 103.875        80.859    
 103.950        80.599    
 104.025        80.351    
 104.100        80.117    
 104.175        79.896    
 104.250        79.689    
 104.325        79.497    
 104.400        79.318    
 104.475        79.154    
 104.550        79.005    
 104.625        78.871    
 104.700        78.752    
 104.775        78.649    
 104.850        78.561    
 104.925        78.488    
 105.000        78.432    
 105.075        78.390    
 105.150        78.365    
 105.225        78.355    
 105.300        78.360    
 105.375        78.381    
 105.450        78.418    
 105.525        78.470    
 105.600        78.536    
 105.675        78.618    
 105.750        78.715    
 105.825        78.826    
 105.900        78.951    
 105.975        79.090    
 106.050        79.243    
 106.125        79.410    
 106.200        79.589    
 106.275        79.781    
 106.350        79.986    
 106.425        80.202    
 106.500        80.430    
 106.575        80.669    
 106.650        80.918    
 106.725        81.178    
 106.800        81.447    
 106.875        81.726    
 106.950        82.013    
 107.025        82.308    
 107.100        82.610    
 107.175        82.920    
 107.250        83.236    
 107.325        83.558    
 107.400        83.886    
 107.475        84.218    
 107.550        84.554    
 107.625        84.894    
 107.700        85.236    
 107.775        85.581    
 107.850        85.928    
 107.925        86.276    
 108.000        86.625    
 108.075        86.973    
 108.150        87.321    
 108.225        87.668    
 108.300        88.013    
 108.375        88.355    
 108.450        88.695    
 108.525        89.031    
 108.600        89.363    
 108.675        89.690    
 108.750        90.012    
 108.825        90.328    
 108.900        90.638    
 108.975        90.942    
 109.050        91.238    
 109.125        91.526    
 109.200        91.806    
 109.275        92.078    
 109.350        92.341    
 109.425        92.594    
 109.500        92.837    
 109.575        93.070    
 109.650        93.293    
 109.725        93.504    
 109.800        93.705    
 109.875        93.894    
 109.950        94.071    
 110.025        94.236    
 110.100        94.389    
 110.175        94.529    
 110.250        94.657    
 110.325        94.772    
 110.400        94.873    
 110.475        94.962    
 110.550        95.038    
 110.625        95.100    
 110.700        95.149    
 110.775        95.184    
 110.850        95.206    
 110.925        95.215    
 111.000        95.211    
 111.075        95.193    
 111.150        95.162    
 111.225        95.118    
 111.300        95.061    
 111.375        94.992    
 111.450        94.909    
 111.525        94.815    
 111.600        94.708    
 111.675        94.589    
 111.750        94.458    
 111.825        94.317    
 111.900        94.163    
 111.975        93.999    
 112.050        93.825    
 112.125        93.640    
 112.200        93.446    
 112.275        93.242    
 112.350        93.029    
 112.425        92.808    
 112.500        92.578    
 112.575        92.340    
 112.650        92.095    
 112.725        91.843    
 112.800        91.585    
 112.875        91.320    
 112.950        91.051    
 113.025        90.776    
 113.100        90.496    
 113.175        90.213    
 113.250        89.926    
 113.325        89.636    
 113.400        89.343    
 113.475        89.048    
 113.550        88.752    
 113.625        88.455    
 113.700        88.157    
 113.775        87.860    
 113.850        87.563    
 113.925        87.267    
 114.000        86.972    
 114.075        86.680    
 114.150        86.390    
 114.225        86.103    
 114.300        85.820    
 114.375        85.540    
 114.450        85.265    
 114.525        84.995    
 114.600        84.730    
 114.675        84.471    
 114.750        84.218    
 114.825        83.971    
 114.900        83.732    
 114.975        83.500    
 115.050        83.275    
 115.125        83.059    
 115.200        82.851    
 115.275        82.652    
 115.350        82.462    
 115.425        82.281    
 115.500        82.109    
 115.575        81.948    
 115.650        81.796    
 115.725        81.655    
 115.800        81.524    
 115.875        81.404    
 115.950        81.295    
 116.025        81.196    
 116.100        81.109    
 116.175        81.033    
 116.250        80.968    
 116.325        80.915    
 116.400        80.872    
 116.475        80.842    
 116.550        80.822    
 116.625        80.814    
 116.700        80.818    
 116.775        80.833    
 116.850        80.859    
 116.925        80.896    
 117.000        80.944    
 117.075        81.003    
 117.150        81.073    
 117.225        81.153    
 117.300        81.244    
 117.375        81.345    
 117.450        81.456    
 117.525        81.577    
 117.600        81.707    
 117.675        81.847    
 117.750        81.996    
 117.825        82.153    
 117.900        82.319    
 117.975        82.493    
 118.050        82.674    
 118.125        82.863    
 118.200        83.059    
 118.275        83.262    
 118.350        83.471    
 118.425        83.686    
 118.500        83.906    
 118.575        84.132    
 118.650        84.362    
 118.725        84.596    
 118.800        84.835    
 118.875        85.077    
 118.950        85.322    
 119.025        85.570    
 119.100        85.819    
 119.175        86.071    
 119.250        86.324    
 119.325        86.577    
 119.400        86.832    
 119.475        87.086    
 119.550        87.339    
 119.625        87.592    
 119.700        87.844    
 119.775        88.094    
 119.850        88.341    
 119.925        88.586    
 120.000        88.828    
