   0.050  0.00E+0000  3.666E-0001 -6.000E+0001
   0.100  0.00E+0000  3.666E-0001 -6.000E+0001
   0.150  4.19E-0003  3.666E-0001 -6.000E+0001
   0.200  1.80E-0002  3.666E-0001 -6.000E+0001
   0.250  3.25E-0002  3.666E-0001 -6.000E+0001
   0.300  5.03E-0002  3.666E-0001 -6.000E+0001
   0.350  7.56E-0002  3.666E-0001 -6.000E+0001
   0.400  1.06E-0001  3.666E-0001 -6.000E+0001
   0.450  1.36E-0001  3.666E-0001 -6.000E+0001
   0.500  1.78E-0001  3.666E-0001 -6.000E+0001
   0.550  2.22E-0001  3.666E-0001 -6.000E+0001
   0.600  2.71E-0001  3.666E-0001 -6.000E+0001
   0.650  3.19E-0001  3.666E-0001 -6.000E+0001
   0.700  3.68E-0001  3.666E-0001 -6.000E+0001
   0.750  4.17E-0001  3.666E-0001 -6.000E+0001
   0.800  4.39E-0001  3.666E-0001 -6.000E+0001
   0.850  4.14E-0001  3.666E-0001 -6.000E+0001
   0.900  3.92E-0001  3.666E-0001 -6.000E+0001
   0.950  3.73E-0001  3.666E-0001 -6.000E+0001
   1.000  3.54E-0001  3.666E-0001 -6.000E+0001
   1.050  3.39E-0001  4.463E-0001  0.000E+0000
   1.100  3.23E-0001  5.356E-0001  0.000E+0000
   1.150  3.08E-0001  6.347E-0001  0.000E+0000
   1.200  2.95E-0001  7.436E-0001  0.000E+0000
   1.250  2.82E-0001  8.623E-0001  0.000E+0000
   1.300  2.69E-0001  9.909E-0001  0.000E+0000
   1.350  2.56E-0001  1.129E+0000  0.000E+0000
   1.400  2.45E-0001  1.277E+0000  0.000E+0000
   1.450  2.35E-0001  1.434E+0000  0.000E+0000
   1.500  2.25E-0001  1.601E+0000  0.000E+0000
   1.550  2.15E-0001  1.776E+0000  0.000E+0000
   1.600  2.05E-0001  1.960E+0000  0.000E+0000
   1.650  1.95E-0001  2.152E+0000  0.000E+0000
   1.700  1.87E-0001  2.352E+0000  0.000E+0000
   1.750  1.80E-0001  2.559E+0000  0.000E+0000
   1.800  1.73E-0001  2.774E+0000  0.000E+0000
   1.850  1.65E-0001  2.995E+0000  0.000E+0000
   1.900  1.58E-0001  3.223E+0000  0.000E+0000
   1.950  1.51E-0001  3.457E+0000  0.000E+0000
   2.000  1.44E-0001  3.696E+0000  0.000E+0000
   2.050  1.38E-0001  3.940E+0000  0.000E+0000
   2.100  1.32E-0001  3.876E+0000 -6.000E+0001
   2.150  1.25E-0001  3.813E+0000 -6.000E+0001
   2.200  1.19E-0001  3.752E+0000 -6.000E+0001
   2.250  1.14E-0001  3.692E+0000 -6.000E+0001
   2.300  1.10E-0001  3.633E+0000 -6.000E+0001
   2.350  1.06E-0001  3.576E+0000 -6.000E+0001
   2.400  1.02E-0001  3.519E+0000 -6.000E+0001
   2.450  9.78E-0002  3.464E+0000 -6.000E+0001
   2.500  9.36E-0002  3.410E+0000 -6.000E+0001
   2.550  9.03E-0002  3.358E+0000 -6.000E+0001
   2.600  8.71E-0002  3.306E+0000 -6.000E+0001
   2.650  8.40E-0002  3.255E+0000 -6.000E+0001
   2.700  8.08E-0002  3.205E+0000 -6.000E+0001
   2.750  7.76E-0002  3.157E+0000 -6.000E+0001
   2.800  7.45E-0002  3.109E+0000 -6.000E+0001
   2.850  7.34E-0002  3.062E+0000 -6.000E+0001
   2.900  7.24E-0002  3.017E+0000 -6.000E+0001
   2.950  7.14E-0002  2.972E+0000 -6.000E+0001
   3.000  7.03E-0002  2.928E+0000 -6.000E+0001
   3.050  6.93E-0002  2.885E+0000 -6.000E+0001
   3.100  6.83E-0002  2.843E+0000 -6.000E+0001
   3.150  6.83E-0002  2.801E+0000 -6.000E+0001
   3.200  6.83E-0002  2.761E+0000 -6.000E+0001
   3.250  6.83E-0002  2.721E+0000 -6.000E+0001
   3.300  6.83E-0002  2.682E+0000 -6.000E+0001
   3.350  6.83E-0002  2.644E+0000 -6.000E+0001
   3.400  6.83E-0002  2.607E+0000 -6.000E+0001
   3.450  6.83E-0002  2.570E+0000 -6.000E+0001
   3.500  6.83E-0002  2.534E+0000 -6.000E+0001
   3.550  6.83E-0002  2.499E+0000 -6.000E+0001
   3.600  6.83E-0002  2.464E+0000 -6.000E+0001
   3.650  6.83E-0002  2.431E+0000 -6.000E+0001
   3.700  6.83E-0002  2.397E+0000 -6.000E+0001
   3.750  6.83E-0002  2.365E+0000 -6.000E+0001
   3.800  6.83E-0002  2.333E+0000 -6.000E+0001
   3.850  6.83E-0002  2.301E+0000 -6.000E+0001
   3.900  6.83E-0002  2.271E+0000 -6.000E+0001
   3.950  6.83E-0002  2.241E+0000 -6.000E+0001
   4.000  6.83E-0002  2.211E+0000 -6.000E+0001
   4.050  6.83E-0002  2.182E+0000 -6.000E+0001
   4.100  6.83E-0002  2.153E+0000 -6.000E+0001
   4.150  6.83E-0002  2.125E+0000 -6.000E+0001
   4.200  6.83E-0002  2.098E+0000 -6.000E+0001
   4.250  6.83E-0002  2.071E+0000 -6.000E+0001
   4.300  6.83E-0002  2.045E+0000 -6.000E+0001
   4.350  6.83E-0002  2.019E+0000 -6.000E+0001
   4.400  6.83E-0002  1.993E+0000 -6.000E+0001
   4.450  6.83E-0002  1.968E+0000 -6.000E+0001
   4.500  6.83E-0002  1.944E+0000 -6.000E+0001
   4.550  6.83E-0002  1.920E+0000 -6.000E+0001
   4.600  6.83E-0002  1.896E+0000 -6.000E+0001
   4.650  6.83E-0002  1.873E+0000 -6.000E+0001
   4.700  6.83E-0002  1.850E+0000 -6.000E+0001
   4.750  6.83E-0002  1.828E+0000 -6.000E+0001
   4.800  6.83E-0002  1.806E+0000 -6.000E+0001
   4.850  6.83E-0002  1.784E+0000 -6.000E+0001
   4.900  6.83E-0002  1.763E+0000 -6.000E+0001
   4.950  6.83E-0002  1.742E+0000 -6.000E+0001
   5.000  6.83E-0002  1.722E+0000 -6.000E+0001
   5.050  6.83E-0002  1.702E+0000 -6.000E+0001
   5.100  6.83E-0002  1.682E+0000 -6.000E+0001
   5.150  6.83E-0002  1.663E+0000 -6.000E+0001
   5.200  6.83E-0002  1.644E+0000 -6.000E+0001
   5.250  6.83E-0002  1.625E+0000 -6.000E+0001
   5.300  6.83E-0002  1.607E+0000 -6.000E+0001
   5.350  6.83E-0002  1.589E+0000 -6.000E+0001
   5.400  6.83E-0002  1.571E+0000 -6.000E+0001
   5.450  6.83E-0002  1.554E+0000 -6.000E+0001
   5.500  6.83E-0002  1.537E+0000 -6.000E+0001
   5.550  6.83E-0002  1.520E+0000 -6.000E+0001
   5.600  6.83E-0002  1.503E+0000 -6.000E+0001
   5.650  6.83E-0002  1.487E+0000 -6.000E+0001
   5.700  6.83E-0002  1.471E+0000 -6.000E+0001
   5.750  6.83E-0002  1.455E+0000 -6.000E+0001
   5.800  6.83E-0002  1.440E+0000 -6.000E+0001
   5.850  6.83E-0002  1.425E+0000 -6.000E+0001
   5.900  6.83E-0002  1.410E+0000 -6.000E+0001
   5.950  6.83E-0002  1.395E+0000 -6.000E+0001
   6.000  6.83E-0002  1.381E+0000 -6.000E+0001
   6.050  6.83E-0002  1.367E+0000 -6.000E+0001
   6.100  6.83E-0002  1.353E+0000 -6.000E+0001
   6.150  6.83E-0002  1.339E+0000 -6.000E+0001
   6.200  6.83E-0002  1.326E+0000 -6.000E+0001
   6.250  6.83E-0002  1.312E+0000 -6.000E+0001
   6.300  6.83E-0002  1.299E+0000 -6.000E+0001
   6.350  6.83E-0002  1.287E+0000 -6.000E+0001
   6.400  6.83E-0002  1.274E+0000 -6.000E+0001
   6.450  6.83E-0002  1.262E+0000 -6.000E+0001
   6.500  6.83E-0002  1.249E+0000 -6.000E+0001
   6.550  6.83E-0002  1.237E+0000 -6.000E+0001
   6.600  6.83E-0002  1.226E+0000 -6.000E+0001
   6.650  6.83E-0002  1.214E+0000 -6.000E+0001
   6.700  6.83E-0002  1.203E+0000 -6.000E+0001
   6.750  6.83E-0002  1.191E+0000 -6.000E+0001
   6.800  6.83E-0002  1.180E+0000 -6.000E+0001
   6.850  6.83E-0002  1.170E+0000 -6.000E+0001
   6.900  6.83E-0002  1.159E+0000 -6.000E+0001
   6.950  6.83E-0002  1.148E+0000 -6.000E+0001
   7.000  6.83E-0002  1.138E+0000 -6.000E+0001
   7.050  6.83E-0002  1.128E+0000 -6.000E+0001
   7.100  6.83E-0002  1.118E+0000 -6.000E+0001
   7.150  6.83E-0002  1.108E+0000 -6.000E+0001
   7.200  6.83E-0002  1.098E+0000 -6.000E+0001
   7.250  6.83E-0002  1.088E+0000 -6.000E+0001
   7.300  6.83E-0002  1.079E+0000 -6.000E+0001
   7.350  6.83E-0002  1.070E+0000 -6.000E+0001
   7.400  6.83E-0002  1.061E+0000 -6.000E+0001
   7.450  6.83E-0002  1.052E+0000 -6.000E+0001
   7.500  6.83E-0002  1.043E+0000 -6.000E+0001
   7.550  6.83E-0002  1.034E+0000 -6.000E+0001
   7.600  6.83E-0002  1.026E+0000 -6.000E+0001
   7.650  6.83E-0002  1.017E+0000 -6.000E+0001
   7.700  6.83E-0002  1.009E+0000 -6.000E+0001
   7.750  6.83E-0002  1.001E+0000 -6.000E+0001
   7.800  6.83E-0002  9.925E-0001 -6.000E+0001
   7.850  6.83E-0002  9.845E-0001 -6.000E+0001
   7.900  6.83E-0002  9.767E-0001 -6.000E+0001
   7.950  6.83E-0002  9.690E-0001 -6.000E+0001
   8.000  6.83E-0002  9.613E-0001 -6.000E+0001
   8.050  6.83E-0002  9.539E-0001 -6.000E+0001
   8.100  6.83E-0002  9.465E-0001 -6.000E+0001
   8.150  6.83E-0002  9.392E-0001 -6.000E+0001
   8.200  6.83E-0002  9.321E-0001 -6.000E+0001
   8.250  6.83E-0002  9.250E-0001 -6.000E+0001
   8.300  6.83E-0002  9.181E-0001 -6.000E+0001
   8.350  6.83E-0002  9.112E-0001 -6.000E+0001
   8.400  6.83E-0002  9.045E-0001 -6.000E+0001
   8.450  6.83E-0002  8.978E-0001 -6.000E+0001
   8.500  6.83E-0002  8.913E-0001 -6.000E+0001
   8.550  6.83E-0002  8.848E-0001 -6.000E+0001
   8.600  6.83E-0002  8.785E-0001 -6.000E+0001
   8.650  6.83E-0002  8.722E-0001 -6.000E+0001
   8.700  6.83E-0002  8.660E-0001 -6.000E+0001
   8.750  6.83E-0002  8.599E-0001 -6.000E+0001
   8.800  6.83E-0002  8.539E-0001 -6.000E+0001
   8.850  6.83E-0002  8.480E-0001 -6.000E+0001
   8.900  6.83E-0002  8.422E-0001 -6.000E+0001
   8.950  6.83E-0002  8.364E-0001 -6.000E+0001
   9.000  6.83E-0002  8.307E-0001 -6.000E+0001
   9.050  6.83E-0002  8.251E-0001 -6.000E+0001
   9.100  6.83E-0002  8.196E-0001 -6.000E+0001
   9.150  6.83E-0002  8.142E-0001 -6.000E+0001
   9.200  6.83E-0002  8.089E-0001 -6.000E+0001
   9.250  6.83E-0002  8.036E-0001 -6.000E+0001
   9.300  6.83E-0002  7.984E-0001 -6.000E+0001
   9.350  6.83E-0002  7.932E-0001 -6.000E+0001
   9.400  6.83E-0002  7.882E-0001 -6.000E+0001
   9.450  6.83E-0002  7.832E-0001 -6.000E+0001
   9.500  6.83E-0002  7.782E-0001 -6.000E+0001
   9.550  6.83E-0002  7.734E-0001 -6.000E+0001
   9.600  6.83E-0002  7.686E-0001 -6.000E+0001
   9.650  6.83E-0002  7.639E-0001 -6.000E+0001
   9.700  6.83E-0002  7.592E-0001 -6.000E+0001
   9.750  6.83E-0002  7.546E-0001 -6.000E+0001
   9.800  6.83E-0002  7.501E-0001 -6.000E+0001
   9.850  6.83E-0002  7.456E-0001 -6.000E+0001
   9.900  6.83E-0002  7.412E-0001 -6.000E+0001
   9.950  6.83E-0002  7.368E-0001 -6.000E+0001
  10.000  6.83E-0002  7.326E-0001 -6.000E+0001
  10.050  6.83E-0002  7.283E-0001 -6.000E+0001
  10.100  6.83E-0002  7.241E-0001 -6.000E+0001
  10.150  6.83E-0002  7.200E-0001 -6.000E+0001
  10.200  6.83E-0002  7.159E-0001 -6.000E+0001
  10.250  6.83E-0002  7.119E-0001 -6.000E+0001
  10.300  6.83E-0002  7.080E-0001 -6.000E+0001
  10.350  6.83E-0002  7.041E-0001 -6.000E+0001
  10.400  6.83E-0002  7.002E-0001 -6.000E+0001
  10.450  6.83E-0002  6.964E-0001 -6.000E+0001
  10.500  6.83E-0002  6.926E-0001 -6.000E+0001
  10.550  6.83E-0002  6.889E-0001 -6.000E+0001
  10.600  6.83E-0002  6.853E-0001 -6.000E+0001
  10.650  6.83E-0002  6.817E-0001 -6.000E+0001
  10.700  6.83E-0002  6.781E-0001 -6.000E+0001
  10.750  6.83E-0002  6.746E-0001 -6.000E+0001
  10.800  6.83E-0002  6.711E-0001 -6.000E+0001
  10.850  6.83E-0002  6.677E-0001 -6.000E+0001
  10.900  6.83E-0002  6.643E-0001 -6.000E+0001
  10.950  6.83E-0002  6.610E-0001 -6.000E+0001
  11.000  6.83E-0002  6.577E-0001 -6.000E+0001
  11.050  6.83E-0002  6.544E-0001 -6.000E+0001
  11.100  6.83E-0002  6.512E-0001 -6.000E+0001
  11.150  6.83E-0002  6.480E-0001 -6.000E+0001
  11.200  6.83E-0002  6.449E-0001 -6.000E+0001
  11.250  6.83E-0002  6.418E-0001 -6.000E+0001
  11.300  6.83E-0002  6.388E-0001 -6.000E+0001
  11.350  6.83E-0002  6.357E-0001 -6.000E+0001
  11.400  6.83E-0002  6.328E-0001 -6.000E+0001
  11.450  6.83E-0002  6.298E-0001 -6.000E+0001
  11.500  6.83E-0002  6.269E-0001 -6.000E+0001
  11.550  6.83E-0002  6.241E-0001 -6.000E+0001
  11.600  6.83E-0002  6.212E-0001 -6.000E+0001
  11.650  6.83E-0002  6.184E-0001 -6.000E+0001
  11.700  6.83E-0002  6.157E-0001 -6.000E+0001
  11.750  6.83E-0002  6.130E-0001 -6.000E+0001
  11.800  6.83E-0002  6.103E-0001 -6.000E+0001
  11.850  6.83E-0002  6.076E-0001 -6.000E+0001
  11.900  6.83E-0002  6.050E-0001 -6.000E+0001
  11.950  6.83E-0002  6.024E-0001 -6.000E+0001
  12.000  6.83E-0002  5.998E-0001 -6.000E+0001
  12.050  6.83E-0002  5.973E-0001 -6.000E+0001
  12.100  6.83E-0002  5.948E-0001 -6.000E+0001
  12.150  6.83E-0002  5.923E-0001 -6.000E+0001
  12.200  6.83E-0002  5.899E-0001 -6.000E+0001
  12.250  6.83E-0002  5.875E-0001 -6.000E+0001
  12.300  6.83E-0002  5.851E-0001 -6.000E+0001
  12.350  6.83E-0002  5.828E-0001 -6.000E+0001
  12.400  6.83E-0002  5.804E-0001 -6.000E+0001
  12.450  6.83E-0002  5.781E-0001 -6.000E+0001
  12.500  6.83E-0002  5.759E-0001 -6.000E+0001
  12.550  6.83E-0002  5.736E-0001 -6.000E+0001
  12.600  6.83E-0002  5.714E-0001 -6.000E+0001
  12.650  6.83E-0002  5.692E-0001 -6.000E+0001
  12.700  6.83E-0002  5.671E-0001 -6.000E+0001
  12.750  6.83E-0002  5.650E-0001 -6.000E+0001
  12.800  6.83E-0002  5.628E-0001 -6.000E+0001
  12.850  6.83E-0002  5.608E-0001 -6.000E+0001
  12.900  6.83E-0002  5.587E-0001 -6.000E+0001
  12.950  6.83E-0002  5.567E-0001 -6.000E+0001
  13.000  6.83E-0002  5.547E-0001 -6.000E+0001
  13.050  6.83E-0002  5.527E-0001 -6.000E+0001
  13.100  6.83E-0002  5.507E-0001 -6.000E+0001
  13.150  6.83E-0002  5.488E-0001 -6.000E+0001
  13.200  6.83E-0002  5.469E-0001 -6.000E+0001
  13.250  6.83E-0002  5.450E-0001 -6.000E+0001
  13.300  6.83E-0002  5.431E-0001 -6.000E+0001
  13.350  6.83E-0002  5.412E-0001 -6.000E+0001
  13.400  6.83E-0002  5.394E-0001 -6.000E+0001
  13.450  6.83E-0002  5.376E-0001 -6.000E+0001
  13.500  6.83E-0002  5.358E-0001 -6.000E+0001
  13.550  6.83E-0002  5.340E-0001 -6.000E+0001
  13.600  6.83E-0002  5.323E-0001 -6.000E+0001
  13.650  6.83E-0002  5.306E-0001 -6.000E+0001
  13.700  6.83E-0002  5.289E-0001 -6.000E+0001
  13.750  6.83E-0002  5.272E-0001 -6.000E+0001
  13.800  6.83E-0002  5.255E-0001 -6.000E+0001
  13.850  6.83E-0002  5.239E-0001 -6.000E+0001
  13.900  6.83E-0002  5.222E-0001 -6.000E+0001
  13.950  6.83E-0002  5.206E-0001 -6.000E+0001
  14.000  6.83E-0002  5.190E-0001 -6.000E+0001
  14.050  6.83E-0002  5.175E-0001 -6.000E+0001
  14.100  6.83E-0002  5.159E-0001 -6.000E+0001
  14.150  6.83E-0002  5.144E-0001 -6.000E+0001
  14.200  6.83E-0002  5.128E-0001 -6.000E+0001
  14.250  6.83E-0002  5.113E-0001 -6.000E+0001
  14.300  6.83E-0002  5.099E-0001 -6.000E+0001
  14.350  6.83E-0002  5.084E-0001 -6.000E+0001
  14.400  6.83E-0002  5.069E-0001 -6.000E+0001
  14.450  6.83E-0002  5.055E-0001 -6.000E+0001
  14.500  6.83E-0002  5.041E-0001 -6.000E+0001
  14.550  6.83E-0002  5.027E-0001 -6.000E+0001
  14.600  6.83E-0002  5.013E-0001 -6.000E+0001
  14.650  6.83E-0002  4.999E-0001 -6.000E+0001
  14.700  6.83E-0002  4.986E-0001 -6.000E+0001
  14.750  6.83E-0002  4.972E-0001 -6.000E+0001
  14.800  6.83E-0002  4.959E-0001 -6.000E+0001
  14.850  6.83E-0002  4.946E-0001 -6.000E+0001
  14.900  6.83E-0002  4.933E-0001 -6.000E+0001
  14.950  6.83E-0002  4.920E-0001 -6.000E+0001
  15.000  6.83E-0002  4.907E-0001 -6.000E+0001
  15.050  6.83E-0002  4.895E-0001 -6.000E+0001
  15.100  6.83E-0002  4.882E-0001 -6.000E+0001
  15.150  6.83E-0002  4.870E-0001 -6.000E+0001
  15.200  6.83E-0002  4.858E-0001 -6.000E+0001
  15.250  6.83E-0002  4.846E-0001 -6.000E+0001
  15.300  6.83E-0002  4.834E-0001 -6.000E+0001
  15.350  6.83E-0002  4.822E-0001 -6.000E+0001
  15.400  6.83E-0002  4.810E-0001 -6.000E+0001
  15.450  6.83E-0002  4.799E-0001 -6.000E+0001
  15.500  6.83E-0002  4.787E-0001 -6.000E+0001
  15.550  6.83E-0002  4.776E-0001 -6.000E+0001
  15.600  6.83E-0002  4.765E-0001 -6.000E+0001
  15.650  6.83E-0002  4.754E-0001 -6.000E+0001
  15.700  6.83E-0002  4.743E-0001 -6.000E+0001
  15.750  6.83E-0002  4.732E-0001 -6.000E+0001
  15.800  6.83E-0002  4.722E-0001 -6.000E+0001
  15.850  6.83E-0002  4.711E-0001 -6.000E+0001
  15.900  6.83E-0002  4.701E-0001 -6.000E+0001
  15.950  6.83E-0002  4.690E-0001 -6.000E+0001
  16.000  6.83E-0002  4.680E-0001 -6.000E+0001
  16.050  6.83E-0002  4.670E-0001 -6.000E+0001
  16.100  6.83E-0002  4.660E-0001 -6.000E+0001
  16.150  6.83E-0002  4.650E-0001 -6.000E+0001
  16.200  6.83E-0002  4.640E-0001 -6.000E+0001
  16.250  6.83E-0002  4.631E-0001 -6.000E+0001
  16.300  6.83E-0002  4.621E-0001 -6.000E+0001
  16.350  6.83E-0002  4.612E-0001 -6.000E+0001
  16.400  6.83E-0002  4.602E-0001 -6.000E+0001
  16.450  6.83E-0002  4.593E-0001 -6.000E+0001
  16.500  6.83E-0002  4.584E-0001 -6.000E+0001
  16.550  6.83E-0002  4.575E-0001 -6.000E+0001
  16.600  6.83E-0002  4.566E-0001 -6.000E+0001
  16.650  6.83E-0002  4.557E-0001 -6.000E+0001
  16.700  6.83E-0002  4.548E-0001 -6.000E+0001
  16.750  6.83E-0002  4.540E-0001 -6.000E+0001
  16.800  6.83E-0002  4.531E-0001 -6.000E+0001
  16.850  6.83E-0002  4.522E-0001 -6.000E+0001
  16.900  6.83E-0002  4.514E-0001 -6.000E+0001
  16.950  6.83E-0002  4.506E-0001 -6.000E+0001
  17.000  6.83E-0002  4.497E-0001 -6.000E+0001
  17.050  6.83E-0002  4.489E-0001 -6.000E+0001
  17.100  6.83E-0002  4.481E-0001 -6.000E+0001
  17.150  6.83E-0002  4.473E-0001 -6.000E+0001
  17.200  6.83E-0002  4.465E-0001 -6.000E+0001
  17.250  6.83E-0002  4.457E-0001 -6.000E+0001
  17.300  6.83E-0002  4.450E-0001 -6.000E+0001
  17.350  6.83E-0002  4.442E-0001 -6.000E+0001
  17.400  6.83E-0002  4.434E-0001 -6.000E+0001
  17.450  6.83E-0002  4.427E-0001 -6.000E+0001
  17.500  6.83E-0002  4.420E-0001 -6.000E+0001
  17.550  6.83E-0002  4.412E-0001 -6.000E+0001
  17.600  6.83E-0002  4.405E-0001 -6.000E+0001
  17.650  6.83E-0002  4.398E-0001 -6.000E+0001
  17.700  6.83E-0002  4.391E-0001 -6.000E+0001
  17.750  6.83E-0002  4.384E-0001 -6.000E+0001
  17.800  6.83E-0002  4.377E-0001 -6.000E+0001
  17.850  6.83E-0002  4.370E-0001 -6.000E+0001
  17.900  6.83E-0002  4.363E-0001 -6.000E+0001
  17.950  6.83E-0002  4.356E-0001 -6.000E+0001
  18.000  6.83E-0002  4.349E-0001 -6.000E+0001
  18.050  6.83E-0002  4.343E-0001 -6.000E+0001
  18.100  6.83E-0002  4.336E-0001 -6.000E+0001
  18.150  6.83E-0002  4.330E-0001 -6.000E+0001
  18.200  6.83E-0002  4.323E-0001 -6.000E+0001
  18.250  6.83E-0002  4.317E-0001 -6.000E+0001
  18.300  6.83E-0002  4.311E-0001 -6.000E+0001
  18.350  6.83E-0002  4.304E-0001 -6.000E+0001
  18.400  6.83E-0002  4.298E-0001 -6.000E+0001
  18.450  6.83E-0002  4.292E-0001 -6.000E+0001
  18.500  6.83E-0002  4.286E-0001 -6.000E+0001
  18.550  6.83E-0002  4.280E-0001 -6.000E+0001
  18.600  6.83E-0002  4.274E-0001 -6.000E+0001
  18.650  6.83E-0002  4.268E-0001 -6.000E+0001
  18.700  6.83E-0002  4.262E-0001 -6.000E+0001
  18.750  6.83E-0002  4.257E-0001 -6.000E+0001
  18.800  6.83E-0002  4.251E-0001 -6.000E+0001
  18.850  6.83E-0002  4.245E-0001 -6.000E+0001
  18.900  6.83E-0002  4.240E-0001 -6.000E+0001
  18.950  6.83E-0002  4.234E-0001 -6.000E+0001
  19.000  6.83E-0002  4.229E-0001 -6.000E+0001
  19.050  6.83E-0002  4.223E-0001 -6.000E+0001
  19.100  6.83E-0002  4.218E-0001 -6.000E+0001
  19.150  6.83E-0002  4.213E-0001 -6.000E+0001
  19.200  6.83E-0002  4.208E-0001 -6.000E+0001
  19.250  6.83E-0002  4.202E-0001 -6.000E+0001
  19.300  6.83E-0002  4.197E-0001 -6.000E+0001
  19.350  6.83E-0002  4.192E-0001 -6.000E+0001
  19.400  6.83E-0002  4.187E-0001 -6.000E+0001
  19.450  6.83E-0002  4.182E-0001 -6.000E+0001
  19.500  6.83E-0002  4.177E-0001 -6.000E+0001
  19.550  6.83E-0002  4.172E-0001 -6.000E+0001
  19.600  6.83E-0002  4.168E-0001 -6.000E+0001
  19.650  6.83E-0002  4.163E-0001 -6.000E+0001
  19.700  6.83E-0002  4.158E-0001 -6.000E+0001
  19.750  6.83E-0002  4.153E-0001 -6.000E+0001
  19.800  6.83E-0002  4.149E-0001 -6.000E+0001
  19.850  6.83E-0002  4.144E-0001 -6.000E+0001
  19.900  6.83E-0002  4.139E-0001 -6.000E+0001
  19.950  6.83E-0002  4.135E-0001 -6.000E+0001
  20.000  6.83E-0002  4.131E-0001 -6.000E+0001
  20.050  6.83E-0002  4.126E-0001 -6.000E+0001
  20.100  6.83E-0002  4.122E-0001 -6.000E+0001
  20.150  6.83E-0002  4.117E-0001 -6.000E+0001
  20.200  6.83E-0002  4.113E-0001 -6.000E+0001
  20.250  6.83E-0002  4.109E-0001 -6.000E+0001
  20.300  6.83E-0002  4.105E-0001 -6.000E+0001
  20.350  6.83E-0002  4.100E-0001 -6.000E+0001
  20.400  6.83E-0002  4.096E-0001 -6.000E+0001
  20.450  6.83E-0002  4.092E-0001 -6.000E+0001
  20.500  6.83E-0002  4.088E-0001 -6.000E+0001
  20.550  6.83E-0002  4.084E-0001 -6.000E+0001
  20.600  6.83E-0002  4.080E-0001 -6.000E+0001
  20.650  6.83E-0002  4.076E-0001 -6.000E+0001
  20.700  6.83E-0002  4.072E-0001 -6.000E+0001
  20.750  6.83E-0002  4.069E-0001 -6.000E+0001
  20.800  6.83E-0002  4.065E-0001 -6.000E+0001
  20.850  6.83E-0002  4.061E-0001 -6.000E+0001
  20.900  6.83E-0002  4.057E-0001 -6.000E+0001
  20.950  6.83E-0002  4.054E-0001 -6.000E+0001
  21.000  6.83E-0002  4.050E-0001 -6.000E+0001
  21.050  6.83E-0002  4.046E-0001 -6.000E+0001
  21.100  6.83E-0002  4.043E-0001 -6.000E+0001
  21.150  6.83E-0002  4.039E-0001 -6.000E+0001
  21.200  6.83E-0002  4.036E-0001 -6.000E+0001
  21.250  6.83E-0002  4.032E-0001 -6.000E+0001
  21.300  6.83E-0002  4.029E-0001 -6.000E+0001
  21.350  6.83E-0002  4.025E-0001 -6.000E+0001
  21.400  6.83E-0002  4.022E-0001 -6.000E+0001
  21.450  6.83E-0002  4.019E-0001 -6.000E+0001
  21.500  6.83E-0002  4.015E-0001 -6.000E+0001
  21.550  6.83E-0002  4.012E-0001 -6.000E+0001
  21.600  6.83E-0002  4.009E-0001 -6.000E+0001
  21.650  6.83E-0002  4.005E-0001 -6.000E+0001
  21.700  6.83E-0002  4.002E-0001 -6.000E+0001
  21.750  6.83E-0002  3.999E-0001 -6.000E+0001
  21.800  6.83E-0002  3.996E-0001 -6.000E+0001
  21.850  6.83E-0002  3.993E-0001 -6.000E+0001
  21.900  6.83E-0002  3.990E-0001 -6.000E+0001
  21.950  6.83E-0002  3.987E-0001 -6.000E+0001
  22.000  6.83E-0002  3.984E-0001 -6.000E+0001
  22.050  6.83E-0002  3.981E-0001 -6.000E+0001
  22.100  6.83E-0002  3.978E-0001 -6.000E+0001
  22.150  6.83E-0002  3.975E-0001 -6.000E+0001
  22.200  6.83E-0002  3.972E-0001 -6.000E+0001
  22.250  6.83E-0002  3.969E-0001 -6.000E+0001
  22.300  6.83E-0002  3.966E-0001 -6.000E+0001
  22.350  6.83E-0002  3.963E-0001 -6.000E+0001
  22.400  6.83E-0002  3.961E-0001 -6.000E+0001
  22.450  6.83E-0002  3.958E-0001 -6.000E+0001
  22.500  6.83E-0002  3.955E-0001 -6.000E+0001
  22.550  6.83E-0002  3.952E-0001 -6.000E+0001
  22.600  6.83E-0002  3.950E-0001 -6.000E+0001
  22.650  6.83E-0002  3.947E-0001 -6.000E+0001
  22.700  6.83E-0002  3.944E-0001 -6.000E+0001
  22.750  6.83E-0002  3.942E-0001 -6.000E+0001
  22.800  6.83E-0002  3.939E-0001 -6.000E+0001
  22.850  6.83E-0002  3.937E-0001 -6.000E+0001
  22.900  6.83E-0002  3.934E-0001 -6.000E+0001
  22.950  6.83E-0002  3.932E-0001 -6.000E+0001
  23.000  6.83E-0002  3.929E-0001 -6.000E+0001
  23.050  6.83E-0002  3.927E-0001 -6.000E+0001
  23.100  6.83E-0002  3.924E-0001 -6.000E+0001
  23.150  6.83E-0002  3.922E-0001 -6.000E+0001
  23.200  6.83E-0002  3.920E-0001 -6.000E+0001
  23.250  6.83E-0002  3.917E-0001 -6.000E+0001
  23.300  6.83E-0002  3.915E-0001 -6.000E+0001
  23.350  6.83E-0002  3.913E-0001 -6.000E+0001
  23.400  6.83E-0002  3.910E-0001 -6.000E+0001
  23.450  6.83E-0002  3.908E-0001 -6.000E+0001
  23.500  6.83E-0002  3.906E-0001 -6.000E+0001
  23.550  6.83E-0002  3.903E-0001 -6.000E+0001
  23.600  6.83E-0002  3.901E-0001 -6.000E+0001
  23.650  6.83E-0002  3.899E-0001 -6.000E+0001
  23.700  6.83E-0002  3.897E-0001 -6.000E+0001
  23.750  6.83E-0002  3.895E-0001 -6.000E+0001
  23.800  6.83E-0002  3.893E-0001 -6.000E+0001
  23.850  6.83E-0002  3.890E-0001 -6.000E+0001
  23.900  6.83E-0002  3.888E-0001 -6.000E+0001
  23.950  6.83E-0002  3.886E-0001 -6.000E+0001
  24.000  6.83E-0002  3.884E-0001 -6.000E+0001
  24.050  6.83E-0002  3.882E-0001 -6.000E+0001
  24.100  6.83E-0002  3.880E-0001 -6.000E+0001
  24.150  6.83E-0002  3.878E-0001 -6.000E+0001
  24.200  6.83E-0002  3.876E-0001 -6.000E+0001
  24.250  6.83E-0002  3.874E-0001 -6.000E+0001
  24.300  6.83E-0002  3.872E-0001 -6.000E+0001
  24.350  6.83E-0002  3.870E-0001 -6.000E+0001
  24.400  6.83E-0002  3.869E-0001 -6.000E+0001
  24.450  6.83E-0002  3.867E-0001 -6.000E+0001
  24.500  6.83E-0002  3.865E-0001 -6.000E+0001
  24.550  6.83E-0002  3.863E-0001 -6.000E+0001
  24.600  6.83E-0002  3.861E-0001 -6.000E+0001
  24.650  6.83E-0002  3.859E-0001 -6.000E+0001
  24.700  6.83E-0002  3.858E-0001 -6.000E+0001
  24.750  6.83E-0002  3.856E-0001 -6.000E+0001
  24.800  6.83E-0002  3.854E-0001 -6.000E+0001
  24.850  6.83E-0002  3.852E-0001 -6.000E+0001
  24.900  6.83E-0002  3.851E-0001 -6.000E+0001
  24.950  6.83E-0002  3.849E-0001 -6.000E+0001
  25.000  6.83E-0002  3.847E-0001 -6.000E+0001
  25.050  6.83E-0002  3.845E-0001 -6.000E+0001
  25.100  6.83E-0002  3.844E-0001 -6.000E+0001
  25.150  6.83E-0002  3.842E-0001 -6.000E+0001
  25.200  6.83E-0002  3.841E-0001 -6.000E+0001
  25.250  6.83E-0002  3.839E-0001 -6.000E+0001
  25.300  6.83E-0002  3.837E-0001 -6.000E+0001
  25.350  6.83E-0002  3.836E-0001 -6.000E+0001
  25.400  6.83E-0002  3.834E-0001 -6.000E+0001
  25.450  6.83E-0002  3.833E-0001 -6.000E+0001
  25.500  6.83E-0002  3.831E-0001 -6.000E+0001
  25.550  6.83E-0002  3.830E-0001 -6.000E+0001
  25.600  6.83E-0002  3.828E-0001 -6.000E+0001
  25.650  6.83E-0002  3.827E-0001 -6.000E+0001
  25.700  6.83E-0002  3.825E-0001 -6.000E+0001
  25.750  6.83E-0002  3.824E-0001 -6.000E+0001
  25.800  6.83E-0002  3.822E-0001 -6.000E+0001
  25.850  6.83E-0002  3.821E-0001 -6.000E+0001
  25.900  6.83E-0002  3.819E-0001 -6.000E+0001
  25.950  6.83E-0002  3.818E-0001 -6.000E+0001
  26.000  6.83E-0002  3.816E-0001 -6.000E+0001
  26.050  6.83E-0002  3.815E-0001 -6.000E+0001
  26.100  6.83E-0002  3.814E-0001 -6.000E+0001
  26.150  6.83E-0002  3.812E-0001 -6.000E+0001
  26.200  6.83E-0002  3.811E-0001 -6.000E+0001
  26.250  6.83E-0002  3.810E-0001 -6.000E+0001
  26.300  6.83E-0002  3.808E-0001 -6.000E+0001
  26.350  6.83E-0002  3.807E-0001 -6.000E+0001
  26.400  6.83E-0002  3.806E-0001 -6.000E+0001
  26.450  6.83E-0002  3.804E-0001 -6.000E+0001
  26.500  6.83E-0002  3.803E-0001 -6.000E+0001
  26.550  6.83E-0002  3.802E-0001 -6.000E+0001
  26.600  6.83E-0002  3.801E-0001 -6.000E+0001
  26.650  6.83E-0002  3.799E-0001 -6.000E+0001
  26.700  6.83E-0002  3.798E-0001 -6.000E+0001
  26.750  6.83E-0002  3.797E-0001 -6.000E+0001
  26.800  6.83E-0002  3.796E-0001 -6.000E+0001
  26.850  6.83E-0002  3.795E-0001 -6.000E+0001
  26.900  6.83E-0002  3.793E-0001 -6.000E+0001
  26.950  6.83E-0002  3.792E-0001 -6.000E+0001
  27.000  6.83E-0002  3.791E-0001 -6.000E+0001
  27.050  6.83E-0002  3.790E-0001 -6.000E+0001
  27.100  6.83E-0002  3.789E-0001 -6.000E+0001
  27.150  6.83E-0002  3.788E-0001 -6.000E+0001
  27.200  6.83E-0002  3.786E-0001 -6.000E+0001
  27.250  6.83E-0002  3.785E-0001 -6.000E+0001
  27.300  6.83E-0002  3.784E-0001 -6.000E+0001
  27.350  6.83E-0002  3.783E-0001 -6.000E+0001
  27.400  6.83E-0002  3.782E-0001 -6.000E+0001
  27.450  6.83E-0002  3.781E-0001 -6.000E+0001
  27.500  6.83E-0002  3.780E-0001 -6.000E+0001
  27.550  6.83E-0002  3.779E-0001 -6.000E+0001
  27.600  6.83E-0002  3.778E-0001 -6.000E+0001
  27.650  6.83E-0002  3.777E-0001 -6.000E+0001
  27.700  6.83E-0002  3.776E-0001 -6.000E+0001
  27.750  6.83E-0002  3.775E-0001 -6.000E+0001
  27.800  6.83E-0002  3.774E-0001 -6.000E+0001
  27.850  6.83E-0002  3.773E-0001 -6.000E+0001
  27.900  6.83E-0002  3.772E-0001 -6.000E+0001
  27.950  6.83E-0002  3.771E-0001 -6.000E+0001
  28.000  6.83E-0002  3.770E-0001 -6.000E+0001
  28.050  6.83E-0002  3.769E-0001 -6.000E+0001
  28.100  6.83E-0002  3.768E-0001 -6.000E+0001
  28.150  6.83E-0002  3.767E-0001 -6.000E+0001
  28.200  6.83E-0002  3.766E-0001 -6.000E+0001
  28.250  6.83E-0002  3.765E-0001 -6.000E+0001
  28.300  6.83E-0002  3.764E-0001 -6.000E+0001
  28.350  6.83E-0002  3.763E-0001 -6.000E+0001
  28.400  6.83E-0002  3.763E-0001 -6.000E+0001
  28.450  6.83E-0002  3.762E-0001 -6.000E+0001
  28.500  6.83E-0002  3.761E-0001 -6.000E+0001
  28.550  6.83E-0002  3.760E-0001 -6.000E+0001
  28.600  6.83E-0002  3.759E-0001 -6.000E+0001
  28.650  6.83E-0002  3.758E-0001 -6.000E+0001
  28.700  6.83E-0002  3.757E-0001 -6.000E+0001
  28.750  6.83E-0002  3.757E-0001 -6.000E+0001
  28.800  6.83E-0002  3.756E-0001 -6.000E+0001
  28.850  6.83E-0002  3.755E-0001 -6.000E+0001
  28.900  6.83E-0002  3.754E-0001 -6.000E+0001
  28.950  6.83E-0002  3.753E-0001 -6.000E+0001
  29.000  6.83E-0002  3.752E-0001 -6.000E+0001
  29.050  6.83E-0002  3.752E-0001 -6.000E+0001
  29.100  6.83E-0002  3.751E-0001 -6.000E+0001
  29.150  6.83E-0002  3.750E-0001 -6.000E+0001
  29.200  6.83E-0002  3.749E-0001 -6.000E+0001
  29.250  6.83E-0002  3.749E-0001 -6.000E+0001
  29.300  6.83E-0002  3.748E-0001 -6.000E+0001
  29.350  6.83E-0002  3.747E-0001 -6.000E+0001
  29.400  6.83E-0002  3.746E-0001 -6.000E+0001
  29.450  6.83E-0002  3.746E-0001 -6.000E+0001
  29.500  6.83E-0002  3.745E-0001 -6.000E+0001
  29.550  6.83E-0002  3.744E-0001 -6.000E+0001
  29.600  6.83E-0002  3.743E-0001 -6.000E+0001
  29.650  6.83E-0002  3.743E-0001 -6.000E+0001
  29.700  6.83E-0002  3.742E-0001 -6.000E+0001
  29.750  6.83E-0002  3.741E-0001 -6.000E+0001
  29.800  6.83E-0002  3.741E-0001 -6.000E+0001
  29.850  6.83E-0002  3.740E-0001 -6.000E+0001
  29.900  6.83E-0002  3.739E-0001 -6.000E+0001
  29.950  6.83E-0002  3.739E-0001 -6.000E+0001
  30.000  6.83E-0002  3.738E-0001 -6.000E+0001
  30.050  6.83E-0002  3.737E-0001 -6.000E+0001
  30.100  6.83E-0002  3.737E-0001 -6.000E+0001
  30.150  6.83E-0002  3.736E-0001 -6.000E+0001
  30.200  6.83E-0002  3.735E-0001 -6.000E+0001
  30.250  6.83E-0002  3.735E-0001 -6.000E+0001
  30.300  6.83E-0002  3.734E-0001 -6.000E+0001
  30.350  6.83E-0002  3.733E-0001 -6.000E+0001
  30.400  6.83E-0002  3.733E-0001 -6.000E+0001
  30.450  6.83E-0002  3.732E-0001 -6.000E+0001
  30.500  6.83E-0002  3.732E-0001 -6.000E+0001
  30.550  6.83E-0002  3.731E-0001 -6.000E+0001
  30.600  6.83E-0002  3.730E-0001 -6.000E+0001
  30.650  6.83E-0002  3.730E-0001 -6.000E+0001
  30.700  6.83E-0002  3.729E-0001 -6.000E+0001
  30.750  6.83E-0002  3.729E-0001 -6.000E+0001
  30.800  6.83E-0002  3.728E-0001 -6.000E+0001
  30.850  6.83E-0002  3.728E-0001 -6.000E+0001
  30.900  6.83E-0002  3.727E-0001 -6.000E+0001
  30.950  6.83E-0002  3.726E-0001 -6.000E+0001
  31.000  6.83E-0002  3.726E-0001 -6.000E+0001
  31.050  6.83E-0002  3.725E-0001 -6.000E+0001
  31.100  6.83E-0002  3.725E-0001 -6.000E+0001
  31.150  6.83E-0002  3.724E-0001 -6.000E+0001
  31.200  6.83E-0002  3.724E-0001 -6.000E+0001
  31.250  6.83E-0002  3.723E-0001 -6.000E+0001
  31.300  6.83E-0002  3.723E-0001 -6.000E+0001
  31.350  6.83E-0002  3.722E-0001 -6.000E+0001
  31.400  6.83E-0002  3.722E-0001 -6.000E+0001
  31.450  6.83E-0002  3.721E-0001 -6.000E+0001
  31.500  6.83E-0002  3.721E-0001 -6.000E+0001
  31.550  6.83E-0002  3.720E-0001 -6.000E+0001
  31.600  6.83E-0002  3.720E-0001 -6.000E+0001
  31.650  6.83E-0002  3.719E-0001 -6.000E+0001
  31.700  6.83E-0002  3.719E-0001 -6.000E+0001
  31.750  6.83E-0002  3.718E-0001 -6.000E+0001
  31.800  6.83E-0002  3.718E-0001 -6.000E+0001
  31.850  6.83E-0002  3.717E-0001 -6.000E+0001
  31.900  6.83E-0002  3.717E-0001 -6.000E+0001
  31.950  6.83E-0002  3.716E-0001 -6.000E+0001
  32.000  6.83E-0002  3.716E-0001 -6.000E+0001
  32.050  6.83E-0002  3.715E-0001 -6.000E+0001
  32.100  6.83E-0002  3.715E-0001 -6.000E+0001
  32.150  6.83E-0002  3.715E-0001 -6.000E+0001
  32.200  6.83E-0002  3.714E-0001 -6.000E+0001
  32.250  6.83E-0002  3.714E-0001 -6.000E+0001
  32.300  6.83E-0002  3.713E-0001 -6.000E+0001
  32.350  6.83E-0002  3.713E-0001 -6.000E+0001
  32.400  6.83E-0002  3.712E-0001 -6.000E+0001
  32.450  6.83E-0002  3.712E-0001 -6.000E+0001
  32.500  6.83E-0002  3.712E-0001 -6.000E+0001
  32.550  6.83E-0002  3.711E-0001 -6.000E+0001
  32.600  6.83E-0002  3.711E-0001 -6.000E+0001
  32.650  6.83E-0002  3.710E-0001 -6.000E+0001
  32.700  6.83E-0002  3.710E-0001 -6.000E+0001
  32.750  6.83E-0002  3.710E-0001 -6.000E+0001
  32.800  6.83E-0002  3.709E-0001 -6.000E+0001
  32.850  6.83E-0002  3.709E-0001 -6.000E+0001
  32.900  6.83E-0002  3.708E-0001 -6.000E+0001
  32.950  6.83E-0002  3.708E-0001 -6.000E+0001
  33.000  6.83E-0002  3.708E-0001 -6.000E+0001
  33.050  6.83E-0002  3.707E-0001 -6.000E+0001
  33.100  6.83E-0002  3.707E-0001 -6.000E+0001
  33.150  6.83E-0002  3.706E-0001 -6.000E+0001
  33.200  6.83E-0002  3.706E-0001 -6.000E+0001
  33.250  6.83E-0002  3.706E-0001 -6.000E+0001
  33.300  6.83E-0002  3.705E-0001 -6.000E+0001
  33.350  6.83E-0002  3.705E-0001 -6.000E+0001
  33.400  6.83E-0002  3.705E-0001 -6.000E+0001
  33.450  6.83E-0002  3.704E-0001 -6.000E+0001
  33.500  6.83E-0002  3.704E-0001 -6.000E+0001
  33.550  6.83E-0002  3.704E-0001 -6.000E+0001
  33.600  6.83E-0002  3.703E-0001 -6.000E+0001
  33.650  6.83E-0002  3.703E-0001 -6.000E+0001
  33.700  6.83E-0002  3.703E-0001 -6.000E+0001
  33.750  6.83E-0002  3.702E-0001 -6.000E+0001
  33.800  6.83E-0002  3.702E-0001 -6.000E+0001
  33.850  6.83E-0002  3.702E-0001 -6.000E+0001
  33.900  6.83E-0002  3.701E-0001 -6.000E+0001
  33.950  6.83E-0002  3.701E-0001 -6.000E+0001
  34.000  6.83E-0002  3.701E-0001 -6.000E+0001
  34.050  6.83E-0002  3.700E-0001 -6.000E+0001
  34.100  6.83E-0002  3.700E-0001 -6.000E+0001
  34.150  6.83E-0002  3.700E-0001 -6.000E+0001
  34.200  6.83E-0002  3.699E-0001 -6.000E+0001
  34.250  6.83E-0002  3.699E-0001 -6.000E+0001
  34.300  6.83E-0002  3.699E-0001 -6.000E+0001
  34.350  6.83E-0002  3.699E-0001 -6.000E+0001
  34.400  6.83E-0002  3.698E-0001 -6.000E+0001
  34.450  6.83E-0002  3.698E-0001 -6.000E+0001
  34.500  6.83E-0002  3.698E-0001 -6.000E+0001
  34.550  6.83E-0002  3.697E-0001 -6.000E+0001
  34.600  6.83E-0002  3.697E-0001 -6.000E+0001
  34.650  6.83E-0002  3.697E-0001 -6.000E+0001
  34.700  6.83E-0002  3.697E-0001 -6.000E+0001
  34.750  6.83E-0002  3.696E-0001 -6.000E+0001
  34.800  6.83E-0002  3.696E-0001 -6.000E+0001
  34.850  6.83E-0002  3.696E-0001 -6.000E+0001
  34.900  6.83E-0002  3.695E-0001 -6.000E+0001
  34.950  6.83E-0002  3.695E-0001 -6.000E+0001
  35.000  6.83E-0002  3.695E-0001 -6.000E+0001
  35.050  6.83E-0002  3.695E-0001 -6.000E+0001
  35.100  6.83E-0002  3.694E-0001 -6.000E+0001
  35.150  6.83E-0002  3.694E-0001 -6.000E+0001
  35.200  6.83E-0002  3.694E-0001 -6.000E+0001
  35.250  6.83E-0002  3.694E-0001 -6.000E+0001
  35.300  6.83E-0002  3.693E-0001 -6.000E+0001
  35.350  6.83E-0002  3.693E-0001 -6.000E+0001
  35.400  6.83E-0002  3.693E-0001 -6.000E+0001
  35.450  6.83E-0002  3.693E-0001 -6.000E+0001
  35.500  6.83E-0002  3.692E-0001 -6.000E+0001
  35.550  6.83E-0002  3.692E-0001 -6.000E+0001
  35.600  6.83E-0002  3.692E-0001 -6.000E+0001
  35.650  6.83E-0002  3.692E-0001 -6.000E+0001
  35.700  6.83E-0002  3.692E-0001 -6.000E+0001
  35.750  6.83E-0002  3.691E-0001 -6.000E+0001
  35.800  6.83E-0002  3.691E-0001 -6.000E+0001
  35.850  6.83E-0002  3.691E-0001 -6.000E+0001
  35.900  6.83E-0002  3.691E-0001 -6.000E+0001
  35.950  6.83E-0002  3.690E-0001 -6.000E+0001
  36.000  6.83E-0002  3.690E-0001 -6.000E+0001
  36.050  6.83E-0002  3.690E-0001 -6.000E+0001
  36.100  6.83E-0002  3.690E-0001 -6.000E+0001
  36.150  6.83E-0002  3.690E-0001 -6.000E+0001
  36.200  6.83E-0002  3.689E-0001 -6.000E+0001
  36.250  6.83E-0002  3.689E-0001 -6.000E+0001
  36.300  6.83E-0002  3.689E-0001 -6.000E+0001
  36.350  6.83E-0002  3.689E-0001 -6.000E+0001
  36.400  6.83E-0002  3.688E-0001 -6.000E+0001
  36.450  6.83E-0002  3.688E-0001 -6.000E+0001
  36.500  6.83E-0002  3.688E-0001 -6.000E+0001
  36.550  6.83E-0002  3.688E-0001 -6.000E+0001
  36.600  6.83E-0002  3.688E-0001 -6.000E+0001
  36.650  6.83E-0002  3.687E-0001 -6.000E+0001
  36.700  6.83E-0002  3.687E-0001 -6.000E+0001
  36.750  6.83E-0002  3.687E-0001 -6.000E+0001
  36.800  6.83E-0002  3.687E-0001 -6.000E+0001
  36.850  6.83E-0002  3.687E-0001 -6.000E+0001
  36.900  6.83E-0002  3.687E-0001 -6.000E+0001
  36.950  6.83E-0002  3.686E-0001 -6.000E+0001
  37.000  6.83E-0002  3.686E-0001 -6.000E+0001
  37.050  6.83E-0002  3.686E-0001 -6.000E+0001
  37.100  6.83E-0002  3.686E-0001 -6.000E+0001
  37.150  6.83E-0002  3.686E-0001 -6.000E+0001
  37.200  6.83E-0002  3.685E-0001 -6.000E+0001
  37.250  6.83E-0002  3.685E-0001 -6.000E+0001
  37.300  6.83E-0002  3.685E-0001 -6.000E+0001
  37.350  6.83E-0002  3.685E-0001 -6.000E+0001
  37.400  6.83E-0002  3.685E-0001 -6.000E+0001
  37.450  6.83E-0002  3.685E-0001 -6.000E+0001
  37.500  6.83E-0002  3.684E-0001 -6.000E+0001
  37.550  6.83E-0002  3.684E-0001 -6.000E+0001
  37.600  6.83E-0002  3.684E-0001 -6.000E+0001
  37.650  6.83E-0002  3.684E-0001 -6.000E+0001
  37.700  6.83E-0002  3.684E-0001 -6.000E+0001
  37.750  6.83E-0002  3.684E-0001 -6.000E+0001
  37.800  6.83E-0002  3.683E-0001 -6.000E+0001
  37.850  6.83E-0002  3.683E-0001 -6.000E+0001
  37.900  6.83E-0002  3.683E-0001 -6.000E+0001
  37.950  6.83E-0002  3.683E-0001 -6.000E+0001
  38.000  6.83E-0002  3.683E-0001 -6.000E+0001
  38.050  6.83E-0002  3.683E-0001 -6.000E+0001
  38.100  6.83E-0002  3.683E-0001 -6.000E+0001
  38.150  6.83E-0002  3.682E-0001 -6.000E+0001
  38.200  6.83E-0002  3.682E-0001 -6.000E+0001
  38.250  6.83E-0002  3.682E-0001 -6.000E+0001
  38.300  6.83E-0002  3.682E-0001 -6.000E+0001
  38.350  6.83E-0002  3.682E-0001 -6.000E+0001
  38.400  6.83E-0002  3.682E-0001 -6.000E+0001
  38.450  6.83E-0002  3.682E-0001 -6.000E+0001
  38.500  6.83E-0002  3.681E-0001 -6.000E+0001
  38.550  6.83E-0002  3.681E-0001 -6.000E+0001
  38.600  6.83E-0002  3.681E-0001 -6.000E+0001
  38.650  6.83E-0002  3.681E-0001 -6.000E+0001
  38.700  6.83E-0002  3.681E-0001 -6.000E+0001
  38.750  6.83E-0002  3.681E-0001 -6.000E+0001
  38.800  6.83E-0002  3.681E-0001 -6.000E+0001
  38.850  6.83E-0002  3.680E-0001 -6.000E+0001
  38.900  6.83E-0002  3.680E-0001 -6.000E+0001
  38.950  6.83E-0002  3.680E-0001 -6.000E+0001
  39.000  6.83E-0002  3.680E-0001 -6.000E+0001
  39.050  6.83E-0002  3.680E-0001 -6.000E+0001
  39.100  6.83E-0002  3.680E-0001 -6.000E+0001
  39.150  6.83E-0002  3.680E-0001 -6.000E+0001
  39.200  6.83E-0002  3.680E-0001 -6.000E+0001
  39.250  6.83E-0002  3.680E-0001 -6.000E+0001
  39.300  6.83E-0002  3.679E-0001 -6.000E+0001
  39.350  6.83E-0002  3.679E-0001 -6.000E+0001
  39.400  6.83E-0002  3.679E-0001 -6.000E+0001
  39.450  6.83E-0002  3.679E-0001 -6.000E+0001
  39.500  6.83E-0002  3.679E-0001 -6.000E+0001
  39.550  6.83E-0002  3.679E-0001 -6.000E+0001
  39.600  6.83E-0002  3.679E-0001 -6.000E+0001
  39.650  6.83E-0002  3.679E-0001 -6.000E+0001
  39.700  6.83E-0002  3.678E-0001 -6.000E+0001
  39.750  6.83E-0002  3.678E-0001 -6.000E+0001
  39.800  6.83E-0002  3.678E-0001 -6.000E+0001
  39.850  6.83E-0002  3.678E-0001 -6.000E+0001
  39.900  6.83E-0002  3.678E-0001 -6.000E+0001
  39.950  6.83E-0002  3.678E-0001 -6.000E+0001
