   0.050  0.00E+0000  1.060E-0002 -6.000E+0001
   0.100  0.00E+0000  1.060E-0002 -6.000E+0001
   0.150  2.21E-0003  1.060E-0002 -6.000E+0001
   0.200  9.93E-0003  1.060E-0002 -6.000E+0001
   0.250  2.65E-0002  1.060E-0002 -6.000E+0001
   0.300  5.10E-0002  1.060E-0002 -6.000E+0001
   0.350  8.08E-0002  1.060E-0002 -6.000E+0001
   0.400  1.10E-0001  1.060E-0002 -6.000E+0001
   0.450  1.40E-0001  1.060E-0002 -6.000E+0001
   0.500  1.71E-0001  1.060E-0002 -6.000E+0001
   0.550  2.01E-0001  1.060E-0002 -6.000E+0001
   0.600  2.32E-0001  1.060E-0002 -6.000E+0001
   0.650  2.62E-0001  1.060E-0002 -6.000E+0001
   0.700  2.93E-0001  1.060E-0002 -6.000E+0001
   0.750  3.22E-0001  1.060E-0002 -6.000E+0001
   0.800  3.50E-0001  1.060E-0002 -6.000E+0001
   0.850  3.79E-0001  1.060E-0002 -6.000E+0001
   0.900  4.04E-0001  1.060E-0002 -6.000E+0001
   0.950  4.28E-0001  1.060E-0002 -6.000E+0001
   1.000  4.52E-0001  1.060E-0002 -6.000E+0001
   1.050  4.70E-0001  1.816E-0001 -2.000E+0001
   1.100  4.87E-0001  6.497E-0001 -2.000E+0001
   1.150  5.03E-0001  1.423E+0000 -2.000E+0001
   1.200  5.15E-0001  2.448E+0000 -2.000E+0001
   1.250  5.27E-0001  3.645E+0000 -2.000E+0001
   1.300  5.32E-0001  4.936E+0000 -2.000E+0001
   1.350  5.36E-0001  6.252E+0000 -2.000E+0001
   1.400  5.34E-0001  7.536E+0000 -2.000E+0001
   1.450  5.31E-0001  8.747E+0000 -2.000E+0001
   1.500  5.26E-0001  9.857E+0000 -2.000E+0001
   1.550  5.16E-0001  1.084E+0001 -2.000E+0001
   1.600  5.05E-0001  1.170E+0001 -2.000E+0001
   1.650  4.94E-0001  1.243E+0001 -2.000E+0001
   1.700  4.82E-0001  1.304E+0001 -2.000E+0001
   1.750  4.70E-0001  1.352E+0001 -2.000E+0001
   1.800  4.56E-0001  1.388E+0001 -2.000E+0001
   1.850  4.42E-0001  1.415E+0001 -2.000E+0001
   1.900  4.28E-0001  1.432E+0001 -2.000E+0001
   1.950  4.14E-0001  1.441E+0001 -2.000E+0001
   2.000  4.01E-0001  1.442E+0001 -2.000E+0001
   2.050  3.87E-0001  1.438E+0001 -2.000E+0001
   2.100  3.74E-0001  1.428E+0001 -2.000E+0001
   2.150  3.61E-0001  1.413E+0001 -2.000E+0001
   2.200  3.48E-0001  1.394E+0001 -2.000E+0001
   2.250  3.35E-0001  1.372E+0001 -2.000E+0001
   2.300  3.22E-0001  1.348E+0001 -2.000E+0001
   2.350  3.10E-0001  1.321E+0001 -2.000E+0001
   2.400  2.97E-0001  1.293E+0001 -2.000E+0001
   2.450  2.84E-0001  1.264E+0001 -2.000E+0001
   2.500  2.72E-0001  1.233E+0001 -2.000E+0001
   2.550  2.59E-0001  1.202E+0001 -2.000E+0001
   2.600  2.46E-0001  1.171E+0001 -2.000E+0001
   2.650  2.35E-0001  1.139E+0001 -2.000E+0001
   2.700  2.26E-0001  1.108E+0001 -2.000E+0001
   2.750  2.16E-0001  1.077E+0001 -2.000E+0001
   2.800  2.07E-0001  1.046E+0001 -2.000E+0001
   2.850  1.98E-0001  1.015E+0001 -2.000E+0001
   2.900  1.89E-0001  9.856E+0000 -2.000E+0001
   2.950  1.80E-0001  9.561E+0000 -2.000E+0001
   3.000  1.71E-0001  9.272E+0000 -2.000E+0001
   3.050  1.63E-0001  8.990E+0000 -2.000E+0001
   3.100  1.56E-0001  8.714E+0000 -2.000E+0001
   3.150  1.49E-0001  8.446E+0000 -2.000E+0001
   3.200  1.41E-0001  8.184E+0000 -2.000E+0001
   3.250  1.34E-0001  7.931E+0000 -2.000E+0001
   3.300  1.26E-0001  7.684E+0000 -2.000E+0001
   3.350  1.18E-0001  7.445E+0000 -2.000E+0001
   3.400  1.11E-0001  7.213E+0000 -2.000E+0001
   3.450  1.03E-0001  6.989E+0000 -2.000E+0001
   3.500  9.64E-0002  6.771E+0000 -2.000E+0001
   3.550  8.90E-0002  6.561E+0000 -2.000E+0001
   3.600  8.17E-0002  6.357E+0000 -2.000E+0001
   3.650  7.43E-0002  6.161E+0000 -2.000E+0001
   3.700  6.70E-0002  5.970E+0000 -2.000E+0001
   3.750  5.96E-0002  5.787E+0000 -2.000E+0001
   3.800  5.22E-0002  5.609E+0000 -2.000E+0001
   3.850  4.54E-0002  5.438E+0000 -2.000E+0001
   3.900  4.08E-0002  5.272E+0000 -2.000E+0001
   3.950  3.62E-0002  5.113E+0000 -2.000E+0001
   4.000  3.16E-0002  4.959E+0000 -2.000E+0001
   4.050  2.70E-0002  4.810E+0000 -2.000E+0001
   4.100  2.23E-0002  4.667E+0000 -2.000E+0001
   4.150  1.77E-0002  4.528E+0000 -2.000E+0001
   4.200  1.30E-0002  4.395E+0000 -2.000E+0001
   4.250  8.47E-0003  4.266E+0000 -2.000E+0001
   4.300  5.20E-0003  4.142E+0000 -2.000E+0001
   4.350  2.84E-0003  4.022E+0000 -2.000E+0001
   4.400  4.73E-0004  3.907E+0000 -2.000E+0001
   4.450 -1.89E-0003  3.796E+0000 -2.000E+0001
   4.500 -4.26E-0003  3.688E+0000 -2.000E+0001
   4.550 -6.62E-0003  3.585E+0000 -2.000E+0001
   4.600 -6.95E-0003  3.485E+0000 -2.000E+0001
   4.650 -7.28E-0003  3.389E+0000 -2.000E+0001
   4.700 -7.61E-0003  3.297E+0000 -2.000E+0001
   4.750 -7.94E-0003  3.207E+0000 -2.000E+0001
   4.800 -8.27E-0003  3.121E+0000 -2.000E+0001
   4.850 -8.60E-0003  3.038E+0000 -2.000E+0001
   4.900 -8.93E-0003  2.958E+0000 -2.000E+0001
   4.950 -9.26E-0003  2.881E+0000 -2.000E+0001
   5.000 -9.59E-0003  2.807E+0000 -2.000E+0001
   5.050 -9.92E-0003  2.735E+0000 -2.000E+0001
   5.100 -1.02E-0002  2.666E+0000 -2.000E+0001
   5.150 -1.05E-0002  2.600E+0000 -2.000E+0001
   5.200 -1.09E-0002  2.536E+0000 -2.000E+0001
   5.250 -1.12E-0002  2.474E+0000 -2.000E+0001
   5.300 -1.15E-0002  2.415E+0000 -2.000E+0001
   5.350 -1.18E-0002  2.357E+0000 -2.000E+0001
   5.400 -1.22E-0002  2.302E+0000 -2.000E+0001
   5.450 -1.25E-0002  2.249E+0000 -2.000E+0001
   5.500 -1.28E-0002  2.197E+0000 -2.000E+0001
   5.550 -1.32E-0002  2.148E+0000 -2.000E+0001
   5.600 -1.35E-0002  2.100E+0000 -2.000E+0001
   5.650 -1.38E-0002  2.054E+0000 -2.000E+0001
   5.700 -1.42E-0002  2.010E+0000 -2.000E+0001
   5.750 -1.45E-0002  1.967E+0000 -2.000E+0001
   5.800 -1.48E-0002  1.926E+0000 -2.000E+0001
   5.850 -1.51E-0002  1.887E+0000 -2.000E+0001
   5.900 -1.55E-0002  1.848E+0000 -2.000E+0001
   5.950 -1.58E-0002  1.812E+0000 -2.000E+0001
   6.000 -1.62E-0002  1.776E+0000 -2.000E+0001
   6.050 -1.65E-0002  1.742E+0000 -2.000E+0001
   6.100 -1.68E-0002  1.709E+0000 -2.000E+0001
   6.150 -1.72E-0002  1.677E+0000 -2.000E+0001
   6.200 -1.75E-0002  1.647E+0000 -2.000E+0001
   6.250 -1.78E-0002  1.617E+0000 -2.000E+0001
   6.300 -1.82E-0002  1.589E+0000 -2.000E+0001
   6.350 -1.85E-0002  1.562E+0000 -2.000E+0001
   6.400 -1.88E-0002  1.535E+0000 -2.000E+0001
   6.450 -1.91E-0002  1.510E+0000 -2.000E+0001
   6.500 -1.95E-0002  1.485E+0000 -2.000E+0001
   6.550 -1.98E-0002  1.462E+0000 -2.000E+0001
   6.600 -1.99E-0002  1.439E+0000 -2.000E+0001
   6.650 -1.99E-0002  1.417E+0000 -2.000E+0001
   6.700 -1.99E-0002  1.396E+0000 -2.000E+0001
   6.750 -1.99E-0002  1.376E+0000 -2.000E+0001
   6.800 -1.99E-0002  1.356E+0000 -2.000E+0001
   6.850 -1.99E-0002  1.337E+0000 -2.000E+0001
   6.900 -1.99E-0002  1.319E+0000 -2.000E+0001
   6.950 -1.99E-0002  1.301E+0000 -2.000E+0001
   7.000 -1.99E-0002  1.284E+0000 -2.000E+0001
   7.050 -1.99E-0002  1.268E+0000 -2.000E+0001
   7.100 -1.99E-0002  1.252E+0000 -2.000E+0001
   7.150 -1.99E-0002  1.237E+0000 -2.000E+0001
   7.200 -1.99E-0002  1.223E+0000 -2.000E+0001
   7.250 -1.99E-0002  1.209E+0000 -2.000E+0001
   7.300 -1.99E-0002  1.195E+0000 -2.000E+0001
   7.350 -1.99E-0002  1.182E+0000 -2.000E+0001
   7.400 -1.99E-0002  1.169E+0000 -2.000E+0001
   7.450 -1.99E-0002  1.157E+0000 -2.000E+0001
   7.500 -1.99E-0002  1.146E+0000 -2.000E+0001
   7.550 -1.99E-0002  1.134E+0000 -2.000E+0001
   7.600 -1.99E-0002  1.124E+0000 -2.000E+0001
   7.650 -1.99E-0002  1.113E+0000 -2.000E+0001
   7.700 -1.99E-0002  1.103E+0000 -2.000E+0001
   7.750 -1.99E-0002  1.093E+0000 -2.000E+0001
   7.800 -1.99E-0002  1.084E+0000 -2.000E+0001
   7.850 -1.99E-0002  1.075E+0000 -2.000E+0001
   7.900 -1.99E-0002  1.066E+0000 -2.000E+0001
   7.950 -1.99E-0002  1.058E+0000 -2.000E+0001
   8.000 -1.99E-0002  1.050E+0000 -2.000E+0001
   8.050 -1.99E-0002  1.042E+0000 -2.000E+0001
   8.100 -1.99E-0002  1.035E+0000 -2.000E+0001
   8.150 -1.99E-0002  1.027E+0000 -2.000E+0001
   8.200 -1.99E-0002  1.020E+0000 -2.000E+0001
   8.250 -1.99E-0002  1.014E+0000 -2.000E+0001
   8.300 -1.99E-0002  1.007E+0000 -2.000E+0001
   8.350 -1.99E-0002  1.001E+0000 -2.000E+0001
   8.400 -1.99E-0002  9.951E-0001 -2.000E+0001
   8.450 -1.99E-0002  9.893E-0001 -2.000E+0001
   8.500 -1.99E-0002  9.837E-0001 -2.000E+0001
   8.550 -1.99E-0002  9.784E-0001 -2.000E+0001
   8.600 -1.99E-0002  9.732E-0001 -2.000E+0001
   8.650 -1.99E-0002  9.682E-0001 -2.000E+0001
   8.700 -1.99E-0002  9.634E-0001 -2.000E+0001
   8.750 -1.99E-0002  9.588E-0001 -2.000E+0001
   8.800 -1.99E-0002  9.543E-0001 -2.000E+0001
   8.850 -1.99E-0002  9.500E-0001 -2.000E+0001
   8.900 -1.99E-0002  9.459E-0001 -2.000E+0001
   8.950 -1.99E-0002  9.419E-0001 -2.000E+0001
   9.000 -1.99E-0002  9.381E-0001 -2.000E+0001
   9.050 -1.99E-0002  9.344E-0001 -2.000E+0001
   9.100 -1.99E-0002  9.308E-0001 -2.000E+0001
   9.150 -1.99E-0002  9.273E-0001 -2.000E+0001
   9.200 -1.99E-0002  9.240E-0001 -2.000E+0001
   9.250 -1.99E-0002  9.208E-0001 -2.000E+0001
   9.300 -1.99E-0002  9.178E-0001 -2.000E+0001
   9.350 -1.99E-0002  9.148E-0001 -2.000E+0001
   9.400 -1.99E-0002  9.119E-0001 -2.000E+0001
   9.450 -1.99E-0002  9.092E-0001 -2.000E+0001
   9.500 -1.99E-0002  9.065E-0001 -2.000E+0001
   9.550 -1.99E-0002  9.040E-0001 -2.000E+0001
   9.600 -1.99E-0002  9.015E-0001 -2.000E+0001
   9.650 -1.99E-0002  8.991E-0001 -2.000E+0001
   9.700 -1.99E-0002  8.968E-0001 -2.000E+0001
   9.750 -1.99E-0002  8.946E-0001 -2.000E+0001
   9.800 -1.99E-0002  8.925E-0001 -2.000E+0001
   9.850 -1.99E-0002  8.904E-0001 -2.000E+0001
   9.900 -1.99E-0002  8.885E-0001 -2.000E+0001
   9.950 -1.99E-0002  8.866E-0001 -2.000E+0001
  10.000 -1.99E-0002  8.847E-0001 -2.000E+0001
  10.050 -1.99E-0002  8.830E-0001 -2.000E+0001
  10.100 -1.99E-0002  8.813E-0001 -2.000E+0001
  10.150 -1.99E-0002  8.796E-0001 -2.000E+0001
  10.200 -1.99E-0002  8.780E-0001 -2.000E+0001
  10.250 -1.99E-0002  8.765E-0001 -2.000E+0001
  10.300 -1.99E-0002  8.750E-0001 -2.000E+0001
  10.350 -1.99E-0002  8.736E-0001 -2.000E+0001
  10.400 -1.99E-0002  8.723E-0001 -2.000E+0001
  10.450 -1.99E-0002  8.710E-0001 -2.000E+0001
  10.500 -1.99E-0002  8.697E-0001 -2.000E+0001
  10.550 -1.99E-0002  8.685E-0001 -2.000E+0001
  10.600 -1.99E-0002  8.673E-0001 -2.000E+0001
  10.650 -1.99E-0002  8.662E-0001 -2.000E+0001
  10.700 -1.99E-0002  8.651E-0001 -2.000E+0001
  10.750 -1.99E-0002  8.640E-0001 -2.000E+0001
  10.800 -1.99E-0002  8.630E-0001 -2.000E+0001
  10.850 -1.99E-0002  8.620E-0001 -2.000E+0001
  10.900 -1.99E-0002  8.611E-0001 -2.000E+0001
  10.950 -1.99E-0002  8.602E-0001 -2.000E+0001
  11.000 -1.99E-0002  8.593E-0001 -2.000E+0001
  11.050 -1.99E-0002  8.585E-0001 -2.000E+0001
  11.100 -1.99E-0002  8.576E-0001 -2.000E+0001
  11.150 -1.99E-0002  8.569E-0001 -2.000E+0001
  11.200 -1.99E-0002  8.561E-0001 -2.000E+0001
  11.250 -1.99E-0002  8.554E-0001 -2.000E+0001
  11.300 -1.99E-0002  8.547E-0001 -2.000E+0001
  11.350 -1.99E-0002  8.540E-0001 -2.000E+0001
  11.400 -1.99E-0002  8.534E-0001 -2.000E+0001
  11.450 -1.99E-0002  8.527E-0001 -2.000E+0001
  11.500 -1.99E-0002  8.521E-0001 -2.000E+0001
  11.550 -1.99E-0002  8.515E-0001 -2.000E+0001
  11.600 -1.99E-0002  8.510E-0001 -2.000E+0001
  11.650 -1.99E-0002  8.504E-0001 -2.000E+0001
  11.700 -1.99E-0002  8.499E-0001 -2.000E+0001
  11.750 -1.99E-0002  8.494E-0001 -2.000E+0001
  11.800 -1.99E-0002  8.489E-0001 -2.000E+0001
  11.850 -1.99E-0002  8.485E-0001 -2.000E+0001
  11.900 -1.99E-0002  8.480E-0001 -2.000E+0001
  11.950 -1.99E-0002  8.476E-0001 -2.000E+0001
  12.000 -1.99E-0002  8.472E-0001 -2.000E+0001
  12.050 -1.99E-0002  8.468E-0001 -2.000E+0001
  12.100 -1.99E-0002  8.464E-0001 -2.000E+0001
  12.150 -1.99E-0002  8.460E-0001 -2.000E+0001
  12.200 -1.99E-0002  8.457E-0001 -2.000E+0001
  12.250 -1.99E-0002  8.453E-0001 -2.000E+0001
  12.300 -1.99E-0002  8.450E-0001 -2.000E+0001
  12.350 -1.99E-0002  8.447E-0001 -2.000E+0001
  12.400 -1.99E-0002  8.443E-0001 -2.000E+0001
  12.450 -1.99E-0002  8.440E-0001 -2.000E+0001
  12.500 -1.99E-0002  8.438E-0001 -2.000E+0001
  12.550 -1.99E-0002  8.435E-0001 -2.000E+0001
  12.600 -1.99E-0002  8.432E-0001 -2.000E+0001
  12.650 -1.99E-0002  8.430E-0001 -2.000E+0001
  12.700 -1.99E-0002  8.427E-0001 -2.000E+0001
  12.750 -1.99E-0002  8.425E-0001 -2.000E+0001
  12.800 -1.99E-0002  8.422E-0001 -2.000E+0001
  12.850 -1.99E-0002  8.420E-0001 -2.000E+0001
  12.900 -1.99E-0002  8.418E-0001 -2.000E+0001
  12.950 -1.99E-0002  8.416E-0001 -2.000E+0001
  13.000 -1.99E-0002  8.414E-0001 -2.000E+0001
  13.050 -1.99E-0002  8.412E-0001 -2.000E+0001
  13.100 -1.99E-0002  8.410E-0001 -2.000E+0001
  13.150 -1.99E-0002  8.408E-0001 -2.000E+0001
  13.200 -1.99E-0002  8.407E-0001 -2.000E+0001
  13.250 -1.99E-0002  8.405E-0001 -2.000E+0001
  13.300 -1.99E-0002  8.403E-0001 -2.000E+0001
  13.350 -1.99E-0002  8.402E-0001 -2.000E+0001
  13.400 -1.99E-0002  8.400E-0001 -2.000E+0001
  13.450 -1.99E-0002  8.399E-0001 -2.000E+0001
  13.500 -1.99E-0002  8.398E-0001 -2.000E+0001
  13.550 -1.99E-0002  8.396E-0001 -2.000E+0001
  13.600 -1.99E-0002  8.395E-0001 -2.000E+0001
  13.650 -1.99E-0002  8.394E-0001 -2.000E+0001
  13.700 -1.99E-0002  8.393E-0001 -2.000E+0001
  13.750 -1.99E-0002  8.391E-0001 -2.000E+0001
  13.800 -1.99E-0002  8.390E-0001 -2.000E+0001
  13.850 -1.99E-0002  8.389E-0001 -2.000E+0001
  13.900 -1.99E-0002  8.388E-0001 -2.000E+0001
  13.950 -1.99E-0002  8.387E-0001 -2.000E+0001
  14.000 -1.99E-0002  8.386E-0001 -2.000E+0001
  14.050 -1.99E-0002  8.385E-0001 -2.000E+0001
  14.100 -1.99E-0002  8.385E-0001 -2.000E+0001
  14.150 -1.99E-0002  8.384E-0001 -2.000E+0001
  14.200 -1.99E-0002  8.383E-0001 -2.000E+0001
  14.250 -1.99E-0002  8.382E-0001 -2.000E+0001
  14.300 -1.99E-0002  8.381E-0001 -2.000E+0001
  14.350 -1.99E-0002  8.381E-0001 -2.000E+0001
  14.400 -1.99E-0002  8.380E-0001 -2.000E+0001
  14.450 -1.99E-0002  8.379E-0001 -2.000E+0001
  14.500 -1.99E-0002  8.379E-0001 -2.000E+0001
  14.550 -1.99E-0002  8.378E-0001 -2.000E+0001
  14.600 -1.99E-0002  8.377E-0001 -2.000E+0001
  14.650 -1.99E-0002  8.377E-0001 -2.000E+0001
  14.700 -1.99E-0002  8.376E-0001 -2.000E+0001
  14.750 -1.99E-0002  8.376E-0001 -2.000E+0001
  14.800 -1.99E-0002  8.375E-0001 -2.000E+0001
  14.850 -1.99E-0002  8.375E-0001 -2.000E+0001
  14.900 -1.99E-0002  8.374E-0001 -2.000E+0001
  14.950 -1.99E-0002  8.374E-0001 -2.000E+0001
  15.000 -1.99E-0002  8.373E-0001 -2.000E+0001
  15.050 -1.99E-0002  8.373E-0001 -2.000E+0001
  15.100 -1.99E-0002  8.372E-0001 -2.000E+0001
  15.150 -1.99E-0002  8.372E-0001 -2.000E+0001
  15.200 -1.99E-0002  8.372E-0001 -2.000E+0001
  15.250 -1.99E-0002  8.371E-0001 -2.000E+0001
  15.300 -1.99E-0002  8.371E-0001 -2.000E+0001
  15.350 -1.99E-0002  8.370E-0001 -2.000E+0001
  15.400 -1.99E-0002  8.370E-0001 -2.000E+0001
  15.450 -1.99E-0002  8.370E-0001 -2.000E+0001
  15.500 -1.99E-0002  8.369E-0001 -2.000E+0001
  15.550 -1.99E-0002  8.369E-0001 -2.000E+0001
  15.600 -1.99E-0002  8.369E-0001 -2.000E+0001
  15.650 -1.99E-0002  8.369E-0001 -2.000E+0001
  15.700 -1.99E-0002  8.368E-0001 -2.000E+0001
  15.750 -1.99E-0002  8.368E-0001 -2.000E+0001
  15.800 -1.99E-0002  8.368E-0001 -2.000E+0001
  15.850 -1.99E-0002  8.368E-0001 -2.000E+0001
  15.900 -1.99E-0002  8.367E-0001 -2.000E+0001
  15.950 -1.99E-0002  8.367E-0001 -2.000E+0001
  16.000 -1.99E-0002  8.367E-0001 -2.000E+0001
  16.050 -1.99E-0002  5.886E-0001 -6.000E+0001
  16.100 -1.99E-0002  3.992E-0001 -6.000E+0001
  16.150 -1.99E-0002  2.654E-0001 -6.000E+0001
  16.200 -1.99E-0002  1.749E-0001 -6.000E+0001
  16.250 -1.99E-0002  1.151E-0001 -6.000E+0001
  16.300 -1.99E-0002  7.624E-0002 -6.000E+0001
  16.350 -1.99E-0002  5.100E-0002 -6.000E+0001
  16.400 -1.99E-0002  3.463E-0002 -6.000E+0001
  16.450 -1.99E-0002  2.397E-0002 -6.000E+0001
  16.500 -1.99E-0002  1.698E-0002 -6.000E+0001
  16.550 -1.99E-0002  1.233E-0002 -6.000E+0001
  16.600 -1.99E-0002  9.213E-0003 -6.000E+0001
  16.650 -1.99E-0002  7.086E-0003 -6.000E+0001
  16.700 -1.99E-0002  5.614E-0003 -6.000E+0001
  16.750 -1.99E-0002  4.581E-0003 -6.000E+0001
  16.800 -1.99E-0002  3.847E-0003 -6.000E+0001
  16.850 -1.99E-0002  3.318E-0003 -6.000E+0001
  16.900 -1.99E-0002  2.934E-0003 -6.000E+0001
  16.950 -1.99E-0002  2.654E-0003 -6.000E+0001
  17.000 -1.99E-0002  2.449E-0003 -6.000E+0001
  17.050 -1.99E-0002  2.300E-0003 -6.000E+0001
  17.100 -1.99E-0002  2.193E-0003 -6.000E+0001
  17.150 -1.99E-0002  2.117E-0003 -6.000E+0001
  17.200 -1.99E-0002  2.067E-0003 -6.000E+0001
  17.250 -1.99E-0002  2.035E-0003 -6.000E+0001
  17.300 -1.99E-0002  2.019E-0003 -6.000E+0001
  17.350 -1.99E-0002  2.015E-0003 -6.000E+0001
  17.400 -1.99E-0002  2.021E-0003 -6.000E+0001
  17.450 -1.99E-0002  2.034E-0003 -6.000E+0001
  17.500 -1.99E-0002  2.054E-0003 -6.000E+0001
  17.550 -1.99E-0002  2.079E-0003 -6.000E+0001
  17.600 -1.99E-0002  2.109E-0003 -6.000E+0001
  17.650 -1.99E-0002  2.141E-0003 -6.000E+0001
  17.700 -1.99E-0002  2.177E-0003 -6.000E+0001
  17.750 -1.99E-0002  2.214E-0003 -6.000E+0001
  17.800 -1.99E-0002  2.254E-0003 -6.000E+0001
  17.850 -1.99E-0002  2.295E-0003 -6.000E+0001
  17.900 -1.99E-0002  2.337E-0003 -6.000E+0001
  17.950 -1.99E-0002  2.380E-0003 -6.000E+0001
  18.000 -1.99E-0002  2.423E-0003 -6.000E+0001
  18.050 -1.99E-0002  2.467E-0003 -6.000E+0001
  18.100 -1.99E-0002  2.512E-0003 -6.000E+0001
  18.150 -1.99E-0002  2.557E-0003 -6.000E+0001
  18.200 -1.99E-0002  2.602E-0003 -6.000E+0001
  18.250 -1.99E-0002  2.647E-0003 -6.000E+0001
  18.300 -1.99E-0002  2.692E-0003 -6.000E+0001
  18.350 -1.99E-0002  2.737E-0003 -6.000E+0001
  18.400 -1.99E-0002  2.782E-0003 -6.000E+0001
  18.450 -1.99E-0002  2.827E-0003 -6.000E+0001
  18.500 -1.99E-0002  2.872E-0003 -6.000E+0001
  18.550 -1.99E-0002  2.917E-0003 -6.000E+0001
  18.600 -1.99E-0002  2.961E-0003 -6.000E+0001
  18.650 -1.99E-0002  3.006E-0003 -6.000E+0001
  18.700 -1.99E-0002  3.050E-0003 -6.000E+0001
  18.750 -1.99E-0002  3.094E-0003 -6.000E+0001
  18.800 -1.99E-0002  3.138E-0003 -6.000E+0001
  18.850 -1.99E-0002  3.181E-0003 -6.000E+0001
  18.900 -1.99E-0002  3.225E-0003 -6.000E+0001
  18.950 -1.99E-0002  3.268E-0003 -6.000E+0001
  19.000 -1.99E-0002  3.311E-0003 -6.000E+0001
  19.050 -1.99E-0002  3.353E-0003 -6.000E+0001
  19.100 -1.99E-0002  3.396E-0003 -6.000E+0001
  19.150 -1.99E-0002  3.438E-0003 -6.000E+0001
  19.200 -1.99E-0002  3.480E-0003 -6.000E+0001
  19.250 -1.99E-0002  3.522E-0003 -6.000E+0001
  19.300 -1.99E-0002  3.563E-0003 -6.000E+0001
  19.350 -1.99E-0002  3.604E-0003 -6.000E+0001
  19.400 -1.99E-0002  3.645E-0003 -6.000E+0001
  19.450 -1.99E-0002  3.686E-0003 -6.000E+0001
  19.500 -1.99E-0002  3.726E-0003 -6.000E+0001
  19.550 -1.99E-0002  3.767E-0003 -6.000E+0001
  19.600 -1.99E-0002  3.807E-0003 -6.000E+0001
  19.650 -1.99E-0002  3.847E-0003 -6.000E+0001
  19.700 -1.99E-0002  3.886E-0003 -6.000E+0001
  19.750 -1.99E-0002  3.926E-0003 -6.000E+0001
  19.800 -1.99E-0002  3.965E-0003 -6.000E+0001
  19.850 -1.99E-0002  4.004E-0003 -6.000E+0001
  19.900 -1.99E-0002  4.042E-0003 -6.000E+0001
  19.950 -1.99E-0002  4.081E-0003 -6.000E+0001
  20.000 -1.99E-0002  4.119E-0003 -6.000E+0001
  20.050 -1.99E-0002  4.157E-0003 -6.000E+0001
  20.100 -1.99E-0002  4.195E-0003 -6.000E+0001
  20.150 -1.99E-0002  4.232E-0003 -6.000E+0001
  20.200 -1.99E-0002  4.270E-0003 -6.000E+0001
  20.250 -1.99E-0002  4.307E-0003 -6.000E+0001
  20.300 -1.99E-0002  4.344E-0003 -6.000E+0001
  20.350 -1.99E-0002  4.380E-0003 -6.000E+0001
  20.400 -1.99E-0002  4.417E-0003 -6.000E+0001
  20.450 -1.99E-0002  4.453E-0003 -6.000E+0001
  20.500 -1.99E-0002  4.489E-0003 -6.000E+0001
  20.550 -1.99E-0002  4.525E-0003 -6.000E+0001
  20.600 -1.99E-0002  4.560E-0003 -6.000E+0001
  20.650 -1.99E-0002  4.596E-0003 -6.000E+0001
  20.700 -1.99E-0002  4.631E-0003 -6.000E+0001
  20.750 -1.99E-0002  4.666E-0003 -6.000E+0001
  20.800 -1.99E-0002  4.701E-0003 -6.000E+0001
  20.850 -1.99E-0002  4.735E-0003 -6.000E+0001
  20.900 -1.99E-0002  4.770E-0003 -6.000E+0001
  20.950 -1.99E-0002  4.804E-0003 -6.000E+0001
  21.000 -1.99E-0002  4.838E-0003 -6.000E+0001
  21.050 -1.99E-0002  4.872E-0003 -6.000E+0001
  21.100 -1.99E-0002  4.905E-0003 -6.000E+0001
  21.150 -1.99E-0002  4.939E-0003 -6.000E+0001
  21.200 -1.99E-0002  4.972E-0003 -6.000E+0001
  21.250 -1.99E-0002  5.005E-0003 -6.000E+0001
  21.300 -1.99E-0002  5.038E-0003 -6.000E+0001
  21.350 -1.99E-0002  5.070E-0003 -6.000E+0001
  21.400 -1.99E-0002  5.103E-0003 -6.000E+0001
  21.450 -1.99E-0002  5.135E-0003 -6.000E+0001
  21.500 -1.99E-0002  5.167E-0003 -6.000E+0001
  21.550 -1.99E-0002  5.199E-0003 -6.000E+0001
  21.600 -1.99E-0002  5.231E-0003 -6.000E+0001
  21.650 -1.99E-0002  5.262E-0003 -6.000E+0001
  21.700 -1.99E-0002  5.293E-0003 -6.000E+0001
  21.750 -1.99E-0002  5.325E-0003 -6.000E+0001
  21.800 -1.99E-0002  5.355E-0003 -6.000E+0001
  21.850 -1.99E-0002  5.386E-0003 -6.000E+0001
  21.900 -1.99E-0002  5.417E-0003 -6.000E+0001
  21.950 -1.99E-0002  5.447E-0003 -6.000E+0001
  22.000 -1.99E-0002  5.477E-0003 -6.000E+0001
  22.050 -1.99E-0002  5.507E-0003 -6.000E+0001
  22.100 -1.99E-0002  5.537E-0003 -6.000E+0001
  22.150 -1.99E-0002  5.567E-0003 -6.000E+0001
  22.200 -1.99E-0002  5.597E-0003 -6.000E+0001
  22.250 -1.99E-0002  5.626E-0003 -6.000E+0001
  22.300 -1.99E-0002  5.655E-0003 -6.000E+0001
  22.350 -1.99E-0002  5.684E-0003 -6.000E+0001
  22.400 -1.99E-0002  5.713E-0003 -6.000E+0001
  22.450 -1.99E-0002  5.742E-0003 -6.000E+0001
  22.500 -1.99E-0002  5.770E-0003 -6.000E+0001
  22.550 -1.99E-0002  5.798E-0003 -6.000E+0001
  22.600 -1.99E-0002  5.827E-0003 -6.000E+0001
  22.650 -1.99E-0002  5.855E-0003 -6.000E+0001
  22.700 -1.99E-0002  5.882E-0003 -6.000E+0001
  22.750 -1.99E-0002  5.910E-0003 -6.000E+0001
  22.800 -1.99E-0002  5.938E-0003 -6.000E+0001
  22.850 -1.99E-0002  5.965E-0003 -6.000E+0001
  22.900 -1.99E-0002  5.992E-0003 -6.000E+0001
  22.950 -1.99E-0002  6.019E-0003 -6.000E+0001
  23.000 -1.99E-0002  6.046E-0003 -6.000E+0001
  23.050 -1.99E-0002  6.073E-0003 -6.000E+0001
  23.100 -1.99E-0002  6.099E-0003 -6.000E+0001
  23.150 -1.99E-0002  6.126E-0003 -6.000E+0001
  23.200 -1.99E-0002  6.152E-0003 -6.000E+0001
  23.250 -1.99E-0002  6.178E-0003 -6.000E+0001
  23.300 -1.99E-0002  6.204E-0003 -6.000E+0001
  23.350 -1.99E-0002  6.230E-0003 -6.000E+0001
  23.400 -1.99E-0002  6.255E-0003 -6.000E+0001
  23.450 -1.99E-0002  6.281E-0003 -6.000E+0001
  23.500 -1.99E-0002  6.306E-0003 -6.000E+0001
  23.550 -1.99E-0002  6.331E-0003 -6.000E+0001
  23.600 -1.99E-0002  6.356E-0003 -6.000E+0001
  23.650 -1.99E-0002  6.381E-0003 -6.000E+0001
  23.700 -1.99E-0002  6.406E-0003 -6.000E+0001
  23.750 -1.99E-0002  6.431E-0003 -6.000E+0001
  23.800 -1.99E-0002  6.455E-0003 -6.000E+0001
  23.850 -1.99E-0002  6.479E-0003 -6.000E+0001
  23.900 -1.99E-0002  6.504E-0003 -6.000E+0001
  23.950 -1.99E-0002  6.528E-0003 -6.000E+0001
  24.000 -1.99E-0002  6.552E-0003 -6.000E+0001
  24.050 -1.99E-0002  6.575E-0003 -6.000E+0001
  24.100 -1.99E-0002  6.599E-0003 -6.000E+0001
  24.150 -1.99E-0002  6.622E-0003 -6.000E+0001
  24.200 -1.99E-0002  6.646E-0003 -6.000E+0001
  24.250 -1.99E-0002  6.669E-0003 -6.000E+0001
  24.300 -1.99E-0002  6.692E-0003 -6.000E+0001
  24.350 -1.99E-0002  6.715E-0003 -6.000E+0001
  24.400 -1.99E-0002  6.738E-0003 -6.000E+0001
  24.450 -1.99E-0002  6.760E-0003 -6.000E+0001
  24.500 -1.99E-0002  6.783E-0003 -6.000E+0001
  24.550 -1.99E-0002  6.805E-0003 -6.000E+0001
  24.600 -1.99E-0002  6.828E-0003 -6.000E+0001
  24.650 -1.99E-0002  6.850E-0003 -6.000E+0001
  24.700 -1.99E-0002  6.872E-0003 -6.000E+0001
  24.750 -1.99E-0002  6.894E-0003 -6.000E+0001
  24.800 -1.99E-0002  6.915E-0003 -6.000E+0001
  24.850 -1.99E-0002  6.937E-0003 -6.000E+0001
  24.900 -1.99E-0002  6.958E-0003 -6.000E+0001
  24.950 -1.99E-0002  6.980E-0003 -6.000E+0001
  25.000 -1.99E-0002  7.001E-0003 -6.000E+0001
  25.050 -1.99E-0002  7.022E-0003 -6.000E+0001
  25.100 -1.99E-0002  7.043E-0003 -6.000E+0001
  25.150 -1.99E-0002  7.064E-0003 -6.000E+0001
  25.200 -1.99E-0002  7.085E-0003 -6.000E+0001
  25.250 -1.99E-0002  7.105E-0003 -6.000E+0001
  25.300 -1.99E-0002  7.126E-0003 -6.000E+0001
  25.350 -1.99E-0002  7.146E-0003 -6.000E+0001
  25.400 -1.99E-0002  7.167E-0003 -6.000E+0001
  25.450 -1.99E-0002  7.187E-0003 -6.000E+0001
  25.500 -1.99E-0002  7.207E-0003 -6.000E+0001
  25.550 -1.99E-0002  7.227E-0003 -6.000E+0001
  25.600 -1.99E-0002  7.247E-0003 -6.000E+0001
  25.650 -1.99E-0002  7.266E-0003 -6.000E+0001
  25.700 -1.99E-0002  7.286E-0003 -6.000E+0001
  25.750 -1.99E-0002  7.305E-0003 -6.000E+0001
  25.800 -1.99E-0002  7.325E-0003 -6.000E+0001
  25.850 -1.99E-0002  7.344E-0003 -6.000E+0001
  25.900 -1.99E-0002  7.363E-0003 -6.000E+0001
  25.950 -1.99E-0002  7.382E-0003 -6.000E+0001
  26.000 -1.99E-0002  7.401E-0003 -6.000E+0001
  26.050 -1.99E-0002  7.420E-0003 -6.000E+0001
  26.100 -1.99E-0002  7.438E-0003 -6.000E+0001
  26.150 -1.99E-0002  7.457E-0003 -6.000E+0001
  26.200 -1.99E-0002  7.475E-0003 -6.000E+0001
  26.250 -1.99E-0002  7.494E-0003 -6.000E+0001
  26.300 -1.99E-0002  7.512E-0003 -6.000E+0001
  26.350 -1.99E-0002  7.530E-0003 -6.000E+0001
  26.400 -1.99E-0002  7.548E-0003 -6.000E+0001
  26.450 -1.99E-0002  7.566E-0003 -6.000E+0001
  26.500 -1.99E-0002  7.584E-0003 -6.000E+0001
  26.550 -1.99E-0002  7.602E-0003 -6.000E+0001
  26.600 -1.99E-0002  7.619E-0003 -6.000E+0001
  26.650 -1.99E-0002  7.637E-0003 -6.000E+0001
  26.700 -1.99E-0002  7.654E-0003 -6.000E+0001
  26.750 -1.99E-0002  7.671E-0003 -6.000E+0001
  26.800 -1.99E-0002  7.689E-0003 -6.000E+0001
  26.850 -1.99E-0002  7.706E-0003 -6.000E+0001
  26.900 -1.99E-0002  7.723E-0003 -6.000E+0001
  26.950 -1.99E-0002  7.740E-0003 -6.000E+0001
  27.000 -1.99E-0002  7.756E-0003 -6.000E+0001
  27.050 -1.99E-0002  7.773E-0003 -6.000E+0001
  27.100 -1.99E-0002  7.790E-0003 -6.000E+0001
  27.150 -1.99E-0002  7.806E-0003 -6.000E+0001
  27.200 -1.99E-0002  7.823E-0003 -6.000E+0001
  27.250 -1.99E-0002  7.839E-0003 -6.000E+0001
  27.300 -1.99E-0002  7.855E-0003 -6.000E+0001
  27.350 -1.99E-0002  7.871E-0003 -6.000E+0001
  27.400 -1.99E-0002  7.887E-0003 -6.000E+0001
  27.450 -1.99E-0002  7.903E-0003 -6.000E+0001
  27.500 -1.99E-0002  7.919E-0003 -6.000E+0001
  27.550 -1.99E-0002  7.935E-0003 -6.000E+0001
  27.600 -1.99E-0002  7.950E-0003 -6.000E+0001
  27.650 -1.99E-0002  7.966E-0003 -6.000E+0001
  27.700 -1.99E-0002  7.981E-0003 -6.000E+0001
  27.750 -1.99E-0002  7.997E-0003 -6.000E+0001
  27.800 -1.99E-0002  8.012E-0003 -6.000E+0001
  27.850 -1.99E-0002  8.027E-0003 -6.000E+0001
  27.900 -1.99E-0002  8.042E-0003 -6.000E+0001
  27.950 -1.99E-0002  8.057E-0003 -6.000E+0001
  28.000 -1.99E-0002  8.072E-0003 -6.000E+0001
  28.050 -1.99E-0002  8.087E-0003 -6.000E+0001
  28.100 -1.99E-0002  8.102E-0003 -6.000E+0001
  28.150 -1.99E-0002  8.117E-0003 -6.000E+0001
  28.200 -1.99E-0002  8.131E-0003 -6.000E+0001
  28.250 -1.99E-0002  8.146E-0003 -6.000E+0001
  28.300 -1.99E-0002  8.160E-0003 -6.000E+0001
  28.350 -1.99E-0002  8.175E-0003 -6.000E+0001
  28.400 -1.99E-0002  8.189E-0003 -6.000E+0001
  28.450 -1.99E-0002  8.203E-0003 -6.000E+0001
  28.500 -1.99E-0002  8.217E-0003 -6.000E+0001
  28.550 -1.99E-0002  8.231E-0003 -6.000E+0001
  28.600 -1.99E-0002  8.245E-0003 -6.000E+0001
  28.650 -1.99E-0002  8.259E-0003 -6.000E+0001
  28.700 -1.99E-0002  8.273E-0003 -6.000E+0001
  28.750 -1.99E-0002  8.286E-0003 -6.000E+0001
  28.800 -1.99E-0002  8.300E-0003 -6.000E+0001
  28.850 -1.99E-0002  8.313E-0003 -6.000E+0001
  28.900 -1.99E-0002  8.327E-0003 -6.000E+0001
  28.950 -1.99E-0002  8.340E-0003 -6.000E+0001
  29.000 -1.99E-0002  8.353E-0003 -6.000E+0001
  29.050 -1.99E-0002  8.367E-0003 -6.000E+0001
  29.100 -1.99E-0002  8.380E-0003 -6.000E+0001
  29.150 -1.99E-0002  8.393E-0003 -6.000E+0001
  29.200 -1.99E-0002  8.406E-0003 -6.000E+0001
  29.250 -1.99E-0002  8.419E-0003 -6.000E+0001
  29.300 -1.99E-0002  8.432E-0003 -6.000E+0001
  29.350 -1.99E-0002  8.444E-0003 -6.000E+0001
  29.400 -1.99E-0002  8.457E-0003 -6.000E+0001
  29.450 -1.99E-0002  8.470E-0003 -6.000E+0001
  29.500 -1.99E-0002  8.482E-0003 -6.000E+0001
  29.550 -1.99E-0002  8.495E-0003 -6.000E+0001
  29.600 -1.99E-0002  8.507E-0003 -6.000E+0001
  29.650 -1.99E-0002  8.519E-0003 -6.000E+0001
  29.700 -1.99E-0002  8.531E-0003 -6.000E+0001
  29.750 -1.99E-0002  8.544E-0003 -6.000E+0001
  29.800 -1.99E-0002  8.556E-0003 -6.000E+0001
  29.850 -1.99E-0002  8.568E-0003 -6.000E+0001
  29.900 -1.99E-0002  8.580E-0003 -6.000E+0001
  29.950 -1.99E-0002  8.592E-0003 -6.000E+0001
  30.000 -1.99E-0002  8.603E-0003 -6.000E+0001
  30.050 -1.99E-0002  8.615E-0003 -6.000E+0001
  30.100 -1.99E-0002  8.627E-0003 -6.000E+0001
  30.150 -1.99E-0002  8.638E-0003 -6.000E+0001
  30.200 -1.99E-0002  8.650E-0003 -6.000E+0001
  30.250 -1.99E-0002  8.661E-0003 -6.000E+0001
  30.300 -1.99E-0002  8.673E-0003 -6.000E+0001
  30.350 -1.99E-0002  8.684E-0003 -6.000E+0001
  30.400 -1.99E-0002  8.695E-0003 -6.000E+0001
  30.450 -1.99E-0002  8.707E-0003 -6.000E+0001
  30.500 -1.99E-0002  8.718E-0003 -6.000E+0001
  30.550 -1.99E-0002  8.729E-0003 -6.000E+0001
  30.600 -1.99E-0002  8.740E-0003 -6.000E+0001
  30.650 -1.99E-0002  8.751E-0003 -6.000E+0001
  30.700 -1.99E-0002  8.762E-0003 -6.000E+0001
  30.750 -1.99E-0002  8.772E-0003 -6.000E+0001
  30.800 -1.99E-0002  8.783E-0003 -6.000E+0001
  30.850 -1.99E-0002  8.794E-0003 -6.000E+0001
  30.900 -1.99E-0002  8.805E-0003 -6.000E+0001
  30.950 -1.99E-0002  8.815E-0003 -6.000E+0001
  31.000 -1.99E-0002  8.826E-0003 -6.000E+0001
  31.050 -1.99E-0002  8.836E-0003 -6.000E+0001
  31.100 -1.99E-0002  8.846E-0003 -6.000E+0001
  31.150 -1.99E-0002  8.857E-0003 -6.000E+0001
  31.200 -1.99E-0002  8.867E-0003 -6.000E+0001
  31.250 -1.99E-0002  8.877E-0003 -6.000E+0001
  31.300 -1.99E-0002  8.887E-0003 -6.000E+0001
  31.350 -1.99E-0002  8.897E-0003 -6.000E+0001
  31.400 -1.99E-0002  8.907E-0003 -6.000E+0001
  31.450 -1.99E-0002  8.917E-0003 -6.000E+0001
  31.500 -1.99E-0002  8.927E-0003 -6.000E+0001
  31.550 -1.99E-0002  8.937E-0003 -6.000E+0001
  31.600 -1.99E-0002  8.947E-0003 -6.000E+0001
  31.650 -1.99E-0002  8.957E-0003 -6.000E+0001
  31.700 -1.99E-0002  8.966E-0003 -6.000E+0001
  31.750 -1.99E-0002  8.976E-0003 -6.000E+0001
  31.800 -1.99E-0002  8.986E-0003 -6.000E+0001
  31.850 -1.99E-0002  8.995E-0003 -6.000E+0001
  31.900 -1.99E-0002  9.004E-0003 -6.000E+0001
  31.950 -1.99E-0002  9.014E-0003 -6.000E+0001
  32.000 -1.99E-0002  9.023E-0003 -6.000E+0001
  32.050 -1.99E-0002  9.033E-0003 -6.000E+0001
  32.100 -1.99E-0002  9.042E-0003 -6.000E+0001
  32.150 -1.99E-0002  9.051E-0003 -6.000E+0001
  32.200 -1.99E-0002  9.060E-0003 -6.000E+0001
  32.250 -1.99E-0002  9.069E-0003 -6.000E+0001
  32.300 -1.99E-0002  9.078E-0003 -6.000E+0001
  32.350 -1.99E-0002  9.087E-0003 -6.000E+0001
  32.400 -1.99E-0002  9.096E-0003 -6.000E+0001
  32.450 -1.99E-0002  9.105E-0003 -6.000E+0001
  32.500 -1.99E-0002  9.114E-0003 -6.000E+0001
  32.550 -1.99E-0002  9.122E-0003 -6.000E+0001
  32.600 -1.99E-0002  9.131E-0003 -6.000E+0001
  32.650 -1.99E-0002  9.140E-0003 -6.000E+0001
  32.700 -1.99E-0002  9.148E-0003 -6.000E+0001
  32.750 -1.99E-0002  9.157E-0003 -6.000E+0001
  32.800 -1.99E-0002  9.165E-0003 -6.000E+0001
  32.850 -1.99E-0002  9.174E-0003 -6.000E+0001
  32.900 -1.99E-0002  9.182E-0003 -6.000E+0001
  32.950 -1.99E-0002  9.191E-0003 -6.000E+0001
  33.000 -1.99E-0002  9.199E-0003 -6.000E+0001
  33.050 -1.99E-0002  9.207E-0003 -6.000E+0001
  33.100 -1.99E-0002  9.215E-0003 -6.000E+0001
  33.150 -1.99E-0002  9.224E-0003 -6.000E+0001
  33.200 -1.99E-0002  9.232E-0003 -6.000E+0001
  33.250 -1.99E-0002  9.240E-0003 -6.000E+0001
  33.300 -1.99E-0002  9.248E-0003 -6.000E+0001
  33.350 -1.99E-0002  9.256E-0003 -6.000E+0001
  33.400 -1.99E-0002  9.264E-0003 -6.000E+0001
  33.450 -1.99E-0002  9.272E-0003 -6.000E+0001
  33.500 -1.99E-0002  9.279E-0003 -6.000E+0001
  33.550 -1.99E-0002  9.287E-0003 -6.000E+0001
  33.600 -1.99E-0002  9.295E-0003 -6.000E+0001
  33.650 -1.99E-0002  9.303E-0003 -6.000E+0001
  33.700 -1.99E-0002  9.310E-0003 -6.000E+0001
  33.750 -1.99E-0002  9.318E-0003 -6.000E+0001
  33.800 -1.99E-0002  9.325E-0003 -6.000E+0001
  33.850 -1.99E-0002  9.333E-0003 -6.000E+0001
  33.900 -1.99E-0002  9.340E-0003 -6.000E+0001
  33.950 -1.99E-0002  9.348E-0003 -6.000E+0001
  34.000 -1.99E-0002  9.355E-0003 -6.000E+0001
  34.050 -1.99E-0002  9.363E-0003 -6.000E+0001
  34.100 -1.99E-0002  9.370E-0003 -6.000E+0001
  34.150 -1.99E-0002  9.377E-0003 -6.000E+0001
  34.200 -1.99E-0002  9.384E-0003 -6.000E+0001
  34.250 -1.99E-0002  9.391E-0003 -6.000E+0001
  34.300 -1.99E-0002  9.399E-0003 -6.000E+0001
  34.350 -1.99E-0002  9.406E-0003 -6.000E+0001
  34.400 -1.99E-0002  9.413E-0003 -6.000E+0001
  34.450 -1.99E-0002  9.420E-0003 -6.000E+0001
  34.500 -1.99E-0002  9.427E-0003 -6.000E+0001
  34.550 -1.99E-0002  9.434E-0003 -6.000E+0001
  34.600 -1.99E-0002  9.440E-0003 -6.000E+0001
  34.650 -1.99E-0002  9.447E-0003 -6.000E+0001
  34.700 -1.99E-0002  9.454E-0003 -6.000E+0001
  34.750 -1.99E-0002  9.461E-0003 -6.000E+0001
  34.800 -1.99E-0002  9.468E-0003 -6.000E+0001
  34.850 -1.99E-0002  9.474E-0003 -6.000E+0001
  34.900 -1.99E-0002  9.481E-0003 -6.000E+0001
  34.950 -1.99E-0002  9.488E-0003 -6.000E+0001
  35.000 -1.99E-0002  9.494E-0003 -6.000E+0001
  35.050 -1.99E-0002  9.501E-0003 -6.000E+0001
  35.100 -1.99E-0002  9.507E-0003 -6.000E+0001
  35.150 -1.99E-0002  9.514E-0003 -6.000E+0001
  35.200 -1.99E-0002  9.520E-0003 -6.000E+0001
  35.250 -1.99E-0002  9.526E-0003 -6.000E+0001
  35.300 -1.99E-0002  9.533E-0003 -6.000E+0001
  35.350 -1.99E-0002  9.539E-0003 -6.000E+0001
  35.400 -1.99E-0002  9.545E-0003 -6.000E+0001
  35.450 -1.99E-0002  9.552E-0003 -6.000E+0001
  35.500 -1.99E-0002  9.558E-0003 -6.000E+0001
  35.550 -1.99E-0002  9.564E-0003 -6.000E+0001
  35.600 -1.99E-0002  9.570E-0003 -6.000E+0001
  35.650 -1.99E-0002  9.576E-0003 -6.000E+0001
  35.700 -1.99E-0002  9.582E-0003 -6.000E+0001
  35.750 -1.99E-0002  9.588E-0003 -6.000E+0001
  35.800 -1.99E-0002  9.594E-0003 -6.000E+0001
  35.850 -1.99E-0002  9.600E-0003 -6.000E+0001
  35.900 -1.99E-0002  9.606E-0003 -6.000E+0001
  35.950 -1.99E-0002  9.612E-0003 -6.000E+0001
  36.000 -1.99E-0002  9.618E-0003 -6.000E+0001
  36.050 -1.99E-0002  9.623E-0003 -6.000E+0001
  36.100 -1.99E-0002  9.629E-0003 -6.000E+0001
  36.150 -1.99E-0002  9.635E-0003 -6.000E+0001
  36.200 -1.99E-0002  9.641E-0003 -6.000E+0001
  36.250 -1.99E-0002  9.646E-0003 -6.000E+0001
  36.300 -1.99E-0002  9.652E-0003 -6.000E+0001
  36.350 -1.99E-0002  9.658E-0003 -6.000E+0001
  36.400 -1.99E-0002  9.663E-0003 -6.000E+0001
  36.450 -1.99E-0002  9.669E-0003 -6.000E+0001
  36.500 -1.99E-0002  9.674E-0003 -6.000E+0001
  36.550 -1.99E-0002  9.680E-0003 -6.000E+0001
  36.600 -1.99E-0002  9.685E-0003 -6.000E+0001
  36.650 -1.99E-0002  9.691E-0003 -6.000E+0001
  36.700 -1.99E-0002  9.696E-0003 -6.000E+0001
  36.750 -1.99E-0002  9.701E-0003 -6.000E+0001
  36.800 -1.99E-0002  9.707E-0003 -6.000E+0001
  36.850 -1.99E-0002  9.712E-0003 -6.000E+0001
  36.900 -1.99E-0002  9.717E-0003 -6.000E+0001
  36.950 -1.99E-0002  9.722E-0003 -6.000E+0001
  37.000 -1.99E-0002  9.728E-0003 -6.000E+0001
  37.050 -1.99E-0002  9.733E-0003 -6.000E+0001
  37.100 -1.99E-0002  9.738E-0003 -6.000E+0001
  37.150 -1.99E-0002  9.743E-0003 -6.000E+0001
  37.200 -1.99E-0002  9.748E-0003 -6.000E+0001
  37.250 -1.99E-0002  9.753E-0003 -6.000E+0001
  37.300 -1.99E-0002  9.758E-0003 -6.000E+0001
  37.350 -1.99E-0002  9.763E-0003 -6.000E+0001
  37.400 -1.99E-0002  9.768E-0003 -6.000E+0001
  37.450 -1.99E-0002  9.773E-0003 -6.000E+0001
  37.500 -1.99E-0002  9.778E-0003 -6.000E+0001
  37.550 -1.99E-0002  9.783E-0003 -6.000E+0001
  37.600 -1.99E-0002  9.787E-0003 -6.000E+0001
  37.650 -1.99E-0002  9.792E-0003 -6.000E+0001
  37.700 -1.99E-0002  9.797E-0003 -6.000E+0001
  37.750 -1.99E-0002  9.802E-0003 -6.000E+0001
  37.800 -1.99E-0002  9.807E-0003 -6.000E+0001
  37.850 -1.99E-0002  9.811E-0003 -6.000E+0001
  37.900 -1.99E-0002  9.816E-0003 -6.000E+0001
  37.950 -1.99E-0002  9.821E-0003 -6.000E+0001
  38.000 -1.99E-0002  9.825E-0003 -6.000E+0001
  38.050 -1.99E-0002  9.830E-0003 -6.000E+0001
  38.100 -1.99E-0002  9.834E-0003 -6.000E+0001
  38.150 -1.99E-0002  9.839E-0003 -6.000E+0001
  38.200 -1.99E-0002  9.843E-0003 -6.000E+0001
  38.250 -1.99E-0002  9.848E-0003 -6.000E+0001
  38.300 -1.99E-0002  9.852E-0003 -6.000E+0001
  38.350 -1.99E-0002  9.857E-0003 -6.000E+0001
  38.400 -1.99E-0002  9.861E-0003 -6.000E+0001
  38.450 -1.99E-0002  9.866E-0003 -6.000E+0001
  38.500 -1.99E-0002  9.870E-0003 -6.000E+0001
  38.550 -1.99E-0002  9.874E-0003 -6.000E+0001
  38.600 -1.99E-0002  9.879E-0003 -6.000E+0001
  38.650 -1.99E-0002  9.883E-0003 -6.000E+0001
  38.700 -1.99E-0002  9.887E-0003 -6.000E+0001
  38.750 -1.99E-0002  9.891E-0003 -6.000E+0001
  38.800 -1.99E-0002  9.895E-0003 -6.000E+0001
  38.850 -1.99E-0002  9.900E-0003 -6.000E+0001
  38.900 -1.99E-0002  9.904E-0003 -6.000E+0001
  38.950 -1.99E-0002  9.908E-0003 -6.000E+0001
  39.000 -1.99E-0002  9.912E-0003 -6.000E+0001
  39.050 -1.99E-0002  9.916E-0003 -6.000E+0001
  39.100 -1.99E-0002  9.920E-0003 -6.000E+0001
  39.150 -1.99E-0002  9.924E-0003 -6.000E+0001
  39.200 -1.99E-0002  9.928E-0003 -6.000E+0001
  39.250 -1.99E-0002  9.932E-0003 -6.000E+0001
  39.300 -1.99E-0002  9.936E-0003 -6.000E+0001
  39.350 -1.99E-0002  9.940E-0003 -6.000E+0001
  39.400 -1.99E-0002  9.944E-0003 -6.000E+0001
  39.450 -1.99E-0002  9.948E-0003 -6.000E+0001
  39.500 -1.99E-0002  9.952E-0003 -6.000E+0001
  39.550 -1.99E-0002  9.956E-0003 -6.000E+0001
  39.600 -1.99E-0002  9.959E-0003 -6.000E+0001
  39.650 -1.99E-0002  9.963E-0003 -6.000E+0001
  39.700 -1.99E-0002  9.967E-0003 -6.000E+0001
  39.750 -1.99E-0002  9.971E-0003 -6.000E+0001
  39.800 -1.99E-0002  9.975E-0003 -6.000E+0001
  39.850 -1.99E-0002  9.978E-0003 -6.000E+0001
  39.900 -1.99E-0002  9.982E-0003 -6.000E+0001
  39.950 -1.99E-0002  9.986E-0003 -6.000E+0001
