   0.050  0.00E+0000  1.060E-0002 -6.000E+0001
   0.100  0.00E+0000  1.060E-0002 -6.000E+0001
   0.150  3.31E-0003  1.060E-0002 -6.000E+0001
   0.200  1.45E-0002  1.060E-0002 -6.000E+0001
   0.250  5.71E-0002  1.060E-0002 -6.000E+0001
   0.300  1.19E-0001  1.060E-0002 -6.000E+0001
   0.350  2.07E-0001  1.060E-0002 -6.000E+0001
   0.400  2.94E-0001  1.060E-0002 -6.000E+0001
   0.450  3.79E-0001  1.060E-0002 -6.000E+0001
   0.500  4.55E-0001  1.060E-0002 -6.000E+0001
   0.550  5.30E-0001  1.060E-0002 -6.000E+0001
   0.600  6.13E-0001  1.060E-0002 -6.000E+0001
   0.650  6.95E-0001  1.060E-0002 -6.000E+0001
   0.700  7.65E-0001  1.060E-0002 -6.000E+0001
   0.750  8.26E-0001  1.060E-0002 -6.000E+0001
   0.800  8.82E-0001  1.060E-0002 -6.000E+0001
   0.850  9.23E-0001  1.060E-0002 -6.000E+0001
   0.900  9.57E-0001  1.060E-0002 -6.000E+0001
   0.950  9.82E-0001  1.060E-0002 -6.000E+0001
   1.000  9.91E-0001  1.060E-0002 -6.000E+0001
   1.050  9.93E-0001  6.175E-0001  2.219E-0015
   1.100  9.93E-0001  2.496E+0000  2.219E-0015
   1.150  9.82E-0001  5.435E+0000  2.219E-0015
   1.200  9.65E-0001  8.944E+0000  2.219E-0015
   1.250  9.47E-0001  1.256E+0001  2.219E-0015
   1.300  9.20E-0001  1.596E+0001  2.219E-0015
   1.350  8.93E-0001  1.895E+0001  2.219E-0015
   1.400  8.59E-0001  2.142E+0001  2.219E-0015
   1.450  8.23E-0001  2.336E+0001  2.219E-0015
   1.500  7.88E-0001  2.479E+0001  2.219E-0015
   1.550  7.55E-0001  2.576E+0001  2.219E-0015
   1.600  7.22E-0001  2.633E+0001  2.219E-0015
   1.650  6.89E-0001  2.656E+0001  2.219E-0015
   1.700  6.56E-0001  2.652E+0001  2.219E-0015
   1.750  6.23E-0001  2.626E+0001  2.219E-0015
   1.800  5.90E-0001  2.583E+0001  2.219E-0015
   1.850  5.59E-0001  2.527E+0001  2.219E-0015
   1.900  5.28E-0001  2.461E+0001  2.219E-0015
   1.950  4.97E-0001  2.388E+0001  2.219E-0015
   2.000  4.71E-0001  2.311E+0001  2.219E-0015
   2.050  4.45E-0001  2.231E+0001  2.219E-0015
   2.100  4.19E-0001  2.149E+0001  2.219E-0015
   2.150  3.93E-0001  2.066E+0001  2.219E-0015
   2.200  3.70E-0001  1.985E+0001  2.219E-0015
   2.250  3.52E-0001  1.904E+0001  2.219E-0015
   2.300  3.33E-0001  1.825E+0001  2.219E-0015
   2.350  3.14E-0001  1.748E+0001  2.219E-0015
   2.400  2.96E-0001  1.674E+0001  2.219E-0015
   2.450  2.79E-0001  1.601E+0001  2.219E-0015
   2.500  2.64E-0001  1.531E+0001  2.219E-0015
   2.550  2.49E-0001  1.464E+0001  2.219E-0015
   2.600  2.35E-0001  1.399E+0001  2.219E-0015
   2.650  2.20E-0001  1.338E+0001  2.219E-0015
   2.700  2.05E-0001  1.278E+0001  2.219E-0015
   2.750  1.91E-0001  1.221E+0001  2.219E-0015
   2.800  1.77E-0001  1.167E+0001  2.219E-0015
   2.850  1.63E-0001  1.115E+0001  2.219E-0015
   2.900  1.50E-0001  1.065E+0001  2.219E-0015
   2.950  1.38E-0001  1.018E+0001  2.219E-0015
   3.000  1.26E-0001  9.726E+0000  2.219E-0015
   3.050  1.14E-0001  9.293E+0000  2.219E-0015
   3.100  1.03E-0001  8.879E+0000  2.219E-0015
   3.150  9.12E-0002  8.484E+0000  2.219E-0015
   3.200  7.95E-0002  8.108E+0000  2.219E-0015
   3.250  7.28E-0002  7.748E+0000  2.219E-0015
   3.300  6.62E-0002  7.406E+0000  2.219E-0015
   3.350  5.96E-0002  7.079E+0000  2.219E-0015
   3.400  5.30E-0002  6.767E+0000  2.219E-0015
   3.450  4.60E-0002  6.470E+0000  2.219E-0015
   3.500  3.90E-0002  6.186E+0000  2.219E-0015
   3.550  3.21E-0002  5.916E+0000  2.219E-0015
   3.600  2.53E-0002  5.658E+0000  2.219E-0015
   3.650  1.94E-0002  5.412E+0000  2.219E-0015
   3.700  1.34E-0002  5.178E+0000  2.219E-0015
   3.750  7.57E-0003  4.955E+0000  2.219E-0015
   3.800  1.66E-0003  4.742E+0000  2.219E-0015
   3.850 -4.26E-0003  4.538E+0000  2.219E-0015
   3.900 -7.62E-0003  4.345E+0000  2.219E-0015
   3.950 -9.27E-0003  4.160E+0000  2.219E-0015
   4.000 -1.09E-0002  3.984E+0000  2.219E-0015
   4.050 -1.25E-0002  3.816E+0000  2.219E-0015
   4.100 -1.26E-0002  3.656E+0000  2.219E-0015
   4.150 -1.16E-0002  3.504E+0000  2.219E-0015
   4.200 -1.06E-0002  3.359E+0000  2.219E-0015
   4.250 -9.63E-0003  3.220E+0000  2.219E-0015
   4.300 -8.63E-0003  3.088E+0000  2.219E-0015
   4.350 -7.63E-0003  2.962E+0000  2.219E-0015
   4.400 -6.62E-0003  2.842E+0000  2.219E-0015
   4.450 -6.78E-0003  2.727E+0000  2.219E-0015
   4.500 -6.93E-0003  2.618E+0000  2.219E-0015
   4.550 -7.08E-0003  2.514E+0000  2.219E-0015
   4.600 -7.24E-0003  2.415E+0000  2.219E-0015
   4.650 -7.39E-0003  2.321E+0000  2.219E-0015
   4.700 -7.54E-0003  2.230E+0000  2.219E-0015
   4.750 -7.70E-0003  2.144E+0000  2.219E-0015
   4.800 -7.85E-0003  2.063E+0000  2.219E-0015
   4.850 -8.00E-0003  1.984E+0000  2.219E-0015
   4.900 -8.16E-0003  1.910E+0000  2.219E-0015
   4.950 -8.31E-0003  1.839E+0000  2.219E-0015
   5.000 -8.46E-0003  1.771E+0000  2.219E-0015
   5.050 -8.62E-0003  1.707E+0000  2.219E-0015
   5.100 -8.77E-0003  1.645E+0000  2.219E-0015
   5.150 -8.92E-0003  1.587E+0000  2.219E-0015
   5.200 -9.08E-0003  1.531E+0000  2.219E-0015
   5.250 -9.23E-0003  1.478E+0000  2.219E-0015
   5.300 -9.38E-0003  1.427E+0000  2.219E-0015
   5.350 -9.54E-0003  1.378E+0000  2.219E-0015
   5.400 -9.69E-0003  1.332E+0000  2.219E-0015
   5.450 -9.84E-0003  1.288E+0000  2.219E-0015
   5.500 -1.00E-0002  1.246E+0000  2.219E-0015
   5.550 -1.01E-0002  1.206E+0000  2.219E-0015
   5.600 -1.03E-0002  1.168E+0000  2.219E-0015
   5.650 -1.04E-0002  1.132E+0000  2.219E-0015
   5.700 -1.06E-0002  1.097E+0000  2.219E-0015
   5.750 -1.07E-0002  1.064E+0000  2.219E-0015
   5.800 -1.09E-0002  1.033E+0000  2.219E-0015
   5.850 -1.10E-0002  1.003E+0000  2.219E-0015
   5.900 -1.12E-0002  9.739E-0001  2.219E-0015
   5.950 -1.13E-0002  9.466E-0001  2.219E-0015
   6.000 -1.15E-0002  9.206E-0001  2.219E-0015
   6.050 -1.16E-0002  8.958E-0001  2.219E-0015
   6.100 -1.18E-0002  8.722E-0001  2.219E-0015
   6.150 -1.19E-0002  8.496E-0001  2.219E-0015
   6.200 -1.21E-0002  8.282E-0001  2.219E-0015
   6.250 -1.22E-0002  8.077E-0001  2.219E-0015
   6.300 -1.24E-0002  7.882E-0001  2.219E-0015
   6.350 -1.26E-0002  7.695E-0001  2.219E-0015
   6.400 -1.27E-0002  7.518E-0001  2.219E-0015
   6.450 -1.29E-0002  7.349E-0001  2.219E-0015
   6.500 -1.30E-0002  7.188E-0001  2.219E-0015
   6.550 -1.32E-0002  7.034E-0001  2.219E-0015
   6.600 -1.33E-0002  6.887E-0001  2.219E-0015
   6.650 -1.35E-0002  6.747E-0001  2.219E-0015
   6.700 -1.36E-0002  6.614E-0001  2.219E-0015
   6.750 -1.38E-0002  6.487E-0001  2.219E-0015
   6.800 -1.39E-0002  6.366E-0001  2.219E-0015
   6.850 -1.41E-0002  6.251E-0001  2.219E-0015
   6.900 -1.42E-0002  6.141E-0001  2.219E-0015
   6.950 -1.44E-0002  6.036E-0001  2.219E-0015
   7.000 -1.45E-0002  5.936E-0001  2.219E-0015
   7.050 -1.47E-0002  5.841E-0001  2.219E-0015
   7.100 -1.49E-0002  5.750E-0001  2.219E-0015
   7.150 -1.50E-0002  5.663E-0001  2.219E-0015
   7.200 -1.52E-0002  5.581E-0001  2.219E-0015
   7.250 -1.53E-0002  5.502E-0001  2.219E-0015
   7.300 -1.55E-0002  5.427E-0001  2.219E-0015
   7.350 -1.57E-0002  5.355E-0001  2.219E-0015
   7.400 -1.58E-0002  5.287E-0001  2.219E-0015
   7.450 -1.60E-0002  5.222E-0001  2.219E-0015
   7.500 -1.61E-0002  5.160E-0001  2.219E-0015
   7.550 -1.63E-0002  5.101E-0001  2.219E-0015
   7.600 -1.64E-0002  5.045E-0001  2.219E-0015
   7.650 -1.66E-0002  4.991E-0001  2.219E-0015
   7.700 -1.67E-0002  4.940E-0001  2.219E-0015
   7.750 -1.69E-0002  4.891E-0001  2.219E-0015
   7.800 -1.70E-0002  4.844E-0001  2.219E-0015
   7.850 -1.72E-0002  4.800E-0001  2.219E-0015
   7.900 -1.74E-0002  4.758E-0001  2.219E-0015
   7.950 -1.75E-0002  4.717E-0001  2.219E-0015
   8.000 -1.77E-0002  4.679E-0001  2.219E-0015
   8.050 -1.78E-0002  4.642E-0001  2.219E-0015
   8.100 -1.80E-0002  4.607E-0001  2.219E-0015
   8.150 -1.81E-0002  4.574E-0001  2.219E-0015
   8.200 -1.83E-0002  4.542E-0001  2.219E-0015
   8.250 -1.84E-0002  4.512E-0001  2.219E-0015
   8.300 -1.86E-0002  4.483E-0001  2.219E-0015
   8.350 -1.87E-0002  4.456E-0001  2.219E-0015
   8.400 -1.89E-0002  4.429E-0001  2.219E-0015
   8.450 -1.90E-0002  4.404E-0001  2.219E-0015
   8.500 -1.92E-0002  4.381E-0001  2.219E-0015
   8.550 -1.93E-0002  4.358E-0001  2.219E-0015
   8.600 -1.95E-0002  4.336E-0001  2.219E-0015
   8.650 -1.97E-0002  4.316E-0001  2.219E-0015
   8.700 -1.98E-0002  4.296E-0001  2.219E-0015
   8.750 -2.00E-0002  4.277E-0001  2.219E-0015
   8.800 -2.01E-0002  4.259E-0001  2.219E-0015
   8.850 -2.03E-0002  4.242E-0001  2.219E-0015
   8.900 -2.04E-0002  4.226E-0001  2.219E-0015
   8.950 -2.06E-0002  4.210E-0001  2.219E-0015
   9.000 -2.07E-0002  4.196E-0001  2.219E-0015
   9.050 -2.09E-0002  4.182E-0001  2.219E-0015
   9.100 -2.10E-0002  4.168E-0001  2.219E-0015
   9.150 -2.12E-0002  4.155E-0001  2.219E-0015
   9.200 -2.13E-0002  4.143E-0001  2.219E-0015
   9.250 -2.15E-0002  4.132E-0001  2.219E-0015
   9.300 -2.16E-0002  4.120E-0001  2.219E-0015
   9.350 -2.18E-0002  4.110E-0001  2.219E-0015
   9.400 -2.20E-0002  4.100E-0001  2.219E-0015
   9.450 -2.21E-0002  4.090E-0001  2.219E-0015
   9.500 -2.23E-0002  4.081E-0001  2.219E-0015
   9.550 -2.24E-0002  4.072E-0001  2.219E-0015
   9.600 -2.26E-0002  4.064E-0001  2.219E-0015
   9.650 -2.27E-0002  4.056E-0001  2.219E-0015
   9.700 -2.29E-0002  4.048E-0001  2.219E-0015
   9.750 -2.30E-0002  4.041E-0001  2.219E-0015
   9.800 -2.32E-0002  4.034E-0001  2.219E-0015
   9.850 -2.33E-0002  4.028E-0001  2.219E-0015
   9.900 -2.35E-0002  4.022E-0001  2.219E-0015
   9.950 -2.36E-0002  4.016E-0001  2.219E-0015
  10.000 -2.38E-0002  4.010E-0001  2.219E-0015
  10.050 -2.39E-0002  4.005E-0001  2.219E-0015
  10.100 -2.41E-0002  3.999E-0001  2.219E-0015
  10.150 -2.43E-0002  3.994E-0001  2.219E-0015
  10.200 -2.44E-0002  3.990E-0001  2.219E-0015
  10.250 -2.46E-0002  3.985E-0001  2.219E-0015
  10.300 -2.47E-0002  3.981E-0001  2.219E-0015
  10.350 -2.49E-0002  3.977E-0001  2.219E-0015
  10.400 -2.50E-0002  3.973E-0001  2.219E-0015
  10.450 -2.52E-0002  3.969E-0001  2.219E-0015
  10.500 -2.53E-0002  3.966E-0001  2.219E-0015
  10.550 -2.55E-0002  3.962E-0001  2.219E-0015
  10.600 -2.56E-0002  3.959E-0001  2.219E-0015
  10.650 -2.58E-0002  3.956E-0001  2.219E-0015
  10.700 -2.59E-0002  3.953E-0001  2.219E-0015
  10.750 -2.61E-0002  3.951E-0001  2.219E-0015
  10.800 -2.62E-0002  3.948E-0001  2.219E-0015
  10.850 -2.64E-0002  3.945E-0001  2.219E-0015
  10.900 -2.66E-0002  3.943E-0001  2.219E-0015
  10.950 -2.67E-0002  3.941E-0001  2.219E-0015
  11.000 -2.69E-0002  3.939E-0001  2.219E-0015
  11.050 -2.70E-0002  3.936E-0001  2.219E-0015
  11.100 -2.72E-0002  3.934E-0001  2.219E-0015
  11.150 -2.73E-0002  3.933E-0001  2.219E-0015
  11.200 -2.75E-0002  3.931E-0001  2.219E-0015
  11.250 -2.76E-0002  3.929E-0001  2.219E-0015
  11.300 -2.78E-0002  3.927E-0001  2.219E-0015
  11.350 -2.79E-0002  3.926E-0001  2.219E-0015
  11.400 -2.81E-0002  3.924E-0001  2.219E-0015
  11.450 -2.82E-0002  3.923E-0001  2.219E-0015
  11.500 -2.84E-0002  3.922E-0001  2.219E-0015
  11.550 -2.85E-0002  3.920E-0001  2.219E-0015
  11.600 -2.87E-0002  3.919E-0001  2.219E-0015
  11.650 -2.89E-0002  3.918E-0001  2.219E-0015
  11.700 -2.90E-0002  3.917E-0001  2.219E-0015
  11.750 -2.92E-0002  3.916E-0001  2.219E-0015
  11.800 -2.93E-0002  3.915E-0001  2.219E-0015
  11.850 -2.95E-0002  3.914E-0001  2.219E-0015
  11.900 -2.96E-0002  3.913E-0001  2.219E-0015
  11.950 -2.98E-0002  3.912E-0001  2.219E-0015
  12.000 -2.99E-0002  3.911E-0001  2.219E-0015
  12.050 -3.01E-0002  3.910E-0001  2.219E-0015
  12.100 -3.02E-0002  3.910E-0001  2.219E-0015
  12.150 -3.04E-0002  3.909E-0001  2.219E-0015
  12.200 -3.05E-0002  3.908E-0001  2.219E-0015
  12.250 -3.07E-0002  3.907E-0001  2.219E-0015
  12.300 -3.08E-0002  3.907E-0001  2.219E-0015
  12.350 -3.10E-0002  3.906E-0001  2.219E-0015
  12.400 -3.12E-0002  3.906E-0001  2.219E-0015
  12.450 -3.13E-0002  3.905E-0001  2.219E-0015
  12.500 -3.15E-0002  3.905E-0001  2.219E-0015
  12.550 -3.16E-0002  3.904E-0001  2.219E-0015
  12.600 -3.18E-0002  3.904E-0001  2.219E-0015
  12.650 -3.19E-0002  3.903E-0001  2.219E-0015
  12.700 -3.21E-0002  3.903E-0001  2.219E-0015
  12.750 -3.22E-0002  3.902E-0001  2.219E-0015
  12.800 -3.24E-0002  3.902E-0001  2.219E-0015
  12.850 -3.25E-0002  3.902E-0001  2.219E-0015
  12.900 -3.27E-0002  3.901E-0001  2.219E-0015
  12.950 -3.28E-0002  3.901E-0001  2.219E-0015
  13.000 -3.30E-0002  3.901E-0001  2.219E-0015
  13.050 -3.31E-0002  3.900E-0001  2.219E-0015
  13.100 -3.33E-0002  3.900E-0001  2.219E-0015
  13.150 -3.34E-0002  3.900E-0001  2.219E-0015
  13.200 -3.36E-0002  3.899E-0001  2.219E-0015
  13.250 -3.38E-0002  3.899E-0001  2.219E-0015
  13.300 -3.39E-0002  3.899E-0001  2.219E-0015
  13.350 -3.41E-0002  3.899E-0001  2.219E-0015
  13.400 -3.42E-0002  3.898E-0001  2.219E-0015
  13.450 -3.44E-0002  3.898E-0001  2.219E-0015
  13.500 -3.45E-0002  3.898E-0001  2.219E-0015
  13.550 -3.47E-0002  3.898E-0001  2.219E-0015
  13.600 -3.48E-0002  3.898E-0001  2.219E-0015
  13.650 -3.50E-0002  3.897E-0001  2.219E-0015
  13.700 -3.51E-0002  3.897E-0001  2.219E-0015
  13.750 -3.53E-0002  3.897E-0001  2.219E-0015
  13.800 -3.54E-0002  3.897E-0001  2.219E-0015
  13.850 -3.56E-0002  3.897E-0001  2.219E-0015
  13.900 -3.57E-0002  3.897E-0001  2.219E-0015
  13.950 -3.59E-0002  3.897E-0001  2.219E-0015
  14.000 -3.61E-0002  3.896E-0001  2.219E-0015
  14.050 -3.62E-0002  3.896E-0001  2.219E-0015
  14.100 -3.64E-0002  3.896E-0001  2.219E-0015
  14.150 -3.65E-0002  3.896E-0001  2.219E-0015
  14.200 -3.67E-0002  3.896E-0001  2.219E-0015
  14.250 -3.68E-0002  3.896E-0001  2.219E-0015
  14.300 -3.70E-0002  3.896E-0001  2.219E-0015
  14.350 -3.71E-0002  3.896E-0001  2.219E-0015
  14.400 -3.73E-0002  3.896E-0001  2.219E-0015
  14.450 -3.74E-0002  3.896E-0001  2.219E-0015
  14.500 -3.76E-0002  3.896E-0001  2.219E-0015
  14.550 -3.77E-0002  3.895E-0001  2.219E-0015
  14.600 -3.79E-0002  3.895E-0001  2.219E-0015
  14.650 -3.80E-0002  3.895E-0001  2.219E-0015
  14.700 -3.82E-0002  3.895E-0001  2.219E-0015
  14.750 -3.84E-0002  3.895E-0001  2.219E-0015
  14.800 -3.85E-0002  3.895E-0001  2.219E-0015
  14.850 -3.87E-0002  3.895E-0001  2.219E-0015
  14.900 -3.88E-0002  3.895E-0001  2.219E-0015
  14.950 -3.90E-0002  3.895E-0001  2.219E-0015
  15.000 -3.91E-0002  3.895E-0001  2.219E-0015
  15.050 -3.93E-0002  3.895E-0001  2.219E-0015
  15.100 -3.94E-0002  3.895E-0001  2.219E-0015
  15.150 -3.96E-0002  3.895E-0001  2.219E-0015
  15.200 -3.97E-0002  3.895E-0001  2.219E-0015
  15.250 -3.99E-0002  3.895E-0001  2.219E-0015
  15.300 -4.00E-0002  3.895E-0001  2.219E-0015
  15.350 -4.02E-0002  3.895E-0001  2.219E-0015
  15.400 -4.03E-0002  3.895E-0001  2.219E-0015
  15.450 -4.05E-0002  3.895E-0001  2.219E-0015
  15.500 -4.07E-0002  3.895E-0001  2.219E-0015
  15.550 -4.08E-0002  3.895E-0001  2.219E-0015
  15.600 -4.10E-0002  3.894E-0001  2.219E-0015
  15.650 -4.11E-0002  3.894E-0001  2.219E-0015
  15.700 -4.13E-0002  3.894E-0001  2.219E-0015
  15.750 -4.14E-0002  3.894E-0001  2.219E-0015
  15.800 -4.16E-0002  3.894E-0001  2.219E-0015
  15.850 -4.17E-0002  3.894E-0001  2.219E-0015
  15.900 -4.19E-0002  3.894E-0001  2.219E-0015
  15.950 -4.20E-0002  3.894E-0001  2.219E-0015
  16.000 -4.22E-0002  3.894E-0001  2.219E-0015
  16.050 -4.23E-0002  4.192E-0001 -6.000E+0001
  16.100 -4.25E-0002  3.462E-0001 -6.000E+0001
  16.150 -4.26E-0002  2.576E-0001 -6.000E+0001
  16.200 -4.28E-0002  1.822E-0001 -6.000E+0001
  16.250 -4.30E-0002  1.255E-0001 -6.000E+0001
  16.300 -4.31E-0002  8.549E-0002 -6.000E+0001
  16.350 -4.33E-0002  5.816E-0002 -6.000E+0001
  16.400 -4.34E-0002  3.981E-0002 -6.000E+0001
  16.450 -4.36E-0002  2.758E-0002 -6.000E+0001
  16.500 -4.37E-0002  1.943E-0002 -6.000E+0001
  16.550 -4.39E-0002  1.398E-0002 -6.000E+0001
  16.600 -4.40E-0002  1.031E-0002 -6.000E+0001
  16.650 -4.42E-0002  7.810E-0003 -6.000E+0001
  16.700 -4.43E-0002  6.085E-0003 -6.000E+0001
  16.750 -4.45E-0002  4.879E-0003 -6.000E+0001
  16.800 -4.46E-0002  4.026E-0003 -6.000E+0001
  16.850 -4.48E-0002  3.415E-0003 -6.000E+0001
  16.900 -4.49E-0002  2.974E-0003 -6.000E+0001
  16.950 -4.51E-0002  2.652E-0003 -6.000E+0001
  17.000 -4.53E-0002  2.417E-0003 -6.000E+0001
  17.050 -4.54E-0002  2.246E-0003 -6.000E+0001
  17.100 -4.56E-0002  2.122E-0003 -6.000E+0001
  17.150 -4.57E-0002  2.034E-0003 -6.000E+0001
  17.200 -4.59E-0002  1.974E-0003 -6.000E+0001
  17.250 -4.60E-0002  1.935E-0003 -6.000E+0001
  17.300 -4.62E-0002  1.913E-0003 -6.000E+0001
  17.350 -4.63E-0002  1.904E-0003 -6.000E+0001
  17.400 -4.65E-0002  1.906E-0003 -6.000E+0001
  17.450 -4.66E-0002  1.917E-0003 -6.000E+0001
  17.500 -4.68E-0002  1.934E-0003 -6.000E+0001
  17.550 -4.69E-0002  1.957E-0003 -6.000E+0001
  17.600 -4.71E-0002  1.985E-0003 -6.000E+0001
  17.650 -4.72E-0002  2.017E-0003 -6.000E+0001
  17.700 -4.74E-0002  2.051E-0003 -6.000E+0001
  17.750 -4.76E-0002  2.089E-0003 -6.000E+0001
  17.800 -4.77E-0002  2.128E-0003 -6.000E+0001
  17.850 -4.79E-0002  2.168E-0003 -6.000E+0001
  17.900 -4.80E-0002  2.210E-0003 -6.000E+0001
  17.950 -4.82E-0002  2.253E-0003 -6.000E+0001
  18.000 -4.83E-0002  2.297E-0003 -6.000E+0001
  18.050 -4.85E-0002  2.342E-0003 -6.000E+0001
  18.100 -4.86E-0002  2.386E-0003 -6.000E+0001
  18.150 -4.88E-0002  2.432E-0003 -6.000E+0001
  18.200 -4.89E-0002  2.477E-0003 -6.000E+0001
  18.250 -4.91E-0002  2.523E-0003 -6.000E+0001
  18.300 -4.92E-0002  2.569E-0003 -6.000E+0001
  18.350 -4.94E-0002  2.614E-0003 -6.000E+0001
  18.400 -4.95E-0002  2.660E-0003 -6.000E+0001
  18.450 -4.97E-0002  2.706E-0003 -6.000E+0001
  18.500 -4.99E-0002  2.751E-0003 -6.000E+0001
  18.550 -5.00E-0002  2.796E-0003 -6.000E+0001
  18.600 -5.02E-0002  2.842E-0003 -6.000E+0001
  18.650 -5.03E-0002  2.887E-0003 -6.000E+0001
  18.700 -5.05E-0002  2.932E-0003 -6.000E+0001
  18.750 -5.06E-0002  2.976E-0003 -6.000E+0001
  18.800 -5.08E-0002  3.021E-0003 -6.000E+0001
  18.850 -5.09E-0002  3.065E-0003 -6.000E+0001
  18.900 -5.11E-0002  3.109E-0003 -6.000E+0001
  18.950 -5.12E-0002  3.153E-0003 -6.000E+0001
  19.000 -5.14E-0002  3.196E-0003 -6.000E+0001
  19.050 -5.15E-0002  3.239E-0003 -6.000E+0001
  19.100 -5.17E-0002  3.283E-0003 -6.000E+0001
  19.150 -5.18E-0002  3.325E-0003 -6.000E+0001
  19.200 -5.20E-0002  3.368E-0003 -6.000E+0001
  19.250 -5.22E-0002  3.410E-0003 -6.000E+0001
  19.300 -5.23E-0002  3.452E-0003 -6.000E+0001
  19.350 -5.25E-0002  3.494E-0003 -6.000E+0001
  19.400 -5.26E-0002  3.536E-0003 -6.000E+0001
  19.450 -5.28E-0002  3.577E-0003 -6.000E+0001
  19.500 -5.29E-0002  3.618E-0003 -6.000E+0001
  19.550 -5.31E-0002  3.659E-0003 -6.000E+0001
  19.600 -5.32E-0002  3.700E-0003 -6.000E+0001
  19.650 -5.34E-0002  3.740E-0003 -6.000E+0001
  19.700 -5.35E-0002  3.781E-0003 -6.000E+0001
  19.750 -5.37E-0002  3.821E-0003 -6.000E+0001
  19.800 -5.38E-0002  3.860E-0003 -6.000E+0001
  19.850 -5.40E-0002  3.900E-0003 -6.000E+0001
  19.900 -5.41E-0002  3.939E-0003 -6.000E+0001
  19.950 -5.43E-0002  3.978E-0003 -6.000E+0001
  20.000 -5.45E-0002  4.017E-0003 -6.000E+0001
  20.050 -5.46E-0002  4.056E-0003 -6.000E+0001
  20.100 -5.48E-0002  4.094E-0003 -6.000E+0001
  20.150 -5.49E-0002  4.132E-0003 -6.000E+0001
  20.200 -5.51E-0002  4.170E-0003 -6.000E+0001
  20.250 -5.52E-0002  4.208E-0003 -6.000E+0001
  20.300 -5.54E-0002  4.245E-0003 -6.000E+0001
  20.350 -5.55E-0002  4.282E-0003 -6.000E+0001
  20.400 -5.57E-0002  4.319E-0003 -6.000E+0001
  20.450 -5.58E-0002  4.356E-0003 -6.000E+0001
  20.500 -5.60E-0002  4.393E-0003 -6.000E+0001
  20.550 -5.61E-0002  4.429E-0003 -6.000E+0001
  20.600 -5.63E-0002  4.465E-0003 -6.000E+0001
  20.650 -5.64E-0002  4.501E-0003 -6.000E+0001
  20.700 -5.66E-0002  4.537E-0003 -6.000E+0001
  20.750 -5.68E-0002  4.573E-0003 -6.000E+0001
  20.800 -5.69E-0002  4.608E-0003 -6.000E+0001
  20.850 -5.71E-0002  4.643E-0003 -6.000E+0001
  20.900 -5.72E-0002  4.678E-0003 -6.000E+0001
  20.950 -5.74E-0002  4.713E-0003 -6.000E+0001
  21.000 -5.75E-0002  4.747E-0003 -6.000E+0001
  21.050 -5.77E-0002  4.782E-0003 -6.000E+0001
  21.100 -5.78E-0002  4.816E-0003 -6.000E+0001
  21.150 -5.80E-0002  4.850E-0003 -6.000E+0001
  21.200 -5.81E-0002  4.883E-0003 -6.000E+0001
  21.250 -5.83E-0002  4.917E-0003 -6.000E+0001
  21.300 -5.84E-0002  4.950E-0003 -6.000E+0001
  21.350 -5.86E-0002  4.983E-0003 -6.000E+0001
  21.400 -5.87E-0002  5.016E-0003 -6.000E+0001
  21.450 -5.89E-0002  5.049E-0003 -6.000E+0001
  21.500 -5.91E-0002  5.082E-0003 -6.000E+0001
  21.550 -5.92E-0002  5.114E-0003 -6.000E+0001
  21.600 -5.94E-0002  5.146E-0003 -6.000E+0001
  21.650 -5.95E-0002  5.178E-0003 -6.000E+0001
  21.700 -5.97E-0002  5.210E-0003 -6.000E+0001
  21.750 -5.98E-0002  5.242E-0003 -6.000E+0001
  21.800 -6.00E-0002  5.273E-0003 -6.000E+0001
  21.850 -6.01E-0002  5.304E-0003 -6.000E+0001
  21.900 -6.03E-0002  5.335E-0003 -6.000E+0001
  21.950 -6.04E-0002  5.366E-0003 -6.000E+0001
  22.000 -6.06E-0002  5.397E-0003 -6.000E+0001
  22.050 -6.07E-0002  5.427E-0003 -6.000E+0001
  22.100 -6.09E-0002  5.458E-0003 -6.000E+0001
  22.150 -6.10E-0002  5.488E-0003 -6.000E+0001
  22.200 -6.12E-0002  5.518E-0003 -6.000E+0001
  22.250 -6.14E-0002  5.548E-0003 -6.000E+0001
  22.300 -6.15E-0002  5.577E-0003 -6.000E+0001
  22.350 -6.17E-0002  5.607E-0003 -6.000E+0001
  22.400 -6.18E-0002  5.636E-0003 -6.000E+0001
  22.450 -6.20E-0002  5.665E-0003 -6.000E+0001
  22.500 -6.21E-0002  5.694E-0003 -6.000E+0001
  22.550 -6.23E-0002  5.723E-0003 -6.000E+0001
  22.600 -6.24E-0002  5.751E-0003 -6.000E+0001
  22.650 -6.26E-0002  5.780E-0003 -6.000E+0001
  22.700 -6.27E-0002  5.808E-0003 -6.000E+0001
  22.750 -6.29E-0002  5.836E-0003 -6.000E+0001
  22.800 -6.30E-0002  5.864E-0003 -6.000E+0001
  22.850 -6.32E-0002  5.892E-0003 -6.000E+0001
  22.900 -6.33E-0002  5.920E-0003 -6.000E+0001
  22.950 -6.35E-0002  5.947E-0003 -6.000E+0001
  23.000 -6.36E-0002  5.974E-0003 -6.000E+0001
  23.050 -6.38E-0002  6.001E-0003 -6.000E+0001
  23.100 -6.40E-0002  6.028E-0003 -6.000E+0001
  23.150 -6.41E-0002  6.055E-0003 -6.000E+0001
  23.200 -6.43E-0002  6.082E-0003 -6.000E+0001
  23.250 -6.44E-0002  6.108E-0003 -6.000E+0001
  23.300 -6.46E-0002  6.135E-0003 -6.000E+0001
  23.350 -6.47E-0002  6.161E-0003 -6.000E+0001
  23.400 -6.49E-0002  6.187E-0003 -6.000E+0001
  23.450 -6.50E-0002  6.213E-0003 -6.000E+0001
  23.500 -6.52E-0002  6.239E-0003 -6.000E+0001
  23.550 -6.53E-0002  6.264E-0003 -6.000E+0001
  23.600 -6.55E-0002  6.290E-0003 -6.000E+0001
  23.650 -6.56E-0002  6.315E-0003 -6.000E+0001
  23.700 -6.58E-0002  6.340E-0003 -6.000E+0001
  23.750 -6.59E-0002  6.365E-0003 -6.000E+0001
  23.800 -6.61E-0002  6.390E-0003 -6.000E+0001
  23.850 -6.63E-0002  6.415E-0003 -6.000E+0001
  23.900 -6.64E-0002  6.439E-0003 -6.000E+0001
  23.950 -6.66E-0002  6.464E-0003 -6.000E+0001
  24.000 -6.67E-0002  6.488E-0003 -6.000E+0001
  24.050 -6.69E-0002  6.512E-0003 -6.000E+0001
  24.100 -6.70E-0002  6.536E-0003 -6.000E+0001
  24.150 -6.72E-0002  6.560E-0003 -6.000E+0001
  24.200 -6.73E-0002  6.584E-0003 -6.000E+0001
  24.250 -6.75E-0002  6.607E-0003 -6.000E+0001
  24.300 -6.76E-0002  6.631E-0003 -6.000E+0001
  24.350 -6.78E-0002  6.654E-0003 -6.000E+0001
  24.400 -6.79E-0002  6.677E-0003 -6.000E+0001
  24.450 -6.81E-0002  6.700E-0003 -6.000E+0001
  24.500 -6.82E-0002  6.723E-0003 -6.000E+0001
  24.550 -6.84E-0002  6.746E-0003 -6.000E+0001
  24.600 -6.86E-0002  6.768E-0003 -6.000E+0001
  24.650 -6.87E-0002  6.791E-0003 -6.000E+0001
  24.700 -6.89E-0002  6.813E-0003 -6.000E+0001
  24.750 -6.90E-0002  6.835E-0003 -6.000E+0001
  24.800 -6.92E-0002  6.857E-0003 -6.000E+0001
  24.850 -6.93E-0002  6.879E-0003 -6.000E+0001
  24.900 -6.95E-0002  6.901E-0003 -6.000E+0001
  24.950 -6.96E-0002  6.923E-0003 -6.000E+0001
  25.000 -6.98E-0002  6.944E-0003 -6.000E+0001
  25.050 -6.99E-0002  6.966E-0003 -6.000E+0001
  25.100 -7.01E-0002  6.987E-0003 -6.000E+0001
  25.150 -7.02E-0002  7.008E-0003 -6.000E+0001
  25.200 -7.04E-0002  7.030E-0003 -6.000E+0001
  25.250 -7.05E-0002  7.050E-0003 -6.000E+0001
  25.300 -7.07E-0002  7.071E-0003 -6.000E+0001
  25.350 -7.09E-0002  7.092E-0003 -6.000E+0001
  25.400 -7.10E-0002  7.113E-0003 -6.000E+0001
  25.450 -7.12E-0002  7.133E-0003 -6.000E+0001
  25.500 -7.13E-0002  7.153E-0003 -6.000E+0001
  25.550 -7.15E-0002  7.174E-0003 -6.000E+0001
  25.600 -7.16E-0002  7.194E-0003 -6.000E+0001
  25.650 -7.18E-0002  7.214E-0003 -6.000E+0001
  25.700 -7.19E-0002  7.234E-0003 -6.000E+0001
  25.750 -7.21E-0002  7.253E-0003 -6.000E+0001
  25.800 -7.22E-0002  7.273E-0003 -6.000E+0001
  25.850 -7.24E-0002  7.293E-0003 -6.000E+0001
  25.900 -7.25E-0002  7.312E-0003 -6.000E+0001
  25.950 -7.27E-0002  7.331E-0003 -6.000E+0001
  26.000 -7.28E-0002  7.350E-0003 -6.000E+0001
  26.050 -7.30E-0002  7.370E-0003 -6.000E+0001
  26.100 -7.32E-0002  7.389E-0003 -6.000E+0001
  26.150 -7.33E-0002  7.407E-0003 -6.000E+0001
  26.200 -7.35E-0002  7.426E-0003 -6.000E+0001
  26.250 -7.36E-0002  7.445E-0003 -6.000E+0001
  26.300 -7.38E-0002  7.463E-0003 -6.000E+0001
  26.350 -7.39E-0002  7.482E-0003 -6.000E+0001
  26.400 -7.41E-0002  7.500E-0003 -6.000E+0001
  26.450 -7.42E-0002  7.518E-0003 -6.000E+0001
  26.500 -7.44E-0002  7.536E-0003 -6.000E+0001
  26.550 -7.45E-0002  7.554E-0003 -6.000E+0001
  26.600 -7.47E-0002  7.572E-0003 -6.000E+0001
  26.650 -7.48E-0002  7.590E-0003 -6.000E+0001
  26.700 -7.50E-0002  7.608E-0003 -6.000E+0001
  26.750 -7.51E-0002  7.625E-0003 -6.000E+0001
  26.800 -7.53E-0002  7.643E-0003 -6.000E+0001
  26.850 -7.55E-0002  7.660E-0003 -6.000E+0001
  26.900 -7.56E-0002  7.677E-0003 -6.000E+0001
  26.950 -7.58E-0002  7.694E-0003 -6.000E+0001
  27.000 -7.59E-0002  7.712E-0003 -6.000E+0001
  27.050 -7.61E-0002  7.729E-0003 -6.000E+0001
  27.100 -7.62E-0002  7.745E-0003 -6.000E+0001
  27.150 -7.64E-0002  7.762E-0003 -6.000E+0001
  27.200 -7.65E-0002  7.779E-0003 -6.000E+0001
  27.250 -7.67E-0002  7.795E-0003 -6.000E+0001
  27.300 -7.68E-0002  7.812E-0003 -6.000E+0001
  27.350 -7.70E-0002  7.828E-0003 -6.000E+0001
  27.400 -7.71E-0002  7.844E-0003 -6.000E+0001
  27.450 -7.73E-0002  7.861E-0003 -6.000E+0001
  27.500 -7.74E-0002  7.877E-0003 -6.000E+0001
  27.550 -7.76E-0002  7.893E-0003 -6.000E+0001
  27.600 -7.78E-0002  7.909E-0003 -6.000E+0001
  27.650 -7.79E-0002  7.924E-0003 -6.000E+0001
  27.700 -7.81E-0002  7.940E-0003 -6.000E+0001
  27.750 -7.82E-0002  7.956E-0003 -6.000E+0001
  27.800 -7.84E-0002  7.971E-0003 -6.000E+0001
  27.850 -7.85E-0002  7.987E-0003 -6.000E+0001
  27.900 -7.87E-0002  8.002E-0003 -6.000E+0001
  27.950 -7.88E-0002  8.017E-0003 -6.000E+0001
  28.000 -7.90E-0002  8.033E-0003 -6.000E+0001
  28.050 -7.91E-0002  8.048E-0003 -6.000E+0001
  28.100 -7.93E-0002  8.063E-0003 -6.000E+0001
  28.150 -7.94E-0002  8.078E-0003 -6.000E+0001
  28.200 -7.96E-0002  8.092E-0003 -6.000E+0001
  28.250 -7.97E-0002  8.107E-0003 -6.000E+0001
  28.300 -7.99E-0002  8.122E-0003 -6.000E+0001
  28.350 -8.01E-0002  8.136E-0003 -6.000E+0001
  28.400 -8.02E-0002  8.151E-0003 -6.000E+0001
  28.450 -8.04E-0002  8.165E-0003 -6.000E+0001
  28.500 -8.05E-0002  8.180E-0003 -6.000E+0001
  28.550 -8.07E-0002  8.194E-0003 -6.000E+0001
  28.600 -8.08E-0002  8.208E-0003 -6.000E+0001
  28.650 -8.10E-0002  8.222E-0003 -6.000E+0001
  28.700 -8.11E-0002  8.236E-0003 -6.000E+0001
  28.750 -8.13E-0002  8.250E-0003 -6.000E+0001
  28.800 -8.14E-0002  8.264E-0003 -6.000E+0001
  28.850 -8.16E-0002  8.277E-0003 -6.000E+0001
  28.900 -8.17E-0002  8.291E-0003 -6.000E+0001
  28.950 -8.19E-0002  8.305E-0003 -6.000E+0001
  29.000 -8.20E-0002  8.318E-0003 -6.000E+0001
  29.050 -8.22E-0002  8.331E-0003 -6.000E+0001
  29.100 -8.24E-0002  8.345E-0003 -6.000E+0001
  29.150 -8.25E-0002  8.358E-0003 -6.000E+0001
  29.200 -8.27E-0002  8.371E-0003 -6.000E+0001
  29.250 -8.28E-0002  8.384E-0003 -6.000E+0001
  29.300 -8.30E-0002  8.397E-0003 -6.000E+0001
  29.350 -8.31E-0002  8.410E-0003 -6.000E+0001
  29.400 -8.33E-0002  8.423E-0003 -6.000E+0001
  29.450 -8.34E-0002  8.436E-0003 -6.000E+0001
  29.500 -8.36E-0002  8.449E-0003 -6.000E+0001
  29.550 -8.37E-0002  8.461E-0003 -6.000E+0001
  29.600 -8.39E-0002  8.474E-0003 -6.000E+0001
  29.650 -8.40E-0002  8.486E-0003 -6.000E+0001
  29.700 -8.42E-0002  8.499E-0003 -6.000E+0001
  29.750 -8.43E-0002  8.511E-0003 -6.000E+0001
  29.800 -8.45E-0002  8.523E-0003 -6.000E+0001
  29.850 -8.47E-0002  8.536E-0003 -6.000E+0001
  29.900 -8.48E-0002  8.548E-0003 -6.000E+0001
  29.950 -8.50E-0002  8.560E-0003 -6.000E+0001
  30.000 -8.51E-0002  8.572E-0003 -6.000E+0001
  30.050 -8.53E-0002  8.584E-0003 -6.000E+0001
  30.100 -8.54E-0002  8.596E-0003 -6.000E+0001
  30.150 -8.56E-0002  8.607E-0003 -6.000E+0001
  30.200 -8.57E-0002  8.619E-0003 -6.000E+0001
  30.250 -8.59E-0002  8.631E-0003 -6.000E+0001
  30.300 -8.60E-0002  8.642E-0003 -6.000E+0001
  30.350 -8.62E-0002  8.654E-0003 -6.000E+0001
  30.400 -8.63E-0002  8.665E-0003 -6.000E+0001
  30.450 -8.65E-0002  8.677E-0003 -6.000E+0001
  30.500 -8.66E-0002  8.688E-0003 -6.000E+0001
  30.550 -8.68E-0002  8.699E-0003 -6.000E+0001
  30.600 -8.70E-0002  8.710E-0003 -6.000E+0001
  30.650 -8.71E-0002  8.722E-0003 -6.000E+0001
  30.700 -8.73E-0002  8.733E-0003 -6.000E+0001
  30.750 -8.74E-0002  8.744E-0003 -6.000E+0001
  30.800 -8.76E-0002  8.755E-0003 -6.000E+0001
  30.850 -8.77E-0002  8.765E-0003 -6.000E+0001
  30.900 -8.79E-0002  8.776E-0003 -6.000E+0001
  30.950 -8.80E-0002  8.787E-0003 -6.000E+0001
  31.000 -8.82E-0002  8.798E-0003 -6.000E+0001
  31.050 -8.83E-0002  8.808E-0003 -6.000E+0001
  31.100 -8.85E-0002  8.819E-0003 -6.000E+0001
  31.150 -8.86E-0002  8.829E-0003 -6.000E+0001
  31.200 -8.88E-0002  8.840E-0003 -6.000E+0001
  31.250 -8.89E-0002  8.850E-0003 -6.000E+0001
  31.300 -8.91E-0002  8.860E-0003 -6.000E+0001
  31.350 -8.93E-0002  8.871E-0003 -6.000E+0001
  31.400 -8.94E-0002  8.881E-0003 -6.000E+0001
  31.450 -8.96E-0002  8.891E-0003 -6.000E+0001
  31.500 -8.97E-0002  8.901E-0003 -6.000E+0001
  31.550 -8.99E-0002  8.911E-0003 -6.000E+0001
  31.600 -9.00E-0002  8.921E-0003 -6.000E+0001
  31.650 -9.02E-0002  8.931E-0003 -6.000E+0001
  31.700 -9.03E-0002  8.941E-0003 -6.000E+0001
  31.750 -9.05E-0002  8.950E-0003 -6.000E+0001
  31.800 -9.06E-0002  8.960E-0003 -6.000E+0001
  31.850 -9.08E-0002  8.970E-0003 -6.000E+0001
  31.900 -9.09E-0002  8.979E-0003 -6.000E+0001
  31.950 -9.11E-0002  8.989E-0003 -6.000E+0001
  32.000 -9.12E-0002  8.998E-0003 -6.000E+0001
  32.050 -9.14E-0002  9.008E-0003 -6.000E+0001
  32.100 -9.16E-0002  9.017E-0003 -6.000E+0001
  32.150 -9.17E-0002  9.026E-0003 -6.000E+0001
  32.200 -9.19E-0002  9.036E-0003 -6.000E+0001
  32.250 -9.20E-0002  9.045E-0003 -6.000E+0001
  32.300 -9.22E-0002  9.054E-0003 -6.000E+0001
  32.350 -9.23E-0002  9.063E-0003 -6.000E+0001
  32.400 -9.25E-0002  9.072E-0003 -6.000E+0001
  32.450 -9.26E-0002  9.081E-0003 -6.000E+0001
  32.500 -9.28E-0002  9.090E-0003 -6.000E+0001
  32.550 -9.29E-0002  9.099E-0003 -6.000E+0001
  32.600 -9.31E-0002  9.108E-0003 -6.000E+0001
  32.650 -9.32E-0002  9.117E-0003 -6.000E+0001
  32.700 -9.34E-0002  9.125E-0003 -6.000E+0001
  32.750 -9.35E-0002  9.134E-0003 -6.000E+0001
  32.800 -9.37E-0002  9.143E-0003 -6.000E+0001
  32.850 -9.38E-0002  9.151E-0003 -6.000E+0001
  32.900 -9.40E-0002  9.160E-0003 -6.000E+0001
  32.950 -9.42E-0002  9.168E-0003 -6.000E+0001
  33.000 -9.43E-0002  9.177E-0003 -6.000E+0001
  33.050 -9.45E-0002  9.185E-0003 -6.000E+0001
  33.100 -9.46E-0002  9.194E-0003 -6.000E+0001
  33.150 -9.48E-0002  9.202E-0003 -6.000E+0001
  33.200 -9.49E-0002  9.210E-0003 -6.000E+0001
  33.250 -9.51E-0002  9.218E-0003 -6.000E+0001
  33.300 -9.52E-0002  9.226E-0003 -6.000E+0001
  33.350 -9.54E-0002  9.234E-0003 -6.000E+0001
  33.400 -9.55E-0002  9.243E-0003 -6.000E+0001
  33.450 -9.57E-0002  9.251E-0003 -6.000E+0001
  33.500 -9.58E-0002  9.258E-0003 -6.000E+0001
  33.550 -9.60E-0002  9.266E-0003 -6.000E+0001
  33.600 -9.61E-0002  9.274E-0003 -6.000E+0001
  33.650 -9.63E-0002  9.282E-0003 -6.000E+0001
  33.700 -9.65E-0002  9.290E-0003 -6.000E+0001
  33.750 -9.66E-0002  9.298E-0003 -6.000E+0001
  33.800 -9.68E-0002  9.305E-0003 -6.000E+0001
  33.850 -9.69E-0002  9.313E-0003 -6.000E+0001
  33.900 -9.71E-0002  9.320E-0003 -6.000E+0001
  33.950 -9.72E-0002  9.328E-0003 -6.000E+0001
  34.000 -9.74E-0002  9.335E-0003 -6.000E+0001
  34.050 -9.75E-0002  9.343E-0003 -6.000E+0001
  34.100 -9.77E-0002  9.350E-0003 -6.000E+0001
  34.150 -9.78E-0002  9.358E-0003 -6.000E+0001
  34.200 -9.80E-0002  9.365E-0003 -6.000E+0001
  34.250 -9.81E-0002  9.372E-0003 -6.000E+0001
  34.300 -9.83E-0002  9.380E-0003 -6.000E+0001
  34.350 -9.84E-0002  9.387E-0003 -6.000E+0001
  34.400 -9.86E-0002  9.394E-0003 -6.000E+0001
  34.450 -9.88E-0002  9.401E-0003 -6.000E+0001
  34.500 -9.89E-0002  9.408E-0003 -6.000E+0001
  34.550 -9.91E-0002  9.415E-0003 -6.000E+0001
  34.600 -9.92E-0002  9.422E-0003 -6.000E+0001
  34.650 -9.94E-0002  9.429E-0003 -6.000E+0001
  34.700 -9.95E-0002  9.436E-0003 -6.000E+0001
  34.750 -9.97E-0002  9.443E-0003 -6.000E+0001
  34.800 -9.98E-0002  9.450E-0003 -6.000E+0001
  34.850 -1.00E-0001  9.456E-0003 -6.000E+0001
  34.900 -1.00E-0001  9.463E-0003 -6.000E+0001
  34.950 -1.00E-0001  9.470E-0003 -6.000E+0001
  35.000 -1.00E-0001  9.477E-0003 -6.000E+0001
  35.050 -1.00E-0001  9.483E-0003 -6.000E+0001
  35.100 -1.00E-0001  9.490E-0003 -6.000E+0001
  35.150 -1.00E-0001  9.496E-0003 -6.000E+0001
  35.200 -1.01E-0001  9.503E-0003 -6.000E+0001
  35.250 -1.01E-0001  9.509E-0003 -6.000E+0001
  35.300 -1.01E-0001  9.516E-0003 -6.000E+0001
  35.350 -1.01E-0001  9.522E-0003 -6.000E+0001
  35.400 -1.01E-0001  9.529E-0003 -6.000E+0001
  35.450 -1.01E-0001  9.535E-0003 -6.000E+0001
  35.500 -1.02E-0001  9.541E-0003 -6.000E+0001
  35.550 -1.02E-0001  9.547E-0003 -6.000E+0001
  35.600 -1.02E-0001  9.554E-0003 -6.000E+0001
  35.650 -1.02E-0001  9.560E-0003 -6.000E+0001
  35.700 -1.02E-0001  9.566E-0003 -6.000E+0001
  35.750 -1.02E-0001  9.572E-0003 -6.000E+0001
  35.800 -1.02E-0001  9.578E-0003 -6.000E+0001
  35.850 -1.03E-0001  9.584E-0003 -6.000E+0001
  35.900 -1.03E-0001  9.590E-0003 -6.000E+0001
  35.950 -1.03E-0001  9.596E-0003 -6.000E+0001
  36.000 -1.03E-0001  9.602E-0003 -6.000E+0001
  36.050 -1.03E-0001  9.608E-0003 -6.000E+0001
  36.100 -1.03E-0001  9.614E-0003 -6.000E+0001
  36.150 -1.04E-0001  9.620E-0003 -6.000E+0001
  36.200 -1.04E-0001  9.625E-0003 -6.000E+0001
  36.250 -1.04E-0001  9.631E-0003 -6.000E+0001
  36.300 -1.04E-0001  9.637E-0003 -6.000E+0001
  36.350 -1.04E-0001  9.643E-0003 -6.000E+0001
  36.400 -1.04E-0001  9.648E-0003 -6.000E+0001
  36.450 -1.04E-0001  9.654E-0003 -6.000E+0001
  36.500 -1.05E-0001  9.660E-0003 -6.000E+0001
  36.550 -1.05E-0001  9.665E-0003 -6.000E+0001
  36.600 -1.05E-0001  9.671E-0003 -6.000E+0001
  36.650 -1.05E-0001  9.676E-0003 -6.000E+0001
  36.700 -1.05E-0001  9.682E-0003 -6.000E+0001
  36.750 -1.05E-0001  9.687E-0003 -6.000E+0001
  36.800 -1.06E-0001  9.692E-0003 -6.000E+0001
  36.850 -1.06E-0001  9.698E-0003 -6.000E+0001
  36.900 -1.06E-0001  9.703E-0003 -6.000E+0001
  36.950 -1.06E-0001  9.708E-0003 -6.000E+0001
  37.000 -1.06E-0001  9.714E-0003 -6.000E+0001
  37.050 -1.06E-0001  9.719E-0003 -6.000E+0001
  37.100 -1.06E-0001  9.724E-0003 -6.000E+0001
  37.150 -1.07E-0001  9.729E-0003 -6.000E+0001
  37.200 -1.07E-0001  9.734E-0003 -6.000E+0001
  37.250 -1.07E-0001  9.740E-0003 -6.000E+0001
  37.300 -1.07E-0001  9.745E-0003 -6.000E+0001
  37.350 -1.07E-0001  9.750E-0003 -6.000E+0001
  37.400 -1.07E-0001  9.755E-0003 -6.000E+0001
  37.450 -1.08E-0001  9.760E-0003 -6.000E+0001
  37.500 -1.08E-0001  9.765E-0003 -6.000E+0001
  37.550 -1.08E-0001  9.770E-0003 -6.000E+0001
  37.600 -1.08E-0001  9.775E-0003 -6.000E+0001
  37.650 -1.08E-0001  9.779E-0003 -6.000E+0001
  37.700 -1.08E-0001  9.784E-0003 -6.000E+0001
  37.750 -1.08E-0001  9.789E-0003 -6.000E+0001
  37.800 -1.09E-0001  9.794E-0003 -6.000E+0001
  37.850 -1.09E-0001  9.799E-0003 -6.000E+0001
  37.900 -1.09E-0001  9.803E-0003 -6.000E+0001
  37.950 -1.09E-0001  9.808E-0003 -6.000E+0001
  38.000 -1.09E-0001  9.813E-0003 -6.000E+0001
  38.050 -1.09E-0001  9.818E-0003 -6.000E+0001
  38.100 -1.09E-0001  9.822E-0003 -6.000E+0001
  38.150 -1.10E-0001  9.827E-0003 -6.000E+0001
  38.200 -1.10E-0001  9.831E-0003 -6.000E+0001
  38.250 -1.10E-0001  9.836E-0003 -6.000E+0001
  38.300 -1.10E-0001  9.840E-0003 -6.000E+0001
  38.350 -1.10E-0001  9.845E-0003 -6.000E+0001
  38.400 -1.10E-0001  9.849E-0003 -6.000E+0001
  38.450 -1.11E-0001  9.854E-0003 -6.000E+0001
  38.500 -1.11E-0001  9.858E-0003 -6.000E+0001
  38.550 -1.11E-0001  9.863E-0003 -6.000E+0001
  38.600 -1.11E-0001  9.867E-0003 -6.000E+0001
  38.650 -1.11E-0001  9.871E-0003 -6.000E+0001
  38.700 -1.11E-0001  9.876E-0003 -6.000E+0001
  38.750 -1.11E-0001  9.880E-0003 -6.000E+0001
  38.800 -1.12E-0001  9.884E-0003 -6.000E+0001
  38.850 -1.12E-0001  9.889E-0003 -6.000E+0001
  38.900 -1.12E-0001  9.893E-0003 -6.000E+0001
  38.950 -1.12E-0001  9.897E-0003 -6.000E+0001
  39.000 -1.12E-0001  9.901E-0003 -6.000E+0001
  39.050 -1.12E-0001  9.905E-0003 -6.000E+0001
  39.100 -1.13E-0001  9.909E-0003 -6.000E+0001
  39.150 -1.13E-0001  9.913E-0003 -6.000E+0001
  39.200 -1.13E-0001  9.918E-0003 -6.000E+0001
  39.250 -1.13E-0001  9.922E-0003 -6.000E+0001
  39.300 -1.13E-0001  9.926E-0003 -6.000E+0001
  39.350 -1.13E-0001  9.930E-0003 -6.000E+0001
  39.400 -1.13E-0001  9.934E-0003 -6.000E+0001
  39.450 -1.14E-0001  9.938E-0003 -6.000E+0001
  39.500 -1.14E-0001  9.941E-0003 -6.000E+0001
  39.550 -1.14E-0001  9.945E-0003 -6.000E+0001
  39.600 -1.14E-0001  9.949E-0003 -6.000E+0001
  39.650 -1.14E-0001  9.953E-0003 -6.000E+0001
  39.700 -1.14E-0001  9.957E-0003 -6.000E+0001
  39.750 -1.15E-0001  9.961E-0003 -6.000E+0001
  39.800 -1.15E-0001  9.965E-0003 -6.000E+0001
  39.850 -1.15E-0001  9.968E-0003 -6.000E+0001
  39.900 -1.15E-0001  9.972E-0003 -6.000E+0001
  39.950 -1.15E-0001  9.976E-0003 -6.000E+0001
