   0.000    0.000    0.000 
   0.050    0.002    0.000 
   0.100    0.003    0.000 
   0.150    0.005    0.000 
   0.200    0.006    0.000 
   0.250    0.008    0.000 
   0.300    0.009    0.000 
   0.350    0.011    0.000 
   0.400    0.012    0.000 
   0.450    0.014    0.000 
   0.500    0.015    0.000 
   0.550    0.017    0.000 
   0.600    0.018    0.000 
   0.650    0.019    0.000 
   0.700    0.020    0.000 
   0.750    0.021    0.000 
   0.800    0.022    0.000 
   0.850    0.023    0.000 
   0.900    0.024    0.000 
   0.950    0.024    0.000 
   1.000    0.025    0.000 
   1.050    0.026    0.000 
   1.100    0.027    0.000 
   1.150    0.028    0.000 
   1.200    0.029    0.000 
   1.250    0.029    0.000 
   1.300    0.031    0.000 
   1.350    0.033    0.000 
   1.400    0.034    0.000 
   1.450    0.036    0.000 
   1.500    0.038    0.000 
   1.550    0.039    0.000 
   1.600    0.041    0.000 
   1.650    0.043    0.000 
   1.700    0.044    0.000 
   1.750    0.046    0.000 
   1.800    0.048    0.000 
   1.850    0.049    0.000 
   1.900    0.052    0.000 
   1.950    0.056    0.000 
   2.000    0.060    0.000 
   2.050    0.063    0.000 
   2.100    0.067    0.000 
   2.150    0.071    0.000 
   2.200    0.074    0.000 
   2.250    0.078    0.000 
   2.300    0.081    0.000 
   2.350    0.085    0.000 
   2.400    0.089    0.000 
   2.450    0.092    0.000 
   2.500    0.097    0.000 
   2.550    0.105    0.000 
   2.600    0.113    0.000 
   2.650    0.122    0.000 
   2.700    0.130    0.000 
   2.750    0.138    0.000 
   2.800    0.146    0.000 
   2.850    0.154    0.000 
   2.900    0.163    0.000 
   2.950    0.171    0.000 
   3.000    0.179    0.000 
   3.050    0.187    0.000 
   3.100    0.195    0.000 
   3.150    0.211    0.000 
   3.200    0.229    0.000 
   3.250    0.248    0.000 
   3.300    0.266    0.000 
   3.350    0.284    0.000 
   3.400    0.303    0.000 
   3.450    0.321    0.000 
   3.500    0.339    0.000 
   3.550    0.358    0.000 
   3.600    0.376    0.000 
   3.650    0.394    0.000 
   3.700    0.412    0.000 
   3.750    0.437    0.000 
   3.800    0.476    0.000 
   3.850    0.516    0.000 
   3.900    0.555    0.000 
   3.950    0.594    0.000 
   4.000    0.634    0.000 
   4.050    0.673    0.000 
   4.100    0.712    0.000 
   4.150    0.751    0.000 
   4.200    0.791    0.000 
   4.250    0.830    0.000 
   4.300    0.869    0.000 
   4.350    0.909    0.000 
   4.400    0.983    1.499 
   4.450    1.063    2.404 
   4.500    1.143    3.007 
   4.550    1.223    3.452 
   4.600    1.303    3.813 
   4.650    1.383    4.132 
   4.700    1.463    4.426 
   4.750    1.544    4.708 
   4.800    1.624    4.983 
   4.850    1.704    5.258 
   4.900    1.784    5.534 
   4.950    1.864    5.815 
   5.000    1.974    6.102 
   5.050    2.128    6.398 
   5.100    2.281    6.704 
   5.150    2.435    7.022 
   5.200    2.589    7.354 
   5.250    2.743    7.702 
   5.300    2.896    8.067 
   5.350    3.050    8.451 
   5.400    3.204    8.855 
   5.450    3.358    9.245 
   5.500    3.512    9.634 
   5.550    3.665   10.031 
   5.600    3.819   10.439 
   5.650    4.090   10.862 
   5.700    4.366   11.419 
   5.750    4.643   12.094 
   5.800    4.919   12.852 
   5.850    5.196   13.512 
   5.900    5.472   14.133 
   5.950    5.749   14.745 
   6.000    6.025   15.361 
   6.050    6.302   15.990 
   6.100    6.578   16.641 
   6.150    6.855   17.315 
   6.200    7.131   18.011 
   6.250    7.501   18.727 
   6.300    7.965   19.464 
   6.350    8.430   20.304 
   6.400    8.894   21.234 
   6.450    9.358   22.227 
   6.500    9.822   23.271 
   6.550   10.286   24.268 
   6.600   10.750   25.237 
   6.650   11.214   26.202 
   6.700   11.678   27.175 
   6.750   12.142   28.162 
   6.800   12.606   29.277 
   6.850   13.084   30.511 
   6.900   13.809   31.824 
   6.950   14.534   33.195 
   7.000   15.259   34.497 
   7.050   15.984   35.747 
   7.100   16.709   36.979 
   7.150   17.434   38.212 
   7.200   18.159   39.452 
   7.250   18.884   40.715 
   7.300   19.609   42.001 
   7.350   20.334   43.306 
   7.400   21.059   44.628 
   7.450   21.784   45.964 
   7.500   22.704   47.328 
   7.550   23.755   48.718 
   7.600   24.805   50.127 
   7.650   25.856   51.550 
   7.700   26.907   52.986 
   7.750   27.957   54.446 
   7.800   29.008   55.929 
   7.850   30.059   57.428 
   7.900   31.109   58.937 
   7.950   32.160   60.455 
   8.000   33.210   61.996 
   8.050   34.261   63.561 
   8.100   35.365   65.139 
   8.150   36.771   66.724 
   8.200   38.178   68.314 
   8.250   39.584   69.926 
   8.300   40.990   71.558 
   8.350   42.397   73.200 
   8.400   43.803   74.846 
   8.450   45.210   76.492 
   8.500   46.616   78.155 
   8.550   48.022   79.834 
   8.600   49.429   81.517 
   8.650   50.835   83.198 
   8.700   52.241   84.874 
   8.750   53.873   86.412 
   8.800   55.601   87.811 
   8.850   57.329   89.130 
   8.900   59.058   90.398 
   8.950   60.786   91.631 
   9.000   62.514   92.835 
   9.050   64.243   94.195 
   9.100   65.971   95.718 
   9.150   67.699   97.312 
   9.200   69.427   98.932 
   9.250   71.156  100.554 
   9.300   72.884  101.877 
   9.350   74.663  102.929 
   9.400   76.594  103.831 
   9.450   78.526  104.645 
   9.500   80.457  105.398 
   9.550   82.388  106.107 
   9.600   84.320  106.778 
   9.650   86.251  107.588 
   9.700   88.183  108.507 
   9.750   90.114  109.465 
   9.800   92.045  110.425 
   9.850   93.977  111.371 
   9.900   95.908  112.292 
   9.950   97.840  113.220 
  10.000   99.770  114.142 
  10.050  101.701  115.043 
  10.100  103.631  115.915 
  10.150  105.562  116.754 
  10.200  107.492  117.558 
  10.250  109.423  118.645 
  10.300  111.353  119.861 
  10.350  113.284  121.120 
  10.400  115.214  122.382 
  10.450  117.145  123.557 
  10.500  119.075  124.282 
  10.550  121.006  124.765 
  10.600  122.845  125.107 
  10.650  124.514  125.360 
  10.700  126.184  125.551 
  10.750  127.853  125.693 
  10.800  129.523  125.808 
  10.850  131.192  125.920 
  10.900  132.862  126.013 
  10.950  134.531  126.079 
  11.000  136.201  126.111 
  11.050  137.871  126.110 
  11.100  139.540  126.074 
  11.150  141.210  126.034 
  11.200  142.879  125.993 
  11.250  144.080  125.933 
  11.300  145.228  125.847 
  11.350  146.377  125.730 
  11.400  147.526  125.579 
  11.450  148.674  125.395 
  11.500  149.823  125.219 
  11.550  150.971  125.035 
  11.600  152.120  124.828 
  11.650  153.269  124.593 
  11.700  154.417  124.327 
  11.750  155.566  124.029 
  11.800  156.714  123.766 
  11.850  157.542  123.680 
  11.900  157.977  123.661 
  11.950  158.411  123.654 
  12.000  158.846  123.631 
  12.050  159.281  123.581 
  12.100  159.716  123.237 
  12.150  160.151  122.584 
  12.200  160.586  121.770 
  12.250  161.020  120.867 
  12.300  161.455  119.913 
  12.350  161.890  118.927 
  12.400  162.325  117.919 
  12.450  162.760  116.894 
  12.500  162.231  115.918 
  12.550  161.702  115.179 
  12.600  161.173  114.544 
  12.650  160.644  113.945 
  12.700  160.115  113.352 
  12.750  159.586  112.747 
  12.800  159.057  112.123 
  12.850  158.528  111.414 
  12.900  157.999  110.630 
  12.950  157.470  109.801 
  13.000  156.941  108.941 
  13.050  156.412  108.057 
  13.100  155.883  107.153 
  13.150  155.354  106.232 
  13.200  154.825  105.272 
  13.250  154.296  104.255 
  13.300  153.767  103.205 
  13.350  153.238  102.136 
  13.400  152.248  101.054 
  13.450  150.799   99.963 
  13.500  149.349   98.866 
  13.550  147.900   97.763 
  13.600  146.450   96.667 
  13.650  145.000   95.600 
  13.700  143.551   94.544 
  13.750  142.101   93.492 
  13.800  140.652   92.441 
  13.850  139.202   91.388 
  13.900  137.752   90.333 
  13.950  136.303   89.276 
  14.000  134.853   88.225 
  14.050  133.404   87.204 
  14.100  131.954   86.197 
  14.150  130.504   85.196 
  14.200  129.055   84.197 
  14.250  127.605   83.197 
  14.300  126.156   82.198 
  14.350  124.316   81.199 
  14.400  122.476   80.194 
  14.450  120.636   79.166 
  14.500  118.796   78.130 
  14.550  116.955   77.091 
  14.600  115.115   76.054 
  14.650  113.275   75.020 
  14.700  111.435   73.992 
  14.750  109.595   72.969 
  14.800  107.755   71.953 
  14.850  105.915   70.956 
  14.900  104.075   69.987 
  14.950  102.235   69.035 
  15.000  100.395   68.094 
  15.050   98.555   67.161 
  15.100   96.715   66.236 
  15.150   94.875   65.318 
  15.200   93.035   64.408 
  15.250   91.271   63.505 
  15.300   89.584   62.601 
  15.350   87.896   61.699 
  15.400   86.208   60.803 
  15.450   84.521   59.915 
  15.500   82.833   59.037 
  15.550   81.146   58.168 
  15.600   79.458   57.311 
  15.650   77.771   56.464 
  15.700   76.083   55.629 
  15.750   74.396   54.830 
  15.800   72.708   54.082 
  15.850   71.020   53.363 
  15.900   69.333   52.662 
  15.950   67.645   51.974 
  16.000   65.958   51.296 
  16.050   64.270   50.626 
  16.100   62.583   49.965 
  16.150   60.895   49.313 
  16.200   59.682   48.616 
  16.250   58.469   47.905 
  16.300   57.256   47.195 
  16.350   56.043   46.492 
  16.400   54.830   45.802 
  16.450   53.617   45.125 
  16.500   52.404   44.462 
  16.550   51.191   43.814 
  16.600   49.978   43.182 
  16.650   48.765   42.565 
  16.700   47.552   41.972 
  16.750   46.339   41.422 
  16.800   45.125   40.900 
  16.850   43.912   40.397 
  16.900   42.699   39.911 
  16.950   41.486   39.438 
  17.000   40.273   38.979 
  17.050   39.060   38.532 
  17.100   38.112   38.097 
  17.150   37.427   37.676 
  17.200   36.743   37.261 
  17.250   36.059   36.850 
  17.300   35.375   36.447 
  17.350   34.691   36.056 
  17.400   34.007   35.678 
  17.450   33.323   35.314 
  17.500   32.639   34.964 
  17.550   31.955   34.628 
  17.600   31.271   34.307 
  17.650   30.586   34.000 
  17.700   29.902   33.709 
  17.750   29.218   33.434 
  17.800   28.534   33.183 
  17.850   27.850   32.952 
  17.900   27.166   32.736 
  17.950   26.482   32.536 
  18.000   25.798   32.349 
  18.050   25.529   32.176 
  18.100   25.260   32.016 
  18.150   24.991   31.870 
  18.200   24.722   31.736 
  18.250   24.453   31.616 
  18.300   24.184   31.510 
  18.350   23.915   31.418 
  18.400   23.646   31.341 
  18.450   23.377   31.276 
  18.500   23.108   31.225 
  18.550   22.839   31.187 
  18.600   22.571   31.162 
  18.650   22.302   31.149 
  18.700   22.033   31.150 
  18.750   21.764   31.163 
  18.800   21.495   31.189 
  18.850   21.226   31.227 
  18.900   20.957   31.277 
  18.950   20.818   31.339 
  19.000   20.809   31.412 
  19.050   20.801   31.498 
  19.100   20.792   31.596 
  19.150   20.783   31.706 
  19.200   20.774   31.829 
  19.250   20.765   31.965 
  19.300   20.756   32.112 
  19.350   20.748   32.272 
  19.400   20.739   32.444 
  19.450   20.730   32.628 
  19.500   20.721   32.824 
  19.550   20.712   33.036 
  19.600   20.704   33.266 
  19.650   20.695   33.511 
  19.700   20.686   33.768 
  19.750   20.677   34.037 
  19.800   20.668   34.315 
  19.850   20.660   34.604 
  19.900   20.790   34.903 
  19.950   20.920   35.212 
  20.000   21.050   35.530 
  20.050   21.180   35.858 
  20.100   21.310   36.196 
  20.150   21.440   36.540 
  20.200   21.570   36.890 
  20.250   21.700   37.247 
  20.300   21.830   37.613 
  20.350   21.960   37.987 
  20.400   22.090   38.371 
  20.450   22.220   38.763 
  20.500   22.350   39.163 
  20.550   22.480   39.573 
  20.600   22.611   39.990 
  20.650   22.741   40.416 
  20.700   22.871   40.850 
  20.750   23.001   41.291 
  20.800   23.165   41.741 
  20.850   23.362   42.197 
  20.900   23.560   42.663 
  20.950   23.757   43.138 
  21.000   23.955   43.621 
  21.050   24.153   44.111 
  21.100   24.350   44.606 
  21.150   24.548   45.108 
  21.200   24.745   45.615 
  21.250   24.943   46.127 
  21.300   25.141   46.644 
  21.350   25.338   47.167 
  21.400   25.536   47.693 
  21.450   25.733   48.225 
  21.500   25.931   48.760 
  21.550   26.129   49.300 
  21.600   26.326   49.843 
  21.650   26.524   50.389 
  21.700   26.721   50.939 
  21.750   26.951   51.492 
  21.800   27.181   52.047 
  21.850   27.411   52.605 
  21.900   27.641   53.166 
  21.950   27.871   53.729 
  22.000   28.101   54.293 
  22.050   28.331   54.860 
  22.100   28.561   55.427 
  22.150   28.791   55.996 
  22.200   29.021   56.566 
  22.250   29.251   57.136 
  22.300   29.481   57.707 
  22.350   29.711   58.278 
  22.400   29.941   58.848 
  22.450   30.171   59.420 
  22.500   30.401   59.991 
  22.550   30.631   60.561 
  22.600   30.861   61.131 
  22.650   31.099   61.699 
  22.700   31.345   62.265 
  22.750   31.590   62.830 
  22.800   31.836   63.392 
  22.850   32.082   63.952 
  22.900   32.327   64.510 
  22.950   32.573   65.064 
  23.000   32.819   65.616 
  23.050   33.064   66.164 
  23.100   33.310   66.709 
  23.150   33.555   67.250 
  23.200   33.801   67.787 
  23.250   34.047   68.320 
  23.300   34.292   68.849 
  23.350   34.538   69.374 
  23.400   34.784   69.894 
  23.450   35.029   70.410 
  23.500   35.275   70.920 
  23.550   35.521   71.425 
  23.600   35.773   71.925 
  23.650   36.024   72.419 
  23.700   36.276   72.907 
  23.750   36.528   73.388 
  23.800   36.779   73.863 
  23.850   37.031   74.332 
  23.900   37.283   74.794 
  23.950   37.535   75.249 
  24.000   37.786   75.697 
  24.050   38.038   76.138 
  24.100   38.290   76.571 
  24.150   38.542   76.997 
  24.200   38.793   77.415 
  24.250   39.045   77.825 
  24.300   39.297   78.227 
  24.350   39.549   78.622 
  24.400   39.800   79.008 
  24.450   40.052   79.386 
  24.500   40.303   79.755 
  24.550   40.553   80.115 
  24.600   40.803   80.467 
  24.650   41.053   80.809 
  24.700   41.303   81.142 
  24.750   41.553   81.467 
  24.800   41.804   81.781 
  24.850   42.054   82.087 
  24.900   42.304   82.383 
  24.950   42.554   82.670 
  25.000   42.804   82.947 
  25.050   43.054   83.215 
  25.100   43.304   83.473 
  25.150   43.554   83.721 
  25.200   43.804   83.959 
  25.250   44.055   84.188 
  25.300   44.305   84.407 
  25.350   44.555   84.615 
  25.400   44.805   84.814 
  25.450   45.046   85.003 
  25.500   45.287   85.181 
  25.550   45.528   85.350 
  25.600   45.769   85.508 
  25.650   46.010   85.656 
  25.700   46.251   85.794 
  25.750   46.492   85.922 
  25.800   46.734   86.039 
  25.850   46.975   86.147 
  25.900   47.216   86.244 
  25.950   47.457   86.331 
  26.000   47.698   86.408 
  26.050   47.939   86.475 
  26.100   48.180   86.516 
  26.150   48.421   86.556 
  26.200   48.662   86.590 
  26.250   48.903   86.617 
  26.300   49.144   86.634 
  26.350   49.377   86.643 
  26.400   49.602   86.642 
  26.450   49.827   86.631 
  26.500   50.052   86.612 
  26.550   50.277   86.583 
  26.600   50.501   86.544 
  26.650   50.726   86.497 
  26.700   50.951   86.440 
  26.750   51.176   86.373 
  26.800   51.401   86.298 
  26.850   51.626   86.213 
  26.900   51.850   86.119 
  26.950   52.075   86.017 
  27.000   52.300   85.906 
  27.050   52.525   85.786 
  27.100   52.750   85.658 
  27.150   52.974   85.521 
  27.200   53.199   85.376 
  27.250   53.424   85.222 
  27.300   53.626   85.061 
  27.350   53.828   84.892 
  27.400   54.029   84.715 
  27.450   54.231   84.530 
  27.500   54.433   84.338 
  27.550   54.635   84.139 
  27.600   54.836   83.934 
  27.650   55.038   83.723 
  27.700   55.240   83.506 
  27.750   55.441   83.282 
  27.800   55.643   83.051 
  27.850   55.845   82.814 
  27.900   56.047   82.570 
  27.950   56.248   82.320 
  28.000   56.450   82.065 
  28.050   56.652   81.803 
  28.100   56.854   81.535 
  28.150   57.055   81.262 
  28.200   57.243   80.983 
  28.250   57.416   80.699 
  28.300   57.588   80.410 
  28.350   57.761   80.116 
  28.400   57.934   79.817 
  28.450   58.107   79.513 
  28.500   58.280   79.205 
  28.550   58.452   78.893 
  28.600   58.625   78.576 
  28.650   58.798   78.256 
  28.700   58.971   77.931 
  28.750   59.144   77.604 
  28.800   59.317   77.272 
  28.850   59.489   76.938 
  28.900   59.662   76.600 
  28.950   59.835   76.260 
  29.000   60.008   75.917 
  29.050   60.181   75.571 
  29.100   60.353   75.223 
  29.150   60.493   74.873 
  29.200   60.632   74.521 
  29.250   60.771   74.167 
  29.300   60.911   73.811 
  29.350   61.050   73.454 
  29.400   61.190   73.095 
  29.450   61.329   72.736 
  29.500   61.468   72.375 
  29.550   61.608   72.013 
  29.600   61.747   71.651 
  29.650   61.886   71.288 
  29.700   62.026   70.925 
  29.750   62.165   70.562 
  29.800   62.304   70.198 
  29.850   62.444   69.835 
  29.900   62.583   69.472 
  29.950   62.722   69.110 
  30.000   62.862   68.748 
  30.050   62.983   68.386 
  30.100   63.086   68.026 
  30.150   63.189   67.667 
  30.200   63.292   67.309 
  30.250   63.395   66.952 
  30.300   63.498   66.597 
  30.350   63.601   66.244 
  30.400   63.704   65.892 
  30.450   63.807   65.543 
  30.500   63.910   65.195 
  30.550   64.013   64.850 
  30.600   64.116   64.507 
  30.650   64.219   64.166 
  30.700   64.323   63.829 
  30.750   64.426   63.493 
  30.800   64.529   63.161 
  30.850   64.632   62.832 
  30.900   64.735   62.506 
  30.950   64.838   62.183 
  31.000   64.904   61.864 
  31.050   64.970   61.548 
  31.100   65.037   61.235 
  31.150   65.103   60.927 
  31.200   65.169   60.622 
  31.250   65.235   60.321 
  31.300   65.302   60.024 
  31.350   65.368   59.731 
  31.400   65.434   59.442 
  31.450   65.501   59.158 
  31.500   65.567   58.878 
  31.550   65.633   58.602 
  31.600   65.699   58.332 
  31.650   65.766   58.065 
  31.700   65.832   57.804 
  31.750   65.898   57.547 
  31.800   65.965   57.296 
  31.850   66.031   57.049 
  31.900   66.062   56.807 
  31.950   66.093   56.571 
  32.000   66.124   56.340 
  32.050   66.155   56.114 
  32.100   66.186   55.893 
  32.150   66.217   55.678 
  32.200   66.248   55.468 
  32.250   66.278   55.264 
  32.300   66.309   55.065 
  32.350   66.340   54.872 
  32.400   66.371   54.684 
  32.450   66.402   54.502 
  32.500   66.433   54.326 
  32.550   66.464   54.156 
  32.600   66.495   53.991 
  32.650   66.526   53.832 
  32.700   66.557   53.679 
  32.750   66.588   53.532 
  32.800   66.586   53.391 
  32.850   66.585   53.256 
  32.900   66.583   53.127 
  32.950   66.581   53.003 
  33.000   66.579   52.886 
  33.050   66.578   52.775 
  33.100   66.576   52.669 
  33.150   66.574   52.570 
  33.200   66.572   52.477 
  33.250   66.571   52.390 
  33.300   66.569   52.308 
  33.350   66.567   52.233 
  33.400   66.565   52.164 
  33.450   66.564   52.101 
  33.500   66.562   52.043 
  33.550   66.560   51.992 
  33.600   66.558   51.947 
  33.650   66.557   51.908 
  33.700   66.526   51.874 
  33.750   66.496   51.847 
  33.800   66.466   51.825 
  33.850   66.435   51.809 
  33.900   66.405   51.799 
  33.950   66.375   51.794 
  34.000   66.344   51.796 
  34.050   66.314   51.803 
  34.100   66.284   51.816 
  34.150   66.253   51.834 
  34.200   66.223   51.858 
  34.250   66.193   51.888 
  34.300   66.162   51.923 
  34.350   66.132   51.963 
  34.400   66.102   52.009 
  34.450   66.071   52.060 
  34.500   66.041   52.116 
  34.550   66.011   52.178 
  34.600   65.957   52.245 
  34.650   65.904   52.317 
  34.700   65.850   52.394 
  34.750   65.796   52.476 
  34.800   65.743   52.562 
  34.850   65.689   52.654 
  34.900   65.636   52.750 
  34.950   65.582   52.852 
  35.000   65.529   52.957 
  35.050   65.475   53.068 
  35.100   65.421   53.182 
  35.150   65.368   53.302 
  35.200   65.314   53.425 
  35.250   65.261   53.553 
  35.300   65.207   53.685 
  35.350   65.153   53.821 
  35.400   65.100   53.960 
  35.450   65.046   54.104 
  35.500   64.975   54.252 
  35.550   64.905   54.403 
  35.600   64.834   54.558 
  35.650   64.763   54.717 
  35.700   64.692   54.879 
  35.750   64.621   55.045 
  35.800   64.551   55.213 
  35.850   64.480   55.385 
  35.900   64.409   55.560 
  35.950   64.338   55.738 
  36.000   64.267   55.919 
  36.050   64.197   56.103 
  36.100   64.126   56.289 
  36.150   64.055   56.478 
  36.200   63.984   56.670 
  36.250   63.913   56.864 
  36.300   63.843   57.060 
  36.350   63.772   57.259 
  36.400   63.690   57.460 
  36.450   63.609   57.662 
  36.500   63.527   57.867 
  36.550   63.445   58.074 
  36.600   63.364   58.282 
  36.650   63.282   58.492 
  36.700   63.200   58.703 
  36.750   63.119   58.916 
  36.800   63.037   59.130 
  36.850   62.956   59.345 
  36.900   62.874   59.562 
  36.950   62.792   59.779 
  37.000   62.711   59.998 
  37.050   62.629   60.217 
  37.100   62.547   60.437 
  37.150   62.466   60.657 
  37.200   62.384   60.878 
  37.250   62.303   61.100 
  37.300   62.216   61.322 
  37.350   62.130   61.544 
  37.400   62.044   61.766 
  37.450   61.958   61.988 
  37.500   61.872   62.211 
  37.550   61.785   62.433 
  37.600   61.699   62.654 
  37.650   61.613   62.876 
  37.700   61.527   63.097 
  37.750   61.441   63.317 
  37.800   61.354   63.537 
  37.850   61.268   63.756 
  37.900   61.182   63.975 
  37.950   61.096   64.192 
  38.000   61.010   64.408 
  38.050   60.923   64.624 
  38.100   60.837   64.838 
  38.150   60.751   65.051 
  38.200   60.666   65.263 
  38.250   60.581   65.473 
  38.300   60.496   65.682 
  38.350   60.411   65.889 
  38.400   60.326   66.094 
  38.450   60.241   66.298 
  38.500   60.156   66.500 
  38.550   60.071   66.700 
  38.600   59.986   66.898 
  38.650   59.901   67.094 
  38.700   59.816   67.288 
  38.750   59.731   67.480 
  38.800   59.646   67.669 
  38.850   59.561   67.856 
  38.900   59.476   68.041 
  38.950   59.390   68.224 
  39.000   59.305   68.403 
  39.050   59.220   68.581 
  39.100   59.141   68.755 
  39.150   59.063   68.927 
  39.200   58.984   69.096 
  39.250   58.905   69.263 
  39.300   58.826   69.426 
  39.350   58.747   69.587 
  39.400   58.668   69.744 
  39.450   58.589   69.899 
  39.500   58.510   70.050 
  39.550   58.431   70.198 
  39.600   58.352   70.344 
  39.650   58.273   70.486 
  39.700   58.194   70.624 
  39.750   58.115   70.760 
  39.800   58.036   70.892 
  39.850   57.957   71.020 
  39.900   57.878   71.146 
  39.950   57.799   71.268 
  40.000   57.730   71.386 
  40.050   57.661   71.501 
  40.100   57.592   71.612 
  40.150   57.523   71.720 
  40.200   57.454   71.825 
  40.250   57.385   71.925 
  40.300   57.316   72.022 
  40.350   57.247   72.116 
  40.400   57.178   72.206 
  40.450   57.109   72.292 
  40.500   57.040   72.374 
  40.550   56.971   72.453 
  40.600   56.902   72.528 
  40.650   56.833   72.599 
  40.700   56.764   72.667 
  40.750   56.695   72.730 
  40.800   56.626   72.790 
  40.850   56.557   72.847 
  40.900   56.500   72.899 
  40.950   56.444   72.948 
  41.000   56.387   72.993 
  41.050   56.331   73.034 
  41.100   56.274   73.072 
  41.150   56.218   73.106 
  41.200   56.161   73.136 
  41.250   56.105   73.163 
  41.300   56.048   73.185 
  41.350   55.992   73.204 
  41.400   55.935   73.220 
  41.450   55.879   73.232 
  41.500   55.822   73.240 
  41.550   55.766   73.244 
  41.600   55.709   73.245 
  41.650   55.653   73.243 
  41.700   55.596   73.236 
  41.750   55.540   73.227 
  41.800   55.497   73.214 
  41.850   55.455   73.197 
  41.900   55.412   73.177 
  41.950   55.370   73.153 
  42.000   55.327   73.126 
  42.050   55.285   73.096 
  42.100   55.242   73.063 
  42.150   55.199   73.026 
  42.200   55.157   72.986 
  42.250   55.114   72.942 
  42.300   55.072   72.896 
  42.350   55.029   72.847 
  42.400   54.987   72.794 
  42.450   54.944   72.738 
  42.500   54.902   72.680 
  42.550   54.859   72.618 
  42.600   54.817   72.554 
  42.650   54.774   72.486 
  42.700   54.746   72.416 
  42.750   54.717   72.343 
  42.800   54.689   72.267 
  42.850   54.661   72.189 
  42.900   54.633   72.108 
  42.950   54.604   72.025 
  43.000   54.576   71.939 
  43.050   54.548   71.850 
  43.100   54.519   71.760 
  43.150   54.491   71.666 
  43.200   54.463   71.571 
  43.250   54.434   71.473 
  43.300   54.406   71.373 
  43.350   54.378   71.271 
  43.400   54.349   71.167 
  43.450   54.321   71.061 
  43.500   54.293   70.953 
  43.550   54.264   70.843 
  43.600   54.250   70.732 
  43.650   54.235   70.618 
  43.700   54.220   70.503 
  43.750   54.205   70.386 
  43.800   54.190   70.268 
  43.850   54.176   70.148 
  43.900   54.161   70.027 
  43.950   54.146   69.904 
  44.000   54.131   69.780 
  44.050   54.116   69.654 
  44.100   54.101   69.528 
  44.150   54.087   69.400 
  44.200   54.072   69.271 
  44.250   54.057   69.141 
  44.300   54.042   69.010 
  44.350   54.027   68.879 
  44.400   54.013   68.746 
  44.450   53.998   68.613 
  44.500   53.995   68.479 
  44.550   53.992   68.344 
  44.600   53.989   68.209 
  44.650   53.986   68.073 
  44.700   53.983   67.937 
  44.750   53.980   67.800 
  44.800   53.978   67.663 
  44.850   53.975   67.526 
  44.900   53.972   67.389 
  44.950   53.969   67.251 
  45.000   53.966   67.114 
  45.050   53.963   66.976 
  45.100   53.960   66.838 
  45.150   53.957   66.701 
  45.200   53.955   66.563 
  45.250   53.952   66.426 
  45.300   53.949   66.289 
  45.350   53.946   66.153 
  45.400   53.953   66.016 
  45.450   53.960   65.880 
  45.500   53.967   65.745 
  45.550   53.974   65.610 
  45.600   53.981   65.476 
  45.650   53.988   65.343 
  45.700   53.995   65.210 
  45.750   54.002   65.078 
  45.800   54.009   64.947 
  45.850   54.016   64.817 
  45.900   54.023   64.687 
  45.950   54.030   64.559 
  46.000   54.037   64.431 
  46.050   54.044   64.305 
  46.100   54.050   64.180 
  46.150   54.057   64.056 
  46.200   54.064   63.933 
  46.250   54.071   63.812 
  46.300   54.086   63.691 
  46.350   54.100   63.572 
  46.400   54.114   63.455 
  46.450   54.129   63.339 
  46.500   54.143   63.224 
  46.550   54.157   63.111 
  46.600   54.172   63.000 
  46.650   54.186   62.890 
  46.700   54.201   62.781 
  46.750   54.215   62.675 
  46.800   54.229   62.570 
  46.850   54.244   62.467 
  46.900   54.258   62.365 
  46.950   54.272   62.265 
  47.000   54.287   62.168 
  47.050   54.301   62.072 
  47.100   54.315   61.978 
  47.150   54.330   61.886 
  47.200   54.349   61.795 
  47.250   54.368   61.707 
  47.300   54.387   61.621 
  47.350   54.406   61.537 
  47.400   54.425   61.455 
  47.450   54.445   61.375 
  47.500   54.464   61.297 
  47.550   54.483   61.221 
  47.600   54.502   61.148 
  47.650   54.521   61.076 
  47.700   54.540   61.007 
  47.750   54.560   60.940 
  47.800   54.579   60.875 
  47.850   54.598   60.812 
  47.900   54.617   60.752 
  47.950   54.636   60.693 
  48.000   54.655   60.637 
  48.050   54.675   60.584 
  48.100   54.696   60.532 
  48.150   54.717   60.483 
  48.200   54.739   60.436 
  48.250   54.760   60.392 
  48.300   54.782   60.349 
  48.350   54.803   60.309 
  48.400   54.825   60.272 
  48.450   54.846   60.236 
  48.500   54.868   60.203 
  48.550   54.889   60.173 
  48.600   54.911   60.144 
  48.650   54.932   60.118 
  48.700   54.954   60.094 
  48.750   54.975   60.073 
  48.800   54.997   60.054 
  48.850   55.018   60.037 
  48.900   55.040   60.022 
  48.950   55.061   60.010 
  49.000   55.082   59.999 
  49.050   55.104   59.992 
  49.100   55.125   59.986 
  49.150   55.147   59.983 
  49.200   55.168   59.981 
  49.250   55.190   59.982 
  49.300   55.211   59.986 
  49.350   55.233   59.991 
  49.400   55.254   59.998 
  49.450   55.276   60.008 
  49.500   55.297   60.020 
  49.550   55.318   60.034 
  49.600   55.340   60.050 
  49.650   55.361   60.068 
  49.700   55.383   60.088 
  49.750   55.404   60.110 
  49.800   55.426   60.134 
  49.850   55.447   60.160 
  49.900   55.469   60.189 
  49.950   55.489   60.219 
  50.000   55.508   60.250 
  50.050   55.528   60.284 
  50.100   55.547   60.320 
  50.150   55.566   60.357 
  50.200   55.585   60.397 
  50.250   55.605   60.438 
  50.300   55.624   60.480 
  50.350   55.643   60.525 
  50.400   55.662   60.571 
  50.450   55.682   60.619 
  50.500   55.701   60.668 
  50.550   55.720   60.719 
  50.600   55.740   60.772 
  50.650   55.759   60.826 
  50.700   55.778   60.881 
  50.750   55.797   60.938 
  50.800   55.817   60.997 
  50.850   55.836   61.057 
  50.900   55.855   61.118 
  50.950   55.871   61.180 
  51.000   55.886   61.244 
  51.050   55.901   61.309 
  51.100   55.917   61.376 
  51.150   55.932   61.443 
  51.200   55.947   61.512 
  51.250   55.963   61.581 
  51.300   55.978   61.652 
  51.350   55.994   61.724 
  51.400   56.009   61.796 
  51.450   56.024   61.870 
  51.500   56.040   61.945 
  51.550   56.055   62.020 
  51.600   56.071   62.097 
  51.650   56.086   62.174 
  51.700   56.101   62.252 
  51.750   56.117   62.330 
  51.800   56.132   62.409 
  51.850   56.147   62.489 
  51.900   56.160   62.570 
  51.950   56.171   62.651 
  52.000   56.181   62.733 
  52.050   56.191   62.815 
  52.100   56.202   62.897 
  52.150   56.212   62.980 
  52.200   56.222   63.064 
  52.250   56.233   63.147 
  52.300   56.243   63.231 
  52.350   56.254   63.315 
  52.400   56.264   63.400 
  52.450   56.274   63.485 
  52.500   56.285   63.569 
  52.550   56.295   63.654 
  52.600   56.305   63.739 
  52.650   56.316   63.824 
  52.700   56.326   63.909 
  52.750   56.336   63.994 
  52.800   56.347   64.079 
  52.850   56.357   64.164 
  52.900   56.362   64.248 
  52.950   56.367   64.333 
  53.000   56.371   64.417 
  53.050   56.376   64.501 
  53.100   56.381   64.584 
  53.150   56.386   64.668 
  53.200   56.390   64.751 
  53.250   56.395   64.833 
  53.300   56.400   64.915 
  53.350   56.405   64.997 
  53.400   56.410   65.078 
  53.450   56.414   65.159 
  53.500   56.419   65.239 
  53.550   56.424   65.318 
  53.600   56.429   65.397 
  53.650   56.433   65.475 
  53.700   56.438   65.553 
  53.750   56.443   65.630 
  53.800   56.448   65.706 
  53.850   56.450   65.781 
  53.900   56.449   65.856 
  53.950   56.448   65.930 
  54.000   56.447   66.002 
  54.050   56.446   66.074 
  54.100   56.445   66.146 
  54.150   56.444   66.216 
  54.200   56.443   66.285 
  54.250   56.442   66.353 
  54.300   56.441   66.420 
  54.350   56.441   66.487 
  54.400   56.440   66.552 
  54.450   56.439   66.616 
  54.500   56.438   66.679 
  54.550   56.437   66.741 
  54.600   56.436   66.802 
  54.650   56.435   66.861 
  54.700   56.434   66.920 
  54.750   56.433   66.977 
  54.800   56.432   67.033 
  54.850   56.426   67.088 
  54.900   56.420   67.142 
  54.950   56.414   67.194 
  55.000   56.408   67.245 
  55.050   56.402   67.295 
  55.100   56.395   67.344 
  55.150   56.389   67.391 
  55.200   56.383   67.437 
  55.250   56.377   67.482 
  55.300   56.371   67.525 
  55.350   56.364   67.567 
  55.400   56.358   67.608 
  55.450   56.352   67.647 
  55.500   56.346   67.685 
  55.550   56.340   67.721 
  55.600   56.333   67.756 
  55.650   56.327   67.790 
  55.700   56.321   67.822 
  55.750   56.315   67.853 
  55.800   56.306   67.883 
  55.850   56.296   67.911 
  55.900   56.285   67.937 
  55.950   56.274   67.962 
  56.000   56.263   67.986 
  56.050   56.253   68.009 
  56.100   56.242   68.029 
  56.150   56.231   68.049 
  56.200   56.220   68.067 
  56.250   56.209   68.084 
  56.300   56.199   68.099 
  56.350   56.188   68.113 
  56.400   56.177   68.125 
  56.450   56.166   68.136 
  56.500   56.156   68.146 
  56.550   56.145   68.154 
  56.600   56.134   68.160 
  56.650   56.123   68.166 
  56.700   56.113   68.170 
  56.750   56.102   68.172 
  56.800   56.087   68.174 
  56.850   56.073   68.173 
  56.900   56.059   68.172 
  56.950   56.044   68.169 
  57.000   56.030   68.165 
  57.050   56.015   68.159 
  57.100   56.001   68.152 
  57.150   55.987   68.144 
  57.200   55.972   68.135 
  57.250   55.958   68.124 
  57.300   55.944   68.112 
  57.350   55.929   68.099 
  57.400   55.915   68.084 
  57.450   55.900   68.069 
  57.500   55.886   68.052 
  57.550   55.872   68.034 
  57.600   55.857   68.014 
  57.650   55.843   67.994 
  57.700   55.828   67.972 
  57.750   55.813   67.949 
  57.800   55.796   67.926 
  57.850   55.779   67.901 
  57.900   55.762   67.874 
  57.950   55.745   67.847 
  58.000   55.728   67.819 
  58.050   55.711   67.790 
  58.100   55.694   67.760 
  58.150   55.678   67.729 
  58.200   55.661   67.696 
  58.250   55.644   67.663 
  58.300   55.627   67.629 
  58.350   55.610   67.594 
  58.400   55.593   67.559 
  58.450   55.576   67.522 
  58.500   55.559   67.484 
  58.550   55.542   67.446 
  58.600   55.525   67.407 
  58.650   55.508   67.367 
  58.700   55.492   67.326 
  58.750   55.473   67.285 
  58.800   55.455   67.243 
  58.850   55.437   67.200 
  58.900   55.419   67.156 
  58.950   55.400   67.112 
  59.000   55.382   67.067 
  59.050   55.364   67.022 
  59.100   55.346   66.976 
  59.150   55.327   66.930 
  59.200   55.309   66.883 
  59.250   55.291   66.835 
  59.300   55.272   66.787 
  59.350   55.254   66.739 
  59.400   55.236   66.690 
  59.450   55.218   66.641 
  59.500   55.199   66.591 
  59.550   55.181   66.541 
  59.600   55.163   66.491 
  59.650   55.145   66.440 
  59.700   55.126   66.389 
  59.750   55.108   66.338 
  59.800   55.089   66.287 
  59.850   55.071   66.235 
  59.900   55.052   66.183 
  59.950   55.034   66.131 
  60.000   55.016   66.079 
  60.050   54.997   66.027 
  60.100   54.979   65.974 
  60.150   54.960   65.922 
  60.200   54.942   65.869 
  60.250   54.923   65.817 
  60.300   54.905   65.764 
  60.350   54.886   65.712 
  60.400   54.868   65.659 
  60.450   54.849   65.607 
  60.500   54.831   65.555 
  60.550   54.813   65.502 
  60.600   54.794   65.450 
  60.650   54.776   65.399 
  60.700   54.758   65.347 
  60.750   54.740   65.295 
  60.800   54.723   65.244 
  60.850   54.705   65.193 
  60.900   54.688   65.142 
  60.950   54.670   65.091 
  61.000   54.652   65.041 
  61.050   54.635   64.991 
  61.100   54.617   64.942 
  61.150   54.600   64.892 
  61.200   54.582   64.844 
  61.250   54.564   64.795 
  61.300   54.547   64.747 
  61.350   54.529   64.699 
  61.400   54.512   64.652 
  61.450   54.494   64.606 
  61.500   54.476   64.559 
  61.550   54.459   64.514 
  61.600   54.441   64.468 
  61.650   54.424   64.424 
  61.700   54.409   64.380 
  61.750   54.393   64.336 
  61.800   54.377   64.293 
  61.850   54.361   64.251 
  61.900   54.345   64.209 
  61.950   54.330   64.168 
  62.000   54.314   64.127 
  62.050   54.298   64.088 
  62.100   54.282   64.048 
  62.150   54.266   64.010 
  62.200   54.250   63.972 
  62.250   54.235   63.935 
  62.300   54.219   63.899 
  62.350   54.203   63.863 
  62.400   54.187   63.828 
  62.450   54.171   63.794 
  62.500   54.156   63.761 
  62.550   54.140   63.728 
  62.600   54.124   63.696 
  62.650   54.111   63.665 
  62.700   54.097   63.635 
  62.750   54.084   63.605 
  62.800   54.071   63.577 
  62.850   54.058   63.549 
  62.900   54.044   63.522 
  62.950   54.031   63.496 
  63.000   54.018   63.470 
  63.050   54.005   63.446 
  63.100   53.991   63.422 
  63.150   53.978   63.399 
  63.200   53.965   63.377 
  63.250   53.952   63.356 
  63.300   53.938   63.336 
  63.350   53.925   63.317 
  63.400   53.912   63.298 
  63.450   53.899   63.281 
  63.500   53.885   63.264 
  63.550   53.872   63.248 
  63.600   53.860   63.233 
  63.650   53.850   63.219 
  63.700   53.840   63.206 
  63.750   53.830   63.193 
  63.800   53.820   63.182 
  63.850   53.810   63.171 
  63.900   53.800   63.162 
  63.950   53.790   63.153 
  64.000   53.779   63.145 
  64.050   53.769   63.138 
  64.100   53.759   63.132 
  64.150   53.749   63.126 
  64.200   53.739   63.122 
  64.250   53.729   63.118 
  64.300   53.719   63.116 
  64.350   53.709   63.114 
  64.400   53.698   63.113 
  64.450   53.688   63.113 
  64.500   53.678   63.113 
  64.550   53.668   63.115 
  64.600   53.662   63.117 
  64.650   53.655   63.120 
  64.700   53.648   63.124 
  64.750   53.642   63.129 
  64.800   53.635   63.135 
  64.850   53.629   63.141 
  64.900   53.622   63.148 
  64.950   53.615   63.156 
  65.000   53.609   63.165 
  65.050   53.602   63.174 
  65.100   53.596   63.184 
  65.150   53.589   63.195 
  65.200   53.582   63.207 
  65.250   53.576   63.219 
  65.300   53.569   63.233 
  65.350   53.563   63.246 
  65.400   53.556   63.261 
  65.450   53.549   63.276 
  65.500   53.543   63.292 
  65.550   53.538   63.309 
  65.600   53.535   63.326 
  65.650   53.532   63.344 
  65.700   53.529   63.362 
  65.750   53.526   63.381 
  65.800   53.524   63.401 
  65.850   53.521   63.421 
  65.900   53.518   63.442 
  65.950   53.515   63.463 
  66.000   53.512   63.485 
  66.050   53.509   63.508 
  66.100   53.506   63.531 
  66.150   53.503   63.554 
  66.200   53.501   63.578 
  66.250   53.498   63.603 
  66.300   53.495   63.628 
  66.350   53.492   63.653 
  66.400   53.489   63.679 
  66.450   53.486   63.705 
  66.500   53.483   63.732 
  66.550   53.484   63.759 
  66.600   53.485   63.787 
  66.650   53.486   63.815 
  66.700   53.487   63.843 
  66.750   53.488   63.872 
  66.800   53.489   63.900 
  66.850   53.489   63.930 
  66.900   53.490   63.959 
  66.950   53.491   63.989 
  67.000   53.492   64.019 
  67.050   53.493   64.050 
  67.100   53.494   64.080 
  67.150   53.495   64.111 
  67.200   53.495   64.142 
  67.250   53.496   64.173 
  67.300   53.497   64.205 
  67.350   53.498   64.236 
  67.400   53.499   64.268 
  67.450   53.500   64.300 
  67.500   53.502   64.332 
  67.550   53.507   64.364 
  67.600   53.511   64.396 
  67.650   53.516   64.428 
  67.700   53.520   64.461 
  67.750   53.525   64.493 
  67.800   53.529   64.525 
  67.850   53.534   64.558 
  67.900   53.538   64.590 
  67.950   53.543   64.623 
  68.000   53.547   64.655 
  68.050   53.552   64.687 
  68.100   53.556   64.720 
  68.150   53.561   64.752 
  68.200   53.565   64.784 
  68.250   53.570   64.816 
  68.300   53.574   64.848 
  68.350   53.579   64.880 
  68.400   53.583   64.912 
  68.450   53.587   64.944 
  68.500   53.595   64.975 
  68.550   53.603   65.006 
  68.600   53.611   65.037 
  68.650   53.618   65.068 
  68.700   53.626   65.099 
  68.750   53.634   65.129 
  68.800   53.641   65.160 
  68.850   53.649   65.190 
  68.900   53.657   65.220 
  68.950   53.664   65.249 
  69.000   53.672   65.278 
  69.050   53.680   65.307 
  69.100   53.688   65.336 
  69.150   53.695   65.364 
  69.200   53.703   65.392 
  69.250   53.711   65.420 
  69.300   53.718   65.447 
  69.350   53.726   65.474 
  69.400   53.737   65.501 
  69.450   53.747   65.527 
  69.500   53.758   65.553 
  69.550   53.768   65.579 
  69.600   53.779   65.604 
  69.650   53.789   65.629 
  69.700   53.799   65.653 
  69.750   53.810   65.677 
  69.800   53.820   65.700 
  69.850   53.831   65.723 
  69.900   53.841   65.746 
  69.950   53.852   65.768 
  70.000   53.862   65.790 
  70.050   53.873   65.811 
  70.100   53.883   65.832 
  70.150   53.894   65.852 
  70.200   53.904   65.872 
  70.250   53.915   65.891 
  70.300   53.928   65.910 
  70.350   53.941   65.929 
  70.400   53.953   65.947 
  70.450   53.966   65.964 
  70.500   53.979   65.981 
  70.550   53.992   65.997 
  70.600   54.005   66.013 
  70.650   54.018   66.028 
  70.700   54.031   66.043 
  70.750   54.044   66.057 
  70.800   54.057   66.071 
  70.850   54.069   66.084 
  70.900   54.082   66.097 
  70.950   54.095   66.109 
  71.000   54.108   66.121 
  71.050   54.121   66.132 
  71.100   54.134   66.142 
  71.150   54.147   66.152 
  71.200   54.162   66.162 
  71.250   54.177   66.171 
  71.300   54.192   66.179 
  71.350   54.206   66.187 
  71.400   54.221   66.194 
  71.450   54.236   66.201 
  71.500   54.251   66.207 
  71.550   54.266   66.212 
  71.600   54.281   66.217 
  71.650   54.296   66.222 
  71.700   54.311   66.226 
  71.750   54.326   66.229 
  71.800   54.340   66.232 
  71.850   54.355   66.235 
  71.900   54.370   66.237 
  71.950   54.385   66.238 
  72.000   54.400   66.239 
  72.050   54.415   66.239 
  72.100   54.431   66.239 
  72.150   54.448   66.238 
  72.200   54.464   66.237 
  72.250   54.481   66.235 
  72.300   54.497   66.233 
  72.350   54.514   66.230 
  72.400   54.530   66.227 
  72.450   54.547   66.223 
  72.500   54.563   66.219 
  72.550   54.580   66.214 
  72.600   54.596   66.209 
  72.650   54.613   66.203 
  72.700   54.629   66.197 
  72.750   54.646   66.190 
  72.800   54.662   66.183 
  72.850   54.678   66.176 
  72.900   54.695   66.168 
  72.950   54.711   66.159 
  73.000   54.729   66.150 
  73.050   54.747   66.141 
  73.100   54.764   66.131 
  73.150   54.782   66.121 
  73.200   54.799   66.111 
  73.250   54.817   66.100 
  73.300   54.835   66.089 
  73.350   54.852   66.077 
  73.400   54.870   66.065 
  73.450   54.887   66.053 
  73.500   54.905   66.040 
  73.550   54.923   66.027 
  73.600   54.940   66.013 
  73.650   54.958   66.000 
  73.700   54.976   65.985 
  73.750   54.993   65.971 
  73.800   55.011   65.956 
  73.850   55.028   65.941 
  73.900   55.047   65.926 
  73.950   55.065   65.910 
  74.000   55.083   65.894 
  74.050   55.102   65.878 
  74.100   55.120   65.862 
  74.150   55.138   65.845 
  74.200   55.157   65.828 
  74.250   55.175   65.811 
  74.300   55.193   65.794 
  74.350   55.212   65.776 
  74.400   55.230   65.758 
  74.450   55.248   65.740 
  74.500   55.267   65.722 
  74.550   55.285   65.704 
  74.600   55.303   65.685 
  74.650   55.322   65.666 
  74.700   55.340   65.648 
  74.750   55.358   65.629 
  74.800   55.377   65.610 
  74.850   55.396   65.590 
  74.900   55.414   65.571 
  74.950   55.433   65.551 
  75.000   55.451   65.532 
  75.050   55.470   65.512 
  75.100   55.489   65.492 
  75.150   55.507   65.473 
  75.200   55.526   65.453 
  75.250   55.545   65.433 
  75.300   55.563   65.413 
  75.350   55.582   65.393 
  75.400   55.601   65.373 
  75.450   55.619   65.353 
  75.500   55.638   65.333 
  75.550   55.657   65.313 
  75.600   55.675   65.293 
  75.650   55.694   65.273 
  75.700   55.713   65.253 
  75.750   55.731   65.233 
  75.800   55.750   65.213 
  75.850   55.768   65.193 
  75.900   55.787   65.173 
  75.950   55.806   65.154 
  76.000   55.824   65.134 
  76.050   55.843   65.114 
  76.100   55.861   65.095 
  76.150   55.880   65.076 
  76.200   55.899   65.056 
  76.250   55.917   65.037 
  76.300   55.936   65.018 
  76.350   55.955   64.999 
  76.400   55.973   64.981 
  76.450   55.992   64.962 
  76.500   56.010   64.944 
  76.550   56.029   64.925 
  76.600   56.047   64.907 
  76.650   56.065   64.889 
  76.700   56.084   64.871 
  76.750   56.102   64.854 
  76.800   56.120   64.836 
  76.850   56.138   64.819 
  76.900   56.157   64.802 
  76.950   56.175   64.786 
  77.000   56.193   64.769 
  77.050   56.211   64.753 
  77.100   56.230   64.737 
  77.150   56.248   64.721 
  77.200   56.266   64.705 
  77.250   56.284   64.690 
  77.300   56.303   64.675 
  77.350   56.321   64.660 
  77.400   56.339   64.645 
  77.450   56.357   64.631 
  77.500   56.375   64.617 
  77.550   56.393   64.603 
  77.600   56.410   64.590 
  77.650   56.428   64.576 
  77.700   56.446   64.563 
  77.750   56.463   64.551 
  77.800   56.481   64.538 
  77.850   56.498   64.526 
  77.900   56.516   64.515 
  77.950   56.534   64.503 
  78.000   56.551   64.492 
  78.050   56.569   64.481 
  78.100   56.586   64.471 
  78.150   56.604   64.460 
  78.200   56.622   64.450 
  78.250   56.639   64.441 
  78.300   56.657   64.432 
  78.350   56.675   64.423 
  78.400   56.691   64.414 
  78.450   56.708   64.406 
  78.500   56.725   64.398 
  78.550   56.742   64.390 
  78.600   56.758   64.383 
  78.650   56.775   64.376 
  78.700   56.792   64.370 
  78.750   56.809   64.363 
  78.800   56.825   64.357 
  78.850   56.842   64.352 
  78.900   56.859   64.346 
  78.950   56.876   64.342 
  79.000   56.892   64.337 
  79.050   56.909   64.333 
  79.100   56.926   64.329 
  79.150   56.943   64.325 
  79.200   56.959   64.322 
  79.250   56.976   64.319 
  79.300   56.992   64.316 
  79.350   57.008   64.314 
  79.400   57.023   64.312 
  79.450   57.039   64.311 
  79.500   57.055   64.309 
  79.550   57.070   64.309 
  79.600   57.086   64.308 
  79.650   57.102   64.308 
  79.700   57.117   64.308 
  79.750   57.133   64.308 
  79.800   57.149   64.309 
  79.850   57.165   64.310 
  79.900   57.180   64.311 
  79.950   57.196   64.313 
  80.000   57.212   64.315 
  80.050   57.227   64.317 
  80.100   57.243   64.319 
  80.150   57.259   64.322 
  80.200   57.273   64.325 
  80.250   57.288   64.329 
  80.300   57.302   64.332 
  80.350   57.317   64.336 
  80.400   57.331   64.341 
  80.450   57.346   64.345 
  80.500   57.361   64.350 
  80.550   57.375   64.355 
  80.600   57.390   64.361 
  80.650   57.404   64.366 
  80.700   57.419   64.372 
  80.750   57.433   64.378 
  80.800   57.448   64.385 
  80.850   57.462   64.391 
  80.900   57.477   64.398 
  80.950   57.491   64.405 
  81.000   57.506   64.413 
  81.050   57.520   64.420 
  81.100   57.534   64.428 
  81.150   57.547   64.436 
  81.200   57.560   64.444 
  81.250   57.573   64.453 
  81.300   57.587   64.461 
  81.350   57.600   64.470 
  81.400   57.613   64.479 
  81.450   57.626   64.489 
  81.500   57.640   64.498 
  81.550   57.653   64.508 
  81.600   57.666   64.517 
  81.650   57.679   64.527 
  81.700   57.693   64.537 
  81.750   57.706   64.548 
  81.800   57.719   64.558 
  81.850   57.732   64.569 
  81.900   57.746   64.579 
  81.950   57.759   64.590 
  82.000   57.771   64.601 
  82.050   57.783   64.612 
  82.100   57.795   64.623 
  82.150   57.807   64.635 
  82.200   57.819   64.646 
  82.250   57.830   64.658 
  82.300   57.842   64.669 
  82.350   57.854   64.681 
  82.400   57.866   64.693 
  82.450   57.878   64.705 
  82.500   57.890   64.716 
  82.550   57.902   64.728 
  82.600   57.914   64.741 
  82.650   57.926   64.753 
  82.700   57.938   64.765 
  82.750   57.950   64.777 
  82.800   57.962   64.789 
  82.850   57.974   64.802 
  82.900   57.984   64.814 
  82.950   57.995   64.826 
  83.000   58.005   64.839 
  83.050   58.016   64.851 
  83.100   58.027   64.863 
  83.150   58.037   64.876 
  83.200   58.048   64.888 
  83.250   58.058   64.900 
  83.300   58.069   64.913 
  83.350   58.080   64.925 
  83.400   58.090   64.937 
  83.450   58.101   64.950 
  83.500   58.111   64.962 
  83.550   58.122   64.974 
  83.600   58.132   64.986 
  83.650   58.143   64.998 
  83.700   58.154   65.010 
  83.750   58.164   65.022 
  83.800   58.173   65.034 
  83.850   58.183   65.046 
  83.900   58.192   65.058 
  83.950   58.201   65.070 
  84.000   58.210   65.081 
  84.050   58.220   65.093 
  84.100   58.229   65.104 
  84.150   58.238   65.116 
  84.200   58.248   65.127 
  84.250   58.257   65.138 
  84.300   58.266   65.149 
  84.350   58.275   65.160 
  84.400   58.285   65.171 
  84.450   58.294   65.181 
  84.500   58.303   65.192 
  84.550   58.312   65.202 
  84.600   58.322   65.212 
  84.650   58.331   65.223 
  84.700   58.339   65.233 
  84.750   58.347   65.242 
  84.800   58.355   65.252 
  84.850   58.363   65.262 
  84.900   58.371   65.271 
  84.950   58.379   65.280 
  85.000   58.387   65.289 
  85.050   58.394   65.298 
  85.100   58.402   65.307 
  85.150   58.410   65.316 
  85.200   58.418   65.324 
  85.250   58.426   65.332 
  85.300   58.434   65.340 
  85.350   58.442   65.348 
  85.400   58.450   65.356 
  85.450   58.458   65.363 
  85.500   58.466   65.371 
  85.550   58.474   65.378 
  85.600   58.481   65.385 
  85.650   58.488   65.391 
  85.700   58.494   65.398 
  85.750   58.501   65.404 
  85.800   58.508   65.411 
  85.850   58.514   65.417 
  85.900   58.521   65.422 
  85.950   58.528   65.428 
  86.000   58.535   65.433 
  86.050   58.541   65.438 
  86.100   58.548   65.443 
  86.150   58.555   65.448 
  86.200   58.561   65.453 
  86.250   58.568   65.457 
  86.300   58.575   65.461 
  86.350   58.582   65.465 
  86.400   58.588   65.469 
  86.450   58.595   65.472 
  86.500   58.601   65.476 
  86.550   58.606   65.479 
  86.600   58.612   65.482 
  86.650   58.617   65.484 
  86.700   58.623   65.487 
  86.750   58.628   65.489 
  86.800   58.634   65.491 
  86.850   58.639   65.493 
  86.900   58.645   65.495 
  86.950   58.650   65.496 
  87.000   58.656   65.498 
  87.050   58.662   65.499 
  87.100   58.667   65.499 
  87.150   58.673   65.500 
  87.200   58.678   65.500 
  87.250   58.684   65.501 
  87.300   58.689   65.501 
  87.350   58.695   65.501 
  87.400   58.699   65.500 
  87.450   58.704   65.500 
  87.500   58.708   65.499 
  87.550   58.713   65.498 
  87.600   58.717   65.497 
  87.650   58.722   65.496 
  87.700   58.726   65.494 
  87.750   58.730   65.492 
  87.800   58.735   65.491 
  87.850   58.739   65.488 
  87.900   58.744   65.486 
  87.950   58.748   65.484 
  88.000   58.753   65.481 
  88.050   58.757   65.478 
  88.100   58.762   65.476 
  88.150   58.766   65.472 
  88.200   58.771   65.469 
  88.250   58.775   65.466 
  88.300   58.778   65.462 
  88.350   58.782   65.458 
  88.400   58.785   65.455 
  88.450   58.789   65.450 
  88.500   58.792   65.446 
  88.550   58.796   65.442 
  88.600   58.799   65.437 
  88.650   58.803   65.433 
  88.700   58.806   65.428 
  88.750   58.809   65.423 
  88.800   58.813   65.418 
  88.850   58.816   65.413 
  88.900   58.820   65.408 
  88.950   58.823   65.402 
  89.000   58.827   65.397 
  89.050   58.830   65.391 
  89.100   58.834   65.385 
  89.150   58.837   65.379 
  89.200   58.840   65.373 
  89.250   58.842   65.367 
  89.300   58.845   65.361 
  89.350   58.847   65.355 
  89.400   58.850   65.348 
  89.450   58.852   65.342 
  89.500   58.855   65.335 
  89.550   58.857   65.329 
  89.600   58.860   65.322 
  89.650   58.862   65.315 
  89.700   58.865   65.308 
  89.750   58.868   65.301 
  89.800   58.870   65.294 
  89.850   58.873   65.287 
  89.900   58.875   65.280 
  89.950   58.878   65.273 
  90.000   58.880   65.265 
  90.050   58.883   65.258 
  90.100   58.884   65.251 
  90.150   58.886   65.243 
  90.200   58.888   65.236 
  90.250   58.890   65.228 
  90.300   58.891   65.221 
  90.350   58.893   65.213 
  90.400   58.895   65.206 
  90.450   58.896   65.198 
  90.500   58.898   65.191 
  90.550   58.900   65.183 
  90.600   58.902   65.175 
  90.650   58.903   65.168 
  90.700   58.905   65.160 
  90.750   58.907   65.152 
  90.800   58.908   65.145 
  90.850   58.910   65.137 
  90.900   58.912   65.129 
  90.950   58.914   65.122 
  91.000   58.915   65.114 
  91.050   58.916   65.107 
  91.100   58.917   65.099 
  91.150   58.918   65.092 
  91.200   58.919   65.084 
  91.250   58.919   65.077 
  91.300   58.920   65.069 
  91.350   58.921   65.062 
  91.400   58.922   65.054 
  91.450   58.923   65.047 
  91.500   58.924   65.040 
  91.550   58.925   65.032 
  91.600   58.926   65.025 
  91.650   58.927   65.018 
  91.700   58.928   65.011 
  91.750   58.929   65.004 
  91.800   58.930   64.997 
  91.850   58.931   64.990 
  91.900   58.932   64.983 
  91.950   58.932   64.977 
  92.000   58.932   64.970 
  92.050   58.933   64.963 
  92.100   58.933   64.957 
  92.150   58.933   64.950 
  92.200   58.934   64.944 
  92.250   58.934   64.938 
  92.300   58.934   64.931 
  92.350   58.935   64.925 
  92.400   58.935   64.919 
  92.450   58.935   64.913 
  92.500   58.936   64.908 
  92.550   58.936   64.902 
  92.600   58.936   64.896 
  92.650   58.937   64.891 
  92.700   58.937   64.885 
  92.750   58.937   64.880 
  92.800   58.937   64.875 
  92.850   58.937   64.870 
  92.900   58.937   64.865 
  92.950   58.936   64.860 
  93.000   58.936   64.855 
  93.050   58.936   64.850 
  93.100   58.936   64.846 
  93.150   58.936   64.841 
  93.200   58.935   64.837 
  93.250   58.935   64.833 
  93.300   58.935   64.829 
  93.350   58.935   64.825 
  93.400   58.934   64.821 
  93.450   58.934   64.817 
  93.500   58.934   64.813 
  93.550   58.934   64.810 
  93.600   58.933   64.807 
  93.650   58.933   64.803 
  93.700   58.933   64.800 
  93.750   58.932   64.797 
  93.800   58.931   64.794 
  93.850   58.930   64.792 
  93.900   58.930   64.789 
  93.950   58.929   64.787 
  94.000   58.928   64.784 
  94.050   58.927   64.782 
  94.100   58.927   64.780 
  94.150   58.926   64.778 
  94.200   58.925   64.776 
  94.250   58.925   64.774 
  94.300   58.924   64.773 
  94.350   58.923   64.771 
  94.400   58.922   64.770 
  94.450   58.922   64.769 
  94.500   58.921   64.768 
  94.550   58.920   64.767 
  94.600   58.919   64.766 
  94.650   58.918   64.765 
  94.700   58.917   64.765 
  94.750   58.916   64.764 
  94.800   58.915   64.764 
  94.850   58.914   64.764 
  94.900   58.912   64.764 
  94.950   58.911   64.764 
  95.000   58.910   64.764 
  95.050   58.909   64.764 
  95.100   58.908   64.765 
  95.150   58.907   64.765 
  95.200   58.906   64.766 
  95.250   58.904   64.767 
  95.300   58.903   64.768 
  95.350   58.902   64.769 
  95.400   58.901   64.770 
  95.450   58.900   64.771 
  95.500   58.898   64.772 
  95.550   58.897   64.774 
  95.600   58.895   64.775 
  95.650   58.894   64.777 
  95.700   58.892   64.779 
  95.750   58.891   64.781 
  95.800   58.890   64.783 
  95.850   58.888   64.785 
  95.900   58.887   64.787 
  95.950   58.885   64.789 
  96.000   58.884   64.791 
  96.050   58.882   64.794 
  96.100   58.881   64.797 
  96.150   58.879   64.799 
  96.200   58.878   64.802 
  96.250   58.876   64.805 
  96.300   58.875   64.808 
  96.350   58.873   64.811 
  96.400   58.871   64.814 
  96.450   58.870   64.817 
  96.500   58.868   64.820 
  96.550   58.866   64.824 
  96.600   58.864   64.827 
  96.650   58.862   64.830 
  96.700   58.861   64.834 
  96.750   58.859   64.838 
  96.800   58.857   64.841 
  96.850   58.855   64.845 
  96.900   58.854   64.849 
  96.950   58.852   64.853 
  97.000   58.850   64.857 
  97.050   58.848   64.861 
  97.100   58.846   64.865 
  97.150   58.845   64.869 
  97.200   58.843   64.873 
  97.250   58.841   64.877 
  97.300   58.839   64.881 
  97.350   58.837   64.886 
  97.400   58.835   64.890 
  97.450   58.833   64.894 
  97.500   58.831   64.899 
  97.550   58.829   64.903 
  97.600   58.827   64.908 
  97.650   58.825   64.912 
  97.700   58.823   64.917 
  97.750   58.821   64.921 
  97.800   58.819   64.926 
  97.850   58.817   64.930 
  97.900   58.815   64.935 
  97.950   58.813   64.940 
  98.000   58.811   64.944 
  98.050   58.809   64.949 
  98.100   58.807   64.954 
  98.150   58.805   64.959 
  98.200   58.802   64.963 
  98.250   58.800   64.968 
  98.300   58.798   64.973 
  98.350   58.796   64.977 
  98.400   58.793   64.982 
  98.450   58.791   64.987 
  98.500   58.789   64.992 
  98.550   58.787   64.996 
  98.600   58.785   65.001 
  98.650   58.782   65.006 
  98.700   58.780   65.010 
  98.750   58.778   65.015 
  98.800   58.776   65.020 
  98.850   58.773   65.024 
  98.900   58.771   65.029 
  98.950   58.769   65.033 
  99.000   58.767   65.038 
  99.050   58.764   65.043 
  99.100   58.762   65.047 
  99.150   58.760   65.052 
  99.200   58.757   65.056 
  99.250   58.755   65.060 
  99.300   58.753   65.065 
  99.350   58.750   65.069 
  99.400   58.748   65.073 
  99.450   58.745   65.078 
  99.500   58.743   65.082 
  99.550   58.741   65.086 
  99.600   58.738   65.090 
  99.650   58.736   65.094 
  99.700   58.734   65.098 
  99.750   58.731   65.102 
  99.800   58.729   65.106 
  99.850   58.726   65.110 
  99.900   58.724   65.114 
  99.950   58.722   65.118 
 100.000   58.719   65.122 
