    0.000   0.00000
    0.250   0.00000
    0.500   0.00000
    0.750   0.00000
    1.000   0.00000
    1.250   0.00000
    1.500   0.00000
    1.750   0.00000
    2.000   0.00000
    2.250   0.00000
    2.500   0.00000
    2.750   0.00000
    3.000   0.00000
    3.250   0.00000
    3.500   0.00000
    3.750   0.00000
    4.000   0.00023
    4.250   0.00413
    4.500   0.05069
    4.750   0.35992
    5.000   1.48738
    5.250   5.27771
    5.500  14.11343
    5.750  27.91845
    6.000  53.58388
    6.250 112.59548
    6.500 133.09325
    6.750 175.72804
    7.000 203.62709
    7.250 211.95323
    7.500 246.63301
    7.750 243.60048
    8.000 260.06651
    8.250 256.18263
    8.500 245.54034
    8.750 214.75813
    9.000 212.64891
    9.250 189.85758
    9.500 162.26377
    9.750 150.53881
   10.000 133.75620
   10.250 110.54171
   10.500 100.35123
   10.750  85.85556
   11.000  69.32680
   11.250  63.50500
   11.500  53.57742
   11.750  43.40065
   12.000  38.87541
   12.250  32.70606
   12.500  27.09228
   12.750  24.31889
   13.000  21.70285
   13.250  18.71674
   13.500  19.02790
   13.750  19.61955
   14.000  19.97077
   14.250  23.43045
   14.500  27.47061
   14.750  31.00154
   15.000  39.10999
   15.250  45.69711
   15.500  51.54572
   15.750  62.91159
   16.000  71.04235
   16.250  76.81019
   16.500  90.11902
   16.750  97.44295
   17.000  98.57961
   17.250 113.98226
   17.500 118.62915
   17.750 115.84055
   18.000 129.93230
   18.250 127.85153
   18.500 124.20080
   18.750 132.72386
   19.000 130.42174
   19.250 123.79108
   19.500 126.43875
   19.750 124.99453
   20.000 116.54309
   20.250 117.35527
   20.500 111.44949
   20.750 102.45905
   21.000 105.28689
   21.250  99.10000
   21.500  87.77975
   21.750  90.34184
   22.000  87.41824
   22.250  77.46400
   22.500  80.28038
   22.750  76.27705
   23.000  70.20901
   23.250  72.10080
   23.500  71.67374
   23.750  67.03490
   24.000  69.70448
   24.250  69.99503
   24.500  66.96173
   24.750  70.66421
   25.000  73.90775
   25.250  69.78074
   25.500  76.36838
   25.750  79.22843
   26.000  74.46793
   26.250  84.04181
   26.500  84.90808
   26.750  80.69657
   27.000  89.62871
   27.250  89.64590
   27.500  87.38006
   27.750  93.53933
   28.000  95.02957
   28.250  90.27801
   28.500  98.00860
   28.750  96.28633
   29.000  93.71225
   29.250  97.93454
   29.500  98.68248
   29.750  91.79358
   30.000  96.21147
   30.250  96.09654
   30.500  92.12323
   30.750  92.59084
   31.000  96.09455
   31.250  88.14667
   31.500  92.66125
   31.750  84.45674
   32.000  91.85209
   32.250  91.55644
   32.500  88.51281
   32.750  84.82105
   33.000  88.56039
   33.250  86.01933
   33.500  81.49072
   33.750  89.37819
   34.000  85.93848
   34.250  80.06638
   34.500  88.22944
   34.750  85.15286
   35.000  82.00909
   35.250  88.33134
   35.500  87.54959
   35.750  80.26233
   36.000  87.18806
   36.250  88.13026
   36.500  85.03512
   36.750  87.61118
   37.000  89.36554
   37.250  84.95978
   37.500  91.13827
   37.750  89.38358
   38.000  84.32837
   38.250  90.88752
   38.500  90.22885
   38.750  83.51667
   39.000  91.53925
   39.250  92.41312
   39.500  83.91138
   39.750  90.33275
   40.000  92.79919
   40.250  85.75596
   40.500  89.60022
   40.750  91.41982
   41.000  82.47280
   41.250  91.66768
   41.500  91.96832
   41.750  83.62314
   42.000  91.39206
   42.250  89.13403
   42.500  84.09628
   42.750  90.39229
   43.000  89.84324
   43.250  82.23753
   43.500  90.22751
   43.750  91.17497
   44.000  83.18232
   44.250  88.67893
   44.500  90.46132
   44.750  84.62620
   45.000  89.78666
   45.250  87.97801
   45.500  83.85303
   45.750  91.44002
   46.000  87.22650
   46.250  87.40770
   46.500  87.89934
   46.750  88.79739
   47.000  86.04819
   47.250  89.48386
   47.500  89.74974
   47.750  82.88797
   48.000  90.66493
   48.250  88.83278
   48.500  86.39306
   48.750  89.80152
   49.000  90.72016
   49.250  82.14089
   49.500  91.71250
   49.750  88.33513
   50.000  84.78079
   50.250  89.77498
   50.500  91.24299
   50.750  84.33894
   51.000  88.77810
   51.250  89.97902
   51.500  83.87640
   51.750  90.05488
   52.000  89.06013
   52.250  84.98593
   52.500  91.15606
   52.750  90.32040
   53.000  82.86312
   53.250  92.23245
   53.500  86.80972
   53.750  86.02448
   54.000  88.06674
   54.250  89.51799
   54.500  87.21127
   54.750  89.45685
   55.000  90.73487
   55.250  82.19758
   55.500  90.89253
   55.750  88.99518
   56.000  83.08474
   56.250  92.03235
   56.500  86.69800
   56.750  86.48606
   57.000  87.86675
   57.250  92.97019
   57.500  82.57247
   57.750  88.36078
   58.000  94.12331
   58.250  82.60761
   58.500  90.02142
   58.750  89.81789
   59.000  83.60538
   59.250  88.12488
   59.500  90.43025
   59.750  85.39487
   60.000  88.94059
   60.250  91.55936
   60.500  83.44203
   60.750  90.14491
   61.000  89.36839
   61.250  84.13990
   61.500  91.25289
   61.750  88.08391
   62.000  85.22862
   62.250  89.03406
   62.500  92.54091
   62.750  82.74645
   63.000  90.00937
   63.250  84.82536
   63.500  88.79936
   63.750  89.36411
   64.000  89.78580
   64.250  87.66943
   64.500  88.62269
   64.750  90.65237
   65.000  83.89838
   65.250  89.58539
   65.500  88.30572
   65.750  85.18367
   66.000  90.33165
   66.250  85.84802
   66.500  85.99157
   66.750  91.24097
   67.000  89.37416
   67.250  84.43967
   67.500  90.13591
   67.750  91.29463
   68.000  82.80609
   68.250  91.22787
   68.500  89.33771
   68.750  84.31719
   69.000  89.98091
   69.250  89.47055
   69.500  86.08243
   69.750  90.07961
   70.000  90.57746
   70.250  83.00262
   70.500  89.48108
   70.750  90.51510
   71.000  83.77986
   71.250  89.00202
   71.500  88.93555
   71.750  85.83938
   72.000  89.59711
   72.250  92.31436
   72.500  80.45907
   72.750  90.70619
   73.000  92.95536
   73.250  79.64882
   73.500  91.08157
   73.750  90.15579
   74.000  84.15601
   74.250  88.41592
   74.500  92.46977
   74.750  81.14501
   75.000  89.72546
   75.250  92.81405
   75.500  84.67952
   75.750  90.09540
   76.000  86.30343
   76.250  88.55755
   76.500  89.29163
   76.750  88.71473
   77.000  86.28270
   77.250  87.59521
   77.500  90.08885
   77.750  84.60167
   78.000  91.02956
   78.250  87.94877
   78.500  86.22662
   78.750  86.68038
   79.000  92.21533
   79.250  84.93757
   79.500  86.79382
   79.750  91.62605
   80.000  85.43517
   80.250  87.52548
   80.500  93.56839
   80.750  82.38565
   81.000  89.79151
   81.250  88.39219
   81.500  87.34486
   81.750  87.89250
   82.000  89.62283
   82.250  82.52930
   82.500  94.40262
   82.750  89.75764
   83.000  80.54385
   83.250  92.84861
   83.500  89.63077
   83.750  82.23779
   84.000  90.20028
   84.250  90.44443
   84.500  85.33697
   84.750  88.82091
   85.000  91.17537
   85.250  82.87595
   85.500  88.82247
   85.750  91.81549
   86.000  83.69267
   86.250  90.22684
   86.500  89.65570
   86.750  84.30081
   87.000  90.51128
   87.250  85.46381
   87.500  87.74346
   87.750  88.83162
   88.000  93.42005
   88.250  82.99329
   88.500  87.86358
   88.750  89.67321
   89.000  84.08098
   89.250  90.08094
   89.500  90.29960
   89.750  87.35336
   90.000  87.40545
   90.250  89.28931
   90.500  86.24831
   90.750  91.23852
   91.000  87.20724
   91.250  86.38397
   91.500  87.40066
   91.750  89.05512
   92.000  87.50089
   92.250  89.24713
   92.500  87.12269
   92.750  85.46274
   93.000  89.91540
   93.250  88.87443
   93.500  87.11746
   93.750  91.13887
   94.000  89.68304
   94.250  81.74774
   94.500  90.02086
   94.750  88.17553
   95.000  87.89921
   95.250  89.30624
   95.500  88.29010
   95.750  85.44562
   96.000  89.08047
   96.250  91.36202
   96.500  82.83260
   96.750  91.76377
   97.000  88.54675
   97.250  82.05727
   97.500  93.90758
   97.750  87.34787
   98.000  83.79729
   98.250  90.57386
   98.500  91.33056
   98.750  84.40322
   99.000  84.97566
   99.250  94.33185
   99.500  83.06791
   99.750  91.64085
  100.000  88.45579
  100.250  84.17623
  100.500  91.05215
  100.750  90.31954
  101.000  81.39097
  101.250  90.15028
  101.500  89.83251
  101.750  84.33955
  102.000  90.31695
  102.250  91.12535
  102.500  80.74848
  102.750  91.60667
  103.000  89.95658
  103.250  85.17355
  103.500  88.43317
  103.750  89.19297
  104.000  86.61005
  104.250  89.76939
  104.500  89.11814
  104.750  85.03314
  105.000  88.98922
  105.250  90.53783
  105.500  85.04148
  105.750  87.80332
  106.000  89.98942
  106.250  85.04093
  106.500  91.16920
  106.750  89.43839
  107.000  84.09869
  107.250  90.97562
  107.500  90.85226
  107.750  81.30270
  108.000  91.27590
  108.250  88.18770
  108.500  88.95238
  108.750  84.88667
  109.000  89.41651
  109.250  88.56377
  109.500  87.94037
  109.750  87.66144
  110.000  45.24957
