   0.500      0.000     
   1.000      0.000     
   1.500      0.000     
   2.000      0.000     
   2.500      0.000     
   3.000      0.001     
   3.500      0.002     
   4.000      0.010     
   4.500      0.039     
   5.000      0.127     
   5.500      0.366     
   6.000      0.950     
   6.500      2.208     
   7.000      4.681     
   7.500      9.025     
   8.000     15.842     
   8.500     25.912     
   9.000     39.105     
   9.500     55.145     
  10.000     73.143     
  10.500     91.649     
  11.000    109.592     
  11.500    124.726     
  12.000    136.201     
  12.500    143.857     
  13.000    147.172     
  13.500    146.432     
  14.000    141.834     
  14.500    134.207     
  15.000    124.555     
  15.500    113.447     
  16.000    101.843     
  16.500     90.268     
  17.000     79.106     
  17.500     68.691     
  18.000     59.411     
  18.500     51.375     
  19.000     44.570     
  19.500     38.940     
  20.000     34.542     
  20.500     31.550     
  21.000     30.578     
  21.500     30.951     
  22.000     32.604     
  22.500     35.549     
  23.000     39.616     
  23.500     44.663     
  24.000     50.500     
  24.500     56.882     
  25.000     63.553     
  25.500     70.245     
  26.000     76.692     
  26.500     82.643     
  27.000     87.879     
  27.500     92.217     
  28.000     95.558     
  28.500     97.794     
  29.000     98.884     
  29.500     98.855     
  30.000     97.779     
  30.500     95.760     
  31.000     92.934     
  31.500     89.477     
  32.000     85.556     
  32.500     81.345     
  33.000     77.021     
  33.500     72.754     
  34.000     68.696     
  34.500     64.982     
  35.000     61.737     
  35.500     59.050     
  36.000     56.986     
  36.500     55.587     
  37.000     54.867     
  37.500     54.818     
  38.000     55.407     
  38.500     56.577     
  39.000     58.248     
  39.500     60.334     
  40.000     62.743     
  40.500     65.362     
  41.000     68.080     
  41.500     70.789     
  42.000     73.390     
  42.500     75.788     
  43.000     77.905     
  43.500     79.675     
  44.000     81.050     
  44.500     82.001     
  45.000     82.515     
  45.500     82.596     
  46.000     82.265     
  46.500     81.559     
  47.000     80.519     
  47.500     79.212     
  48.000     77.699     
  48.500     76.048     
  49.000     74.327     
  49.500     72.607     
  50.000     70.950     
  50.500     69.414     
  51.000     68.053     
  51.500     66.908     
  52.000     66.010     
  52.500     65.378     
  53.000     65.021     
  53.500     64.939     
  54.000     65.121     
  54.500     65.543     
  55.000     66.177     
  55.500     66.984     
  56.000     67.931     
  56.500     68.971     
  57.000     70.060     
  57.500     71.154     
  58.000     72.211     
  58.500     73.195     
  59.000     74.071     
  59.500     74.814     
  60.000     75.402     
  60.500     75.822     
  61.000     76.067     
  61.500     76.139     
  62.000     76.042     
  62.500     75.792     
  63.000     75.403     
  63.500     74.901     
  64.000     74.311     
  64.500     73.658     
  65.000     72.970     
  65.500     72.277     
  66.000     71.603     
  66.500     70.972     
  67.000     70.408     
  67.500     69.926     
  68.000     69.542     
  68.500     69.263     
  69.000     69.094     
  69.500     69.037     
  70.000     69.086     
  70.500     69.234     
  71.000     69.472     
  71.500     69.781     
  72.000     70.151     
  72.500     70.562     
  73.000     70.997     
  73.500     71.438     
  74.000     71.868     
  74.500     72.271     
  75.000     72.634     
  75.500     72.946     
  76.000     73.197     
  76.500     73.381     
  77.000     73.496     
  77.500     73.540     
  78.000     73.516     
  78.500     73.429     
  79.000     73.285     
  79.500     73.092     
  80.000     72.862     
  80.500     72.604     
  81.000     72.329     
  81.500     72.050     
  82.000     71.776     
  82.500     71.518     
  83.000     71.284     
  83.500     71.082     
  84.000     70.919     
  84.500     70.797     
  85.000     70.719     
  85.500     70.686     
  86.000     70.696     
  86.500     70.747     
  87.000     70.835     
  87.500     70.954     
  88.000     71.097     
  88.500     71.260     
  89.000     71.433     
  89.500     71.611     
  90.000     71.785     
  90.500     71.950     
  91.000     72.101     
  91.500     72.231     
  92.000     72.337     
  92.500     72.418     
  93.000     72.470     
  93.500     72.494     
  94.000     72.491     
  94.500     72.461     
  95.000     72.408     
  95.500     72.334     
  96.000     72.244     
  96.500     72.143     
  97.000     72.033     
  97.500     71.921     
  98.000     71.810     
  98.500     71.705     
  99.000     71.608     
  99.500     71.524     
 100.000     71.454     
