   0.250          0.000    
   0.500          0.000    
   0.750          0.000    
   1.000          0.000    
   1.250          0.000    
   1.500          0.000    
   1.750          0.000    
   2.000          0.000    
   2.250          0.000    
   2.500          0.000    
   2.750          0.000    
   3.000          0.000    
   3.250          0.000    
   3.500          0.000    
   3.750          0.000    
   4.000          0.000    
   4.250          0.000    
   4.500          0.000    
   4.750          0.000    
   5.000          0.000    
   5.250          0.000    
   5.500          0.000    
   5.750          0.000    
   6.000          0.000    
   6.250          0.000    
   6.500          0.000    
   6.750          0.000    
   7.000          0.000    
   7.250          0.000    
   7.500          0.000    
   7.750          0.000    
   8.000          0.000    
   8.250          0.000    
   8.500          0.000    
   8.750          0.000    
   9.000          0.000    
   9.250          0.000    
   9.500          0.000    
   9.750          0.000    
  10.000          0.001    
  10.250          0.005    
  10.500          0.021    
  10.750          0.074    
  11.000          0.246    
  11.250          0.759    
  11.500          2.155    
  11.750          5.605    
  12.000         13.315    
  12.250         28.809    
  12.500         56.670    
  12.750        101.250    
  13.000        164.320    
  13.250        242.479    
  13.500        325.923    
  13.750        399.803    
  14.000        448.639    
  14.250        461.746    
  14.500        436.994    
  14.750        381.003    
  15.000        307.021    
  15.250        229.054    
  15.500        158.695    
  15.750        102.310    
  16.000         62.074    
  16.250         35.751    
  16.500         19.794    
  16.750         10.893    
  17.000          6.311    
  17.250          3.990    
  17.500          2.785    
  17.750          2.115    
  18.000          1.640    
  18.250          1.227    
  18.500          0.876    
  18.750          0.610    
  19.000          0.483    
  19.250          0.653    
  19.500          1.584    
  19.750          4.352    
  20.000         10.936    
  20.250         24.261    
  20.500         47.650    
  20.750         83.612    
  21.000        132.416    
  21.250        191.104    
  21.500        253.639    
  21.750        312.157    
  22.000        358.733    
  22.250        386.881    
  22.500        392.903    
  22.750        376.299    
  23.000        340.274    
  23.250        290.686    
  23.500        234.903    
  23.750        179.758    
  24.000        130.619    
  24.250         90.439    
  24.500         59.936    
  24.750         38.242    
  25.000         23.679    
  25.250         14.408    
  25.500          8.782    
  25.750          5.475    
  26.000          3.589    
  26.250          2.549    
  26.500          2.092    
  26.750          2.297    
  27.000          3.700    
  27.250          7.425    
  27.500         15.124    
  27.750         28.663    
  28.000         49.508    
  28.250         78.259    
  28.500        114.182    
  28.750        155.122    
  29.000        197.743    
  29.250        238.231    
  29.500        272.846    
  29.750        298.762    
  30.000        314.008    
  30.250        317.635    
  30.500        309.521    
  30.750        290.693    
  31.000        263.327    
  31.250        230.083    
  31.500        194.296    
  31.750        158.852    
  32.000        126.023    
  32.250         97.223    
  32.500         73.220    
  32.750         53.919    
  33.000         38.723    
  33.250         26.803    
  33.500         18.281    
  33.750         12.534    
  34.000          8.825    
  34.250          6.694    
  34.500          5.984    
  34.750          6.824    
  35.000          9.574    
  35.250         14.715    
  35.500         22.707    
  35.750         33.845    
  36.000         48.205    
  36.250         65.505    
  36.500         85.194    
  36.750        106.423    
  37.000        128.193    
  37.250        149.302    
  37.500        168.788    
  37.750        185.590    
  38.000        199.087    
  38.250        208.718    
  38.500        214.231    
  38.750        215.544    
  39.000        212.720    
  39.250        206.232    
  39.500        196.562    
  39.750        184.221    
  40.000        169.872    
  40.250        154.382    
  40.500        138.285    
  40.750        122.336    
  41.000        106.919    
  41.250         92.577    
  41.500         78.997    
  41.750         66.563    
  42.000         55.215    
  42.250         45.044    
  42.500         36.196    
  42.750         28.511    
  43.000         22.029    
  43.250         16.777    
  43.500         12.793    
  43.750          9.981    
  44.000          8.344    
  44.250          7.848    
  44.500          8.294    
  44.750          9.441    
  45.000         10.998    
  45.250         12.626    
  45.500         13.933    
  45.750         14.434    
  46.000         13.846    
  46.250         12.206    
  46.500          9.792    
  46.750          7.126    
  47.000          4.693    
  47.250          2.748    
  47.500          1.402    
  47.750          0.551    
  48.000          0.192    
  48.250          0.067    
  48.500          0.023    
  48.750          0.008    
  49.000          0.003    
  49.250          0.001    
  49.500          0.000    
  49.750          0.000    
  50.000          0.000    
  50.250          0.000    
  50.500          0.000    
  50.750          0.000    
  51.000          0.000    
  51.250          0.000    
  51.500          0.000    
  51.750          0.000    
  52.000          0.000    
  52.250          0.000    
  52.500          0.000    
  52.750          0.000    
  53.000          0.000    
  53.250          0.000    
  53.500          0.000    
  53.750          0.000    
  54.000          0.000    
  54.250          0.000    
  54.500          0.000    
  54.750          0.000    
  55.000          0.000    
  55.250          0.000    
  55.500          0.000    
  55.750          0.000    
  56.000          0.000    
  56.250          0.000    
  56.500          0.000    
  56.750          0.000    
  57.000          0.000    
  57.250          0.000    
  57.500          0.000    
  57.750          0.000    
  58.000          0.000    
  58.250          0.000    
  58.500          0.000    
  58.750          0.000    
  59.000          0.000    
  59.250          0.000    
  59.500          0.000    
  59.750          0.000    
  60.000          0.000    
  60.250          0.000    
  60.500          0.000    
  60.750          0.000    
  61.000          0.000    
  61.250          0.000    
  61.500          0.000    
  61.750          0.000    
  62.000          0.000    
  62.250          0.000    
  62.500          0.000    
  62.750          0.000    
  63.000          0.000    
  63.250          0.000    
  63.500          0.000    
  63.750          0.000    
  64.000          0.000    
  64.250          0.000    
  64.500          0.000    
  64.750          0.000    
  65.000          0.000    
  65.250          0.000    
  65.500          0.000    
  65.750          0.000    
  66.000          0.000    
  66.250          0.000    
  66.500          0.000    
  66.750          0.000    
  67.000          0.000    
  67.250          0.000    
  67.500          0.000    
  67.750          0.000    
  68.000          0.000    
  68.250          0.000    
  68.500          0.000    
  68.750          0.000    
  69.000          0.000    
  69.250          0.000    
  69.500          0.000    
  69.750          0.000    
  70.000          0.000    
  70.250          0.000    
  70.500          0.000    
  70.750          0.000    
  71.000          0.000    
  71.250          0.000    
  71.500          0.000    
  71.750          0.000    
  72.000          0.000    
  72.250          0.000    
  72.500          0.000    
  72.750          0.000    
  73.000          0.000    
  73.250          0.000    
  73.500          0.000    
  73.750          0.000    
  74.000          0.000    
  74.250          0.000    
  74.500          0.000    
  74.750          0.000    
  75.000          0.000    
  75.250          0.000    
  75.500          0.000    
  75.750          0.000    
  76.000          0.000    
  76.250          0.000    
  76.500          0.000    
  76.750          0.000    
  77.000          0.000    
  77.250          0.000    
  77.500          0.000    
  77.750          0.000    
  78.000          0.000    
  78.250          0.000    
  78.500          0.000    
  78.750          0.000    
  79.000          0.000    
  79.250          0.000    
  79.500          0.000    
  79.750          0.000    
  80.000          0.000    
  80.250          0.000    
  80.500          0.000    
  80.750          0.000    
  81.000          0.000    
  81.250          0.000    
  81.500          0.000    
  81.750          0.000    
  82.000          0.000    
  82.250          0.000    
  82.500          0.000    
  82.750          0.000    
  83.000          0.000    
  83.250          0.000    
  83.500          0.000    
  83.750          0.000    
  84.000          0.000    
  84.250          0.000    
  84.500          0.000    
  84.750          0.000    
  85.000          0.000    
  85.250          0.000    
  85.500          0.000    
  85.750          0.000    
  86.000          0.000    
  86.250          0.000    
  86.500          0.000    
  86.750          0.000    
  87.000          0.000    
  87.250          0.000    
  87.500          0.000    
  87.750          0.000    
  88.000          0.000    
  88.250          0.000    
  88.500          0.000    
  88.750          0.000    
  89.000          0.000    
  89.250          0.000    
  89.500          0.000    
  89.750          0.000    
  90.000          0.000    
  90.250          0.000    
  90.500          0.000    
  90.750          0.000    
  91.000          0.000    
  91.250          0.000    
  91.500          0.000    
  91.750          0.000    
  92.000          0.000    
  92.250          0.000    
  92.500          0.000    
  92.750          0.000    
  93.000          0.000    
  93.250          0.000    
  93.500          0.000    
  93.750          0.000    
  94.000          0.000    
  94.250          0.000    
  94.500          0.000    
  94.750          0.000    
  95.000          0.000    
  95.250          0.000    
  95.500          0.000    
  95.750          0.000    
  96.000          0.000    
  96.250          0.000    
  96.500          0.000    
  96.750          0.000    
  97.000          0.000    
  97.250          0.000    
  97.500          0.000    
  97.750          0.000    
  98.000          0.000    
  98.250          0.000    
  98.500          0.000    
  98.750          0.000    
  99.000          0.000    
  99.250          0.000    
  99.500          0.000    
  99.750          0.000    
 100.000          0.000    
 100.250          0.000    
 100.500          0.000    
 100.750          0.000    
 101.000          0.000    
 101.250          0.000    
 101.500          0.000    
 101.750          0.000    
 102.000          0.000    
 102.250          0.000    
 102.500          0.000    
 102.750          0.000    
 103.000          0.000    
 103.250          0.000    
 103.500          0.000    
 103.750          0.000    
 104.000          0.000    
 104.250          0.000    
 104.500          0.000    
 104.750          0.000    
 105.000          0.000    
 105.250          0.000    
 105.500          0.000    
 105.750          0.000    
 106.000          0.000    
 106.250          0.000    
 106.500          0.000    
 106.750          0.000    
 107.000          0.000    
 107.250          0.000    
 107.500          0.000    
 107.750          0.000    
 108.000          0.000    
 108.250          0.000    
 108.500          0.000    
 108.750          0.000    
 109.000          0.000    
 109.250          0.000    
 109.500          0.000    
 109.750          0.000    
 110.000          0.000    
 110.250          0.000    
 110.500          0.000    
 110.750          0.000    
 111.000          0.000    
 111.250          0.000    
 111.500          0.000    
 111.750          0.000    
 112.000          0.000    
 112.250          0.000    
 112.500          0.000    
 112.750          0.000    
 113.000          0.000    
 113.250          0.000    
 113.500          0.000    
 113.750          0.001    
 114.000          0.010    
 114.250          0.074    
 114.500          0.429    
 114.750          2.009    
 115.000          7.942    
 115.250         25.703    
 115.500         68.197    
 115.750        148.389    
 116.000        264.081    
 116.250        397.664    
 116.500        515.904    
 116.750        576.832    
 117.000        561.182    
 117.250        480.991    
 117.500        367.314    
 117.750        251.899    
 118.000        156.569    
 118.250         88.705    
 118.500         46.331    
 118.750         22.525    
 119.000         10.520    
 119.250          5.004    
 119.500          2.628    
 119.750          1.646    
 120.000          1.219    
 120.250          1.009    
 120.500          0.853    
 120.750          0.669    
 121.000          0.481    
 121.250          0.325    
 121.500          0.234    
 121.750          0.311    
 122.000          0.913    
 122.250          3.077    
 122.500          9.120    
 122.750         23.037    
 123.000         49.848    
 123.250         93.406    
 123.500        153.718    
 123.750        225.511    
 124.000        299.164    
 124.250        363.244    
 124.500        407.510    
 124.750        425.335    
 125.000        414.455    
 125.250        377.980    
 125.500        323.123    
 125.750        259.284    
 126.000        195.582    
 126.250        139.040    
 126.500         93.413    
 126.750         59.550    
 127.000         36.301    
 127.250         21.288    
 127.500         12.275    
 127.750          7.138    
 128.000          4.340    
 128.250          2.878    
 128.500          2.121    
 128.750          1.713    
 129.000          1.587    
 129.250          1.981    
 129.500          3.559    
 129.750          7.535    
 130.000         15.692    
 130.250         30.067    
 130.500         52.318    
 130.750         82.959    
 131.000        120.927    
 131.250        163.534    
 131.500        206.949    
 131.750        247.130    
 132.000        280.493    
 132.250        304.046    
 132.500        316.460    
 132.750        316.903    
 133.000        305.555    
 133.250        284.178    
 133.500        255.284    
 133.750        221.341    
 134.000        185.763    
 134.250        151.064    
 134.500        119.210    
 134.750         91.516    
 135.000         68.498    
 135.250         50.123    
 135.500         35.933    
 135.750         25.392    
 136.000         17.742    
 136.250         12.340    
 136.500          8.682    
 136.750          6.358    
 137.000          5.130    
 137.250          4.951    
 137.500          5.963    
 137.750          8.453    
 138.000         12.772    
 138.250         19.238    
 138.500         28.075    
 138.750         39.304    
 139.000         52.745    
 139.250         68.122    
 139.500         84.785    
 139.750        101.944    
 140.000        118.809    
 140.250        134.624    
 140.500        148.644    
 140.750        160.394    
 141.000        169.355    
 141.250        175.313    
 141.500        178.003    
 141.750        177.452    
 142.000        173.825    
 142.250        167.105    
 142.500        157.843    
 142.750        146.091    
 143.000        132.238    
 143.250        116.677    
 143.500         99.825    
 143.750         82.212    
 144.000         64.731    
 144.250         48.345    
 144.500         33.866    
 144.750         22.142    
 145.000         13.517    
 145.250          7.666    
 145.500          4.138    
 145.750          2.245    
 146.000          1.336    
 146.250          1.014    
 146.500          1.015    
 146.750          1.137    
 147.000          1.219    
 147.250          1.157    
 147.500          0.923    
 147.750          0.432    
 148.000          0.151    
 148.250          0.052    
 148.500          0.018    
 148.750          0.006    
 149.000          0.002    
 149.250          0.001    
 149.500          0.000    
 149.750          0.000    
 150.000          0.000    
 150.250          0.000    
 150.500          0.000    
 150.750          0.000    
 151.000          0.000    
 151.250          0.000    
 151.500          0.000    
 151.750          0.000    
 152.000          0.000    
 152.250          0.000    
 152.500          0.000    
 152.750          0.000    
 153.000          0.000    
 153.250          0.000    
 153.500          0.000    
 153.750          0.000    
 154.000          0.000    
 154.250          0.000    
 154.500          0.000    
 154.750          0.000    
 155.000          0.000    
 155.250          0.000    
 155.500          0.000    
 155.750          0.000    
 156.000          0.000    
 156.250          0.000    
 156.500          0.000    
 156.750          0.000    
 157.000          0.000    
 157.250          0.000    
 157.500          0.000    
 157.750          0.000    
 158.000          0.000    
 158.250          0.000    
 158.500          0.000    
 158.750          0.000    
 159.000          0.000    
 159.250          0.000    
 159.500          0.000    
 159.750          0.000    
 160.000          0.000    
 160.250          0.000    
 160.500          0.000    
 160.750          0.000    
 161.000          0.000    
 161.250          0.000    
 161.500          0.000    
 161.750          0.000    
 162.000          0.000    
 162.250          0.000    
 162.500          0.000    
 162.750          0.000    
 163.000          0.000    
 163.250          0.000    
 163.500          0.000    
 163.750          0.000    
 164.000          0.000    
 164.250          0.000    
 164.500          0.000    
 164.750          0.000    
 165.000          0.000    
 165.250          0.000    
 165.500          0.000    
 165.750          0.000    
 166.000          0.000    
 166.250          0.000    
 166.500          0.000    
 166.750          0.000    
 167.000          0.000    
 167.250          0.000    
 167.500          0.000    
 167.750          0.000    
 168.000          0.000    
 168.250          0.000    
 168.500          0.000    
 168.750          0.000    
 169.000          0.000    
 169.250          0.000    
 169.500          0.000    
 169.750          0.000    
 170.000          0.000    
 170.250          0.000    
 170.500          0.000    
 170.750          0.000    
 171.000          0.000    
 171.250          0.000    
 171.500          0.000    
 171.750          0.000    
 172.000          0.000    
 172.250          0.000    
 172.500          0.000    
 172.750          0.000    
 173.000          0.000    
 173.250          0.000    
 173.500          0.000    
 173.750          0.000    
 174.000          0.000    
 174.250          0.000    
 174.500          0.000    
 174.750          0.000    
 175.000          0.000    
 175.250          0.000    
 175.500          0.000    
 175.750          0.000    
 176.000          0.000    
 176.250          0.000    
 176.500          0.000    
 176.750          0.000    
 177.000          0.000    
 177.250          0.000    
 177.500          0.000    
 177.750          0.000    
 178.000          0.000    
 178.250          0.000    
 178.500          0.000    
 178.750          0.000    
 179.000          0.000    
 179.250          0.000    
 179.500          0.000    
 179.750          0.000    
 180.000          0.000    
 180.250          0.000    
 180.500          0.000    
 180.750          0.000    
 181.000          0.000    
 181.250          0.000    
 181.500          0.000    
 181.750          0.000    
 182.000          0.000    
 182.250          0.000    
 182.500          0.000    
 182.750          0.000    
 183.000          0.000    
 183.250          0.000    
 183.500          0.000    
 183.750          0.000    
 184.000          0.000    
 184.250          0.000    
 184.500          0.000    
 184.750          0.000    
 185.000          0.000    
 185.250          0.000    
 185.500          0.000    
 185.750          0.000    
 186.000          0.000    
 186.250          0.000    
 186.500          0.000    
 186.750          0.000    
 187.000          0.000    
 187.250          0.000    
 187.500          0.000    
 187.750          0.000    
 188.000          0.000    
 188.250          0.000    
 188.500          0.000    
 188.750          0.000    
 189.000          0.000    
 189.250          0.000    
 189.500          0.000    
 189.750          0.000    
 190.000          0.000    
 190.250          0.000    
 190.500          0.000    
 190.750          0.000    
 191.000          0.000    
 191.250          0.000    
 191.500          0.000    
 191.750          0.000    
 192.000          0.000    
 192.250          0.000    
 192.500          0.000    
 192.750          0.000    
 193.000          0.000    
 193.250          0.000    
 193.500          0.000    
 193.750          0.000    
 194.000          0.000    
 194.250          0.000    
 194.500          0.000    
 194.750          0.000    
 195.000          0.000    
 195.250          0.000    
 195.500          0.000    
 195.750          0.000    
 196.000          0.000    
 196.250          0.000    
 196.500          0.000    
 196.750          0.000    
 197.000          0.000    
 197.250          0.000    
 197.500          0.000    
 197.750          0.000    
 198.000          0.000    
 198.250          0.000    
 198.500          0.000    
 198.750          0.000    
 199.000          0.000    
 199.250          0.000    
 199.500          0.000    
 199.750          0.000    
 200.000          0.000    
