    0.050 -7.0350E+0001
    0.100 -7.0300E+0001
    0.150 -7.0251E+0001
    0.200 -7.0201E+0001
    0.250 -7.0152E+0001
    0.300 -7.0103E+0001
    0.350 -7.0054E+0001
    0.400 -7.0006E+0001
    0.450 -6.9957E+0001
    0.500 -6.9909E+0001
    0.550 -6.9861E+0001
    0.600 -6.9814E+0001
    0.650 -6.9766E+0001
    0.700 -6.9719E+0001
    0.750 -6.9671E+0001
    0.800 -6.9624E+0001
    0.850 -6.9578E+0001
    0.900 -6.9531E+0001
    0.950 -6.9485E+0001
    1.000 -6.9438E+0001
    1.050 -6.9392E+0001
    1.100 -6.9347E+0001
    1.150 -6.9301E+0001
    1.200 -6.9255E+0001
    1.250 -6.9210E+0001
    1.300 -6.9165E+0001
    1.350 -6.9120E+0001
    1.400 -6.9075E+0001
    1.450 -6.9031E+0001
    1.500 -6.8986E+0001
    1.550 -6.8942E+0001
    1.600 -6.8898E+0001
    1.650 -6.8854E+0001
    1.700 -6.8810E+0001
    1.750 -6.8767E+0001
    1.800 -6.8724E+0001
    1.850 -6.8680E+0001
    1.900 -6.8637E+0001
    1.950 -6.8594E+0001
    2.000 -6.8552E+0001
    2.050 -6.8509E+0001
    2.100 -6.8467E+0001
    2.150 -6.8425E+0001
    2.200 -6.8382E+0001
    2.250 -6.8341E+0001
    2.300 -6.8299E+0001
    2.350 -6.8257E+0001
    2.400 -6.8216E+0001
    2.450 -6.8175E+0001
    2.500 -6.8133E+0001
    2.550 -6.8093E+0001
    2.600 -6.8052E+0001
    2.650 -6.8011E+0001
    2.700 -6.7971E+0001
    2.750 -6.7930E+0001
    2.800 -6.7890E+0001
    2.850 -6.7850E+0001
    2.900 -6.7810E+0001
    2.950 -6.7770E+0001
    3.000 -6.7731E+0001
    3.050 -6.7691E+0001
    3.100 -6.7652E+0001
    3.150 -6.7613E+0001
    3.200 -6.7574E+0001
    3.250 -6.7535E+0001
    3.300 -6.7496E+0001
    3.350 -6.7457E+0001
    3.400 -6.7419E+0001
    3.450 -6.7380E+0001
    3.500 -6.7342E+0001
    3.550 -6.7304E+0001
    3.600 -6.7266E+0001
    3.650 -6.7228E+0001
    3.700 -6.7191E+0001
    3.750 -6.7153E+0001
    3.800 -6.7116E+0001
    3.850 -6.7078E+0001
    3.900 -6.7041E+0001
    3.950 -6.7004E+0001
    4.000 -6.6967E+0001
    4.050 -6.6930E+0001
    4.100 -6.6894E+0001
    4.150 -6.6857E+0001
    4.200 -6.6821E+0001
    4.250 -6.6784E+0001
    4.300 -6.6748E+0001
    4.350 -6.6712E+0001
    4.400 -6.6676E+0001
    4.450 -6.6640E+0001
    4.500 -6.6605E+0001
    4.550 -6.6569E+0001
    4.600 -6.6534E+0001
    4.650 -6.6498E+0001
    4.700 -6.6463E+0001
    4.750 -6.6428E+0001
    4.800 -6.6393E+0001
    4.850 -6.6358E+0001
    4.900 -6.6323E+0001
    4.950 -6.6288E+0001
    5.000 -6.6254E+0001
    5.050 -6.6219E+0001
    5.100 -6.6185E+0001
    5.150 -6.6151E+0001
    5.200 -6.6117E+0001
    5.250 -6.6083E+0001
    5.300 -6.6049E+0001
    5.350 -6.6015E+0001
    5.400 -6.5981E+0001
    5.450 -6.5947E+0001
    5.500 -6.5914E+0001
    5.550 -6.5881E+0001
    5.600 -6.5847E+0001
    5.650 -6.5814E+0001
    5.700 -6.5781E+0001
    5.750 -6.5748E+0001
    5.800 -6.5715E+0001
    5.850 -6.5682E+0001
    5.900 -6.5649E+0001
    5.950 -6.5617E+0001
    6.000 -6.5584E+0001
    6.050 -6.5552E+0001
    6.100 -6.5519E+0001
    6.150 -6.5487E+0001
    6.200 -6.5455E+0001
    6.250 -6.5423E+0001
    6.300 -6.5391E+0001
    6.350 -6.5359E+0001
    6.400 -6.5327E+0001
    6.450 -6.5295E+0001
    6.500 -6.5263E+0001
    6.550 -6.5232E+0001
    6.600 -6.5200E+0001
    6.650 -6.5169E+0001
    6.700 -6.5138E+0001
    6.750 -6.5106E+0001
    6.800 -6.5075E+0001
    6.850 -6.5044E+0001
    6.900 -6.5013E+0001
    6.950 -6.4982E+0001
    7.000 -6.4951E+0001
    7.050 -6.4921E+0001
    7.100 -6.4890E+0001
    7.150 -6.4859E+0001
    7.200 -6.4829E+0001
    7.250 -6.4798E+0001
    7.300 -6.4768E+0001
    7.350 -6.4738E+0001
    7.400 -6.4708E+0001
    7.450 -6.4677E+0001
    7.500 -6.4647E+0001
    7.550 -6.4617E+0001
    7.600 -6.4587E+0001
    7.650 -6.4558E+0001
    7.700 -6.4528E+0001
    7.750 -6.4498E+0001
    7.800 -6.4468E+0001
    7.850 -6.4439E+0001
    7.900 -6.4409E+0001
    7.950 -6.4380E+0001
    8.000 -6.4350E+0001
    8.050 -6.4321E+0001
    8.100 -6.4292E+0001
    8.150 -6.4263E+0001
    8.200 -6.4234E+0001
    8.250 -6.4205E+0001
    8.300 -6.4176E+0001
    8.350 -6.4147E+0001
    8.400 -6.4118E+0001
    8.450 -6.4089E+0001
    8.500 -6.4060E+0001
    8.550 -6.4031E+0001
    8.600 -6.4003E+0001
    8.650 -6.3974E+0001
    8.700 -6.3946E+0001
    8.750 -6.3917E+0001
    8.800 -6.3889E+0001
    8.850 -6.3860E+0001
    8.900 -6.3832E+0001
    8.950 -6.3804E+0001
    9.000 -6.3776E+0001
    9.050 -6.3748E+0001
    9.100 -6.3719E+0001
    9.150 -6.3691E+0001
    9.200 -6.3663E+0001
    9.250 -6.3636E+0001
    9.300 -6.3608E+0001
    9.350 -6.3580E+0001
    9.400 -6.3552E+0001
    9.450 -6.3524E+0001
    9.500 -6.3497E+0001
    9.550 -6.3469E+0001
    9.600 -6.3441E+0001
    9.650 -6.3414E+0001
    9.700 -6.3386E+0001
    9.750 -6.3359E+0001
    9.800 -6.3331E+0001
    9.850 -6.3304E+0001
    9.900 -6.3277E+0001
    9.950 -6.3249E+0001
   10.000 -6.3222E+0001
   10.050 -6.3195E+0001
   10.100 -6.3168E+0001
   10.150 -6.3141E+0001
   10.200 -6.3114E+0001
   10.250 -6.3087E+0001
   10.300 -6.3060E+0001
   10.350 -6.3033E+0001
   10.400 -6.3006E+0001
   10.450 -6.2979E+0001
   10.500 -6.2952E+0001
   10.550 -6.2925E+0001
   10.600 -6.2898E+0001
   10.650 -6.2872E+0001
   10.700 -6.2845E+0001
   10.750 -6.2818E+0001
   10.800 -6.2791E+0001
   10.850 -6.2765E+0001
   10.900 -6.2738E+0001
   10.950 -6.2712E+0001
   11.000 -6.2685E+0001
   11.050 -6.2659E+0001
   11.100 -6.2632E+0001
   11.150 -6.2606E+0001
   11.200 -6.2579E+0001
   11.250 -6.2553E+0001
   11.300 -6.2526E+0001
   11.350 -6.2500E+0001
   11.400 -6.2474E+0001
   11.450 -6.2447E+0001
   11.500 -6.2421E+0001
   11.550 -6.2395E+0001
   11.600 -6.2369E+0001
   11.650 -6.2342E+0001
   11.700 -6.2316E+0001
   11.750 -6.2290E+0001
   11.800 -6.2264E+0001
   11.850 -6.2238E+0001
   11.900 -6.2212E+0001
   11.950 -6.2186E+0001
   12.000 -6.2160E+0001
   12.050 -6.2133E+0001
   12.100 -6.2107E+0001
   12.150 -6.2081E+0001
   12.200 -6.2055E+0001
   12.250 -6.2029E+0001
   12.300 -6.2003E+0001
   12.350 -6.1977E+0001
   12.400 -6.1951E+0001
   12.450 -6.1926E+0001
   12.500 -6.1900E+0001
   12.550 -6.1874E+0001
   12.600 -6.1848E+0001
   12.650 -6.1822E+0001
   12.700 -6.1796E+0001
   12.750 -6.1770E+0001
   12.800 -6.1744E+0001
   12.850 -6.1718E+0001
   12.900 -6.1692E+0001
   12.950 -6.1667E+0001
   13.000 -6.1641E+0001
   13.050 -6.1615E+0001
   13.100 -6.1589E+0001
   13.150 -6.1563E+0001
   13.200 -6.1537E+0001
   13.250 -6.1511E+0001
   13.300 -6.1486E+0001
   13.350 -6.1460E+0001
   13.400 -6.1434E+0001
   13.450 -6.1408E+0001
   13.500 -6.1382E+0001
   13.550 -6.1356E+0001
   13.600 -6.1331E+0001
   13.650 -6.1305E+0001
   13.700 -6.1279E+0001
   13.750 -6.1253E+0001
   13.800 -6.1227E+0001
   13.850 -6.1201E+0001
   13.900 -6.1175E+0001
   13.950 -6.1149E+0001
   14.000 -6.1123E+0001
   14.050 -6.1098E+0001
   14.100 -6.1072E+0001
   14.150 -6.1046E+0001
   14.200 -6.1020E+0001
   14.250 -6.0994E+0001
   14.300 -6.0968E+0001
   14.350 -6.0942E+0001
   14.400 -6.0916E+0001
   14.450 -6.0890E+0001
   14.500 -6.0864E+0001
   14.550 -6.0838E+0001
   14.600 -6.0812E+0001
   14.650 -6.0785E+0001
   14.700 -6.0759E+0001
   14.750 -6.0733E+0001
   14.800 -6.0707E+0001
   14.850 -6.0681E+0001
   14.900 -6.0655E+0001
   14.950 -6.0628E+0001
   15.000 -6.0602E+0001
   15.050 -6.0576E+0001
   15.100 -6.0549E+0001
   15.150 -6.0523E+0001
   15.200 -6.0497E+0001
   15.250 -6.0470E+0001
   15.300 -6.0444E+0001
   15.350 -6.0417E+0001
   15.400 -6.0391E+0001
   15.450 -6.0364E+0001
   15.500 -6.0338E+0001
   15.550 -6.0311E+0001
   15.600 -6.0285E+0001
   15.650 -6.0258E+0001
   15.700 -6.0231E+0001
   15.750 -6.0205E+0001
   15.800 -6.0178E+0001
   15.850 -6.0151E+0001
   15.900 -6.0124E+0001
   15.950 -6.0097E+0001
   16.000 -6.0070E+0001
   16.050 -6.0043E+0001
   16.100 -6.0016E+0001
   16.150 -5.9989E+0001
   16.200 -5.9962E+0001
   16.250 -5.9935E+0001
   16.300 -5.9907E+0001
   16.350 -5.9880E+0001
   16.400 -5.9853E+0001
   16.450 -5.9825E+0001
   16.500 -5.9798E+0001
   16.550 -5.9770E+0001
   16.600 -5.9743E+0001
   16.650 -5.9715E+0001
   16.700 -5.9688E+0001
   16.750 -5.9660E+0001
   16.800 -5.9632E+0001
   16.850 -5.9604E+0001
   16.900 -5.9576E+0001
   16.950 -5.9548E+0001
   17.000 -5.9520E+0001
   17.050 -5.9492E+0001
   17.100 -5.9464E+0001
   17.150 -5.9435E+0001
   17.200 -5.9407E+0001
   17.250 -5.9379E+0001
   17.300 -5.9350E+0001
   17.350 -5.9322E+0001
   17.400 -5.9293E+0001
   17.450 -5.9264E+0001
   17.500 -5.9235E+0001
   17.550 -5.9206E+0001
   17.600 -5.9177E+0001
   17.650 -5.9148E+0001
   17.700 -5.9119E+0001
   17.750 -5.9090E+0001
   17.800 -5.9060E+0001
   17.850 -5.9031E+0001
   17.900 -5.9001E+0001
   17.950 -5.8972E+0001
   18.000 -5.8942E+0001
   18.050 -5.8912E+0001
   18.100 -5.8882E+0001
   18.150 -5.8852E+0001
   18.200 -5.8822E+0001
   18.250 -5.8792E+0001
   18.300 -5.8761E+0001
   18.350 -5.8731E+0001
   18.400 -5.8700E+0001
   18.450 -5.8670E+0001
   18.500 -5.8639E+0001
   18.550 -5.8608E+0001
   18.600 -5.8577E+0001
   18.650 -5.8545E+0001
   18.700 -5.8514E+0001
   18.750 -5.8483E+0001
   18.800 -5.8451E+0001
   18.850 -5.8419E+0001
   18.900 -5.8387E+0001
   18.950 -5.8355E+0001
   19.000 -5.8323E+0001
   19.050 -5.8291E+0001
   19.100 -5.8259E+0001
   19.150 -5.8226E+0001
   19.200 -5.8193E+0001
   19.250 -5.8160E+0001
   19.300 -5.8127E+0001
   19.350 -5.8094E+0001
   19.400 -5.8061E+0001
   19.450 -5.8027E+0001
   19.500 -5.7993E+0001
   19.550 -5.7960E+0001
   19.600 -5.7925E+0001
   19.650 -5.7891E+0001
   19.700 -5.7857E+0001
   19.750 -5.7822E+0001
   19.800 -5.7787E+0001
   19.850 -5.7752E+0001
   19.900 -5.7717E+0001
   19.950 -5.7682E+0001
   20.000 -5.7646E+0001
   20.050 -5.7610E+0001
   20.100 -5.7574E+0001
   20.150 -5.7538E+0001
   20.200 -5.7502E+0001
   20.250 -5.7465E+0001
   20.300 -5.7428E+0001
   20.350 -5.7391E+0001
   20.400 -5.7354E+0001
   20.450 -5.7316E+0001
   20.500 -5.7278E+0001
   20.550 -5.7240E+0001
   20.600 -5.7201E+0001
   20.650 -5.7163E+0001
   20.700 -5.7124E+0001
   20.750 -5.7085E+0001
   20.800 -5.7045E+0001
   20.850 -5.7005E+0001
   20.900 -5.6965E+0001
   20.950 -5.6925E+0001
   21.000 -5.6884E+0001
   21.050 -5.6843E+0001
   21.100 -5.6802E+0001
   21.150 -5.6761E+0001
   21.200 -5.6719E+0001
   21.250 -5.6676E+0001
   21.300 -5.6634E+0001
   21.350 -5.6591E+0001
   21.400 -5.6548E+0001
   21.450 -5.6504E+0001
   21.500 -5.6460E+0001
   21.550 -5.6415E+0001
   21.600 -5.6371E+0001
   21.650 -5.6325E+0001
   21.700 -5.6280E+0001
   21.750 -5.6234E+0001
   21.800 -5.6187E+0001
   21.850 -5.6140E+0001
   21.900 -5.6093E+0001
   21.950 -5.6045E+0001
   22.000 -5.5997E+0001
   22.050 -5.5948E+0001
   22.100 -5.5899E+0001
   22.150 -5.5849E+0001
   22.200 -5.5799E+0001
   22.250 -5.5748E+0001
   22.300 -5.5696E+0001
   22.350 -5.5644E+0001
   22.400 -5.5592E+0001
   22.450 -5.5539E+0001
   22.500 -5.5485E+0001
   22.550 -5.5431E+0001
   22.600 -5.5376E+0001
   22.650 -5.5320E+0001
   22.700 -5.5264E+0001
   22.750 -5.5207E+0001
   22.800 -5.5149E+0001
   22.850 -5.5091E+0001
   22.900 -5.5032E+0001
   22.950 -5.4972E+0001
   23.000 -5.4911E+0001
   23.050 -5.4850E+0001
   23.100 -5.4787E+0001
   23.150 -5.4724E+0001
   23.200 -5.4660E+0001
   23.250 -5.4595E+0001
   23.300 -5.4529E+0001
   23.350 -5.4462E+0001
   23.400 -5.4394E+0001
   23.450 -5.4325E+0001
   23.500 -5.4255E+0001
   23.550 -5.4184E+0001
   23.600 -5.4112E+0001
   23.650 -5.4038E+0001
   23.700 -5.3963E+0001
   23.750 -5.3887E+0001
   23.800 -5.3810E+0001
   23.850 -5.3731E+0001
   23.900 -5.3651E+0001
   23.950 -5.3570E+0001
   24.000 -5.3487E+0001
   24.050 -5.3402E+0001
   24.100 -5.3316E+0001
   24.150 -5.3228E+0001
   24.200 -5.3138E+0001
   24.250 -5.3046E+0001
   24.300 -5.2953E+0001
   24.350 -5.2857E+0001
   24.400 -5.2759E+0001
   24.450 -5.2659E+0001
   24.500 -5.2557E+0001
   24.550 -5.2453E+0001
   24.600 -5.2346E+0001
   24.650 -5.2236E+0001
   24.700 -5.2124E+0001
   24.750 -5.2008E+0001
   24.800 -5.1890E+0001
   24.850 -5.1769E+0001
   24.900 -5.1644E+0001
   24.950 -5.1515E+0001
   25.000 -5.1383E+0001
   25.050 -5.1247E+0001
   25.100 -5.1107E+0001
   25.150 -5.0962E+0001
   25.200 -5.0812E+0001
   25.250 -5.0658E+0001
   25.300 -5.0498E+0001
   25.350 -5.0332E+0001
   25.400 -5.0160E+0001
   25.450 -4.9982E+0001
   25.500 -4.9797E+0001
   25.550 -4.9604E+0001
   25.600 -4.9403E+0001
   25.650 -4.9193E+0001
   25.700 -4.8973E+0001
   25.750 -4.8743E+0001
   25.800 -4.8501E+0001
   25.850 -4.8247E+0001
   25.900 -4.7980E+0001
   25.950 -4.7697E+0001
   26.000 -4.7397E+0001
   26.050 -4.7078E+0001
   26.100 -4.6738E+0001
   26.150 -4.6375E+0001
   26.200 -4.5984E+0001
   26.250 -4.5563E+0001
   26.300 -4.5105E+0001
   26.350 -4.4607E+0001
   26.400 -4.4059E+0001
   26.450 -4.3453E+0001
   26.500 -4.2776E+0001
   26.550 -4.2013E+0001
   26.600 -4.1141E+0001
   26.650 -4.0129E+0001
   26.700 -3.8934E+0001
   26.750 -3.7487E+0001
   26.800 -3.5680E+0001
   26.850 -3.3330E+0001
   26.900 -3.0095E+0001
   26.950 -2.5281E+0001
   27.000 -1.7334E+0001
   27.050 -2.9481E+0000
   27.100  1.9250E+0001
   27.150  3.4665E+0001
   27.200  4.0076E+0001
   27.250  4.1766E+0001
   27.300  4.2105E+0001
   27.350  4.1840E+0001
   27.400  4.1216E+0001
   27.450  4.0315E+0001
   27.500  3.9156E+0001
   27.550  3.7742E+0001
   27.600  3.6066E+0001
   27.650  3.4127E+0001
   27.700  3.1924E+0001
   27.750  2.9463E+0001
   27.800  2.6756E+0001
   27.850  2.3818E+0001
   27.900  2.0672E+0001
   27.950  1.7338E+0001
   28.000  1.3839E+0001
   28.050  1.0196E+0001
   28.100  6.4243E+0000
   28.150  2.5351E+0000
   28.200 -1.4662E+0000
   28.250 -5.5769E+0000
   28.300 -9.7913E+0000
   28.350 -1.4090E+0001
   28.400 -1.8431E+0001
   28.450 -2.2739E+0001
   28.500 -2.6920E+0001
   28.550 -3.0886E+0001
   28.600 -3.4577E+0001
   28.650 -3.7965E+0001
   28.700 -4.1046E+0001
   28.750 -4.3830E+0001
   28.800 -4.6334E+0001
   28.850 -4.8576E+0001
   28.900 -5.0581E+0001
   28.950 -5.2370E+0001
   29.000 -5.3967E+0001
   29.050 -5.5392E+0001
   29.100 -5.6665E+0001
   29.150 -5.7803E+0001
   29.200 -5.8822E+0001
   29.250 -5.9736E+0001
   29.300 -6.0557E+0001
   29.350 -6.1296E+0001
   29.400 -6.1961E+0001
   29.450 -6.2562E+0001
   29.500 -6.3105E+0001
   29.550 -6.3596E+0001
   29.600 -6.4041E+0001
   29.650 -6.4445E+0001
   29.700 -6.4811E+0001
   29.750 -6.5144E+0001
   29.800 -6.5447E+0001
   29.850 -6.5723E+0001
   29.900 -6.5974E+0001
   29.950 -6.6202E+0001
   30.000 -6.6411E+0001
   30.050 -6.6600E+0001
   30.100 -6.6773E+0001
   30.150 -6.6931E+0001
   30.200 -6.7074E+0001
   30.250 -6.7204E+0001
   30.300 -6.7323E+0001
   30.350 -6.7431E+0001
   30.400 -6.7528E+0001
   30.450 -6.7617E+0001
   30.500 -6.7697E+0001
   30.550 -6.7769E+0001
   30.600 -6.7833E+0001
   30.650 -6.7892E+0001
   30.700 -6.7943E+0001
   30.750 -6.7989E+0001
   30.800 -6.8030E+0001
   30.850 -6.8066E+0001
   30.900 -6.8097E+0001
   30.950 -6.8124E+0001
   31.000 -6.8147E+0001
   31.050 -6.8166E+0001
   31.100 -6.8182E+0001
   31.150 -6.8194E+0001
   31.200 -6.8204E+0001
   31.250 -6.8211E+0001
   31.300 -6.8215E+0001
   31.350 -6.8216E+0001
   31.400 -6.8216E+0001
   31.450 -6.8213E+0001
   31.500 -6.8208E+0001
   31.550 -6.8202E+0001
   31.600 -6.8193E+0001
   31.650 -6.8183E+0001
   31.700 -6.8172E+0001
   31.750 -6.8159E+0001
   31.800 -6.8145E+0001
   31.850 -6.8129E+0001
   31.900 -6.8112E+0001
   31.950 -6.8094E+0001
   32.000 -6.8076E+0001
   32.050 -6.8056E+0001
   32.100 -6.8035E+0001
   32.150 -6.8014E+0001
   32.200 -6.7991E+0001
   32.250 -6.7968E+0001
   32.300 -6.7944E+0001
   32.350 -6.7920E+0001
   32.400 -6.7895E+0001
   32.450 -6.7869E+0001
   32.500 -6.7843E+0001
   32.550 -6.7817E+0001
   32.600 -6.7789E+0001
   32.650 -6.7762E+0001
   32.700 -6.7734E+0001
   32.750 -6.7706E+0001
   32.800 -6.7677E+0001
   32.850 -6.7648E+0001
   32.900 -6.7619E+0001
   32.950 -6.7589E+0001
   33.000 -6.7559E+0001
   33.050 -6.7529E+0001
   33.100 -6.7499E+0001
   33.150 -6.7468E+0001
   33.200 -6.7437E+0001
   33.250 -6.7406E+0001
   33.300 -6.7375E+0001
   33.350 -6.7344E+0001
   33.400 -6.7312E+0001
   33.450 -6.7281E+0001
   33.500 -6.7249E+0001
   33.550 -6.7217E+0001
   33.600 -6.7186E+0001
   33.650 -6.7154E+0001
   33.700 -6.7121E+0001
   33.750 -6.7089E+0001
   33.800 -6.7057E+0001
   33.850 -6.7025E+0001
   33.900 -6.6993E+0001
   33.950 -6.6960E+0001
   34.000 -6.6928E+0001
   34.050 -6.6895E+0001
   34.100 -6.6863E+0001
   34.150 -6.6830E+0001
   34.200 -6.6798E+0001
   34.250 -6.6765E+0001
   34.300 -6.6733E+0001
   34.350 -6.6700E+0001
   34.400 -6.6668E+0001
   34.450 -6.6635E+0001
   34.500 -6.6603E+0001
   34.550 -6.6570E+0001
   34.600 -6.6538E+0001
   34.650 -6.6506E+0001
   34.700 -6.6473E+0001
   34.750 -6.6441E+0001
   34.800 -6.6408E+0001
   34.850 -6.6376E+0001
   34.900 -6.6344E+0001
   34.950 -6.6311E+0001
   35.000 -6.6279E+0001
   35.050 -6.6247E+0001
   35.100 -6.6215E+0001
   35.150 -6.6183E+0001
   35.200 -6.6150E+0001
   35.250 -6.6118E+0001
   35.300 -6.6086E+0001
   35.350 -6.6054E+0001
   35.400 -6.6023E+0001
   35.450 -6.5991E+0001
   35.500 -6.5959E+0001
   35.550 -6.5927E+0001
   35.600 -6.5895E+0001
   35.650 -6.5864E+0001
   35.700 -6.5832E+0001
   35.750 -6.5801E+0001
   35.800 -6.5769E+0001
   35.850 -6.5738E+0001
   35.900 -6.5706E+0001
   35.950 -6.5675E+0001
   36.000 -6.5644E+0001
   36.050 -6.5612E+0001
   36.100 -6.5581E+0001
   36.150 -6.5550E+0001
   36.200 -6.5519E+0001
   36.250 -6.5488E+0001
   36.300 -6.5457E+0001
   36.350 -6.5426E+0001
   36.400 -6.5396E+0001
   36.450 -6.5365E+0001
   36.500 -6.5334E+0001
   36.550 -6.5303E+0001
   36.600 -6.5273E+0001
   36.650 -6.5242E+0001
   36.700 -6.5212E+0001
   36.750 -6.5182E+0001
   36.800 -6.5151E+0001
   36.850 -6.5121E+0001
   36.900 -6.5091E+0001
   36.950 -6.5061E+0001
   37.000 -6.5031E+0001
   37.050 -6.5000E+0001
   37.100 -6.4970E+0001
   37.150 -6.4941E+0001
   37.200 -6.4911E+0001
   37.250 -6.4881E+0001
   37.300 -6.4851E+0001
   37.350 -6.4822E+0001
   37.400 -6.4792E+0001
   37.450 -6.4762E+0001
   37.500 -6.4733E+0001
   37.550 -6.4703E+0001
   37.600 -6.4674E+0001
   37.650 -6.4645E+0001
   37.700 -6.4615E+0001
   37.750 -6.4586E+0001
   37.800 -6.4557E+0001
   37.850 -6.4528E+0001
   37.900 -6.4499E+0001
   37.950 -6.4470E+0001
   38.000 -6.4441E+0001
   38.050 -6.4412E+0001
   38.100 -6.4383E+0001
   38.150 -6.4354E+0001
   38.200 -6.4326E+0001
   38.250 -6.4297E+0001
   38.300 -6.4268E+0001
   38.350 -6.4240E+0001
   38.400 -6.4211E+0001
   38.450 -6.4183E+0001
   38.500 -6.4154E+0001
   38.550 -6.4126E+0001
   38.600 -6.4098E+0001
   38.650 -6.4069E+0001
   38.700 -6.4041E+0001
   38.750 -6.4013E+0001
   38.800 -6.3985E+0001
   38.850 -6.3957E+0001
   38.900 -6.3929E+0001
   38.950 -6.3901E+0001
   39.000 -6.3873E+0001
   39.050 -6.3845E+0001
   39.100 -6.3817E+0001
   39.150 -6.3789E+0001
   39.200 -6.3762E+0001
   39.250 -6.3734E+0001
   39.300 -6.3706E+0001
   39.350 -6.3679E+0001
   39.400 -6.3651E+0001
   39.450 -6.3624E+0001
   39.500 -6.3596E+0001
   39.550 -6.3569E+0001
   39.600 -6.3541E+0001
   39.650 -6.3514E+0001
   39.700 -6.3487E+0001
   39.750 -6.3459E+0001
   39.800 -6.3432E+0001
   39.850 -6.3405E+0001
   39.900 -6.3378E+0001
   39.950 -6.3351E+0001
   40.000 -6.3324E+0001
   40.050 -6.3296E+0001
   40.100 -6.3269E+0001
   40.150 -6.3243E+0001
   40.200 -6.3216E+0001
   40.250 -6.3189E+0001
   40.300 -6.3162E+0001
   40.350 -6.3135E+0001
   40.400 -6.3108E+0001
   40.450 -6.3081E+0001
   40.500 -6.3055E+0001
   40.550 -6.3028E+0001
   40.600 -6.3001E+0001
   40.650 -6.2975E+0001
   40.700 -6.2948E+0001
   40.750 -6.2922E+0001
   40.800 -6.2895E+0001
   40.850 -6.2868E+0001
   40.900 -6.2842E+0001
   40.950 -6.2816E+0001
   41.000 -6.2789E+0001
   41.050 -6.2763E+0001
   41.100 -6.2736E+0001
   41.150 -6.2710E+0001
   41.200 -6.2684E+0001
   41.250 -6.2657E+0001
   41.300 -6.2631E+0001
   41.350 -6.2605E+0001
   41.400 -6.2579E+0001
   41.450 -6.2552E+0001
   41.500 -6.2526E+0001
   41.550 -6.2500E+0001
   41.600 -6.2474E+0001
   41.650 -6.2448E+0001
   41.700 -6.2422E+0001
   41.750 -6.2396E+0001
   41.800 -6.2370E+0001
   41.850 -6.2344E+0001
   41.900 -6.2318E+0001
   41.950 -6.2292E+0001
   42.000 -6.2266E+0001
   42.050 -6.2240E+0001
   42.100 -6.2214E+0001
   42.150 -6.2188E+0001
   42.200 -6.2162E+0001
   42.250 -6.2136E+0001
   42.300 -6.2110E+0001
   42.350 -6.2084E+0001
   42.400 -6.2058E+0001
   42.450 -6.2032E+0001
   42.500 -6.2007E+0001
   42.550 -6.1981E+0001
   42.600 -6.1955E+0001
   42.650 -6.1929E+0001
   42.700 -6.1903E+0001
   42.750 -6.1878E+0001
   42.800 -6.1852E+0001
   42.850 -6.1826E+0001
   42.900 -6.1800E+0001
   42.950 -6.1774E+0001
   43.000 -6.1749E+0001
   43.050 -6.1723E+0001
   43.100 -6.1697E+0001
   43.150 -6.1671E+0001
   43.200 -6.1646E+0001
   43.250 -6.1620E+0001
   43.300 -6.1594E+0001
   43.350 -6.1569E+0001
   43.400 -6.1543E+0001
   43.450 -6.1517E+0001
   43.500 -6.1491E+0001
   43.550 -6.1466E+0001
   43.600 -6.1440E+0001
   43.650 -6.1414E+0001
   43.700 -6.1388E+0001
   43.750 -6.1363E+0001
   43.800 -6.1337E+0001
   43.850 -6.1311E+0001
   43.900 -6.1285E+0001
   43.950 -6.1259E+0001
   44.000 -6.1234E+0001
   44.050 -6.1208E+0001
   44.100 -6.1182E+0001
   44.150 -6.1156E+0001
   44.200 -6.1130E+0001
   44.250 -6.1105E+0001
   44.300 -6.1079E+0001
   44.350 -6.1053E+0001
   44.400 -6.1027E+0001
   44.450 -6.1001E+0001
   44.500 -6.0975E+0001
   44.550 -6.0949E+0001
   44.600 -6.0923E+0001
   44.650 -6.0897E+0001
   44.700 -6.0872E+0001
   44.750 -6.0846E+0001
   44.800 -6.0820E+0001
   44.850 -6.0794E+0001
   44.900 -6.0767E+0001
   44.950 -6.0741E+0001
   45.000 -6.0715E+0001
   45.050 -6.0689E+0001
   45.100 -6.0663E+0001
   45.150 -6.0637E+0001
   45.200 -6.0611E+0001
   45.250 -6.0585E+0001
   45.300 -6.0558E+0001
   45.350 -6.0532E+0001
   45.400 -6.0506E+0001
   45.450 -6.0479E+0001
   45.500 -6.0453E+0001
   45.550 -6.0427E+0001
   45.600 -6.0400E+0001
   45.650 -6.0374E+0001
   45.700 -6.0347E+0001
   45.750 -6.0321E+0001
   45.800 -6.0294E+0001
   45.850 -6.0268E+0001
   45.900 -6.0241E+0001
   45.950 -6.0214E+0001
   46.000 -6.0187E+0001
   46.050 -6.0161E+0001
   46.100 -6.0134E+0001
   46.150 -6.0107E+0001
   46.200 -6.0080E+0001
   46.250 -6.0053E+0001
   46.300 -6.0026E+0001
   46.350 -5.9999E+0001
   46.400 -5.9972E+0001
   46.450 -5.9945E+0001
   46.500 -5.9918E+0001
   46.550 -5.9891E+0001
   46.600 -5.9863E+0001
   46.650 -5.9836E+0001
   46.700 -5.9809E+0001
   46.750 -5.9781E+0001
   46.800 -5.9754E+0001
   46.850 -5.9726E+0001
   46.900 -5.9698E+0001
   46.950 -5.9671E+0001
   47.000 -5.9643E+0001
   47.050 -5.9615E+0001
   47.100 -5.9587E+0001
   47.150 -5.9559E+0001
   47.200 -5.9531E+0001
   47.250 -5.9503E+0001
   47.300 -5.9475E+0001
   47.350 -5.9447E+0001
   47.400 -5.9419E+0001
   47.450 -5.9390E+0001
   47.500 -5.9362E+0001
   47.550 -5.9333E+0001
   47.600 -5.9305E+0001
   47.650 -5.9276E+0001
   47.700 -5.9247E+0001
   47.750 -5.9218E+0001
   47.800 -5.9189E+0001
   47.850 -5.9160E+0001
   47.900 -5.9131E+0001
   47.950 -5.9102E+0001
   48.000 -5.9073E+0001
   48.050 -5.9043E+0001
   48.100 -5.9014E+0001
   48.150 -5.8984E+0001
   48.200 -5.8955E+0001
   48.250 -5.8925E+0001
   48.300 -5.8895E+0001
   48.350 -5.8865E+0001
   48.400 -5.8835E+0001
   48.450 -5.8805E+0001
   48.500 -5.8774E+0001
   48.550 -5.8744E+0001
   48.600 -5.8713E+0001
   48.650 -5.8683E+0001
   48.700 -5.8652E+0001
   48.750 -5.8621E+0001
   48.800 -5.8590E+0001
   48.850 -5.8559E+0001
   48.900 -5.8528E+0001
   48.950 -5.8496E+0001
   49.000 -5.8465E+0001
   49.050 -5.8433E+0001
   49.100 -5.8401E+0001
   49.150 -5.8369E+0001
   49.200 -5.8337E+0001
   49.250 -5.8305E+0001
   49.300 -5.8273E+0001
   49.350 -5.8240E+0001
   49.400 -5.8208E+0001
   49.450 -5.8175E+0001
   49.500 -5.8142E+0001
   49.550 -5.8109E+0001
   49.600 -5.8075E+0001
   49.650 -5.8042E+0001
   49.700 -5.8008E+0001
   49.750 -5.7974E+0001
   49.800 -5.7940E+0001
   49.850 -5.7906E+0001
   49.900 -5.7872E+0001
   49.950 -5.7837E+0001
   50.000 -5.7803E+0001
   50.050 -5.7768E+0001
   50.100 -5.7733E+0001
   50.150 -5.7697E+0001
   50.200 -5.7662E+0001
   50.250 -5.7626E+0001
   50.300 -5.7590E+0001
   50.350 -5.7554E+0001
   50.400 -5.7518E+0001
   50.450 -5.7481E+0001
   50.500 -5.7444E+0001
   50.550 -5.7407E+0001
   50.600 -5.7370E+0001
   50.650 -5.7333E+0001
   50.700 -5.7295E+0001
   50.750 -5.7257E+0001
   50.800 -5.7219E+0001
   50.850 -5.7180E+0001
   50.900 -5.7141E+0001
   50.950 -5.7102E+0001
   51.000 -5.7063E+0001
   51.050 -5.7023E+0001
   51.100 -5.6983E+0001
   51.150 -5.6943E+0001
   51.200 -5.6903E+0001
   51.250 -5.6862E+0001
   51.300 -5.6821E+0001
   51.350 -5.6779E+0001
   51.400 -5.6738E+0001
   51.450 -5.6696E+0001
   51.500 -5.6653E+0001
   51.550 -5.6610E+0001
   51.600 -5.6567E+0001
   51.650 -5.6524E+0001
   51.700 -5.6480E+0001
   51.750 -5.6436E+0001
   51.800 -5.6391E+0001
   51.850 -5.6346E+0001
   51.900 -5.6300E+0001
   51.950 -5.6255E+0001
   52.000 -5.6208E+0001
   52.050 -5.6162E+0001
   52.100 -5.6114E+0001
   52.150 -5.6067E+0001
   52.200 -5.6019E+0001
   52.250 -5.5970E+0001
   52.300 -5.5921E+0001
   52.350 -5.5872E+0001
   52.400 -5.5821E+0001
   52.450 -5.5771E+0001
   52.500 -5.5720E+0001
   52.550 -5.5668E+0001
   52.600 -5.5616E+0001
   52.650 -5.5563E+0001
   52.700 -5.5510E+0001
   52.750 -5.5456E+0001
   52.800 -5.5401E+0001
   52.850 -5.5346E+0001
   52.900 -5.5290E+0001
   52.950 -5.5233E+0001
   53.000 -5.5176E+0001
   53.050 -5.5118E+0001
   53.100 -5.5059E+0001
   53.150 -5.4999E+0001
   53.200 -5.4939E+0001
   53.250 -5.4878E+0001
   53.300 -5.4816E+0001
   53.350 -5.4753E+0001
   53.400 -5.4689E+0001
   53.450 -5.4625E+0001
   53.500 -5.4559E+0001
   53.550 -5.4493E+0001
   53.600 -5.4425E+0001
   53.650 -5.4357E+0001
   53.700 -5.4287E+0001
   53.750 -5.4217E+0001
   53.800 -5.4145E+0001
   53.850 -5.4072E+0001
   53.900 -5.3998E+0001
   53.950 -5.3922E+0001
   54.000 -5.3845E+0001
   54.050 -5.3767E+0001
   54.100 -5.3688E+0001
   54.150 -5.3607E+0001
   54.200 -5.3525E+0001
   54.250 -5.3441E+0001
   54.300 -5.3355E+0001
   54.350 -5.3268E+0001
   54.400 -5.3179E+0001
   54.450 -5.3088E+0001
   54.500 -5.2996E+0001
   54.550 -5.2901E+0001
   54.600 -5.2804E+0001
   54.650 -5.2706E+0001
   54.700 -5.2604E+0001
   54.750 -5.2501E+0001
   54.800 -5.2395E+0001
   54.850 -5.2287E+0001
   54.900 -5.2176E+0001
   54.950 -5.2062E+0001
   55.000 -5.1945E+0001
   55.050 -5.1825E+0001
   55.100 -5.1701E+0001
   55.150 -5.1575E+0001
   55.200 -5.1444E+0001
   55.250 -5.1310E+0001
   55.300 -5.1171E+0001
   55.350 -5.1029E+0001
   55.400 -5.0881E+0001
   55.450 -5.0729E+0001
   55.500 -5.0572E+0001
   55.550 -5.0409E+0001
   55.600 -5.0240E+0001
   55.650 -5.0065E+0001
   55.700 -4.9883E+0001
   55.750 -4.9693E+0001
   55.800 -4.9496E+0001
   55.850 -4.9290E+0001
   55.900 -4.9075E+0001
   55.950 -4.8850E+0001
   56.000 -4.8614E+0001
   56.050 -4.8366E+0001
   56.100 -4.8105E+0001
   56.150 -4.7829E+0001
   56.200 -4.7537E+0001
   56.250 -4.7227E+0001
   56.300 -4.6897E+0001
   56.350 -4.6545E+0001
   56.400 -4.6167E+0001
   56.450 -4.5760E+0001
   56.500 -4.5320E+0001
   56.550 -4.4841E+0001
   56.600 -4.4317E+0001
   56.650 -4.3739E+0001
   56.700 -4.3096E+0001
   56.750 -4.2375E+0001
   56.800 -4.1556E+0001
   56.850 -4.0614E+0001
   56.900 -3.9510E+0001
   56.950 -3.8189E+0001
   57.000 -3.6564E+0001
   57.050 -3.4494E+0001
   57.100 -3.1724E+0001
   57.150 -2.7759E+0001
   57.200 -2.1535E+0001
   57.250 -1.0641E+0001
   57.300  8.6088E+0000
   57.350  2.9329E+0001
   57.400  3.8326E+0001
   57.450  4.1243E+0001
   57.500  4.2052E+0001
   57.550  4.2015E+0001
   57.600  4.1540E+0001
   57.650  4.0761E+0001
   57.700  3.9719E+0001
   57.750  3.8423E+0001
   57.800  3.6868E+0001
   57.850  3.5050E+0001
   57.900  3.2967E+0001
   57.950  3.0624E+0001
   58.000  2.8027E+0001
   58.050  2.5193E+0001
   58.100  2.2140E+0001
   58.150  1.8890E+0001
   58.200  1.5463E+0001
   58.250  1.1884E+0001
   58.300  8.1703E+0000
   58.350  4.3340E+0000
   58.400  3.8375E-0001
   58.450 -3.6771E+0000
   58.500 -7.8452E+0000
   58.550 -1.2109E+0001
   58.600 -1.6438E+0001
   58.650 -2.0772E+0001
   58.700 -2.5023E+0001
   58.750 -2.9098E+0001
   58.800 -3.2920E+0001
   58.850 -3.6449E+0001
   58.900 -3.9670E+0001
   58.950 -4.2589E+0001
   59.000 -4.5219E+0001
   59.050 -4.7579E+0001
   59.100 -4.9690E+0001
   59.150 -5.1575E+0001
   59.200 -5.3257E+0001
   59.250 -5.4758E+0001
   59.300 -5.6099E+0001
   59.350 -5.7297E+0001
   59.400 -5.8369E+0001
   59.450 -5.9329E+0001
   59.500 -6.0192E+0001
   59.550 -6.0967E+0001
   59.600 -6.1665E+0001
   59.650 -6.2294E+0001
   59.700 -6.2863E+0001
   59.750 -6.3377E+0001
   59.800 -6.3843E+0001
   59.850 -6.4265E+0001
   59.900 -6.4648E+0001
   59.950 -6.4996E+0001
