    0.000 -888000.00000  10.00000   0.00000  20.07889   3.42572
    0.000 -888000.00000  20.00000   0.00000  20.07889   3.42572
    0.000 -888000.00000  30.00000   0.00000  20.07889   3.42572
    0.000 -888000.00000  40.00000   0.00000  20.07889   3.42572
    0.000 -888000.00000  50.00000   0.00000  20.07889   3.42572
    0.000 -888000.00000  60.00000   0.00000  20.07889   3.42572
    0.000 -888000.00000  70.00000   0.00000  20.07889   3.42572
    0.000 -888000.00000  80.00000   0.00000  20.07889   3.42572
    3.333  49.59000  90.00000  -0.39438   4.09532  -0.36102
    7.097  39.27000 100.00000  -0.18758   7.22531  -0.17214
    8.427  35.11500 110.00000  -0.06874   8.48845  -0.05651
    9.301  32.35500 120.00000   0.02598   9.33090   0.03709
    9.966  30.25500 130.00000   0.10949   9.97749   0.11834
   10.512  28.59000 140.00000   0.18478  10.50632   0.19281
   10.975  27.19500 150.00000   0.25540  10.95841   0.26181
   11.380  26.01000 160.00000   0.32199  11.35681   0.32659
   11.744  24.99000 170.00000   0.38516  11.71162   0.38849
   12.073  24.09000 180.00000   0.44599  12.03216   0.44796
   12.377  23.29500 190.00000   0.50449  12.32866   0.50502
   12.654  22.57500 200.00000   0.56152  12.59977   0.56054
   12.916  21.93000 210.00000   0.61669  12.84688   0.61484
   13.154  21.33000 220.00000   0.67113  13.08836   0.66695
   13.383  20.79000 230.00000   0.72384  13.31344   0.71802
   13.602  20.29500 240.00000   0.77536  13.51673   0.76853
   13.804  19.83000 250.00000   0.82625  13.71445   0.81768
   13.992  19.39500 260.00000   0.87638  13.91282   0.86534
   14.186  19.00500 270.00000   0.92488  14.09060   0.91277
   14.363  18.63000 280.00000   0.97314  14.26409   0.95922
   14.538  18.28500 290.00000   1.02035  14.42222   1.00528
   14.701  17.95500 300.00000   1.06717  14.58270   1.05025
   14.854  17.64000 310.00000   1.11355  14.74948   1.09410
   14.998  17.34000 320.00000   1.15942  14.89236   1.13807
   15.153  17.07000 330.00000   1.20404  15.02902   1.18148
   15.287  16.80000 340.00000   1.24880  15.16142   1.22430
   15.417  16.54500 350.00000   1.29295  15.31045   1.26593
   15.568  16.32000 360.00000   1.33578  15.44070   1.30755
   15.700  16.09500 370.00000   1.37867  15.55218   1.34912
   15.814  15.87000 380.00000   1.42158  15.68661   1.38950
   15.932  15.66000 390.00000   1.46381  15.80480   1.42980
   16.056  15.46500 400.00000   1.50536  15.90678   1.47000
   16.164  15.27000 410.00000   1.54688  16.03789   1.50906
   16.281  15.09000 420.00000   1.58770  16.13202   1.54850
   16.384  14.91000 430.00000   1.62846  16.23510   1.58730
   16.497  14.74500 440.00000   1.66852  16.34891   1.62550
   16.598  14.58000 450.00000   1.70850  16.45027   1.66356
   16.712  14.43000 460.00000   1.74780  16.53922   1.70145
   16.814  14.28000 470.00000   1.78700  16.64191   1.73876
   16.904  14.13000 480.00000   1.82609  16.73341   1.77591
   17.011  13.99500 490.00000   1.86452  16.84097   1.81251
   17.108  13.86000 500.00000   1.90283  16.93854   1.84896
   17.194  13.72500 510.00000   1.94101  17.02617   1.88522
   17.270  13.59000 520.00000   1.97904  17.10390   1.92130
   17.366  13.47000 530.00000   2.01645  17.20113   1.95690
   17.453  13.35000 540.00000   2.05372  17.28962   1.99232
   17.531  13.23000 550.00000   2.09084  17.36941   2.02756
   17.631  13.12500 560.00000   2.12739  17.44054   2.06259
   17.692  13.00500 570.00000   2.16419  17.53452   2.09723
   17.776  12.90000 580.00000   2.20044  17.58898   2.13185
   17.886  12.81000 590.00000   2.23619  17.66740   2.16610
   17.956  12.70500 600.00000   2.27214  17.73836   2.20016
   18.017  12.60000 610.00000   2.30791  17.83540   2.23394
   18.106  12.51000 620.00000   2.34322  17.89205   2.26759
   18.188  12.42000 630.00000   2.37838  17.97585   2.30100
   18.264  12.33000 640.00000   2.41338  18.05334   2.33423
   18.333  12.24000 650.00000   2.44822  18.12454   2.36727
   18.396  12.15000 660.00000   2.48289  18.18947   2.40011
   18.452  12.06000 670.00000   2.51737  18.24818   2.43275
   18.540  11.98500 680.00000   2.55153  18.33766   2.46529
   18.583  11.89500 690.00000   2.58566  18.38449   2.49752
   18.660  11.82000 700.00000   2.61950  18.46312   2.52970
   18.731  11.74500 710.00000   2.65318  18.53661   2.56171
   18.796  11.67000 720.00000   2.68669  18.56607   2.59329
   18.857  11.59500 730.00000   2.72004  18.62886   2.62490
   18.912  11.52000 740.00000   2.75321  18.72642   2.65661
   19.003  11.46000 750.00000   2.78624  18.77956   2.68786
   19.048  11.38500 760.00000   2.81908  18.82767   2.71890
   19.131  11.32500 770.00000   2.85181  18.87077   2.74973
   19.166  11.25000 780.00000   2.88429  18.95062   2.78078
   19.239  11.19000 790.00000   2.91672  19.02643   2.81166
   19.308  11.13000 800.00000   2.94899  19.05560   2.84190
   19.373  11.07000 810.00000   2.98111  19.12295   2.87243
   19.434  11.01000 820.00000   3.01307  19.18632   2.90279
   19.491  10.95000 830.00000   3.04488  19.24574   2.93298
   19.544  10.89000 840.00000   3.07652  19.30121   2.96299
   19.592  10.83000 850.00000   3.10800  19.35277   2.99283
   19.637  10.77000 860.00000   3.13930  19.40042   3.02247
   19.677  10.71000 870.00000   3.17044  19.44419   3.05193
   19.761  10.66500 880.00000   3.20178  19.48409   3.08120
   19.794  10.60500 890.00000   3.23258  19.56681   3.11107
   19.871  10.56000 900.00000   3.26365  19.59947   3.13997
   19.896  10.50000 910.00000   3.29412  19.67586   3.16954
   19.967  10.45500 920.00000   3.32489  19.70134   3.19808
   19.985  10.39500 930.00000   3.35501  19.77145   3.22734
   20.049  10.35000 940.00000   3.38549  19.78982   3.25549
   20.111  10.30500 950.00000   3.41584  19.85371   3.28443
   20.169  10.26000 960.00000   3.44605  19.91473   3.31323
   20.224  10.21500 970.00000   3.47611  19.97289   3.34188
   20.276  10.17000 980.00000   3.50603  20.02819   3.37037
   20.326  10.12500 990.00000   3.53580  20.02968   3.39756
   20.372  10.08000 1000.00000   3.56543  20.07889   3.42572
   20.415  10.03500 1010.00000   3.59491  20.12530   3.45371
   20.455   9.99000 1020.00000   3.62424  20.16890   3.48154
   20.493   9.94500 1030.00000   3.65341  20.26237   3.51052
   20.527   9.90000 1040.00000   3.68243  20.30082   3.53806
   20.615   9.87000 1050.00000   3.71218  20.33650   3.56544
   20.644   9.82500 1060.00000   3.74092  20.36943   3.59264
   20.670   9.78000 1070.00000   3.76949  20.39961   3.61968
   20.750   9.75000 1080.00000   3.79888  20.48179   3.64803
   20.771   9.70500 1090.00000   3.82716  20.50692   3.67476
   20.847   9.67500 1100.00000   3.85632  20.52935   3.70130
   20.862   9.63000 1110.00000   3.88430  20.60502   3.72929
   20.934   9.60000 1120.00000   3.91322  20.62246   3.75551
   20.944   9.55500 1130.00000   3.94089  20.69398   3.78325
   21.011   9.52500 1140.00000   3.96957  20.70647   3.80914
   21.016   9.48000 1150.00000   3.99693  20.77386   3.83662
   21.079   9.45000 1160.00000   4.02536  20.78145   3.86218
   21.140   9.42000 1170.00000   4.05367  20.84475   3.88941
   21.138   9.37500 1180.00000   4.08057  20.90622   3.91652
   21.194   9.34500 1190.00000   4.10863  20.90672   3.94158
   21.249   9.31500 1200.00000   4.13657  20.96414   3.96842
   21.301   9.28500 1210.00000   4.16441  21.01976   3.99515
   21.352   9.25500 1220.00000   4.19212  21.01324   4.01970
   21.338   9.21000 1230.00000   4.21824  21.06486   4.04615
   21.384   9.18000 1240.00000   4.24569  21.11469   4.07248
   21.429   9.15000 1250.00000   4.27301  21.16273   4.09870
   21.472   9.12000 1260.00000   4.30022  21.20900   4.12478
   21.513   9.09000 1270.00000   4.32731  21.25349   4.15075
   21.552   9.06000 1280.00000   4.35427  21.29622   4.17659
   21.589   9.03000 1290.00000   4.38111  21.33719   4.20230
   21.624   9.00000 1300.00000   4.40783  21.37641   4.22789
   21.658   8.97000 1310.00000   4.43443  21.41388   4.25335
   21.689   8.94000 1320.00000   4.46089  21.44962   4.27868
   21.719   8.91000 1330.00000   4.48723  21.48362   4.30388
   21.747   8.88000 1340.00000   4.51344  21.51589   4.32895
   21.773   8.85000 1350.00000   4.53953  21.54644   4.35389
   21.866   8.83500 1360.00000   4.56742  21.57528   4.37869
   21.889   8.80500 1370.00000   4.59328  21.60241   4.40336
   21.910   8.77500 1380.00000   4.61902  21.62784   4.42789
   21.930   8.74500 1390.00000   4.64461  21.65157   4.45228
   22.017   8.73000 1400.00000   4.67216  21.67362   4.47654
   22.033   8.70000 1410.00000   4.69753  21.76153   4.50354
   22.048   8.67000 1420.00000   4.72277  21.78058   4.52756
   22.060   8.64000 1430.00000   4.74786  21.79796   4.55144
   22.143   8.62500 1440.00000   4.77506  21.81367   4.57518
   22.152   8.59500 1450.00000   4.79992  21.89675   4.60183
   22.160   8.56500 1460.00000   4.82465  21.90951   4.62533
   22.239   8.55000 1470.00000   4.85158  21.92062   4.64868
   22.244   8.52000 1480.00000   4.87607  22.00021   4.67508
   22.320   8.50500 1490.00000   4.90282  22.00839   4.69819
   22.322   8.47500 1500.00000   4.92708  22.01494   4.72115
   22.322   8.44500 1510.00000   4.95118  22.09108   4.74729
   22.394   8.43000 1520.00000   4.97767  22.09474   4.76999
   22.391   8.40000 1530.00000   5.00153  22.16872   4.79597
   22.462   8.38500 1540.00000   5.02785  22.16949   4.81842
   22.531   8.37000 1550.00000   5.05409  22.16867   4.84072
   22.524   8.34000 1560.00000   5.07761  22.23925   4.86643
   22.591   8.32500 1570.00000   5.10367  22.23558   4.88847
   22.581   8.29500 1580.00000   5.12694  22.30403   4.91401
   22.646   8.28000 1590.00000   5.15283  22.29753   4.93578
   22.632   8.25000 1600.00000   5.17584  22.36387   4.96115
   22.695   8.23500 1610.00000   5.20155  22.35456   4.98266
   22.679   8.20500 1620.00000   5.22430  22.41881   5.00785
   22.739   8.19000 1630.00000   5.24984  22.48219   5.03298
   22.799   8.17500 1640.00000   5.27530  22.46886   5.05411
   22.779   8.14500 1650.00000   5.29769  22.53017   5.07906
   22.836   8.13000 1660.00000   5.32297  22.51407   5.09992
   22.893   8.11500 1670.00000   5.34818  22.57331   5.12469
   22.868   8.08500 1680.00000   5.37019  22.63171   5.14939
   22.922   8.07000 1690.00000   5.39522  22.61165   5.16986
   22.976   8.05500 1700.00000   5.42017  22.66800   5.19439
   22.947   8.02500 1710.00000   5.44180  22.72350   5.21884
   22.998   8.01000 1720.00000   5.46657  22.69953   5.23891
   23.049   7.99500 1730.00000   5.49126  22.75301   5.26318
   23.016   7.96500 1740.00000   5.51250  22.80565   5.28738
   23.064   7.95000 1750.00000   5.53701  22.77780   5.30704
   23.112   7.93500 1760.00000   5.56144  22.82843   5.33106
   23.158   7.92000 1770.00000   5.58578  22.87823   5.35499
   23.120   7.89000 1780.00000   5.60653  22.92722   5.37886
   23.249   7.89000 1790.00000   5.63424  22.89434   5.39800
   23.208   7.86000 1800.00000   5.65477  22.94134   5.42168
   23.251   7.84500 1810.00000   5.67877  22.98752   5.44528
   23.293   7.83000 1820.00000   5.70269  23.03288   5.46880
   23.334   7.81500 1830.00000   5.72654  22.99505   5.48740
   23.374   7.80000 1840.00000   5.75030  23.03845   5.51074
   23.327   7.77000 1850.00000   5.77019  23.08104   5.53399
   23.365   7.75500 1860.00000   5.79377  23.12283   5.55718
   23.403   7.74000 1870.00000   5.81726  23.16381   5.58028
   23.439   7.72500 1880.00000   5.84067  23.20400   5.60331
   23.475   7.71000 1890.00000   5.86400  23.15900   5.62111
   23.509   7.69500 1900.00000   5.88725  23.19725   5.64394
   23.543   7.68000 1910.00000   5.91042  23.23470   5.66670
   23.576   7.66500 1920.00000   5.93352  23.27137   5.68937
   23.609   7.65000 1930.00000   5.95652  23.30725   5.71197
   23.640   7.63500 1940.00000   5.97945  23.34234   5.73448
   23.581   7.60500 1950.00000   5.99810  23.37665   5.75692
   23.610   7.59000 1960.00000   6.02083  23.41017   5.77928
   23.639   7.57500 1970.00000   6.04348  23.44292   5.80156
   23.758   7.57500 1980.00000   6.07035  23.38752   5.81816
   23.785   7.56000 1990.00000   6.09288  23.41838   5.84023
   23.811   7.54500 2000.00000   6.11532  23.44846   5.86223
