    4.348 171.70000  52.00000   0.00000
    4.732 103.75000  56.00000   0.00001
    5.113  79.15000  60.00000   0.00017
    5.488  65.50000  64.00000   0.00077
    5.855  56.65000  68.00000   0.00210
    6.213  50.30000  72.00000   0.00434
    6.559  45.45000  76.00000   0.00760
    6.894  41.65000  80.00000   0.01195
    7.219  38.50000  84.00000   0.01733
    7.531  35.95000  88.00000   0.02393
    7.833  33.75000  92.00000   0.03143
    8.124  31.90000  96.00000   0.04014
    8.407  30.20000 100.00000   0.04958
    8.678  28.80000 104.00000   0.06020
    8.943  27.50000 108.00000   0.07144
    9.197  26.35000 112.00000   0.08380
    9.447  25.30000 116.00000   0.09659
    9.684  24.40000 120.00000   0.11067
    9.922  23.50000 124.00000   0.12459
   10.144  22.80000 128.00000   0.14021
   10.365  22.05000 132.00000   0.15592
   10.580  21.40000 136.00000   0.17232
   10.789  20.80000 140.00000   0.18927
   10.994  20.20000 144.00000   0.20660
   11.186  19.70000 148.00000   0.22546
   11.387  19.15000 152.00000   0.24305
   11.565  18.75000 156.00000   0.26352
   11.756  18.30000 160.00000   0.28222
   11.937  17.90000 164.00000   0.30216
   12.106  17.50000 168.00000   0.32343
   12.281  17.15000 172.00000   0.34402
   12.445  16.80000 176.00000   0.36583
   12.618  16.45000 180.00000   0.38655
   12.781  16.15000 184.00000   0.40835
   12.935  15.90000 188.00000   0.43127
   13.102  15.55000 192.00000   0.45257
   13.237  15.35000 196.00000   0.47779
   13.386  15.10000 200.00000   0.50117
   13.527  14.85000 204.00000   0.52559
   13.686  14.60000 208.00000   0.54765
   13.839  14.35000 212.00000   0.57051
   13.955  14.20000 216.00000   0.59797
   14.092  14.00000 220.00000   0.62270
   14.222  13.80000 224.00000   0.64833
   14.378  13.55000 228.00000   0.67062
   14.494  13.40000 232.00000   0.69799
   14.639  13.20000 236.00000   0.72172
   14.740  13.05000 240.00000   0.75093
   14.872  12.90000 244.00000   0.77621
   14.997  12.75000 248.00000   0.80221
   15.117  12.60000 252.00000   0.82895
   15.231  12.45000 256.00000   0.85645
   15.339  12.30000 260.00000   0.88475
   15.486  12.15000 264.00000   0.90792
   15.582  12.05000 268.00000   0.93765
   15.720  11.90000 272.00000   0.96193
   15.804  11.80000 276.00000   0.99317
   15.933  11.65000 280.00000   1.01861
   16.057  11.50000 284.00000   1.04455
   16.124  11.45000 288.00000   1.07808
   16.239  11.30000 292.00000   1.10526
   16.349  11.20000 296.00000   1.13299
   16.456  11.10000 300.00000   1.16128
   16.557  11.00000 304.00000   1.19013
   16.655  10.90000 308.00000   1.21956
   16.747  10.80000 312.00000   1.24958
   16.835  10.70000 316.00000   1.28020
   16.984  10.60000 320.00000   1.30275
   17.064  10.50000 324.00000   1.33439
   17.140  10.45000 328.00000   1.36666
   17.210  10.35000 332.00000   1.39957
   17.347  10.25000 336.00000   1.42362
   17.409  10.20000 340.00000   1.45762
   17.540  10.10000 344.00000   1.48235
   17.594  10.05000 348.00000   1.51748
   17.719   9.95000 352.00000   1.54293
   17.764   9.90000 356.00000   1.57921
   17.884   9.80000 360.00000   1.60540
   18.002   9.70000 364.00000   1.63187
   18.034   9.65000 368.00000   1.66982
   18.146   9.60000 372.00000   1.69706
   18.255   9.50000 376.00000   1.72459
   18.274   9.50000 380.00000   1.76428
   18.378   9.40000 384.00000   1.79262
   18.478   9.35000 388.00000   1.82126
   18.577   9.25000 392.00000   1.85020
   18.673   9.20000 396.00000   1.87946
   18.671   9.20000 400.00000   1.92200
   18.761   9.10000 404.00000   1.95211
   18.848   9.05000 408.00000   1.98255
   18.933   9.00000 412.00000   2.01331
   19.015   8.95000 416.00000   2.04441
   19.094   8.90000 420.00000   2.07584
   19.171   8.85000 424.00000   2.10761
   19.246   8.80000 428.00000   2.13972
   19.317   8.75000 432.00000   2.17217
   19.387   8.70000 436.00000   2.20497
   19.453   8.65000 440.00000   2.23813
   19.517   8.60000 444.00000   2.27164
   19.693   8.50000 448.00000   2.28986
   19.753   8.45000 452.00000   2.32386
   19.810   8.45000 456.00000   2.35822
   19.865   8.40000 460.00000   2.39295
   19.917   8.35000 464.00000   2.42805
   19.966   8.35000 468.00000   2.46351
   20.012   8.30000 472.00000   2.49935
   20.182   8.20000 476.00000   2.51833
   20.224   8.20000 480.00000   2.55469
   20.264   8.15000 484.00000   2.59144
   20.301   8.10000 488.00000   2.62856
   20.467   8.05000 492.00000   2.64792
   20.500   8.00000 496.00000   2.68559
   20.529   8.00000 500.00000   2.72364
   20.556   8.00000 504.00000   2.76208
   20.719   7.90000 508.00000   2.78186
   20.742   7.90000 512.00000   2.82086
   20.762   7.85000 516.00000   2.86025
   20.923   7.80000 520.00000   2.88029
   20.938   7.80000 524.00000   2.92025
   20.951   7.75000 528.00000   2.96061
   21.109   7.70000 532.00000   2.98093
   21.118   7.70000 536.00000   3.02186
   21.123   7.65000 540.00000   3.06320
   21.279   7.60000 544.00000   3.08381
   21.280   7.60000 548.00000   3.12573
   21.435   7.55000 552.00000   3.14646
   21.432   7.50000 556.00000   3.18898
   21.426   7.50000 560.00000   3.23190
   21.578   7.45000 564.00000   3.25294
   21.568   7.45000 568.00000   3.29646
   21.719   7.40000 572.00000   3.31763
   21.704   7.40000 576.00000   3.36175
   21.854   7.30000 580.00000   3.38305
   21.835   7.30000 584.00000   3.42779
   21.984   7.25000 588.00000   3.44923
   21.960   7.25000 592.00000   3.49457
   22.108   7.20000 596.00000   3.51615
   22.079   7.20000 600.00000   3.56211
   22.226   7.15000 604.00000   3.58384
   22.193   7.15000 608.00000   3.63042
   22.339   7.10000 612.00000   3.65230
   22.301   7.10000 616.00000   3.69950
   22.445   7.05000 620.00000   3.72153
   22.403   7.05000 624.00000   3.76936
   22.546   7.00000 628.00000   3.79155
   22.499   7.00000 632.00000   3.84000
   22.641   6.95000 636.00000   3.86235
   22.589   6.95000 640.00000   3.91143
   22.730   6.90000 644.00000   3.93395
   22.673   6.90000 648.00000   3.98365
   22.813   6.90000 652.00000   4.00635
   22.953   6.85000 656.00000   4.02899
   22.890   6.85000 660.00000   4.07955
   23.028   6.80000 664.00000   4.10236
   22.961   6.80000 668.00000   4.15355
   23.098   6.75000 672.00000   4.17655
   23.235   6.70000 676.00000   4.19949
   23.161   6.75000 680.00000   4.25155
   23.297   6.70000 684.00000   4.27468
   23.218   6.70000 688.00000   4.32736
   23.353   6.65000 692.00000   4.35068
   23.488   6.60000 696.00000   4.37395
   23.403   6.65000 700.00000   4.42751
   23.537   6.60000 704.00000   4.45096
   23.446   6.60000 708.00000   4.50515
   23.579   6.55000 712.00000   4.52881
   23.711   6.55000 716.00000   4.55241
   23.614   6.55000 720.00000   4.60748
   23.745   6.50000 724.00000   4.63129
   23.876   6.45000 728.00000   4.65504
   23.773   6.50000 732.00000   4.71098
   23.903   6.45000 736.00000   4.73495
   24.033   6.40000 740.00000   4.75887
   23.924   6.40000 744.00000   4.81569
   24.052   6.40000 748.00000   4.83982
   24.180   6.35000 752.00000   4.86390
   24.064   6.35000 756.00000   4.92159
   24.192   6.35000 760.00000   4.94589
   24.319   6.30000 764.00000   4.97014
   24.196   6.30000 768.00000   5.02872
   24.322   6.30000 772.00000   5.05319
   24.448   6.25000 776.00000   5.07762
   24.319   6.25000 780.00000   5.13706
   24.443   6.25000 784.00000   5.16171
   24.568   6.20000 788.00000   5.18632
   24.692   6.20000 792.00000   5.21089
   24.555   6.20000 796.00000   5.27147
   24.678   6.15000 800.00000   5.29627
   24.801   6.15000 804.00000   5.32102
   24.657   6.15000 808.00000   5.38247
   24.779   6.15000 812.00000   5.40746
   24.901   6.10000 816.00000   5.43240
   25.023   6.05000 820.00000   5.45730
   24.871   6.10000 824.00000   5.51990
   24.991   6.05000 828.00000   5.54504
   25.112   6.05000 832.00000   5.57014
   24.953   6.05000 836.00000   5.63359
   25.072   6.05000 840.00000   5.65893
   25.191   6.00000 844.00000   5.68423
   25.311   5.95000 848.00000   5.70950
   25.143   6.00000 852.00000   5.77409
   25.261   5.95000 856.00000   5.79959
   25.379   5.95000 860.00000   5.82506
   25.497   5.90000 864.00000   5.85049
   25.321   5.95000 868.00000   5.91622
   25.437   5.90000 872.00000   5.94190
   25.554   5.90000 876.00000   5.96754
   25.670   5.85000 880.00000   5.99315
   25.486   5.90000 884.00000   6.06000
   25.601   5.85000 888.00000   6.08586
   25.716   5.85000 892.00000   6.11168
   25.831   5.80000 896.00000   6.13747
   25.638   5.85000 900.00000   6.20544
   25.752   5.80000 904.00000   6.23149
   25.866   5.80000 908.00000   6.25750
   25.980   5.75000 912.00000   6.28348
   26.094   5.75000 916.00000   6.30942
   25.891   5.75000 920.00000   6.37879
   26.003   5.75000 924.00000   6.40500
   26.116   5.70000 928.00000   6.43117
   26.228   5.70000 932.00000   6.45731
   26.016   5.70000 936.00000   6.52779
   26.127   5.70000 940.00000   6.55419
   26.238   5.70000 944.00000   6.58056
   26.349   5.65000 948.00000   6.60689
   26.460   5.65000 952.00000   6.63320
   26.238   5.65000 956.00000   6.70507
   26.348   5.65000 960.00000   6.73165
   26.458   5.60000 964.00000   6.75819
   26.567   5.60000 968.00000   6.78470
   26.677   5.55000 972.00000   6.81118
   26.445   5.60000 976.00000   6.88444
   26.553   5.60000 980.00000   6.91119
   26.661   5.55000 984.00000   6.93791
   26.770   5.55000 988.00000   6.96461
   26.878   5.50000 992.00000   6.99127
   26.635   5.55000 996.00000   7.06590
   26.742   5.55000 1000.00000   7.09284
   26.849   5.50000 1004.00000   7.11975
   26.956   5.50000 1008.00000   7.14663
   27.062   5.45000 1012.00000   7.17348
   26.809   5.50000 1016.00000   7.24947
   26.915   5.50000 1020.00000   7.27661
   27.020   5.45000 1024.00000   7.30371
   27.126   5.45000 1028.00000   7.33079
   27.231   5.40000 1032.00000   7.35783
   27.336   5.40000 1036.00000   7.38485
   27.071   5.45000 1040.00000   7.46250
   27.175   5.40000 1044.00000   7.48981
   27.279   5.40000 1048.00000   7.51708
   27.383   5.35000 1052.00000   7.54433
   27.487   5.35000 1056.00000   7.57155
   27.211   5.40000 1060.00000   7.65053
   27.314   5.35000 1064.00000   7.67804
   27.416   5.35000 1068.00000   7.70553
   27.519   5.35000 1072.00000   7.73298
   27.621   5.30000 1076.00000   7.76042
   27.724   5.30000 1080.00000   7.78782
   27.436   5.35000 1084.00000   7.86843
   27.537   5.30000 1088.00000   7.89612
   27.638   5.30000 1092.00000   7.92379
   27.739   5.30000 1096.00000   7.95144
   27.840   5.25000 1100.00000   7.97906
   27.941   5.25000 1104.00000   8.00665
   28.043   5.25000 1108.00000   8.03422
   27.741   5.25000 1112.00000   8.11676
   27.840   5.25000 1116.00000   8.14462
   27.940   5.25000 1120.00000   8.17246
   28.040   5.20000 1124.00000   8.20028
   28.139   5.20000 1128.00000   8.22807
   28.239   5.20000 1132.00000   8.25584
   27.924   5.20000 1136.00000   8.33996
   28.023   5.20000 1140.00000   8.36803
   28.121   5.20000 1144.00000   8.39607
   28.219   5.15000 1148.00000   8.42409
   28.317   5.15000 1152.00000   8.45209
   28.415   5.15000 1156.00000   8.48006
   28.514   5.10000 1160.00000   8.50801
   28.185   5.15000 1164.00000   8.59402
   28.282   5.15000 1168.00000   8.62228
   28.379   5.10000 1172.00000   8.65051
   28.475   5.10000 1176.00000   8.67871
   28.572   5.10000 1180.00000   8.70690
   28.669   5.05000 1184.00000   8.73506
   28.765   5.05000 1188.00000   8.76320
   28.423   5.10000 1192.00000   8.85108
   28.518   5.10000 1196.00000   8.87952
   28.613   5.05000 1200.00000   8.90795
   28.708   5.05000 1204.00000   8.93635
   28.804   5.05000 1208.00000   8.96473
   28.899   5.00000 1212.00000   8.99309
   28.994   5.00000 1216.00000   9.02143
   28.637   5.05000 1220.00000   9.11114
   28.731   5.05000 1224.00000   9.13979
   28.825   5.00000 1228.00000   9.16842
   28.918   5.00000 1232.00000   9.19702
   29.012   5.00000 1236.00000   9.22561
   29.106   4.95000 1240.00000   9.25417
   29.200   4.95000 1244.00000   9.28272
   29.294   4.95000 1248.00000   9.31124
   28.920   5.00000 1252.00000   9.40309
   29.013   4.95000 1256.00000   9.43192
   29.105   4.95000 1260.00000   9.46074
   29.197   4.95000 1264.00000   9.48954
   29.290   4.95000 1268.00000   9.51831
   29.382   4.90000 1272.00000   9.54707
   29.474   4.90000 1276.00000   9.57581
   29.566   4.90000 1280.00000   9.60452
   29.177   4.90000 1284.00000   9.69847
   29.268   4.90000 1288.00000   9.72751
   29.359   4.90000 1292.00000   9.75652
   29.449   4.90000 1296.00000   9.78552
   29.540   4.85000 1300.00000   9.81450
   29.631   4.85000 1304.00000   9.84345
   29.722   4.85000 1308.00000   9.87239
   29.813   4.85000 1312.00000   9.90131
   29.903   4.80000 1316.00000   9.93021
   29.496   4.85000 1320.00000  10.02656
   29.585   4.85000 1324.00000  10.05579
   29.675   4.85000 1328.00000  10.08499
   29.764   4.80000 1332.00000  10.11417
   29.853   4.80000 1336.00000  10.14334
   29.943   4.80000 1340.00000  10.17249
   30.032   4.80000 1344.00000  10.20162
   30.121   4.75000 1348.00000  10.23073
   30.210   4.75000 1352.00000  10.25982
   29.785   4.80000 1356.00000  10.35854
   29.873   4.80000 1360.00000  10.38796
   29.961   4.80000 1364.00000  10.41735
   30.049   4.75000 1368.00000  10.44674
   30.136   4.75000 1372.00000  10.47610
   30.224   4.75000 1376.00000  10.50545
   30.312   4.75000 1380.00000  10.53478
   30.400   4.70000 1384.00000  10.56409
   30.487   4.70000 1388.00000  10.59338
   30.044   4.75000 1392.00000  10.69442
   30.130   4.75000 1396.00000  10.72405
   30.217   4.70000 1400.00000  10.75365
   30.303   4.70000 1404.00000  10.78324
   30.389   4.70000 1408.00000  10.81281
   30.475   4.70000 1412.00000  10.84237
   30.562   4.70000 1416.00000  10.87190
   30.648   4.65000 1420.00000  10.90143
   30.734   4.65000 1424.00000  10.93093
   30.820   4.65000 1428.00000  10.96042
   30.357   4.70000 1432.00000  11.06407
   30.442   4.70000 1436.00000  11.09389
   30.526   4.65000 1440.00000  11.12369
   30.611   4.65000 1444.00000  11.15348
   30.696   4.65000 1448.00000  11.18325
   30.781   4.65000 1452.00000  11.21301
   30.865   4.60000 1456.00000  11.24275
   30.950   4.60000 1460.00000  11.27247
   31.035   4.60000 1464.00000  11.30218
   31.119   4.60000 1468.00000  11.33187
   30.636   4.65000 1472.00000  11.43808
   30.719   4.60000 1476.00000  11.46811
   30.802   4.60000 1480.00000  11.49812
   30.885   4.60000 1484.00000  11.52811
   30.969   4.60000 1488.00000  11.55809
   31.052   4.60000 1492.00000  11.58805
   31.135   4.55000 1496.00000  11.61800
   31.218   4.55000 1500.00000  11.64794
   31.301   4.55000 1504.00000  11.67786
   31.384   4.55000 1508.00000  11.70776
   31.468   4.55000 1512.00000  11.73765
   30.962   4.55000 1516.00000  11.84671
   31.044   4.55000 1520.00000  11.87693
   31.126   4.55000 1524.00000  11.90714
   31.207   4.55000 1528.00000  11.93734
   31.289   4.55000 1532.00000  11.96752
   31.370   4.50000 1536.00000  11.99769
   31.452   4.50000 1540.00000  12.02784
   31.534   4.50000 1544.00000  12.05798
   31.615   4.50000 1548.00000  12.08811
   31.697   4.50000 1552.00000  12.11821
   31.778   4.50000 1556.00000  12.14831
   31.860   4.45000 1560.00000  12.17839
   31.331   4.50000 1564.00000  12.29059
   31.411   4.50000 1568.00000  12.32101
   31.491   4.50000 1572.00000  12.35142
   31.571   4.50000 1576.00000  12.38181
   31.651   4.45000 1580.00000  12.41219
   31.731   4.45000 1584.00000  12.44255
   31.812   4.45000 1588.00000  12.47291
   31.892   4.45000 1592.00000  12.50324
   31.972   4.45000 1596.00000  12.53357
   32.052   4.45000 1600.00000  12.56388
   32.132   4.40000 1604.00000  12.59418
   32.212   4.40000 1608.00000  12.62446
   31.659   4.45000 1612.00000  12.73972
   31.738   4.45000 1616.00000  12.77035
   31.816   4.45000 1620.00000  12.80096
   31.895   4.45000 1624.00000  12.83156
   31.973   4.40000 1628.00000  12.86215
   32.051   4.40000 1632.00000  12.89272
   32.130   4.40000 1636.00000  12.92329
   32.208   4.40000 1640.00000  12.95383
   32.287   4.40000 1644.00000  12.98437
   32.365   4.35000 1648.00000  13.01489
   32.444   4.35000 1652.00000  13.04540
   32.522   4.35000 1656.00000  13.07590
   32.601   4.35000 1660.00000  13.10638
   32.022   4.40000 1664.00000  13.22498
   32.099   4.40000 1668.00000  13.25581
   32.176   4.35000 1672.00000  13.28663
   32.253   4.35000 1676.00000  13.31743
   32.330   4.35000 1680.00000  13.34822
   32.407   4.35000 1684.00000  13.37900
   32.484   4.35000 1688.00000  13.40977
   32.561   4.35000 1692.00000  13.44053
   32.638   4.35000 1696.00000  13.47127
   32.715   4.30000 1700.00000  13.50200
   32.791   4.30000 1704.00000  13.53272
   32.868   4.30000 1708.00000  13.56342
   32.945   4.30000 1712.00000  13.59412
   33.022   4.30000 1716.00000  13.62480
   32.416   4.35000 1720.00000  13.74701
   32.491   4.30000 1724.00000  13.77804
   32.567   4.30000 1728.00000  13.80906
   32.642   4.30000 1732.00000  13.84006
   32.717   4.30000 1736.00000  13.87106
   32.793   4.30000 1740.00000  13.90204
   32.868   4.30000 1744.00000  13.93302
   32.943   4.30000 1748.00000  13.96398
   33.019   4.25000 1752.00000  13.99493
   33.094   4.25000 1756.00000  14.02586
   33.169   4.25000 1760.00000  14.05679
   33.245   4.25000 1764.00000  14.08770
   33.320   4.25000 1768.00000  14.11860
   33.395   4.25000 1772.00000  14.14949
   33.470   4.20000 1776.00000  14.18037
   32.835   4.25000 1780.00000  14.30646
   32.909   4.25000 1784.00000  14.33769
   32.983   4.25000 1788.00000  14.36891
   33.056   4.25000 1792.00000  14.40012
   33.130   4.25000 1796.00000  14.43131
   33.204   4.25000 1800.00000  14.46250
   33.278   4.20000 1804.00000  14.49368
   33.351   4.20000 1808.00000  14.52484
   33.425   4.20000 1812.00000  14.55600
   33.499   4.20000 1816.00000  14.58714
   33.572   4.20000 1820.00000  14.61827
   33.646   4.20000 1824.00000  14.64939
   33.720   4.20000 1828.00000  14.68050
   33.794   4.15000 1832.00000  14.71160
   33.867   4.15000 1836.00000  14.74269
   33.202   4.20000 1840.00000  14.87254
   33.274   4.20000 1844.00000  14.90398
   33.346   4.20000 1848.00000  14.93541
   33.419   4.20000 1852.00000  14.96683
   33.491   4.20000 1856.00000  14.99824
   33.563   4.15000 1860.00000  15.02964
   33.635   4.15000 1864.00000  15.06104
   33.707   4.15000 1868.00000  15.09242
   33.779   4.15000 1872.00000  15.12379
   33.851   4.15000 1876.00000  15.15515
   33.923   4.15000 1880.00000  15.18650
   33.995   4.15000 1884.00000  15.21784
   34.068   4.15000 1888.00000  15.24917
   34.140   4.10000 1892.00000  15.28048
   34.212   4.10000 1896.00000  15.31179
   34.284   4.10000 1900.00000  15.34309
   34.356   4.10000 1904.00000  15.37437
   33.658   4.15000 1908.00000  15.50859
   33.728   4.15000 1912.00000  15.54023
   33.799   4.15000 1916.00000  15.57187
   33.869   4.15000 1920.00000  15.60349
   33.940   4.10000 1924.00000  15.63511
   34.010   4.10000 1928.00000  15.66672
   34.081   4.10000 1932.00000  15.69831
   34.151   4.10000 1936.00000  15.72990
   34.222   4.10000 1940.00000  15.76148
   34.292   4.10000 1944.00000  15.79304
   34.363   4.10000 1948.00000  15.82460
   34.433   4.10000 1952.00000  15.85615
   34.504   4.05000 1956.00000  15.88769
   34.574   4.05000 1960.00000  15.91921
   34.645   4.05000 1964.00000  15.95073
   34.715   4.05000 1968.00000  15.98224
   34.786   4.05000 1972.00000  16.01373
   34.856   4.05000 1976.00000  16.04522
   34.123   4.10000 1980.00000  16.18405
   34.192   4.10000 1984.00000  16.21589
   34.260   4.05000 1988.00000  16.24773
   34.329   4.05000 1992.00000  16.27957
   34.398   4.05000 1996.00000  16.31139
   34.467   4.05000 2000.00000  16.34320
