    0.050 -7.0304E+0001
    0.100 -7.0208E+0001
    0.150 -7.0113E+0001
    0.200 -7.0018E+0001
    0.250 -6.9923E+0001
    0.300 -6.9829E+0001
    0.350 -6.9736E+0001
    0.400 -6.9643E+0001
    0.450 -6.9550E+0001
    0.500 -6.9458E+0001
    0.550 -6.9367E+0001
    0.600 -6.9276E+0001
    0.650 -6.9185E+0001
    0.700 -6.9095E+0001
    0.750 -6.9005E+0001
    0.800 -6.8916E+0001
    0.850 -6.8827E+0001
    0.900 -6.8739E+0001
    0.950 -6.8651E+0001
    1.000 -6.8563E+0001
    1.050 -6.8476E+0001
    1.100 -6.8390E+0001
    1.150 -6.8303E+0001
    1.200 -6.8218E+0001
    1.250 -6.8132E+0001
    1.300 -6.8048E+0001
    1.350 -6.7963E+0001
    1.400 -6.7879E+0001
    1.450 -6.7795E+0001
    1.500 -6.7712E+0001
    1.550 -6.7630E+0001
    1.600 -6.7547E+0001
    1.650 -6.7465E+0001
    1.700 -6.7384E+0001
    1.750 -6.7303E+0001
    1.800 -6.7222E+0001
    1.850 -6.7142E+0001
    1.900 -6.7062E+0001
    1.950 -6.6983E+0001
    2.000 -6.6904E+0001
    2.050 -6.6825E+0001
    2.100 -6.6747E+0001
    2.150 -6.6669E+0001
    2.200 -6.6591E+0001
    2.250 -6.6514E+0001
    2.300 -6.6438E+0001
    2.350 -6.6361E+0001
    2.400 -6.6286E+0001
    2.450 -6.6210E+0001
    2.500 -6.6135E+0001
    2.550 -6.6060E+0001
    2.600 -6.5986E+0001
    2.650 -6.5912E+0001
    2.700 -6.5838E+0001
    2.750 -6.5765E+0001
    2.800 -6.5692E+0001
    2.850 -6.5620E+0001
    2.900 -6.5548E+0001
    2.950 -6.5476E+0001
    3.000 -6.5405E+0001
    3.050 -6.5334E+0001
    3.100 -6.5263E+0001
    3.150 -6.5193E+0001
    3.200 -6.5123E+0001
    3.250 -6.5053E+0001
    3.300 -6.4984E+0001
    3.350 -6.4915E+0001
    3.400 -6.4847E+0001
    3.450 -6.4779E+0001
    3.500 -6.4711E+0001
    3.550 -6.4644E+0001
    3.600 -6.4577E+0001
    3.650 -6.4510E+0001
    3.700 -6.4443E+0001
    3.750 -6.4377E+0001
    3.800 -6.4312E+0001
    3.850 -6.4246E+0001
    3.900 -6.4181E+0001
    3.950 -6.4117E+0001
    4.000 -6.4052E+0001
    4.050 -6.3988E+0001
    4.100 -6.3925E+0001
    4.150 -6.3861E+0001
    4.200 -6.3798E+0001
    4.250 -6.3736E+0001
    4.300 -6.3673E+0001
    4.350 -6.3611E+0001
    4.400 -6.3549E+0001
    4.450 -6.3488E+0001
    4.500 -6.3427E+0001
    4.550 -6.3366E+0001
    4.600 -6.3306E+0001
    4.650 -6.3246E+0001
    4.700 -6.3186E+0001
    4.750 -6.3126E+0001
    4.800 -6.3067E+0001
    4.850 -6.3008E+0001
    4.900 -6.2950E+0001
    4.950 -6.2891E+0001
    5.000 -6.2834E+0001
    5.050 -6.2776E+0001
    5.100 -6.2719E+0001
    5.150 -6.2661E+0001
    5.200 -6.2605E+0001
    5.250 -6.2548E+0001
    5.300 -6.2492E+0001
    5.350 -6.2436E+0001
    5.400 -6.2381E+0001
    5.450 -6.2326E+0001
    5.500 -6.2271E+0001
    5.550 -6.2216E+0001
    5.600 -6.2161E+0001
    5.650 -6.2107E+0001
    5.700 -6.2054E+0001
    5.750 -6.2000E+0001
    5.800 -6.1947E+0001
    5.850 -6.1894E+0001
    5.900 -6.1841E+0001
    5.950 -6.1789E+0001
    6.000 -6.1737E+0001
    6.050 -6.1685E+0001
    6.100 -6.1633E+0001
    6.150 -6.1582E+0001
    6.200 -6.1531E+0001
    6.250 -6.1480E+0001
    6.300 -6.1430E+0001
    6.350 -6.1380E+0001
    6.400 -6.1330E+0001
    6.450 -6.1280E+0001
    6.500 -6.1231E+0001
    6.550 -6.1182E+0001
    6.600 -6.1133E+0001
    6.650 -6.1084E+0001
    6.700 -6.1036E+0001
    6.750 -6.0988E+0001
    6.800 -6.0940E+0001
    6.850 -6.0893E+0001
    6.900 -6.0845E+0001
    6.950 -6.0798E+0001
    7.000 -6.0751E+0001
    7.050 -6.0705E+0001
    7.100 -6.0659E+0001
    7.150 -6.0613E+0001
    7.200 -6.0567E+0001
    7.250 -6.0521E+0001
    7.300 -6.0476E+0001
    7.350 -6.0431E+0001
    7.400 -6.0386E+0001
    7.450 -6.0342E+0001
    7.500 -6.0298E+0001
    7.550 -6.0254E+0001
    7.600 -6.0210E+0001
    7.650 -6.0166E+0001
    7.700 -6.0123E+0001
    7.750 -6.0080E+0001
    7.800 -6.0037E+0001
    7.850 -5.9995E+0001
    7.900 -5.9952E+0001
    7.950 -5.9910E+0001
    8.000 -5.9868E+0001
    8.050 -5.9827E+0001
    8.100 -5.9785E+0001
    8.150 -5.9744E+0001
    8.200 -5.9703E+0001
    8.250 -5.9662E+0001
    8.300 -5.9622E+0001
    8.350 -5.9582E+0001
    8.400 -5.9542E+0001
    8.450 -5.9502E+0001
    8.500 -5.9462E+0001
    8.550 -5.9423E+0001
    8.600 -5.9384E+0001
    8.650 -5.9345E+0001
    8.700 -5.9306E+0001
    8.750 -5.9268E+0001
    8.800 -5.9229E+0001
    8.850 -5.9191E+0001
    8.900 -5.9153E+0001
    8.950 -5.9116E+0001
    9.000 -5.9078E+0001
    9.050 -5.9041E+0001
    9.100 -5.9004E+0001
    9.150 -5.8968E+0001
    9.200 -5.8931E+0001
    9.250 -5.8895E+0001
    9.300 -5.8859E+0001
    9.350 -5.8823E+0001
    9.400 -5.8787E+0001
    9.450 -5.8751E+0001
    9.500 -5.8716E+0001
    9.550 -5.8681E+0001
    9.600 -5.8646E+0001
    9.650 -5.8611E+0001
    9.700 -5.8577E+0001
    9.750 -5.8543E+0001
    9.800 -5.8508E+0001
    9.850 -5.8475E+0001
    9.900 -5.8441E+0001
    9.950 -5.8407E+0001
   10.000 -5.8374E+0001
   10.050 -5.8341E+0001
   10.100 -5.8308E+0001
   10.150 -5.8275E+0001
   10.200 -5.8243E+0001
   10.250 -5.8210E+0001
   10.300 -5.8178E+0001
   10.350 -5.8146E+0001
   10.400 -5.8115E+0001
   10.450 -5.8083E+0001
   10.500 -5.8052E+0001
   10.550 -5.8020E+0001
   10.600 -5.7989E+0001
   10.650 -5.7958E+0001
   10.700 -5.7928E+0001
   10.750 -5.7897E+0001
   10.800 -5.7867E+0001
   10.850 -5.7837E+0001
   10.900 -5.7807E+0001
   10.950 -5.7777E+0001
   11.000 -5.7748E+0001
   11.050 -5.7718E+0001
   11.100 -5.7689E+0001
   11.150 -5.7660E+0001
   11.200 -5.7631E+0001
   11.250 -5.7602E+0001
   11.300 -5.7574E+0001
   11.350 -5.7546E+0001
   11.400 -5.7517E+0001
   11.450 -5.7489E+0001
   11.500 -5.7462E+0001
   11.550 -5.7434E+0001
   11.600 -5.7406E+0001
   11.650 -5.7379E+0001
   11.700 -5.7352E+0001
   11.750 -5.7325E+0001
   11.800 -5.7298E+0001
   11.850 -5.7271E+0001
   11.900 -5.7245E+0001
   11.950 -5.7219E+0001
   12.000 -5.7192E+0001
   12.050 -5.7166E+0001
   12.100 -5.7141E+0001
   12.150 -5.7115E+0001
   12.200 -5.7089E+0001
   12.250 -5.7064E+0001
   12.300 -5.7039E+0001
   12.350 -5.7014E+0001
   12.400 -5.6989E+0001
   12.450 -5.6964E+0001
   12.500 -5.6939E+0001
   12.550 -5.6915E+0001
   12.600 -5.6891E+0001
   12.650 -5.6867E+0001
   12.700 -5.6843E+0001
   12.750 -5.6819E+0001
   12.800 -5.6795E+0001
   12.850 -5.6772E+0001
   12.900 -5.6748E+0001
   12.950 -5.6725E+0001
   13.000 -5.6702E+0001
   13.050 -5.6679E+0001
   13.100 -5.6656E+0001
   13.150 -5.6634E+0001
   13.200 -5.6611E+0001
   13.250 -5.6589E+0001
   13.300 -5.6566E+0001
   13.350 -5.6544E+0001
   13.400 -5.6522E+0001
   13.450 -5.6501E+0001
   13.500 -5.6479E+0001
   13.550 -5.6457E+0001
   13.600 -5.6436E+0001
   13.650 -5.6415E+0001
   13.700 -5.6394E+0001
   13.750 -5.6373E+0001
   13.800 -5.6352E+0001
   13.850 -5.6331E+0001
   13.900 -5.6311E+0001
   13.950 -5.6290E+0001
   14.000 -5.6270E+0001
   14.050 -5.6250E+0001
   14.100 -5.6230E+0001
   14.150 -5.6210E+0001
   14.200 -5.6190E+0001
   14.250 -5.6170E+0001
   14.300 -5.6151E+0001
   14.350 -5.6132E+0001
   14.400 -5.6112E+0001
   14.450 -5.6093E+0001
   14.500 -5.6074E+0001
   14.550 -5.6055E+0001
   14.600 -5.6037E+0001
   14.650 -5.6018E+0001
   14.700 -5.5999E+0001
   14.750 -5.5981E+0001
   14.800 -5.5963E+0001
   14.850 -5.5945E+0001
   14.900 -5.5927E+0001
   14.950 -5.5909E+0001
   15.000 -5.5891E+0001
   15.050 -5.5873E+0001
   15.100 -5.5856E+0001
   15.150 -5.5838E+0001
   15.200 -5.5821E+0001
   15.250 -5.5804E+0001
   15.300 -5.5787E+0001
   15.350 -5.5770E+0001
   15.400 -5.5753E+0001
   15.450 -5.5736E+0001
   15.500 -5.5720E+0001
   15.550 -5.5703E+0001
   15.600 -5.5687E+0001
   15.650 -5.5671E+0001
   15.700 -5.5654E+0001
   15.750 -5.5638E+0001
   15.800 -5.5622E+0001
   15.850 -5.5607E+0001
   15.900 -5.5591E+0001
   15.950 -5.5575E+0001
   16.000 -5.5560E+0001
   16.050 -5.5544E+0001
   16.100 -5.5529E+0001
   16.150 -5.5514E+0001
   16.200 -5.5499E+0001
   16.250 -5.5484E+0001
   16.300 -5.5469E+0001
   16.350 -5.5454E+0001
   16.400 -5.5439E+0001
   16.450 -5.5425E+0001
   16.500 -5.5410E+0001
   16.550 -5.5396E+0001
   16.600 -5.5382E+0001
   16.650 -5.5367E+0001
   16.700 -5.5353E+0001
   16.750 -5.5339E+0001
   16.800 -5.5325E+0001
   16.850 -5.5312E+0001
   16.900 -5.5298E+0001
   16.950 -5.5284E+0001
   17.000 -5.5271E+0001
   17.050 -5.5257E+0001
   17.100 -5.5244E+0001
   17.150 -5.5231E+0001
   17.200 -5.5218E+0001
   17.250 -5.5205E+0001
   17.300 -5.5192E+0001
   17.350 -5.5179E+0001
   17.400 -5.5166E+0001
   17.450 -5.5154E+0001
   17.500 -5.5141E+0001
   17.550 -5.5129E+0001
   17.600 -5.5116E+0001
   17.650 -5.5104E+0001
   17.700 -5.5092E+0001
   17.750 -5.5080E+0001
   17.800 -5.5067E+0001
   17.850 -5.5056E+0001
   17.900 -5.5044E+0001
   17.950 -5.5032E+0001
   18.000 -5.5020E+0001
   18.050 -5.5009E+0001
   18.100 -5.4997E+0001
   18.150 -5.4986E+0001
   18.200 -5.4974E+0001
   18.250 -5.4963E+0001
   18.300 -5.4952E+0001
   18.350 -5.4941E+0001
   18.400 -5.4930E+0001
   18.450 -5.4919E+0001
   18.500 -5.4908E+0001
   18.550 -5.4897E+0001
   18.600 -5.4886E+0001
   18.650 -5.4875E+0001
   18.700 -5.4865E+0001
   18.750 -5.4854E+0001
   18.800 -5.4844E+0001
   18.850 -5.4834E+0001
   18.900 -5.4823E+0001
   18.950 -5.4813E+0001
   19.000 -5.4803E+0001
   19.050 -5.4793E+0001
   19.100 -5.4783E+0001
   19.150 -5.4773E+0001
   19.200 -5.4763E+0001
   19.250 -5.4754E+0001
   19.300 -5.4744E+0001
   19.350 -5.4734E+0001
   19.400 -5.4725E+0001
   19.450 -5.4715E+0001
   19.500 -5.4706E+0001
   19.550 -5.4697E+0001
   19.600 -5.4687E+0001
   19.650 -5.4678E+0001
   19.700 -5.4669E+0001
   19.750 -5.4660E+0001
   19.800 -5.4651E+0001
   19.850 -5.4642E+0001
   19.900 -5.4633E+0001
   19.950 -5.4625E+0001
   20.000 -5.4616E+0001
   20.050 -5.4607E+0001
   20.100 -5.4599E+0001
   20.150 -5.4590E+0001
   20.200 -5.4582E+0001
   20.250 -5.4573E+0001
   20.300 -5.4565E+0001
   20.350 -5.4557E+0001
   20.400 -5.4548E+0001
   20.450 -5.4540E+0001
   20.500 -5.4532E+0001
   20.550 -5.4524E+0001
   20.600 -5.4516E+0001
   20.650 -5.4508E+0001
   20.700 -5.4500E+0001
   20.750 -5.4493E+0001
   20.800 -5.4485E+0001
   20.850 -5.4477E+0001
   20.900 -5.4470E+0001
   20.950 -5.4462E+0001
   21.000 -5.4455E+0001
   21.050 -5.4447E+0001
   21.100 -5.4440E+0001
   21.150 -5.4433E+0001
   21.200 -5.4425E+0001
   21.250 -5.4418E+0001
   21.300 -5.4411E+0001
   21.350 -5.4404E+0001
   21.400 -5.4397E+0001
   21.450 -5.4390E+0001
   21.500 -5.4383E+0001
   21.550 -5.4376E+0001
   21.600 -5.4369E+0001
   21.650 -5.4362E+0001
   21.700 -5.4356E+0001
   21.750 -5.4349E+0001
   21.800 -5.4342E+0001
   21.850 -5.4336E+0001
   21.900 -5.4329E+0001
   21.950 -5.4323E+0001
   22.000 -5.4316E+0001
   22.050 -5.4310E+0001
   22.100 -5.4304E+0001
   22.150 -5.4298E+0001
   22.200 -5.4291E+0001
   22.250 -5.4285E+0001
   22.300 -5.4279E+0001
   22.350 -5.4273E+0001
   22.400 -5.4267E+0001
   22.450 -5.4261E+0001
   22.500 -5.4255E+0001
   22.550 -5.4249E+0001
   22.600 -5.4243E+0001
   22.650 -5.4238E+0001
   22.700 -5.4232E+0001
   22.750 -5.4226E+0001
   22.800 -5.4220E+0001
   22.850 -5.4215E+0001
   22.900 -5.4209E+0001
   22.950 -5.4204E+0001
   23.000 -5.4198E+0001
   23.050 -5.4193E+0001
   23.100 -5.4187E+0001
   23.150 -5.4182E+0001
   23.200 -5.4177E+0001
   23.250 -5.4171E+0001
   23.300 -5.4166E+0001
   23.350 -5.4161E+0001
   23.400 -5.4156E+0001
   23.450 -5.4151E+0001
   23.500 -5.4146E+0001
   23.550 -5.4141E+0001
   23.600 -5.4136E+0001
   23.650 -5.4131E+0001
   23.700 -5.4126E+0001
   23.750 -5.4121E+0001
   23.800 -5.4116E+0001
   23.850 -5.4111E+0001
   23.900 -5.4107E+0001
   23.950 -5.4102E+0001
   24.000 -5.4097E+0001
   24.050 -5.4093E+0001
   24.100 -5.4088E+0001
   24.150 -5.4084E+0001
   24.200 -5.4079E+0001
   24.250 -5.4074E+0001
   24.300 -5.4070E+0001
   24.350 -5.4066E+0001
   24.400 -5.4061E+0001
   24.450 -5.4057E+0001
   24.500 -5.4053E+0001
   24.550 -5.4048E+0001
   24.600 -5.4044E+0001
   24.650 -5.4040E+0001
   24.700 -5.4036E+0001
   24.750 -5.4032E+0001
   24.800 -5.4027E+0001
   24.850 -5.4023E+0001
   24.900 -5.4019E+0001
   24.950 -5.4015E+0001
   25.000 -5.4011E+0001
   25.050 -5.4007E+0001
   25.100 -5.4003E+0001
   25.150 -5.4000E+0001
   25.200 -5.3996E+0001
   25.250 -5.3992E+0001
   25.300 -5.3988E+0001
   25.350 -5.3984E+0001
   25.400 -5.3981E+0001
   25.450 -5.3977E+0001
   25.500 -5.3973E+0001
   25.550 -5.3970E+0001
   25.600 -5.3966E+0001
   25.650 -5.3963E+0001
   25.700 -5.3959E+0001
   25.750 -5.3955E+0001
   25.800 -5.3952E+0001
   25.850 -5.3948E+0001
   25.900 -5.3945E+0001
   25.950 -5.3942E+0001
   26.000 -5.3938E+0001
   26.050 -5.3935E+0001
   26.100 -5.3932E+0001
   26.150 -5.3928E+0001
   26.200 -5.3925E+0001
   26.250 -5.3922E+0001
   26.300 -5.3919E+0001
   26.350 -5.3915E+0001
   26.400 -5.3912E+0001
   26.450 -5.3909E+0001
   26.500 -5.3906E+0001
   26.550 -5.3903E+0001
   26.600 -5.3900E+0001
   26.650 -5.3897E+0001
   26.700 -5.3894E+0001
   26.750 -5.3891E+0001
   26.800 -5.3888E+0001
   26.850 -5.3885E+0001
   26.900 -5.3882E+0001
   26.950 -5.3879E+0001
   27.000 -5.3876E+0001
   27.050 -5.3873E+0001
   27.100 -5.3871E+0001
   27.150 -5.3868E+0001
   27.200 -5.3865E+0001
   27.250 -5.3862E+0001
   27.300 -5.3860E+0001
   27.350 -5.3857E+0001
   27.400 -5.3854E+0001
   27.450 -5.3852E+0001
   27.500 -5.3849E+0001
   27.550 -5.3846E+0001
   27.600 -5.3844E+0001
   27.650 -5.3841E+0001
   27.700 -5.3839E+0001
   27.750 -5.3836E+0001
   27.800 -5.3834E+0001
   27.850 -5.3831E+0001
   27.900 -5.3829E+0001
   27.950 -5.3826E+0001
   28.000 -5.3824E+0001
   28.050 -5.3821E+0001
   28.100 -5.3819E+0001
   28.150 -5.3817E+0001
   28.200 -5.3814E+0001
   28.250 -5.3812E+0001
   28.300 -5.3810E+0001
   28.350 -5.3807E+0001
   28.400 -5.3805E+0001
   28.450 -5.3803E+0001
   28.500 -5.3801E+0001
   28.550 -5.3799E+0001
   28.600 -5.3796E+0001
   28.650 -5.3794E+0001
   28.700 -5.3792E+0001
   28.750 -5.3790E+0001
   28.800 -5.3788E+0001
   28.850 -5.3786E+0001
   28.900 -5.3784E+0001
   28.950 -5.3782E+0001
   29.000 -5.3779E+0001
   29.050 -5.3777E+0001
   29.100 -5.3775E+0001
   29.150 -5.3773E+0001
   29.200 -5.3771E+0001
   29.250 -5.3769E+0001
   29.300 -5.3768E+0001
   29.350 -5.3766E+0001
   29.400 -5.3764E+0001
   29.450 -5.3762E+0001
   29.500 -5.3760E+0001
   29.550 -5.3758E+0001
   29.600 -5.3756E+0001
   29.650 -5.3754E+0001
   29.700 -5.3753E+0001
   29.750 -5.3751E+0001
   29.800 -5.3749E+0001
   29.850 -5.3747E+0001
   29.900 -5.3745E+0001
   29.950 -5.3744E+0001
   30.000 -5.3742E+0001
   30.050 -5.3740E+0001
   30.100 -5.3739E+0001
   30.150 -5.3737E+0001
   30.200 -5.3735E+0001
   30.250 -5.3734E+0001
   30.300 -5.3732E+0001
   30.350 -5.3730E+0001
   30.400 -5.3729E+0001
   30.450 -5.3727E+0001
   30.500 -5.3726E+0001
   30.550 -5.3724E+0001
   30.600 -5.3722E+0001
   30.650 -5.3721E+0001
   30.700 -5.3719E+0001
   30.750 -5.3718E+0001
   30.800 -5.3716E+0001
   30.850 -5.3715E+0001
   30.900 -5.3713E+0001
   30.950 -5.3712E+0001
   31.000 -5.3710E+0001
   31.050 -5.3709E+0001
   31.100 -5.3708E+0001
   31.150 -5.3706E+0001
   31.200 -5.3705E+0001
   31.250 -5.3703E+0001
   31.300 -5.3702E+0001
   31.350 -5.3701E+0001
   31.400 -5.3699E+0001
   31.450 -5.3698E+0001
   31.500 -5.3697E+0001
   31.550 -5.3695E+0001
   31.600 -5.3694E+0001
   31.650 -5.3693E+0001
   31.700 -5.3691E+0001
   31.750 -5.3690E+0001
   31.800 -5.3689E+0001
   31.850 -5.3687E+0001
   31.900 -5.3686E+0001
   31.950 -5.3685E+0001
   32.000 -5.3684E+0001
   32.050 -5.3683E+0001
   32.100 -5.3681E+0001
   32.150 -5.3680E+0001
   32.200 -5.3679E+0001
   32.250 -5.3678E+0001
   32.300 -5.3677E+0001
   32.350 -5.3676E+0001
   32.400 -5.3674E+0001
   32.450 -5.3673E+0001
   32.500 -5.3672E+0001
   32.550 -5.3671E+0001
   32.600 -5.3670E+0001
   32.650 -5.3669E+0001
   32.700 -5.3668E+0001
   32.750 -5.3667E+0001
   32.800 -5.3666E+0001
   32.850 -5.3665E+0001
   32.900 -5.3663E+0001
   32.950 -5.3662E+0001
   33.000 -5.3661E+0001
   33.050 -5.3660E+0001
   33.100 -5.3659E+0001
   33.150 -5.3658E+0001
   33.200 -5.3657E+0001
   33.250 -5.3656E+0001
   33.300 -5.3655E+0001
   33.350 -5.3654E+0001
   33.400 -5.3653E+0001
   33.450 -5.3653E+0001
   33.500 -5.3652E+0001
   33.550 -5.3651E+0001
   33.600 -5.3650E+0001
   33.650 -5.3649E+0001
   33.700 -5.3648E+0001
   33.750 -5.3647E+0001
   33.800 -5.3646E+0001
   33.850 -5.3645E+0001
   33.900 -5.3644E+0001
   33.950 -5.3643E+0001
   34.000 -5.3643E+0001
   34.050 -5.3642E+0001
   34.100 -5.3641E+0001
   34.150 -5.3640E+0001
   34.200 -5.3639E+0001
   34.250 -5.3638E+0001
   34.300 -5.3638E+0001
   34.350 -5.3637E+0001
   34.400 -5.3636E+0001
   34.450 -5.3635E+0001
   34.500 -5.3634E+0001
   34.550 -5.3634E+0001
   34.600 -5.3633E+0001
   34.650 -5.3632E+0001
   34.700 -5.3631E+0001
   34.750 -5.3630E+0001
   34.800 -5.3630E+0001
   34.850 -5.3629E+0001
   34.900 -5.3628E+0001
   34.950 -5.3627E+0001
   35.000 -5.3627E+0001
   35.050 -5.3626E+0001
   35.100 -5.3625E+0001
   35.150 -5.3625E+0001
   35.200 -5.3624E+0001
   35.250 -5.3623E+0001
   35.300 -5.3623E+0001
   35.350 -5.3622E+0001
   35.400 -5.3621E+0001
   35.450 -5.3620E+0001
   35.500 -5.3620E+0001
   35.550 -5.3619E+0001
   35.600 -5.3619E+0001
   35.650 -5.3618E+0001
   35.700 -5.3617E+0001
   35.750 -5.3617E+0001
   35.800 -5.3616E+0001
   35.850 -5.3615E+0001
   35.900 -5.3615E+0001
   35.950 -5.3614E+0001
   36.000 -5.3613E+0001
   36.050 -5.3613E+0001
   36.100 -5.3612E+0001
   36.150 -5.3612E+0001
   36.200 -5.3611E+0001
   36.250 -5.3611E+0001
   36.300 -5.3610E+0001
   36.350 -5.3609E+0001
   36.400 -5.3609E+0001
   36.450 -5.3608E+0001
   36.500 -5.3608E+0001
   36.550 -5.3607E+0001
   36.600 -5.3607E+0001
   36.650 -5.3606E+0001
   36.700 -5.3605E+0001
   36.750 -5.3605E+0001
   36.800 -5.3604E+0001
   36.850 -5.3604E+0001
   36.900 -5.3603E+0001
   36.950 -5.3603E+0001
   37.000 -5.3602E+0001
   37.050 -5.3602E+0001
   37.100 -5.3601E+0001
   37.150 -5.3601E+0001
   37.200 -5.3600E+0001
   37.250 -5.3600E+0001
   37.300 -4.0000E+0001
   37.350 -4.0000E+0001
   37.400 -4.0000E+0001
   37.450 -4.0000E+0001
   37.500 -4.0000E+0001
   37.550 -4.0000E+0001
   37.600 -4.0000E+0001
   37.650 -4.0000E+0001
   37.700 -4.0000E+0001
   37.750 -4.0000E+0001
   37.800 -4.0000E+0001
   37.850 -4.0000E+0001
   37.900 -4.0000E+0001
   37.950 -4.0000E+0001
   38.000 -4.0000E+0001
   38.050 -4.0000E+0001
   38.100 -4.0000E+0001
   38.150 -4.0000E+0001
   38.200 -4.0000E+0001
   38.250 -4.0000E+0001
   38.300 -4.0000E+0001
   38.350 -4.0000E+0001
   38.400 -4.0000E+0001
   38.450 -4.0000E+0001
   38.500 -4.0000E+0001
   38.550 -4.0000E+0001
   38.600 -4.0000E+0001
   38.650 -4.3195E+0001
   38.700 -4.5990E+0001
   38.750 -4.8437E+0001
   38.800 -5.0582E+0001
   38.850 -5.2466E+0001
   38.900 -5.4125E+0001
   38.950 -5.5588E+0001
   39.000 -5.6882E+0001
   39.050 -5.8028E+0001
   39.100 -5.9045E+0001
   39.150 -5.9951E+0001
   39.200 -6.0758E+0001
   39.250 -6.1478E+0001
   39.300 -6.2122E+0001
   39.350 -6.2699E+0001
   39.400 -6.3216E+0001
   39.450 -6.3680E+0001
   39.500 -6.4097E+0001
   39.550 -6.4471E+0001
   39.600 -6.4808E+0001
   39.650 -6.5110E+0001
   39.700 -6.5382E+0001
   39.750 -6.5626E+0001
   39.800 -6.5846E+0001
   39.850 -6.6042E+0001
   39.900 -6.6219E+0001
   39.950 -6.6376E+0001
   40.000 -6.6516E+0001
   40.050 -6.6641E+0001
   40.100 -6.6752E+0001
   40.150 -6.6849E+0001
   40.200 -6.6935E+0001
   40.250 -6.7010E+0001
   40.300 -6.7074E+0001
   40.350 -6.7130E+0001
   40.400 -6.7176E+0001
   40.450 -6.7215E+0001
   40.500 -6.7247E+0001
   40.550 -6.7272E+0001
   40.600 -6.7290E+0001
   40.650 -6.7303E+0001
   40.700 -6.7310E+0001
   40.750 -6.7313E+0001
   40.800 -6.7310E+0001
   40.850 -6.7304E+0001
   40.900 -6.7293E+0001
   40.950 -6.7279E+0001
   41.000 -6.7262E+0001
   41.050 -6.7241E+0001
   41.100 -6.7217E+0001
   41.150 -6.7190E+0001
   41.200 -6.7161E+0001
   41.250 -6.7130E+0001
   41.300 -6.7096E+0001
   41.350 -6.7060E+0001
   41.400 -6.7022E+0001
   41.450 -6.6982E+0001
   41.500 -6.6941E+0001
   41.550 -6.6898E+0001
   41.600 -6.6854E+0001
   41.650 -6.6808E+0001
   41.700 -6.6761E+0001
   41.750 -6.6713E+0001
   41.800 -6.6664E+0001
   41.850 -6.6613E+0001
   41.900 -6.6562E+0001
   41.950 -6.6510E+0001
   42.000 -6.6457E+0001
   42.050 -6.6404E+0001
   42.100 -6.6349E+0001
   42.150 -6.6294E+0001
   42.200 -6.6239E+0001
   42.250 -6.6183E+0001
   42.300 -6.6126E+0001
   42.350 -6.6069E+0001
   42.400 -6.6012E+0001
   42.450 -6.5954E+0001
   42.500 -6.5896E+0001
   42.550 -6.5838E+0001
   42.600 -6.5779E+0001
   42.650 -6.5720E+0001
   42.700 -6.5661E+0001
   42.750 -6.5602E+0001
   42.800 -6.5542E+0001
   42.850 -6.5483E+0001
   42.900 -6.5423E+0001
   42.950 -6.5363E+0001
   43.000 -6.5303E+0001
   43.050 -6.5243E+0001
   43.100 -6.5183E+0001
   43.150 -6.5123E+0001
   43.200 -6.5063E+0001
   43.250 -6.5003E+0001
   43.300 -6.4943E+0001
   43.350 -6.4883E+0001
   43.400 -6.4822E+0001
   43.450 -6.4763E+0001
   43.500 -6.4703E+0001
   43.550 -6.4643E+0001
   43.600 -6.4583E+0001
   43.650 -6.4523E+0001
   43.700 -6.4464E+0001
   43.750 -6.4404E+0001
   43.800 -6.4345E+0001
   43.850 -6.4286E+0001
   43.900 -6.4227E+0001
   43.950 -6.4168E+0001
   44.000 -6.4109E+0001
   44.050 -6.4050E+0001
   44.100 -6.3992E+0001
   44.150 -6.3933E+0001
   44.200 -6.3875E+0001
   44.250 -6.3817E+0001
   44.300 -6.3759E+0001
   44.350 -6.3701E+0001
   44.400 -6.3644E+0001
   44.450 -6.3586E+0001
   44.500 -6.3529E+0001
   44.550 -6.3472E+0001
   44.600 -6.3416E+0001
   44.650 -6.3359E+0001
   44.700 -6.3303E+0001
   44.750 -6.3246E+0001
   44.800 -6.3190E+0001
   44.850 -6.3135E+0001
   44.900 -6.3079E+0001
   44.950 -6.3024E+0001
   45.000 -6.2969E+0001
   45.050 -6.2914E+0001
   45.100 -6.2859E+0001
   45.150 -6.2804E+0001
   45.200 -6.2750E+0001
   45.250 -6.2696E+0001
   45.300 -6.2642E+0001
   45.350 -6.2589E+0001
   45.400 -6.2535E+0001
   45.450 -6.2482E+0001
   45.500 -6.2429E+0001
   45.550 -6.2376E+0001
   45.600 -6.2324E+0001
   45.650 -6.2272E+0001
   45.700 -6.2220E+0001
   45.750 -6.2168E+0001
   45.800 -6.2116E+0001
   45.850 -6.2065E+0001
   45.900 -6.2014E+0001
   45.950 -6.1963E+0001
   46.000 -6.1912E+0001
   46.050 -6.1861E+0001
   46.100 -6.1811E+0001
   46.150 -6.1761E+0001
   46.200 -6.1711E+0001
   46.250 -6.1662E+0001
   46.300 -6.1612E+0001
   46.350 -6.1563E+0001
   46.400 -6.1514E+0001
   46.450 -6.1466E+0001
   46.500 -6.1417E+0001
   46.550 -6.1369E+0001
   46.600 -6.1321E+0001
   46.650 -6.1273E+0001
   46.700 -6.1226E+0001
   46.750 -6.1179E+0001
   46.800 -6.1132E+0001
   46.850 -6.1085E+0001
   46.900 -6.1038E+0001
   46.950 -6.0992E+0001
   47.000 -6.0946E+0001
   47.050 -6.0900E+0001
   47.100 -6.0854E+0001
   47.150 -6.0808E+0001
   47.200 -6.0763E+0001
   47.250 -6.0718E+0001
   47.300 -6.0673E+0001
   47.350 -6.0629E+0001
   47.400 -6.0584E+0001
   47.450 -6.0540E+0001
   47.500 -6.0496E+0001
   47.550 -6.0452E+0001
   47.600 -6.0409E+0001
   47.650 -6.0366E+0001
   47.700 -6.0323E+0001
   47.750 -6.0280E+0001
   47.800 -6.0237E+0001
   47.850 -6.0195E+0001
   47.900 -6.0152E+0001
   47.950 -6.0110E+0001
   48.000 -6.0069E+0001
   48.050 -6.0027E+0001
   48.100 -5.9986E+0001
   48.150 -5.9945E+0001
   48.200 -5.9904E+0001
   48.250 -5.9863E+0001
   48.300 -5.9822E+0001
   48.350 -5.9782E+0001
   48.400 -5.9742E+0001
   48.450 -5.9702E+0001
   48.500 -5.9662E+0001
   48.550 -5.9623E+0001
   48.600 -5.9584E+0001
   48.650 -5.9545E+0001
   48.700 -5.9506E+0001
   48.750 -5.9467E+0001
   48.800 -5.9429E+0001
   48.850 -5.9391E+0001
   48.900 -5.9353E+0001
   48.950 -5.9315E+0001
   49.000 -5.9277E+0001
   49.050 -5.9240E+0001
   49.100 -5.9202E+0001
   49.150 -5.9165E+0001
   49.200 -5.9129E+0001
   49.250 -5.9092E+0001
   49.300 -5.9056E+0001
   49.350 -5.9019E+0001
   49.400 -5.8983E+0001
   49.450 -5.8947E+0001
   49.500 -5.8912E+0001
   49.550 -5.8876E+0001
   49.600 -5.8841E+0001
   49.650 -5.8806E+0001
   49.700 -5.8771E+0001
   49.750 -5.8736E+0001
   49.800 -5.8702E+0001
   49.850 -5.8668E+0001
   49.900 -5.8633E+0001
   49.950 -5.8600E+0001
   50.000 -5.8566E+0001
   50.050 -5.8532E+0001
   50.100 -5.8499E+0001
   50.150 -5.8466E+0001
   50.200 -5.8433E+0001
   50.250 -5.8400E+0001
   50.300 -5.8367E+0001
   50.350 -5.8335E+0001
   50.400 -5.8302E+0001
   50.450 -5.8270E+0001
   50.500 -5.8238E+0001
   50.550 -5.8207E+0001
   50.600 -5.8175E+0001
   50.650 -5.8144E+0001
   50.700 -5.8113E+0001
   50.750 -5.8082E+0001
   50.800 -5.8051E+0001
   50.850 -5.8020E+0001
   50.900 -5.7990E+0001
   50.950 -5.7959E+0001
   51.000 -5.7929E+0001
   51.050 -5.7899E+0001
   51.100 -5.7869E+0001
   51.150 -5.7840E+0001
   51.200 -5.7810E+0001
   51.250 -5.7781E+0001
   51.300 -5.7752E+0001
   51.350 -5.7723E+0001
   51.400 -5.7694E+0001
   51.450 -5.7665E+0001
   51.500 -5.7637E+0001
   51.550 -5.7609E+0001
   51.600 -5.7581E+0001
   51.650 -5.7553E+0001
   51.700 -5.7525E+0001
   51.750 -5.7497E+0001
   51.800 -5.7470E+0001
   51.850 -5.7442E+0001
   51.900 -5.7415E+0001
   51.950 -5.7388E+0001
   52.000 -5.7361E+0001
   52.050 -5.7335E+0001
   52.100 -5.7308E+0001
   52.150 -5.7282E+0001
   52.200 -5.7256E+0001
   52.250 -5.7230E+0001
   52.300 -5.7204E+0001
   52.350 -5.7178E+0001
   52.400 -5.7152E+0001
   52.450 -5.7127E+0001
   52.500 -5.7102E+0001
   52.550 -5.7077E+0001
   52.600 -5.7052E+0001
   52.650 -5.7027E+0001
   52.700 -5.7002E+0001
   52.750 -5.6978E+0001
   52.800 -5.6953E+0001
   52.850 -5.6929E+0001
   52.900 -5.6905E+0001
   52.950 -5.6881E+0001
   53.000 -5.6857E+0001
   53.050 -5.6834E+0001
   53.100 -5.6810E+0001
   53.150 -5.6787E+0001
   53.200 -5.6764E+0001
   53.250 -5.6740E+0001
   53.300 -5.6718E+0001
   53.350 -5.6695E+0001
   53.400 -5.6672E+0001
   53.450 -5.6650E+0001
   53.500 -5.6627E+0001
   53.550 -5.6605E+0001
   53.600 -5.6583E+0001
   53.650 -5.6561E+0001
   53.700 -5.6539E+0001
   53.750 -5.6518E+0001
   53.800 -5.6496E+0001
   53.850 -5.6475E+0001
   53.900 -5.6453E+0001
   53.950 -5.6432E+0001
   54.000 -5.6411E+0001
   54.050 -5.6390E+0001
   54.100 -5.6370E+0001
   54.150 -5.6349E+0001
   54.200 -5.6329E+0001
   54.250 -5.6308E+0001
   54.300 -5.6288E+0001
   54.350 -5.6268E+0001
   54.400 -5.6248E+0001
   54.450 -5.6228E+0001
   54.500 -5.6208E+0001
   54.550 -5.6189E+0001
   54.600 -5.6169E+0001
   54.650 -5.6150E+0001
   54.700 -5.6131E+0001
   54.750 -5.6112E+0001
   54.800 -5.6093E+0001
   54.850 -5.6074E+0001
   54.900 -5.6055E+0001
   54.950 -5.6037E+0001
   55.000 -5.6018E+0001
   55.050 -5.6000E+0001
   55.100 -5.5982E+0001
   55.150 -5.5964E+0001
   55.200 -5.5946E+0001
   55.250 -5.5928E+0001
   55.300 -5.5910E+0001
   55.350 -5.5892E+0001
   55.400 -5.5875E+0001
   55.450 -5.5857E+0001
   55.500 -5.5840E+0001
   55.550 -5.5823E+0001
   55.600 -5.5806E+0001
   55.650 -5.5789E+0001
   55.700 -5.5772E+0001
   55.750 -5.5755E+0001
   55.800 -5.5739E+0001
   55.850 -5.5722E+0001
   55.900 -5.5706E+0001
   55.950 -5.5690E+0001
   56.000 -5.5673E+0001
   56.050 -5.5657E+0001
   56.100 -5.5641E+0001
   56.150 -5.5625E+0001
   56.200 -5.5610E+0001
   56.250 -5.5594E+0001
   56.300 -5.5579E+0001
   56.350 -5.5563E+0001
   56.400 -5.5548E+0001
   56.450 -5.5533E+0001
   56.500 -5.5517E+0001
   56.550 -5.5502E+0001
   56.600 -5.5487E+0001
   56.650 -5.5473E+0001
   56.700 -5.5458E+0001
   56.750 -5.5443E+0001
   56.800 -5.5429E+0001
   56.850 -5.5414E+0001
   56.900 -5.5400E+0001
   56.950 -5.5386E+0001
   57.000 -5.5372E+0001
   57.050 -5.5358E+0001
   57.100 -5.5344E+0001
   57.150 -5.5330E+0001
   57.200 -5.5316E+0001
   57.250 -5.5303E+0001
   57.300 -5.5289E+0001
   57.350 -5.5276E+0001
   57.400 -5.5262E+0001
   57.450 -5.5249E+0001
   57.500 -5.5236E+0001
   57.550 -5.5223E+0001
   57.600 -5.5210E+0001
   57.650 -5.5197E+0001
   57.700 -5.5184E+0001
   57.750 -5.5171E+0001
   57.800 -5.5159E+0001
   57.850 -5.5146E+0001
   57.900 -5.5134E+0001
   57.950 -5.5121E+0001
   58.000 -5.5109E+0001
   58.050 -5.5097E+0001
   58.100 -5.5085E+0001
   58.150 -5.5073E+0001
   58.200 -5.5061E+0001
   58.250 -5.5049E+0001
   58.300 -5.5037E+0001
   58.350 -5.5025E+0001
   58.400 -5.5014E+0001
   58.450 -5.5002E+0001
   58.500 -5.4991E+0001
   58.550 -5.4980E+0001
   58.600 -5.4968E+0001
   58.650 -5.4957E+0001
   58.700 -5.4946E+0001
   58.750 -5.4935E+0001
   58.800 -5.4924E+0001
   58.850 -5.4913E+0001
   58.900 -5.4902E+0001
   58.950 -5.4892E+0001
   59.000 -5.4881E+0001
   59.050 -5.4870E+0001
   59.100 -5.4860E+0001
   59.150 -5.4849E+0001
   59.200 -5.4839E+0001
   59.250 -5.4829E+0001
   59.300 -5.4819E+0001
   59.350 -5.4809E+0001
   59.400 -5.4799E+0001
   59.450 -5.4789E+0001
   59.500 -5.4779E+0001
   59.550 -5.4769E+0001
   59.600 -5.4759E+0001
   59.650 -5.4749E+0001
   59.700 -5.4740E+0001
   59.750 -5.4730E+0001
   59.800 -5.4721E+0001
   59.850 -5.4711E+0001
   59.900 -5.4702E+0001
   59.950 -5.4693E+0001
