    0.050   -59.181
    0.100   -58.687
    0.150   -58.502
    0.200   -59.097
    0.250   -59.177
    0.300   -59.289
    0.350   -58.775
    0.400   -58.555
    0.450   -58.871
    0.500   -58.811
    0.550   -58.791
    0.600   -58.448
    0.650   -58.604
    0.700   -58.533
    0.750   -58.008
    0.800   -58.388
    0.850   -58.224
    0.900   -57.941
    0.950   -57.598
    1.000   -57.520
    1.050   -57.094
    1.100   -56.656
    1.150   -56.644
    1.200   -56.562
    1.250   -56.422
    1.300   -56.157
    1.350   -55.778
    1.400   -56.222
    1.450   -55.552
    1.500   -55.243
    1.550   -54.597
    1.600   -54.199
    1.650   -54.336
    1.700   -54.322
    1.750   -54.440
    1.800   -54.956
    1.850   -54.874
    1.900   -55.121
    1.950   -54.653
    2.000   -54.682
    2.050   -54.268
    2.100   -54.021
    2.150   -53.085
    2.200   -52.810
    2.250   -52.876
    2.300   -52.735
    2.350   -53.149
    2.400   -52.799
    2.450   -52.948
    2.500   -52.903
    2.550   -53.045
    2.600   -53.101
    2.650   -52.590
    2.700   -52.379
    2.750   -52.759
    2.800   -53.138
    2.850   -52.408
    2.900   -52.441
    2.950   -51.725
    3.000   -51.674
    3.050   -51.932
    3.100   -52.178
    3.150   -52.300
    3.200   -52.480
    3.250   -51.916
    3.300   -52.090
    3.350   -51.799
    3.400   -51.879
    3.450   -52.107
    3.500   -51.749
    3.550   -51.348
    3.600   -51.701
    3.650   -51.138
    3.700   -50.942
    3.750   -50.953
    3.800   -50.984
    3.850   -50.924
    3.900   -50.827
    3.950   -50.792
    4.000   -51.161
    4.050   -50.905
    4.100   -51.202
    4.150   -50.981
    4.200   -51.158
    4.250   -51.016
    4.300   -50.966
    4.350   -50.577
    4.400   -50.771
    4.450   -50.672
    4.500   -50.239
    4.550   -50.224
    4.600   -50.182
    4.650   -49.973
    4.700   -49.580
    4.750   -40.000
    4.800   -40.000
    4.850   -40.000
    4.900   -40.000
    4.950   -40.000
    5.000   -40.000
    5.050   -40.000
    5.100   -40.000
    5.150   -40.000
    5.200   -40.000
    5.250   -40.000
    5.300   -40.000
    5.350   -40.000
    5.400   -40.000
    5.450   -40.000
    5.500   -40.000
    5.550   -40.000
    5.600   -40.000
    5.650   -40.000
    5.700   -40.000
    5.750   -40.000
    5.800   -40.000
    5.850   -40.000
    5.900   -40.000
    5.950   -40.000
    6.000   -40.000
    6.050   -40.000
    6.100   -40.000
    6.150   -40.000
    6.200   -42.871
    6.250   -45.795
    6.300   -48.032
    6.350   -49.856
    6.400   -51.506
    6.450   -53.149
    6.500   -54.623
    6.550   -55.678
    6.600   -56.435
    6.650   -57.636
    6.700   -58.739
    6.750   -59.156
    6.800   -59.670
    6.850   -60.950
    6.900   -61.277
    6.950   -61.501
    7.000   -61.640
    7.050   -62.072
    7.100   -62.522
    7.150   -63.216
    7.200   -63.214
    7.250   -64.151
    7.300   -64.503
    7.350   -65.354
    7.400   -65.856
    7.450   -66.205
    7.500   -66.306
    7.550   -66.473
    7.600   -66.671
    7.650   -66.694
    7.700   -66.760
    7.750   -66.590
    7.800   -66.434
    7.850   -66.471
    7.900   -66.218
    7.950   -66.322
    8.000   -66.025
    8.050   -65.864
    8.100   -65.982
    8.150   -65.946
    8.200   -65.852
    8.250   -65.873
    8.300   -65.802
    8.350   -66.133
    8.400   -66.230
    8.450   -65.758
    8.500   -65.656
    8.550   -65.392
    8.600   -65.534
    8.650   -65.752
    8.700   -65.247
    8.750   -65.028
    8.800   -64.933
    8.850   -64.419
    8.900   -64.530
    8.950   -65.103
    9.000   -64.383
    9.050   -64.381
    9.100   -64.443
    9.150   -64.600
    9.200   -64.651
    9.250   -64.665
    9.300   -64.445
    9.350   -64.324
    9.400   -64.259
    9.450   -64.180
    9.500   -63.497
    9.550   -62.998
    9.600   -62.548
    9.650   -62.685
    9.700   -61.914
    9.750   -61.677
    9.800   -62.127
    9.850   -61.841
    9.900   -62.203
    9.950   -61.511
   10.000   -61.691
   10.050   -61.792
   10.100   -61.662
   10.150   -61.829
   10.200   -61.652
   10.250   -61.136
   10.300   -60.869
   10.350   -60.934
   10.400   -60.809
   10.450   -60.827
   10.500   -60.853
   10.550   -61.091
   10.600   -60.578
   10.650   -59.908
   10.700   -60.116
   10.750   -59.419
   10.800   -59.006
   10.850   -58.628
   10.900   -57.703
   10.950   -57.940
   11.000   -57.522
   11.050   -57.312
   11.100   -57.097
   11.150   -56.932
   11.200   -56.857
   11.250   -56.594
   11.300   -57.240
   11.350   -57.229
   11.400   -57.343
   11.450   -57.084
   11.500   -56.872
   11.550   -56.237
   11.600   -56.130
   11.650   -55.951
   11.700   -55.239
   11.750   -55.071
   11.800   -55.315
   11.850   -55.203
   11.900   -54.830
   11.950   -55.098
   12.000   -54.833
   12.050   -55.626
   12.100   -55.776
   12.150   -55.927
   12.200   -55.727
   12.250   -55.341
   12.300   -55.208
   12.350   -55.450
   12.400   -55.172
   12.450   -55.161
   12.500   -55.150
   12.550   -55.351
   12.600   -55.150
   12.650   -54.798
   12.700   -55.368
   12.750   -55.312
   12.800   -55.084
   12.850   -54.981
   12.900   -54.787
   12.950   -54.348
   13.000   -53.959
   13.050   -54.067
   13.100   -54.193
   13.150   -54.309
   13.200   -54.207
   13.250   -54.355
   13.300   -54.023
   13.350   -53.962
   13.400   -53.482
   13.450   -53.077
   13.500   -52.760
   13.550   -52.650
   13.600   -52.726
   13.650   -53.230
   13.700   -53.458
   13.750   -52.915
   13.800   -52.527
   13.850   -52.514
   13.900   -52.740
   13.950   -53.247
   14.000   -53.433
   14.050   -54.210
   14.100   -54.688
   14.150   -54.714
   14.200   -54.640
   14.250   -54.248
   14.300   -54.250
   14.350   -53.781
   14.400   -53.875
   14.450   -53.655
   14.500   -53.653
   14.550   -53.968
   14.600   -53.900
   14.650   -53.194
   14.700   -52.849
   14.750   -52.082
   14.800   -52.391
   14.850   -52.532
   14.900   -52.359
   14.950   -52.915
   15.000   -53.098
   15.050   -53.226
   15.100   -52.293
   15.150   -51.526
   15.200   -51.366
   15.250   -50.963
   15.300   -51.171
   15.350   -51.308
   15.400   -51.116
   15.450   -50.950
   15.500   -51.373
   15.550   -51.348
   15.600   -51.687
   15.650   -51.915
   15.700   -52.072
   15.750   -52.147
   15.800   -52.036
   15.850   -52.035
   15.900   -52.160
   15.950   -52.532
   16.000   -52.411
   16.050   -52.194
   16.100   -52.552
   16.150   -52.233
   16.200   -52.472
   16.250   -52.149
   16.300   -52.162
   16.350   -51.775
   16.400   -51.561
   16.450   -51.321
   16.500   -51.274
   16.550   -51.156
   16.600   -51.560
   16.650   -50.878
   16.700   -51.177
   16.750   -51.026
   16.800   -50.810
   16.850   -51.295
   16.900   -50.962
   16.950   -51.364
   17.000   -51.216
   17.050   -51.215
   17.100   -50.663
   17.150   -50.600
   17.200   -50.284
   17.250   -50.470
   17.300   -50.460
   17.350   -50.222
   17.400   -49.523
   17.450   -40.000
   17.500   -40.000
   17.550   -40.000
   17.600   -40.000
   17.650   -40.000
   17.700   -40.000
   17.750   -40.000
   17.800   -40.000
   17.850   -40.000
   17.900   -40.000
   17.950   -40.000
   18.000   -40.000
   18.050   -40.000
   18.100   -40.000
   18.150   -40.000
   18.200   -40.000
   18.250   -40.000
   18.300   -40.000
   18.350   -40.000
   18.400   -40.000
   18.450   -40.000
   18.500   -40.000
   18.550   -40.000
   18.600   -40.000
   18.650   -40.000
   18.700   -40.000
   18.750   -40.000
   18.800   -40.000
   18.850   -42.992
   18.900   -45.661
   18.950   -48.470
   19.000   -50.640
   19.050   -52.051
   19.100   -53.564
   19.150   -55.309
   19.200   -56.321
   19.250   -57.610
   19.300   -58.873
   19.350   -59.723
   19.400   -60.463
   19.450   -61.170
   19.500   -62.084
   19.550   -62.662
   19.600   -63.462
   19.650   -63.890
   19.700   -64.207
   19.750   -64.050
   19.800   -64.090
   19.850   -64.320
   19.900   -63.988
   19.950   -64.783
   20.000   -64.993
   20.050   -65.304
   20.100   -65.172
   20.150   -65.328
   20.200   -65.112
   20.250   -65.163
   20.300   -65.725
   20.350   -65.295
   20.400   -64.970
   20.450   -64.922
   20.500   -64.906
   20.550   -64.824
   20.600   -64.873
   20.650   -64.449
   20.700   -64.079
   20.750   -63.853
   20.800   -63.999
   20.850   -64.100
   20.900   -64.208
   20.950   -64.194
   21.000   -64.016
   21.050   -63.593
   21.100   -63.079
   21.150   -63.358
   21.200   -63.804
   21.250   -63.642
   21.300   -63.407
   21.350   -63.158
   21.400   -63.055
   21.450   -62.885
   21.500   -63.198
   21.550   -63.120
   21.600   -63.150
   21.650   -62.809
   21.700   -62.084
   21.750   -62.133
   21.800   -61.994
   21.850   -61.981
   21.900   -61.491
   21.950   -62.003
   22.000   -61.736
   22.050   -62.243
   22.100   -62.344
   22.150   -61.637
   22.200   -61.555
   22.250   -61.185
   22.300   -60.696
   22.350   -60.615
   22.400   -60.559
   22.450   -60.516
   22.500   -60.768
   22.550   -60.455
   22.600   -60.462
   22.650   -60.492
   22.700   -60.639
   22.750   -60.228
   22.800   -60.059
   22.850   -59.980
   22.900   -60.175
   22.950   -60.004
   23.000   -59.680
   23.050   -59.390
   23.100   -58.759
   23.150   -58.329
   23.200   -58.633
   23.250   -58.654
   23.300   -58.832
   23.350   -58.060
   23.400   -57.597
   23.450   -57.396
   23.500   -57.226
   23.550   -57.322
   23.600   -56.468
   23.650   -56.063
   23.700   -55.757
   23.750   -56.152
   23.800   -55.737
   23.850   -55.888
   23.900   -56.207
   23.950   -55.864
   24.000   -55.971
   24.050   -55.782
   24.100   -55.745
   24.150   -56.080
   24.200   -56.073
   24.250   -55.537
   24.300   -55.275
   24.350   -55.319
   24.400   -55.111
   24.450   -54.723
   24.500   -54.129
   24.550   -54.332
   24.600   -53.715
   24.650   -53.605
   24.700   -53.370
   24.750   -53.447
   24.800   -53.605
   24.850   -53.800
   24.900   -53.838
   24.950   -53.914
   25.000   -53.332
   25.050   -52.936
   25.100   -52.970
   25.150   -52.948
   25.200   -53.025
   25.250   -53.405
   25.300   -53.549
   25.350   -53.472
   25.400   -53.276
   25.450   -53.109
   25.500   -53.285
   25.550   -52.975
   25.600   -53.183
   25.650   -53.030
   25.700   -52.974
   25.750   -52.522
   25.800   -52.845
   25.850   -52.599
   25.900   -52.942
   25.950   -52.441
   26.000   -52.331
   26.050   -53.103
   26.100   -52.708
   26.150   -52.488
   26.200   -52.205
   26.250   -51.843
   26.300   -52.147
   26.350   -52.224
   26.400   -51.699
   26.450   -51.807
   26.500   -51.551
   26.550   -51.869
   26.600   -52.191
   26.650   -51.887
   26.700   -51.892
   26.750   -51.322
   26.800   -51.307
   26.850   -51.427
   26.900   -51.543
   26.950   -51.677
   27.000   -51.802
   27.050   -51.297
   27.100   -51.219
   27.150   -51.356
   27.200   -51.302
   27.250   -50.995
   27.300   -50.568
   27.350   -50.543
   27.400   -50.504
   27.450   -50.973
   27.500   -51.017
   27.550   -50.795
   27.600   -50.470
   27.650   -49.740
   27.700   -40.000
   27.750   -40.000
   27.800   -40.000
   27.850   -40.000
   27.900   -40.000
   27.950   -40.000
   28.000   -40.000
   28.050   -40.000
   28.100   -40.000
   28.150   -40.000
   28.200   -40.000
   28.250   -40.000
   28.300   -40.000
   28.350   -40.000
   28.400   -40.000
   28.450   -40.000
   28.500   -40.000
   28.550   -40.000
   28.600   -40.000
   28.650   -40.000
   28.700   -40.000
   28.750   -40.000
   28.800   -40.000
   28.850   -40.000
   28.900   -40.000
   28.950   -40.000
   29.000   -40.000
   29.050   -40.000
   29.100   -42.826
   29.150   -45.706
   29.200   -47.861
   29.250   -50.105
   29.300   -51.545
   29.350   -53.843
   29.400   -55.021
   29.450   -56.250
   29.500   -57.700
   29.550   -58.490
   29.600   -59.999
   29.650   -60.867
   29.700   -61.217
   29.750   -61.425
   29.800   -62.048
   29.850   -62.508
   29.900   -63.136
   29.950   -63.884
   30.000   -64.481
   30.050   -64.599
   30.100   -65.230
   30.150   -64.935
   30.200   -65.309
   30.250   -65.111
   30.300   -65.466
   30.350   -65.180
   30.400   -65.330
   30.450   -65.047
   30.500   -65.065
   30.550   -65.253
   30.600   -65.396
   30.650   -65.679
   30.700   -65.340
   30.750   -65.420
   30.800   -65.813
   30.850   -65.861
   30.900   -65.594
   30.950   -64.963
   31.000   -64.974
   31.050   -65.152
   31.100   -64.754
   31.150   -64.864
   31.200   -64.870
   31.250   -64.740
   31.300   -64.819
   31.350   -64.427
   31.400   -64.744
   31.450   -64.809
   31.500   -65.099
   31.550   -64.601
   31.600   -64.760
   31.650   -64.810
   31.700   -65.082
   31.750   -65.034
   31.800   -65.239
   31.850   -65.352
   31.900   -65.115
   31.950   -64.912
   32.000   -64.871
   32.050   -64.675
   32.100   -64.712
   32.150   -64.303
   32.200   -64.474
   32.250   -64.355
   32.300   -64.244
   32.350   -64.316
   32.400   -63.959
   32.450   -64.147
   32.500   -63.919
   32.550   -63.544
   32.600   -63.233
   32.650   -63.206
   32.700   -63.114
   32.750   -62.600
   32.800   -62.430
   32.850   -62.428
   32.900   -62.584
   32.950   -62.692
   33.000   -62.292
   33.050   -61.883
   33.100   -61.442
   33.150   -61.187
   33.200   -61.156
   33.250   -61.193
   33.300   -61.088
   33.350   -60.821
   33.400   -60.882
   33.450   -61.047
   33.500   -60.912
   33.550   -61.029
   33.600   -61.275
   33.650   -61.452
   33.700   -61.396
   33.750   -61.464
   33.800   -60.955
   33.850   -60.656
   33.900   -60.569
   33.950   -60.019
   34.000   -59.512
   34.050   -59.408
   34.100   -59.087
   34.150   -59.172
   34.200   -58.941
   34.250   -58.621
   34.300   -58.635
   34.350   -58.067
   34.400   -58.036
   34.450   -58.093
   34.500   -57.960
   34.550   -57.710
   34.600   -57.218
   34.650   -56.985
   34.700   -56.709
   34.750   -56.424
   34.800   -56.445
   34.850   -56.192
   34.900   -56.277
   34.950   -55.328
   35.000   -54.968
   35.050   -55.025
   35.100   -54.995
   35.150   -55.094
   35.200   -54.788
   35.250   -55.152
   35.300   -55.270
   35.350   -55.395
   35.400   -55.449
   35.450   -56.275
   35.500   -56.133
   35.550   -55.668
   35.600   -55.725
   35.650   -55.289
   35.700   -54.680
   35.750   -54.200
   35.800   -54.534
   35.850   -54.857
   35.900   -55.033
   35.950   -55.578
   36.000   -55.653
   36.050   -55.164
   36.100   -54.454
   36.150   -54.167
   36.200   -53.876
   36.250   -53.592
   36.300   -53.855
   36.350   -53.459
   36.400   -53.247
   36.450   -52.922
   36.500   -52.562
   36.550   -52.248
   36.600   -52.196
   36.650   -52.060
   36.700   -52.681
   36.750   -52.417
   36.800   -52.273
   36.850   -52.045
   36.900   -52.042
   36.950   -52.163
   37.000   -52.146
   37.050   -51.731
   37.100   -51.616
   37.150   -51.870
   37.200   -51.655
   37.250   -51.528
   37.300   -51.360
   37.350   -51.257
   37.400   -51.149
   37.450   -50.948
   37.500   -50.817
   37.550   -50.540
   37.600   -49.759
   37.650   -40.000
   37.700   -40.000
   37.750   -40.000
   37.800   -40.000
   37.850   -40.000
   37.900   -40.000
   37.950   -40.000
   38.000   -40.000
   38.050   -40.000
   38.100   -40.000
   38.150   -40.000
   38.200   -40.000
   38.250   -40.000
   38.300   -40.000
   38.350   -40.000
   38.400   -40.000
   38.450   -40.000
   38.500   -40.000
   38.550   -40.000
   38.600   -40.000
   38.650   -40.000
   38.700   -40.000
   38.750   -40.000
   38.800   -40.000
   38.850   -40.000
   38.900   -40.000
   38.950   -40.000
   39.000   -40.000
   39.050   -43.185
   39.100   -45.549
   39.150   -48.095
   39.200   -50.307
   39.250   -52.271
   39.300   -53.506
   39.350   -55.589
   39.400   -56.821
   39.450   -57.720
   39.500   -58.432
   39.550   -59.162
   39.600   -59.696
   39.650   -60.303
   39.700   -60.907
   39.750   -61.337
   39.800   -61.500
   39.850   -61.942
   39.900   -62.036
   39.950   -62.971
   40.000   -63.010
   40.050   -63.002
   40.100   -63.469
   40.150   -64.005
   40.200   -64.381
   40.250   -64.840
   40.300   -64.750
   40.350   -65.144
   40.400   -65.301
   40.450   -65.491
   40.500   -65.200
   40.550   -65.395
   40.600   -65.486
   40.650   -65.453
   40.700   -65.589
   40.750   -66.094
   40.800   -65.745
   40.850   -65.695
   40.900   -65.563
   40.950   -65.747
   41.000   -65.520
   41.050   -65.309
   41.100   -64.976
   41.150   -64.507
   41.200   -64.158
   41.250   -63.634
   41.300   -63.329
   41.350   -63.329
   41.400   -63.034
   41.450   -62.962
   41.500   -62.149
   41.550   -62.176
   41.600   -62.319
   41.650   -61.857
   41.700   -61.914
   41.750   -61.736
   41.800   -61.392
   41.850   -61.137
   41.900   -60.874
   41.950   -61.439
   42.000   -61.763
   42.050   -61.794
   42.100   -61.625
   42.150   -61.413
   42.200   -61.840
   42.250   -61.447
   42.300   -60.782
   42.350   -60.852
   42.400   -60.780
   42.450   -60.490
   42.500   -60.387
   42.550   -60.812
   42.600   -60.579
   42.650   -60.671
   42.700   -61.181
   42.750   -61.531
   42.800   -61.263
   42.850   -60.752
   42.900   -60.226
   42.950   -59.853
   43.000   -59.734
   43.050   -59.591
   43.100   -59.415
   43.150   -59.398
   43.200   -59.487
   43.250   -59.623
   43.300   -59.274
   43.350   -58.957
   43.400   -58.955
   43.450   -59.319
   43.500   -59.360
   43.550   -59.210
   43.600   -58.998
   43.650   -58.954
   43.700   -58.578
   43.750   -58.643
   43.800   -58.701
   43.850   -58.697
   43.900   -58.027
   43.950   -57.643
   44.000   -57.934
   44.050   -57.693
   44.100   -58.318
   44.150   -57.874
   44.200   -57.977
   44.250   -57.256
   44.300   -56.994
   44.350   -56.743
   44.400   -56.941
   44.450   -57.357
   44.500   -57.371
   44.550   -57.292
   44.600   -56.473
   44.650   -56.756
   44.700   -56.732
   44.750   -56.220
   44.800   -56.541
   44.850   -56.761
   44.900   -57.175
   44.950   -56.817
   45.000   -57.008
   45.050   -56.621
   45.100   -56.938
   45.150   -56.831
   45.200   -57.063
   45.250   -56.726
   45.300   -56.742
   45.350   -56.301
   45.400   -56.188
   45.450   -56.652
   45.500   -56.222
   45.550   -55.853
   45.600   -55.581
   45.650   -55.037
   45.700   -55.235
   45.750   -55.136
   45.800   -54.956
   45.850   -55.080
   45.900   -54.977
   45.950   -54.514
   46.000   -53.771
   46.050   -54.031
   46.100   -53.748
   46.150   -53.135
   46.200   -52.956
   46.250   -52.533
   46.300   -52.507
   46.350   -52.603
   46.400   -52.042
   46.450   -52.062
   46.500   -51.759
   46.550   -51.610
   46.600   -51.244
   46.650   -51.394
   46.700   -51.164
   46.750   -51.363
   46.800   -50.926
   46.850   -50.812
   46.900   -51.020
   46.950   -51.170
   47.000   -51.713
   47.050   -51.229
   47.100   -51.094
   47.150   -51.136
   47.200   -50.942
   47.250   -51.148
   47.300   -51.178
   47.350   -51.358
   47.400   -50.967
   47.450   -51.090
   47.500   -51.134
   47.550   -50.811
   47.600   -51.010
   47.650   -50.590
   47.700   -51.100
   47.750   -50.951
   47.800   -51.050
   47.850   -51.093
   47.900   -51.064
   47.950   -51.027
   48.000   -51.206
   48.050   -51.111
   48.100   -50.846
   48.150   -50.908
   48.200   -51.395
   48.250   -51.464
   48.300   -51.192
   48.350   -50.838
   48.400   -51.147
   48.450   -51.317
   48.500   -50.947
   48.550   -51.029
   48.600   -50.921
   48.650   -51.518
   48.700   -50.955
   48.750   -51.251
   48.800   -50.635
   48.850   -50.379
   48.900   -50.082
   48.950   -50.387
   49.000   -50.590
   49.050   -50.566
   49.100   -50.653
   49.150   -50.144
   49.200   -50.194
   49.250   -50.341
   49.300   -49.771
   49.350   -40.000
   49.400   -40.000
   49.450   -40.000
   49.500   -40.000
   49.550   -40.000
   49.600   -40.000
   49.650   -40.000
   49.700   -40.000
   49.750   -40.000
   49.800   -40.000
   49.850   -40.000
   49.900   -40.000
   49.950   -40.000
   50.000   -40.000
   50.050   -40.000
   50.100   -40.000
   50.150   -40.000
   50.200   -40.000
   50.250   -40.000
   50.300   -40.000
   50.350   -40.000
   50.400   -40.000
   50.450   -40.000
   50.500   -40.000
   50.550   -40.000
   50.600   -40.000
   50.650   -40.000
   50.700   -40.000
   50.750   -43.352
   50.800   -45.945
   50.850   -48.242
   50.900   -50.543
   50.950   -52.624
   51.000   -53.890
   51.050   -55.654
   51.100   -56.629
   51.150   -57.643
   51.200   -58.598
   51.250   -59.669
   51.300   -60.807
   51.350   -60.783
   51.400   -61.453
   51.450   -61.749
   51.500   -62.130
   51.550   -62.719
   51.600   -63.259
   51.650   -63.635
   51.700   -64.260
   51.750   -64.485
   51.800   -65.199
   51.850   -64.895
   51.900   -65.570
   51.950   -65.455
   52.000   -65.677
   52.050   -65.477
   52.100   -65.531
   52.150   -65.673
   52.200   -65.072
   52.250   -65.083
   52.300   -64.792
   52.350   -65.294
   52.400   -65.323
   52.450   -64.827
   52.500   -64.449
   52.550   -64.217
   52.600   -64.101
   52.650   -64.418
   52.700   -64.238
   52.750   -63.972
   52.800   -63.940
   52.850   -63.833
   52.900   -63.381
   52.950   -63.737
   53.000   -63.659
   53.050   -63.708
   53.100   -63.997
   53.150   -63.978
   53.200   -63.758
   53.250   -63.938
   53.300   -64.275
   53.350   -64.712
   53.400   -64.269
   53.450   -64.172
   53.500   -63.995
   53.550   -63.907
   53.600   -63.954
   53.650   -63.956
   53.700   -63.872
   53.750   -63.671
   53.800   -63.689
   53.850   -63.504
   53.900   -63.718
   53.950   -63.421
   54.000   -63.356
   54.050   -63.328
   54.100   -63.575
   54.150   -63.277
   54.200   -63.186
   54.250   -62.602
   54.300   -62.507
   54.350   -62.066
   54.400   -61.938
   54.450   -62.151
   54.500   -61.886
   54.550   -62.690
   54.600   -62.203
   54.650   -62.129
   54.700   -62.304
   54.750   -62.304
   54.800   -61.896
   54.850   -61.872
   54.900   -61.762
   54.950   -62.510
   55.000   -61.796
   55.050   -61.674
   55.100   -61.527
   55.150   -61.292
   55.200   -61.251
   55.250   -61.219
   55.300   -60.705
   55.350   -60.660
   55.400   -59.730
   55.450   -59.592
   55.500   -59.922
   55.550   -59.205
   55.600   -59.310
   55.650   -59.386
   55.700   -58.940
   55.750   -59.484
   55.800   -58.999
   55.850   -59.054
   55.900   -58.485
   55.950   -58.003
   56.000   -57.503
   56.050   -57.929
   56.100   -57.835
   56.150   -57.651
   56.200   -57.170
   56.250   -56.302
   56.300   -56.006
   56.350   -56.107
   56.400   -56.086
   56.450   -56.258
   56.500   -56.648
   56.550   -55.825
   56.600   -55.229
   56.650   -55.122
   56.700   -54.860
   56.750   -54.686
   56.800   -54.373
   56.850   -54.547
   56.900   -54.304
   56.950   -54.134
   57.000   -53.764
   57.050   -53.233
   57.100   -53.191
   57.150   -53.063
   57.200   -53.286
   57.250   -53.281
   57.300   -53.310
   57.350   -53.254
   57.400   -53.246
   57.450   -53.421
   57.500   -53.857
   57.550   -53.638
   57.600   -53.511
   57.650   -53.636
   57.700   -53.735
   57.750   -53.274
   57.800   -53.163
   57.850   -52.617
   57.900   -52.667
   57.950   -52.491
   58.000   -52.098
   58.050   -52.070
   58.100   -52.413
   58.150   -52.290
   58.200   -51.757
   58.250   -51.539
   58.300   -51.453
   58.350   -51.777
   58.400   -51.554
   58.450   -51.318
   58.500   -50.932
   58.550   -50.789
   58.600   -50.701
   58.650   -50.844
   58.700   -50.606
   58.750   -50.946
   58.800   -51.072
   58.850   -50.680
   58.900   -50.611
   58.950   -50.074
   59.000   -40.000
   59.050   -40.000
   59.100   -40.000
   59.150   -40.000
   59.200   -40.000
   59.250   -40.000
   59.300   -40.000
   59.350   -40.000
   59.400   -40.000
   59.450   -40.000
   59.500   -40.000
   59.550   -40.000
   59.600   -40.000
   59.650   -40.000
   59.700   -40.000
   59.750   -40.000
   59.800   -40.000
   59.850   -40.000
   59.900   -40.000
   59.950   -40.000
   60.000   -40.000
   60.050   -40.000
   60.100   -40.000
   60.150   -40.000
   60.200   -40.000
   60.250   -40.000
   60.300   -40.000
   60.350   -40.000
   60.400   -43.720
   60.450   -46.390
   60.500   -49.047
   60.550   -50.737
   60.600   -52.296
   60.650   -53.863
   60.700   -55.348
   60.750   -56.698
   60.800   -58.241
   60.850   -59.334
   60.900   -60.262
   60.950   -61.268
   61.000   -61.706
   61.050   -62.317
   61.100   -63.063
   61.150   -63.864
   61.200   -64.383
   61.250   -64.200
   61.300   -64.709
   61.350   -64.969
   61.400   -65.282
   61.450   -65.588
   61.500   -66.114
   61.550   -66.004
   61.600   -66.145
   61.650   -65.815
   61.700   -65.886
   61.750   -66.349
   61.800   -66.505
   61.850   -66.532
   61.900   -66.953
   61.950   -66.994
   62.000   -67.590
   62.050   -67.770
   62.100   -67.911
   62.150   -67.644
   62.200   -67.753
   62.250   -67.900
   62.300   -68.076
   62.350   -67.699
   62.400   -67.656
   62.450   -67.986
   62.500   -67.465
   62.550   -67.355
   62.600   -67.649
   62.650   -67.625
   62.700   -67.915
   62.750   -67.882
   62.800   -68.126
   62.850   -68.525
   62.900   -68.916
   62.950   -68.861
   63.000   -68.474
   63.050   -68.441
   63.100   -68.709
   63.150   -68.631
   63.200   -68.545
   63.250   -68.555
   63.300   -69.214
   63.350   -69.303
   63.400   -69.630
   63.450   -70.024
   63.500   -69.729
   63.550   -70.053
   63.600   -70.015
   63.650   -69.762
   63.700   -69.536
   63.750   -69.290
   63.800   -69.172
   63.850   -68.883
   63.900   -68.731
   63.950   -68.477
   64.000   -68.337
   64.050   -68.288
   64.100   -67.507
   64.150   -67.567
   64.200   -67.418
   64.250   -67.458
   64.300   -67.204
   64.350   -67.343
   64.400   -67.687
   64.450   -67.318
   64.500   -67.277
   64.550   -66.989
   64.600   -67.343
   64.650   -67.209
   64.700   -67.524
   64.750   -67.589
   64.800   -67.857
   64.850   -67.627
   64.900   -67.272
   64.950   -67.381
   65.000   -67.226
   65.050   -67.138
   65.100   -67.159
   65.150   -66.916
   65.200   -67.374
   65.250   -67.293
   65.300   -67.325
   65.350   -67.645
   65.400   -67.348
   65.450   -67.354
   65.500   -67.095
   65.550   -66.870
   65.600   -67.149
   65.650   -66.784
   65.700   -66.445
   65.750   -66.473
   65.800   -66.514
   65.850   -67.054
   65.900   -66.980
   65.950   -66.518
   66.000   -66.067
   66.050   -66.188
   66.100   -66.113
   66.150   -66.518
   66.200   -66.457
   66.250   -66.308
   66.300   -66.729
   66.350   -66.348
   66.400   -66.435
   66.450   -66.433
   66.500   -66.463
   66.550   -66.416
   66.600   -66.521
   66.650   -66.652
   66.700   -66.783
   66.750   -66.470
   66.800   -66.598
   66.850   -66.121
   66.900   -66.543
   66.950   -66.279
   67.000   -66.150
   67.050   -66.430
   67.100   -66.790
   67.150   -67.243
   67.200   -66.766
   67.250   -66.695
   67.300   -66.228
   67.350   -66.342
   67.400   -66.344
   67.450   -66.214
   67.500   -66.392
   67.550   -66.076
   67.600   -66.070
   67.650   -65.863
   67.700   -66.129
   67.750   -66.058
   67.800   -65.883
   67.850   -65.762
   67.900   -66.062
   67.950   -66.412
   68.000   -66.148
   68.050   -66.658
   68.100   -66.703
   68.150   -66.472
   68.200   -66.536
   68.250   -66.413
   68.300   -66.319
   68.350   -66.321
   68.400   -66.111
   68.450   -66.112
   68.500   -66.035
   68.550   -66.113
   68.600   -65.871
   68.650   -65.763
   68.700   -65.679
   68.750   -65.578
   68.800   -65.425
   68.850   -65.461
   68.900   -65.286
   68.950   -64.781
   69.000   -64.434
   69.050   -64.257
   69.100   -64.727
   69.150   -65.233
   69.200   -65.330
   69.250   -64.791
   69.300   -65.658
   69.350   -65.963
   69.400   -65.974
   69.450   -65.740
   69.500   -65.215
   69.550   -64.895
   69.600   -64.605
   69.650   -64.319
   69.700   -64.164
   69.750   -64.069
   69.800   -64.455
   69.850   -64.001
   69.900   -64.079
   69.950   -63.825
   70.000   -64.052
   70.050   -64.432
   70.100   -64.828
   70.150   -64.370
   70.200   -64.148
   70.250   -63.868
   70.300   -63.675
   70.350   -63.699
   70.400   -63.218
   70.450   -63.180
   70.500   -63.337
   70.550   -63.385
   70.600   -63.113
   70.650   -62.811
   70.700   -63.199
   70.750   -63.396
   70.800   -63.158
   70.850   -62.790
   70.900   -63.014
   70.950   -63.627
   71.000   -63.960
   71.050   -63.507
   71.100   -63.743
   71.150   -63.888
   71.200   -64.026
   71.250   -64.280
   71.300   -63.966
   71.350   -63.687
   71.400   -63.928
   71.450   -63.584
   71.500   -63.572
   71.550   -63.446
   71.600   -63.896
   71.650   -64.038
   71.700   -64.051
   71.750   -64.353
   71.800   -63.652
   71.850   -63.357
   71.900   -63.713
   71.950   -63.724
   72.000   -63.540
   72.050   -63.320
   72.100   -62.839
   72.150   -62.823
   72.200   -62.693
   72.250   -62.970
   72.300   -62.572
   72.350   -62.341
   72.400   -62.386
   72.450   -62.592
   72.500   -61.870
   72.550   -62.079
   72.600   -62.164
   72.650   -62.080
   72.700   -62.025
   72.750   -62.393
   72.800   -62.505
   72.850   -63.009
   72.900   -62.837
   72.950   -62.807
   73.000   -62.848
   73.050   -62.865
   73.100   -63.325
   73.150   -63.528
   73.200   -63.877
   73.250   -64.144
   73.300   -64.194
   73.350   -64.139
   73.400   -63.923
   73.450   -63.873
   73.500   -63.830
   73.550   -63.456
   73.600   -63.104
   73.650   -63.126
   73.700   -63.166
   73.750   -63.999
   73.800   -64.091
   73.850   -64.095
   73.900   -63.985
   73.950   -63.902
   74.000   -63.656
   74.050   -63.788
   74.100   -63.734
   74.150   -63.580
   74.200   -63.564
   74.250   -63.532
   74.300   -63.395
   74.350   -63.177
   74.400   -63.411
   74.450   -64.082
   74.500   -64.255
   74.550   -63.581
   74.600   -62.781
   74.650   -62.525
   74.700   -62.644
   74.750   -62.290
   74.800   -62.747
   74.850   -62.165
   74.900   -61.998
   74.950   -61.827
   75.000   -61.809
   75.050   -61.955
   75.100   -62.051
   75.150   -61.759
   75.200   -61.633
   75.250   -61.307
   75.300   -61.462
   75.350   -61.150
   75.400   -61.139
   75.450   -60.619
   75.500   -60.757
   75.550   -60.870
   75.600   -60.630
   75.650   -60.191
   75.700   -60.015
   75.750   -59.844
   75.800   -59.912
   75.850   -59.951
   75.900   -60.201
   75.950   -59.932
   76.000   -59.806
   76.050   -60.068
   76.100   -60.345
   76.150   -60.656
   76.200   -60.694
   76.250   -60.907
   76.300   -60.493
   76.350   -60.150
   76.400   -59.778
   76.450   -60.190
   76.500   -60.740
   76.550   -61.110
   76.600   -60.814
   76.650   -60.849
   76.700   -60.493
   76.750   -60.565
   76.800   -60.565
   76.850   -60.713
   76.900   -60.510
   76.950   -60.674
   77.000   -60.475
   77.050   -60.342
   77.100   -60.408
   77.150   -60.409
   77.200   -60.583
   77.250   -60.526
   77.300   -60.477
   77.350   -60.218
   77.400   -59.662
   77.450   -60.221
   77.500   -60.542
   77.550   -60.558
   77.600   -60.746
   77.650   -60.963
   77.700   -61.694
   77.750   -61.561
   77.800   -61.920
   77.850   -62.157
   77.900   -62.245
   77.950   -62.260
   78.000   -62.364
   78.050   -62.528
   78.100   -62.448
   78.150   -62.423
   78.200   -62.075
   78.250   -62.277
   78.300   -62.580
   78.350   -62.219
   78.400   -62.194
   78.450   -62.165
   78.500   -62.706
   78.550   -63.084
   78.600   -62.870
   78.650   -63.373
   78.700   -63.471
   78.750   -63.528
   78.800   -63.750
   78.850   -63.536
   78.900   -63.734
   78.950   -63.806
   79.000   -63.485
   79.050   -63.593
   79.100   -63.816
   79.150   -64.330
   79.200   -63.910
   79.250   -63.427
   79.300   -63.236
   79.350   -63.298
   79.400   -63.488
   79.450   -63.144
   79.500   -63.252
   79.550   -63.223
   79.600   -62.116
   79.650   -62.331
   79.700   -62.256
   79.750   -62.690
   79.800   -62.893
   79.850   -62.919
   79.900   -63.361
   79.950   -63.377
