    0.050   -58.951
    0.100   -58.534
    0.150   -58.107
    0.200   -58.278
    0.250   -58.239
    0.300   -58.104
    0.350   -58.056
    0.400   -58.749
    0.450   -58.707
    0.500   -58.735
    0.550   -58.743
    0.600   -59.132
    0.650   -59.154
    0.700   -59.461
    0.750   -59.672
    0.800   -59.645
    0.850   -59.098
    0.900   -59.075
    0.950   -58.460
    1.000   -58.491
    1.050   -58.461
    1.100   -58.196
    1.150   -57.533
    1.200   -57.499
    1.250   -57.454
    1.300   -56.907
    1.350   -56.712
    1.400   -56.095
    1.450   -55.504
    1.500   -55.031
    1.550   -54.487
    1.600   -54.162
    1.650   -54.387
    1.700   -54.400
    1.750   -54.562
    1.800   -54.433
    1.850   -54.417
    1.900   -54.802
    1.950   -54.992
    2.000   -54.958
    2.050   -54.134
    2.100   -54.279
    2.150   -54.262
    2.200   -54.006
    2.250   -53.771
    2.300   -53.430
    2.350   -52.822
    2.400   -52.919
    2.450   -53.094
    2.500   -53.023
    2.550   -52.993
    2.600   -52.634
    2.650   -52.307
    2.700   -52.289
    2.750   -52.264
    2.800   -52.241
    2.850   -52.304
    2.900   -52.296
    2.950   -52.554
    3.000   -52.452
    3.050   -52.533
    3.100   -52.664
    3.150   -52.441
    3.200   -52.718
    3.250   -53.138
    3.300   -53.131
    3.350   -53.174
    3.400   -53.091
    3.450   -53.557
    3.500   -54.044
    3.550   -54.389
    3.600   -54.373
    3.650   -54.864
    3.700   -54.475
    3.750   -54.251
    3.800   -54.527
    3.850   -54.573
    3.900   -54.741
    3.950   -54.743
    4.000   -54.579
    4.050   -54.791
    4.100   -54.349
    4.150   -54.170
    4.200   -54.272
    4.250   -54.337
    4.300   -54.520
    4.350   -54.930
    4.400   -55.290
    4.450   -55.044
    4.500   -55.692
    4.550   -55.947
    4.600   -56.059
    4.650   -56.316
    4.700   -56.268
    4.750   -56.505
    4.800   -56.557
    4.850   -56.569
    4.900   -56.652
    4.950   -56.043
    5.000   -56.085
    5.050   -55.901
    5.100   -56.431
    5.150   -56.596
    5.200   -56.938
    5.250   -56.836
    5.300   -57.256
    5.350   -57.227
    5.400   -58.125
    5.450   -58.480
    5.500   -58.477
    5.550   -58.343
    5.600   -58.174
    5.650   -58.303
    5.700   -58.591
    5.750   -58.853
    5.800   -58.814
    5.850   -59.204
    5.900   -59.427
    5.950   -59.627
    6.000   -60.191
    6.050   -60.800
    6.100   -60.994
    6.150   -61.039
    6.200   -61.244
    6.250   -60.829
    6.300   -60.807
    6.350   -61.596
    6.400   -61.302
    6.450   -60.818
    6.500   -60.186
    6.550   -59.978
    6.600   -60.185
    6.650   -60.691
    6.700   -60.365
    6.750   -60.747
    6.800   -61.275
    6.850   -61.728
    6.900   -61.609
    6.950   -61.708
    7.000   -62.097
    7.050   -62.781
    7.100   -62.908
    7.150   -62.142
    7.200   -61.984
    7.250   -62.038
    7.300   -61.766
    7.350   -62.232
    7.400   -62.334
    7.450   -62.368
    7.500   -62.557
    7.550   -62.389
    7.600   -62.511
    7.650   -62.949
    7.700   -63.300
    7.750   -63.167
    7.800   -62.883
    7.850   -62.799
    7.900   -62.553
    7.950   -62.458
    8.000   -62.566
    8.050   -62.912
    8.100   -63.012
    8.150   -63.368
    8.200   -63.618
    8.250   -63.441
    8.300   -63.505
    8.350   -63.904
    8.400   -63.529
    8.450   -63.722
    8.500   -64.222
    8.550   -64.351
    8.600   -64.395
    8.650   -64.424
    8.700   -64.377
    8.750   -64.681
    8.800   -64.995
    8.850   -64.798
    8.900   -64.733
    8.950   -65.020
    9.000   -65.677
    9.050   -65.237
    9.100   -65.213
    9.150   -65.253
    9.200   -65.263
    9.250   -64.930
    9.300   -65.257
    9.350   -65.149
    9.400   -64.863
    9.450   -64.589
    9.500   -64.638
    9.550   -64.367
    9.600   -64.406
    9.650   -64.631
    9.700   -64.496
    9.750   -64.737
    9.800   -65.245
    9.850   -65.403
    9.900   -65.300
    9.950   -65.248
   10.000   -65.142
   10.050   -65.511
   10.100   -65.321
   10.150   -65.242
   10.200   -64.826
   10.250   -64.595
   10.300   -64.577
   10.350   -64.659
   10.400   -64.425
   10.450   -64.458
   10.500   -64.726
   10.550   -64.856
   10.600   -64.800
   10.650   -64.782
   10.700   -65.166
   10.750   -65.202
   10.800   -65.087
   10.850   -65.165
   10.900   -65.398
   10.950   -65.415
   11.000   -65.810
   11.050   -65.604
   11.100   -65.010
   11.150   -65.684
   11.200   -65.920
   11.250   -65.592
   11.300   -65.277
   11.350   -64.984
   11.400   -65.144
   11.450   -64.676
   11.500   -64.800
   11.550   -64.465
   11.600   -64.897
   11.650   -64.257
   11.700   -64.263
   11.750   -64.192
   11.800   -64.347
   11.850   -64.483
   11.900   -64.901
   11.950   -64.808
   12.000   -65.567
   12.050   -65.626
   12.100   -66.016
   12.150   -65.680
   12.200   -65.510
   12.250   -65.520
   12.300   -65.612
   12.350   -65.674
   12.400   -65.645
   12.450   -65.749
   12.500   -65.825
   12.550   -65.390
   12.600   -65.127
   12.650   -65.048
   12.700   -65.078
   12.750   -65.501
   12.800   -65.522
   12.850   -65.743
   12.900   -65.319
   12.950   -65.278
   13.000   -65.557
   13.050   -66.309
   13.100   -66.337
   13.150   -66.872
   13.200   -66.965
   13.250   -67.393
   13.300   -67.449
   13.350   -67.846
   13.400   -68.074
   13.450   -67.969
   13.500   -67.509
   13.550   -67.674
   13.600   -67.933
   13.650   -67.995
   13.700   -67.762
   13.750   -67.534
   13.800   -66.633
   13.850   -66.142
   13.900   -65.737
   13.950   -65.499
   14.000   -65.265
   14.050   -65.089
   14.100   -65.085
   14.150   -65.050
   14.200   -64.481
   14.250   -64.603
   14.300   -65.028
   14.350   -64.888
   14.400   -64.721
   14.450   -65.247
   14.500   -64.720
   14.550   -64.743
   14.600   -64.896
   14.650   -65.198
   14.700   -65.031
   14.750   -64.430
   14.800   -64.884
   14.850   -64.851
   14.900   -64.953
   14.950   -64.575
   15.000   -64.765
   15.050   -64.423
   15.100   -64.406
   15.150   -64.478
   15.200   -64.010
   15.250   -64.211
   15.300   -64.085
   15.350   -63.598
   15.400   -63.610
   15.450   -63.496
   15.500   -64.148
   15.550   -64.092
   15.600   -64.082
   15.650   -64.083
   15.700   -64.504
   15.750   -64.775
   15.800   -64.865
   15.850   -64.692
   15.900   -64.447
   15.950   -64.078
   16.000   -64.141
   16.050   -64.133
   16.100   -64.532
   16.150   -64.856
   16.200   -65.434
   16.250   -65.277
   16.300   -64.905
   16.350   -64.409
   16.400   -64.766
   16.450   -64.562
   16.500   -64.362
   16.550   -65.266
   16.600   -65.280
   16.650   -65.116
   16.700   -64.994
   16.750   -64.843
   16.800   -64.742
   16.850   -64.513
   16.900   -63.955
   16.950   -63.590
   17.000   -63.682
   17.050   -63.891
   17.100   -64.116
   17.150   -63.739
   17.200   -64.111
   17.250   -64.181
   17.300   -63.690
   17.350   -63.176
   17.400   -62.956
   17.450   -63.076
   17.500   -62.891
   17.550   -62.598
   17.600   -62.793
   17.650   -62.404
   17.700   -61.809
   17.750   -62.360
   17.800   -62.388
   17.850   -62.497
   17.900   -62.252
   17.950   -62.919
   18.000   -62.283
   18.050   -62.105
   18.100   -61.895
   18.150   -61.721
   18.200   -61.020
   18.250   -61.084
   18.300   -61.226
   18.350   -61.282
   18.400   -61.254
   18.450   -61.360
   18.500   -60.978
   18.550   -60.639
   18.600   -60.176
   18.650   -59.711
   18.700   -59.063
   18.750   -58.232
   18.800   -57.792
   18.850   -57.943
   18.900   -57.740
   18.950   -58.052
   19.000   -57.724
   19.050   -57.624
   19.100   -58.062
   19.150   -57.411
   19.200   -57.383
   19.250   -56.883
   19.300   -56.659
   19.350   -56.267
   19.400   -56.256
   19.450   -56.912
   19.500   -56.902
   19.550   -56.420
   19.600   -56.024
   19.650   -55.832
   19.700   -55.288
   19.750   -55.844
   19.800   -55.848
   19.850   -55.917
   19.900   -55.862
   19.950   -56.135
   20.000   -56.232
   20.050   -56.094
   20.100   -55.752
   20.150   -55.354
   20.200   -55.685
   20.250   -55.204
   20.300   -54.765
   20.350   -55.154
   20.400   -55.347
   20.450   -54.730
   20.500   -54.403
   20.550   -54.220
   20.600   -54.776
   20.650   -54.952
   20.700   -54.399
   20.750   -54.349
   20.800   -53.735
   20.850   -53.709
   20.900   -53.666
   20.950   -54.176
   21.000   -53.974
   21.050   -54.087
   21.100   -54.390
   21.150   -54.936
   21.200   -54.879
   21.250   -54.847
   21.300   -55.045
   21.350   -54.725
   21.400   -54.423
   21.450   -54.069
   21.500   -53.859
   21.550   -53.766
   21.600   -53.693
   21.650   -53.392
   21.700   -54.076
   21.750   -54.400
   21.800   -54.181
   21.850   -53.683
   21.900   -53.149
   21.950   -53.313
   22.000   -53.032
   22.050   -52.970
   22.100   -53.388
   22.150   -53.258
   22.200   -53.647
   22.250   -54.175
   22.300   -54.372
   22.350   -54.153
   22.400   -53.977
   22.450   -54.277
   22.500   -54.536
   22.550   -54.262
   22.600   -55.361
   22.650   -56.416
   22.700   -56.736
   22.750   -56.357
   22.800   -56.291
   22.850   -56.341
   22.900   -56.677
   22.950   -56.951
   23.000   -57.183
   23.050   -57.012
   23.100   -57.070
   23.150   -57.032
   23.200   -57.007
   23.250   -57.022
   23.300   -57.087
   23.350   -57.351
   23.400   -57.891
   23.450   -57.926
   23.500   -58.270
   23.550   -58.038
   23.600   -58.601
   23.650   -58.572
   23.700   -59.480
   23.750   -59.364
   23.800   -59.909
   23.850   -60.120
   23.900   -60.152
   23.950   -60.761
   24.000   -60.999
   24.050   -61.369
   24.100   -61.595
   24.150   -61.476
   24.200   -61.566
   24.250   -61.629
   24.300   -61.868
   24.350   -61.325
   24.400   -61.185
   24.450   -61.276
   24.500   -61.050
   24.550   -61.438
   24.600   -61.875
   24.650   -62.121
   24.700   -62.691
   24.750   -62.916
   24.800   -63.071
   24.850   -63.463
   24.900   -63.436
   24.950   -63.354
   25.000   -63.358
   25.050   -63.024
   25.100   -63.327
   25.150   -62.913
   25.200   -63.290
   25.250   -63.424
   25.300   -63.671
   25.350   -64.212
   25.400   -64.638
   25.450   -64.810
   25.500   -64.455
   25.550   -64.324
   25.600   -64.624
   25.650   -64.373
   25.700   -64.608
   25.750   -64.685
   25.800   -64.501
   25.850   -64.498
   25.900   -64.673
   25.950   -64.861
   26.000   -64.585
   26.050   -64.710
   26.100   -64.380
   26.150   -64.067
   26.200   -64.043
   26.250   -64.307
   26.300   -64.342
   26.350   -64.714
   26.400   -65.069
   26.450   -65.114
   26.500   -65.505
   26.550   -65.355
   26.600   -65.872
   26.650   -66.087
   26.700   -65.365
   26.750   -65.778
   26.800   -65.423
   26.850   -65.273
   26.900   -65.378
   26.950   -65.237
   27.000   -65.565
   27.050   -65.792
   27.100   -65.639
   27.150   -65.659
   27.200   -65.757
   27.250   -65.931
   27.300   -65.808
   27.350   -65.785
   27.400   -65.541
   27.450   -65.244
   27.500   -65.344
   27.550   -65.169
   27.600   -65.486
   27.650   -65.234
   27.700   -65.577
   27.750   -65.256
   27.800   -64.561
   27.850   -63.991
   27.900   -63.604
   27.950   -64.194
   28.000   -63.680
   28.050   -63.528
   28.100   -63.197
   28.150   -63.494
   28.200   -63.909
   28.250   -63.846
   28.300   -63.720
   28.350   -64.102
   28.400   -63.874
   28.450   -63.912
   28.500   -64.290
   28.550   -64.326
   28.600   -63.985
   28.650   -63.981
   28.700   -63.693
   28.750   -63.318
   28.800   -62.864
   28.850   -62.508
   28.900   -62.496
   28.950   -62.922
   29.000   -62.704
   29.050   -63.185
   29.100   -63.088
   29.150   -63.084
   29.200   -63.559
   29.250   -63.578
   29.300   -63.575
   29.350   -63.216
   29.400   -62.572
   29.450   -62.116
   29.500   -61.438
   29.550   -61.758
   29.600   -61.794
   29.650   -62.492
   29.700   -62.878
   29.750   -62.815
   29.800   -62.623
   29.850   -62.657
   29.900   -62.877
   29.950   -62.865
   30.000   -62.721
   30.050   -62.797
   30.100   -62.625
   30.150   -61.892
   30.200   -61.584
   30.250   -61.895
   30.300   -61.996
   30.350   -62.079
   30.400   -61.801
   30.450   -61.954
   30.500   -62.311
   30.550   -62.153
   30.600   -61.805
   30.650   -62.092
   30.700   -61.888
   30.750   -61.799
   30.800   -62.116
   30.850   -62.315
   30.900   -62.227
   30.950   -62.395
   31.000   -62.251
   31.050   -62.246
   31.100   -62.186
   31.150   -62.110
   31.200   -61.897
   31.250   -62.340
   31.300   -62.606
   31.350   -62.789
   31.400   -62.707
   31.450   -62.602
   31.500   -62.829
   31.550   -62.309
   31.600   -61.907
   31.650   -61.976
   31.700   -61.629
   31.750   -61.225
   31.800   -61.075
   31.850   -60.991
   31.900   -60.868
   31.950   -60.540
   32.000   -61.147
   32.050   -60.951
   32.100   -60.784
   32.150   -60.895
   32.200   -60.609
   32.250   -60.448
   32.300   -60.564
   32.350   -60.256
   32.400   -59.685
   32.450   -59.866
   32.500   -59.815
   32.550   -59.218
   32.600   -59.339
   32.650   -59.444
   32.700   -58.749
   32.750   -58.931
   32.800   -58.522
   32.850   -58.874
   32.900   -58.899
   32.950   -59.290
   33.000   -59.270
   33.050   -59.148
   33.100   -59.606
   33.150   -59.404
   33.200   -59.883
   33.250   -59.848
   33.300   -59.735
   33.350   -60.215
   33.400   -60.299
   33.450   -60.729
   33.500   -60.371
   33.550   -60.260
   33.600   -59.769
   33.650   -59.234
   33.700   -59.367
   33.750   -59.438
   33.800   -59.599
   33.850   -60.253
   33.900   -60.217
   33.950   -60.559
   34.000   -60.456
   34.050   -60.858
   34.100   -60.884
   34.150   -60.533
   34.200   -60.664
   34.250   -60.348
   34.300   -60.180
   34.350   -59.660
   34.400   -60.077
   34.450   -59.318
   34.500   -59.470
   34.550   -59.382
   34.600   -59.333
   34.650   -59.098
   34.700   -58.847
   34.750   -58.409
   34.800   -58.387
   34.850   -58.411
   34.900   -58.059
   34.950   -58.178
   35.000   -58.065
   35.050   -57.900
   35.100   -57.438
   35.150   -56.952
   35.200   -56.452
   35.250   -56.419
   35.300   -56.622
   35.350   -56.937
   35.400   -56.634
   35.450   -56.054
   35.500   -55.865
   35.550   -55.680
   35.600   -55.684
   35.650   -55.539
   35.700   -55.242
   35.750   -54.900
   35.800   -54.848
   35.850   -55.007
   35.900   -54.793
   35.950   -54.419
   36.000   -54.743
   36.050   -54.404
   36.100   -54.495
   36.150   -54.427
   36.200   -54.374
   36.250   -54.044
   36.300   -53.676
   36.350   -53.737
   36.400   -53.575
   36.450   -53.786
   36.500   -53.571
   36.550   -53.616
   36.600   -53.793
   36.650   -53.948
   36.700   -53.841
   36.750   -53.623
   36.800   -53.448
   36.850   -53.038
   36.900   -53.284
   36.950   -53.296
   37.000   -52.882
   37.050   -52.923
   37.100   -52.485
   37.150   -52.361
   37.200   -51.779
   37.250   -52.297
   37.300   -52.364
   37.350   -52.723
   37.400   -52.376
   37.450   -52.404
   37.500   -52.157
   37.550   -51.772
   37.600   -51.348
   37.650   -51.228
   37.700   -51.275
   37.750   -51.062
   37.800   -50.968
   37.850   -51.237
   37.900   -51.343
   37.950   -51.970
   38.000   -52.338
   38.050   -52.062
   38.100   -52.125
   38.150   -51.894
   38.200   -51.971
   38.250   -52.450
   38.300   -52.546
   38.350   -51.800
   38.400   -51.988
   38.450   -52.175
   38.500   -52.534
   38.550   -52.731
   38.600   -53.289
   38.650   -53.925
   38.700   -53.631
   38.750   -54.273
   38.800   -53.730
   38.850   -53.236
   38.900   -52.818
   38.950   -52.906
   39.000   -53.392
   39.050   -53.866
   39.100   -53.654
   39.150   -53.441
   39.200   -53.452
   39.250   -53.891
   39.300   -53.870
   39.350   -53.652
   39.400   -53.661
   39.450   -53.718
   39.500   -53.853
   39.550   -54.088
   39.600   -54.190
   39.650   -53.993
   39.700   -54.121
   39.750   -53.852
   39.800   -53.955
   39.850   -54.109
   39.900   -54.419
   39.950   -54.640
   40.000   -54.978
   40.050   -55.211
   40.100   -55.593
   40.150   -55.832
   40.200   -56.361
   40.250   -56.632
   40.300   -56.425
   40.350   -56.186
   40.400   -56.196
   40.450   -55.929
   40.500   -56.476
   40.550   -56.681
   40.600   -56.336
   40.650   -56.392
   40.700   -56.958
   40.750   -56.851
   40.800   -56.896
   40.850   -56.977
   40.900   -56.993
   40.950   -57.142
   41.000   -57.010
   41.050   -57.160
   41.100   -57.211
   41.150   -57.467
   41.200   -57.991
   41.250   -57.883
   41.300   -57.385
   41.350   -57.395
   41.400   -57.116
   41.450   -56.934
   41.500   -56.816
   41.550   -57.686
   41.600   -57.722
   41.650   -57.508
   41.700   -58.392
   41.750   -58.963
   41.800   -59.946
   41.850   -60.593
   41.900   -60.680
   41.950   -60.810
   42.000   -60.802
   42.050   -60.572
   42.100   -60.382
   42.150   -60.327
   42.200   -60.386
   42.250   -60.433
   42.300   -60.224
   42.350   -60.346
   42.400   -60.039
   42.450   -59.616
   42.500   -59.804
   42.550   -60.120
   42.600   -60.222
   42.650   -60.390
   42.700   -60.495
   42.750   -61.021
   42.800   -61.338
   42.850   -60.791
   42.900   -60.354
   42.950   -60.126
   43.000   -60.405
   43.050   -60.554
   43.100   -60.833
   43.150   -61.121
   43.200   -60.998
   43.250   -60.741
   43.300   -61.312
   43.350   -61.432
   43.400   -61.840
   43.450   -61.723
   43.500   -62.049
   43.550   -61.932
   43.600   -61.752
   43.650   -62.289
   43.700   -62.605
   43.750   -63.418
   43.800   -63.535
   43.850   -63.712
   43.900   -63.722
   43.950   -63.857
   44.000   -63.676
   44.050   -63.828
   44.100   -63.399
   44.150   -63.088
   44.200   -62.856
   44.250   -62.697
   44.300   -62.855
   44.350   -62.974
   44.400   -62.783
   44.450   -63.068
   44.500   -62.980
   44.550   -63.039
   44.600   -62.816
   44.650   -62.435
   44.700   -61.941
   44.750   -62.159
   44.800   -61.797
   44.850   -62.120
   44.900   -61.839
   44.950   -62.079
   45.000   -62.277
   45.050   -62.340
   45.100   -62.429
   45.150   -62.357
   45.200   -62.382
   45.250   -62.177
   45.300   -62.475
   45.350   -62.168
   45.400   -62.896
   45.450   -63.474
   45.500   -63.733
   45.550   -64.012
   45.600   -64.099
   45.650   -64.371
   45.700   -64.569
   45.750   -64.705
   45.800   -63.875
   45.850   -64.285
   45.900   -63.968
   45.950   -63.959
   46.000   -63.502
   46.050   -63.180
   46.100   -62.635
   46.150   -61.984
   46.200   -62.000
   46.250   -61.642
   46.300   -61.687
   46.350   -61.951
   46.400   -62.043
   46.450   -61.919
   46.500   -61.650
   46.550   -61.817
   46.600   -61.814
   46.650   -61.935
   46.700   -61.590
   46.750   -61.312
   46.800   -61.474
   46.850   -61.208
   46.900   -61.735
   46.950   -61.121
   47.000   -60.796
   47.050   -60.735
   47.100   -60.140
   47.150   -60.208
   47.200   -60.223
   47.250   -60.091
   47.300   -59.796
   47.350   -59.789
   47.400   -59.681
   47.450   -59.548
   47.500   -59.144
   47.550   -58.911
   47.600   -59.358
   47.650   -59.240
   47.700   -59.600
   47.750   -59.190
   47.800   -58.833
   47.850   -59.104
   47.900   -58.813
   47.950   -58.811
   48.000   -58.699
   48.050   -58.201
   48.100   -58.069
   48.150   -58.132
   48.200   -58.024
   48.250   -57.742
   48.300   -57.037
   48.350   -56.861
   48.400   -56.994
   48.450   -57.179
   48.500   -57.400
   48.550   -57.687
   48.600   -58.039
   48.650   -58.007
   48.700   -57.860
   48.750   -58.102
   48.800   -58.363
   48.850   -58.149
   48.900   -58.318
   48.950   -58.265
   49.000   -58.480
   49.050   -58.556
   49.100   -58.197
   49.150   -58.172
   49.200   -57.980
   49.250   -57.315
   49.300   -57.219
   49.350   -56.957
   49.400   -56.617
   49.450   -56.375
   49.500   -56.300
   49.550   -56.919
   49.600   -57.072
   49.650   -56.922
   49.700   -56.906
   49.750   -56.700
   49.800   -56.651
   49.850   -56.367
   49.900   -55.925
   49.950   -55.757
   50.000   -56.198
   50.050   -55.651
   50.100   -55.292
   50.150   -55.251
   50.200   -54.923
   50.250   -54.764
   50.300   -54.964
   50.350   -54.710
   50.400   -55.194
   50.450   -55.757
   50.500   -56.109
   50.550   -55.621
   50.600   -56.012
   50.650   -56.410
   50.700   -56.574
   50.750   -56.707
   50.800   -56.769
   50.850   -56.756
   50.900   -56.796
   50.950   -56.892
   51.000   -57.033
   51.050   -57.257
   51.100   -57.101
   51.150   -57.548
   51.200   -57.730
   51.250   -58.160
   51.300   -57.993
   51.350   -57.746
   51.400   -57.863
   51.450   -57.660
   51.500   -57.164
   51.550   -57.528
   51.600   -57.635
   51.650   -57.854
   51.700   -58.076
   51.750   -58.173
   51.800   -58.173
   51.850   -57.851
   51.900   -57.346
   51.950   -57.436
   52.000   -57.604
   52.050   -57.493
   52.100   -57.658
   52.150   -58.014
   52.200   -58.003
   52.250   -57.610
   52.300   -57.594
   52.350   -58.230
   52.400   -58.060
   52.450   -58.406
   52.500   -58.356
   52.550   -58.057
   52.600   -57.622
   52.650   -57.301
   52.700   -57.564
   52.750   -57.615
   52.800   -57.249
   52.850   -57.176
   52.900   -57.286
   52.950   -56.530
   53.000   -56.720
   53.050   -57.048
   53.100   -56.890
   53.150   -56.808
   53.200   -56.730
   53.250   -57.379
   53.300   -57.456
   53.350   -57.455
   53.400   -57.112
   53.450   -57.202
   53.500   -57.263
   53.550   -57.203
   53.600   -57.119
   53.650   -57.282
   53.700   -57.548
   53.750   -57.514
   53.800   -57.536
   53.850   -57.406
   53.900   -57.412
   53.950   -57.130
   54.000   -57.077
   54.050   -57.239
   54.100   -57.018
   54.150   -57.237
   54.200   -56.929
   54.250   -57.364
   54.300   -57.081
   54.350   -56.920
   54.400   -57.240
   54.450   -56.841
   54.500   -56.377
   54.550   -56.538
   54.600   -56.738
   54.650   -56.917
   54.700   -56.514
   54.750   -57.018
   54.800   -56.734
   54.850   -56.826
   54.900   -56.949
   54.950   -56.833
   55.000   -56.961
   55.050   -56.640
   55.100   -57.014
   55.150   -57.525
   55.200   -56.997
   55.250   -56.825
   55.300   -56.654
   55.350   -56.878
   55.400   -57.114
   55.450   -57.418
   55.500   -57.706
   55.550   -57.821
   55.600   -57.741
   55.650   -57.868
   55.700   -58.047
   55.750   -58.138
   55.800   -58.111
   55.850   -57.910
   55.900   -58.102
   55.950   -58.246
   56.000   -58.491
   56.050   -58.794
   56.100   -59.015
   56.150   -59.241
   56.200   -59.321
   56.250   -59.351
   56.300   -59.477
   56.350   -59.628
   56.400   -59.989
   56.450   -60.542
   56.500   -60.947
   56.550   -61.597
   56.600   -61.553
   56.650   -61.589
   56.700   -61.421
   56.750   -61.460
   56.800   -61.407
   56.850   -61.632
   56.900   -62.014
   56.950   -61.704
   57.000   -61.833
   57.050   -61.753
   57.100   -61.617
   57.150   -61.741
   57.200   -61.431
   57.250   -61.817
   57.300   -61.855
   57.350   -61.605
   57.400   -62.440
   57.450   -62.609
   57.500   -62.699
   57.550   -63.124
   57.600   -62.675
   57.650   -63.250
   57.700   -62.955
   57.750   -63.358
   57.800   -63.464
   57.850   -63.976
   57.900   -63.599
   57.950   -63.833
   58.000   -63.874
   58.050   -64.073
   58.100   -63.788
   58.150   -63.467
   58.200   -63.371
   58.250   -63.486
   58.300   -63.025
   58.350   -62.919
   58.400   -62.885
   58.450   -62.797
   58.500   -63.085
   58.550   -63.063
   58.600   -62.957
   58.650   -63.221
   58.700   -63.721
   58.750   -63.182
   58.800   -63.123
   58.850   -63.002
   58.900   -62.992
   58.950   -63.285
   59.000   -63.539
   59.050   -63.145
   59.100   -63.056
   59.150   -62.941
   59.200   -63.893
   59.250   -63.328
   59.300   -63.368
   59.350   -63.177
   59.400   -63.171
   59.450   -63.903
   59.500   -64.011
   59.550   -64.069
   59.600   -64.109
   59.650   -64.365
   59.700   -63.958
   59.750   -63.667
   59.800   -63.827
   59.850   -63.707
   59.900   -63.996
   59.950   -63.699
   60.000   -63.566
   60.050   -63.288
   60.100   -62.806
   60.150   -62.567
   60.200   -61.989
   60.250   -61.748
   60.300   -61.552
   60.350   -61.868
   60.400   -62.412
   60.450   -62.658
   60.500   -62.765
   60.550   -62.868
   60.600   -63.169
   60.650   -62.984
   60.700   -62.810
   60.750   -62.865
   60.800   -62.795
   60.850   -63.017
   60.900   -62.655
   60.950   -62.407
   61.000   -62.821
   61.050   -62.500
   61.100   -62.206
   61.150   -62.527
   61.200   -62.693
   61.250   -62.543
   61.300   -62.152
   61.350   -62.413
   61.400   -62.640
   61.450   -62.708
   61.500   -62.688
   61.550   -62.027
   61.600   -62.068
   61.650   -62.276
   61.700   -62.201
   61.750   -61.967
   61.800   -61.772
   61.850   -61.807
   61.900   -62.403
   61.950   -62.168
   62.000   -62.237
   62.050   -61.957
   62.100   -61.886
   62.150   -61.964
   62.200   -61.923
   62.250   -61.723
   62.300   -61.883
   62.350   -61.397
   62.400   -61.657
   62.450   -61.758
   62.500   -61.666
   62.550   -61.614
   62.600   -61.439
   62.650   -60.894
   62.700   -60.938
   62.750   -61.076
   62.800   -60.707
   62.850   -61.068
   62.900   -61.050
   62.950   -61.073
   63.000   -60.754
   63.050   -60.895
   63.100   -61.129
   63.150   -61.125
   63.200   -61.222
   63.250   -61.374
   63.300   -61.872
   63.350   -61.587
   63.400   -61.455
   63.450   -61.168
   63.500   -60.972
   63.550   -60.907
   63.600   -60.810
   63.650   -60.544
   63.700   -60.125
   63.750   -60.109
   63.800   -59.897
   63.850   -59.685
   63.900   -60.078
   63.950   -60.254
   64.000   -60.898
   64.050   -61.291
   64.100   -61.589
   64.150   -61.564
   64.200   -61.723
   64.250   -61.815
   64.300   -61.458
   64.350   -61.325
   64.400   -61.020
   64.450   -61.250
   64.500   -61.283
   64.550   -61.161
   64.600   -61.712
   64.650   -62.154
   64.700   -61.742
   64.750   -61.679
   64.800   -60.634
   64.850   -60.411
   64.900   -60.079
   64.950   -59.625
   65.000   -59.380
   65.050   -59.742
   65.100   -60.140
   65.150   -59.677
   65.200   -59.966
   65.250   -60.195
   65.300   -59.964
   65.350   -59.736
   65.400   -59.826
   65.450   -59.707
   65.500   -59.683
   65.550   -59.469
   65.600   -59.415
   65.650   -59.144
   65.700   -58.870
   65.750   -59.060
   65.800   -58.262
   65.850   -58.099
   65.900   -57.650
   65.950   -57.813
   66.000   -57.909
   66.050   -57.432
   66.100   -57.270
   66.150   -57.095
   66.200   -57.168
   66.250   -57.213
   66.300   -56.479
   66.350   -56.356
   66.400   -56.183
   66.450   -56.166
   66.500   -56.233
   66.550   -56.097
   66.600   -55.703
   66.650   -55.772
   66.700   -55.740
   66.750   -55.806
   66.800   -55.301
   66.850   -55.287
   66.900   -55.124
   66.950   -55.838
   67.000   -56.001
   67.050   -56.102
   67.100   -56.113
   67.150   -55.782
   67.200   -55.636
   67.250   -55.557
   67.300   -55.694
   67.350   -55.584
   67.400   -55.505
   67.450   -55.491
   67.500   -55.239
   67.550   -55.539
   67.600   -55.275
   67.650   -55.466
   67.700   -55.231
   67.750   -55.387
   67.800   -55.482
   67.850   -55.658
   67.900   -56.094
   67.950   -55.905
   68.000   -55.392
   68.050   -55.367
   68.100   -55.630
   68.150   -55.295
   68.200   -54.843
   68.250   -54.925
   68.300   -55.001
   68.350   -54.791
   68.400   -54.668
   68.450   -54.501
   68.500   -54.750
   68.550   -54.290
   68.600   -54.675
   68.650   -54.503
   68.700   -54.817
   68.750   -54.926
   68.800   -54.554
   68.850   -54.187
   68.900   -53.935
   68.950   -54.106
   69.000   -54.163
   69.050   -53.954
   69.100   -53.487
   69.150   -53.310
   69.200   -53.566
   69.250   -53.507
   69.300   -53.094
   69.350   -52.893
   69.400   -53.032
   69.450   -53.743
   69.500   -53.345
   69.550   -53.663
   69.600   -53.626
   69.650   -53.161
   69.700   -52.810
   69.750   -52.948
   69.800   -53.143
   69.850   -53.189
   69.900   -53.030
   69.950   -52.619
   70.000   -52.650
   70.050   -52.320
   70.100   -52.223
   70.150   -52.289
   70.200   -52.681
   70.250   -53.024
   70.300   -53.171
   70.350   -52.606
   70.400   -52.395
   70.450   -52.207
   70.500   -52.094
   70.550   -51.937
   70.600   -51.730
   70.650   -51.888
   70.700   -51.720
   70.750   -51.734
   70.800   -51.707
   70.850   -51.448
   70.900   -52.315
   70.950   -52.524
   71.000   -52.628
   71.050   -52.058
   71.100   -52.414
   71.150   -52.355
   71.200   -52.618
   71.250   -52.533
   71.300   -52.665
   71.350   -52.946
   71.400   -53.220
   71.450   -53.394
   71.500   -52.768
   71.550   -53.060
   71.600   -53.222
   71.650   -53.091
   71.700   -52.596
   71.750   -52.865
   71.800   -52.519
   71.850   -52.155
   71.900   -51.899
   71.950   -51.303
   72.000   -50.898
   72.050   -51.374
   72.100   -51.836
   72.150   -51.938
   72.200   -52.321
   72.250   -52.477
   72.300   -52.556
   72.350   -52.893
   72.400   -53.455
   72.450   -53.252
   72.500   -53.665
   72.550   -53.838
   72.600   -54.002
   72.650   -54.214
   72.700   -53.858
   72.750   -54.484
   72.800   -54.918
   72.850   -54.465
   72.900   -54.140
   72.950   -54.286
   73.000   -54.233
   73.050   -54.579
   73.100   -54.644
   73.150   -54.485
   73.200   -55.535
   73.250   -55.646
   73.300   -56.197
   73.350   -56.084
   73.400   -56.197
   73.450   -56.439
   73.500   -56.885
   73.550   -57.477
   73.600   -57.568
   73.650   -57.588
   73.700   -57.203
   73.750   -57.244
   73.800   -57.735
   73.850   -57.430
   73.900   -58.166
   73.950   -58.446
   74.000   -58.441
   74.050   -59.059
   74.100   -58.713
   74.150   -58.663
   74.200   -59.275
   74.250   -59.683
   74.300   -59.845
   74.350   -59.535
   74.400   -59.502
   74.450   -59.924
   74.500   -59.447
   74.550   -59.174
   74.600   -58.859
   74.650   -59.076
   74.700   -58.810
   74.750   -59.138
   74.800   -58.387
   74.850   -58.805
   74.900   -59.021
   74.950   -59.037
   75.000   -59.306
   75.050   -58.901
   75.100   -58.628
   75.150   -58.558
   75.200   -58.551
   75.250   -58.927
   75.300   -59.113
   75.350   -59.417
   75.400   -59.462
   75.450   -59.645
   75.500   -59.889
   75.550   -60.015
   75.600   -60.582
   75.650   -60.015
   75.700   -60.152
   75.750   -60.151
   75.800   -59.870
   75.850   -60.433
   75.900   -60.671
   75.950   -60.207
   76.000   -60.257
   76.050   -59.912
   76.100   -59.824
   76.150   -59.800
   76.200   -60.069
   76.250   -59.726
   76.300   -59.936
   76.350   -59.727
   76.400   -59.932
   76.450   -60.104
   76.500   -60.244
   76.550   -60.375
   76.600   -60.787
   76.650   -60.843
   76.700   -60.390
   76.750   -60.432
   76.800   -60.403
   76.850   -60.175
   76.900   -60.382
   76.950   -60.172
   77.000   -60.597
   77.050   -60.213
   77.100   -60.357
   77.150   -60.142
   77.200   -59.958
   77.250   -59.896
   77.300   -59.954
   77.350   -59.811
   77.400   -59.863
   77.450   -59.526
   77.500   -59.392
   77.550   -59.268
   77.600   -59.344
   77.650   -59.191
   77.700   -59.388
   77.750   -59.560
   77.800   -59.343
   77.850   -59.181
   77.900   -59.003
   77.950   -59.538
   78.000   -59.655
   78.050   -60.390
   78.100   -60.286
   78.150   -59.532
   78.200   -59.345
   78.250   -58.958
   78.300   -58.633
   78.350   -58.602
   78.400   -58.107
   78.450   -58.016
   78.500   -57.808
   78.550   -57.710
   78.600   -57.226
   78.650   -57.329
   78.700   -57.993
   78.750   -58.083
   78.800   -58.363
   78.850   -58.563
   78.900   -59.221
   78.950   -58.970
   79.000   -59.120
   79.050   -59.569
   79.100   -59.549
   79.150   -59.587
   79.200   -59.511
   79.250   -59.331
   79.300   -59.212
   79.350   -59.286
   79.400   -59.368
   79.450   -59.450
   79.500   -59.253
   79.550   -59.680
   79.600   -59.491
   79.650   -59.616
   79.700   -59.587
   79.750   -59.526
   79.800   -59.765
   79.850   -59.806
   79.900   -59.414
   79.950   -58.970
