  0.1000 -65.05739     0.00   0.16233     0.48 
  0.2000 -65.18613     0.00   0.26995     2.78 
  0.3000 -65.00771     0.00   1.65195     3.75 
  0.4000 -65.11581     0.00   1.02413     4.98 
  0.5000 -64.78600     0.00   0.81090     6.53 
  0.6000 -64.64442     0.00   0.19332     8.46 
  0.7000 -64.66935     0.00  -0.29499    10.83 
  0.8000 -64.26020     0.01   0.41085    13.71 
  0.9000 -63.92361     0.01   0.09820    17.16 
  1.0000 -64.25969     0.01   0.49764    21.24 
  1.1000 -64.47754     0.01  -0.07614    26.02 
  1.2000 -64.47026     0.01   0.24151    31.56 
  1.3000 -63.98219     0.01  -0.15951    37.89 
  1.4000 -63.84018     0.02  -0.31882    45.06 
  1.5000 -63.68469     0.02   0.28958    53.10 
  1.6000 -63.65686     0.03   0.07082    62.00 
  1.7000 -63.66224     0.03  -0.36875    71.76 
  1.8000 -63.59647     0.04   0.32098    82.35 
  1.9000 -63.24015     0.05   0.34235    93.71 
  2.0000 -63.16766     0.06  -0.22857   105.78 
  2.1000 -63.11887     0.08   0.36264   118.45 
  2.2000 -63.05142     0.10   0.07613   131.63 
  2.3000 -62.96437     0.12  -0.11206   145.17 
  2.4000 -62.77465     0.15   0.82994   158.93 
  2.5000 -62.95104     0.18  -0.00836   172.74 
  2.6000 -62.67838     0.21   0.03271   186.44 
  2.7000 -62.71743     0.23   0.60762   199.85 
  2.8000 -62.44816     0.26  -0.18115   212.79 
  2.9000 -62.82416     0.27   0.39900   225.09 
  3.0000 -62.81845     0.27   0.11859   236.58 
  3.1000 -62.81264     0.63  -0.45158   247.09 
  3.2000 -62.86302     0.65  -0.72423   256.50 
  3.3000 -62.53789     0.66  -0.12462   264.68 
  3.4000 -62.42346     0.65  -0.41825   271.52 
  3.5000 -62.40640     0.63  -0.25286   276.94 
  3.6000 -62.50243     0.59   0.01265   280.88 
  3.7000 -62.75369     0.60   0.04119   283.33 
  3.8000 -63.13066     0.60   1.14054   284.27 
  3.9000 -63.00181     0.59   0.05850   283.72 
  4.0000 -63.10755     0.56   0.18800   281.71 
  4.1000 -62.62819     0.00   0.38387   278.33 
  4.2000 -62.47612     0.00   0.37569   273.65 
  4.3000 -62.23892     0.00  -0.55030   267.75 
  4.4000 -62.60909     0.00  -0.02179   260.77 
  4.5000 -62.50583     0.00   0.60483   252.81 
  4.6000 -62.55130     0.00   0.57784   244.01 
  4.7000 -62.64959     0.00   0.22566   234.49 
  4.8000 -63.16618     0.00  -0.07177   224.39 
  4.9000 -63.55897     0.00   1.09227   213.84 
  5.0000 -63.28329     0.00   0.37990   202.97 
  5.1000 -63.68930     0.00   0.38300   191.91 
  5.2000 -63.98096     0.00  -0.60067   180.77 
  5.3000 -64.52621     0.00   0.02838   169.62 
  5.4000 -64.65586     0.00   0.12464   158.60 
  5.5000 -64.66797     0.00   0.24958   147.79 
  5.6000 -64.63101     0.00  -0.26657   137.25 
  5.7000 -64.93181     0.00   0.58860   127.04 
  5.8000 -65.48750     0.00  -0.22648   117.22 
  5.9000 -65.58499     0.00  -0.43852   107.83 
  6.0000 -65.60110     0.00  -0.80303    98.89 
  6.1000 -65.74216     0.00  -0.42136    90.46 
  6.2000 -66.10955     0.00   0.51065    82.49 
  6.3000 -66.48404     0.00   0.32778    75.05 
  6.4000 -66.62024     0.00  -0.03773    68.09 
  6.5000 -66.94723     0.00   1.33069    61.64 
  6.6000 -67.06762     0.00   0.89810    55.66 
  6.7000 -67.36621     0.00   0.45335    50.17 
  6.8000 -67.52010     0.00   0.10072    45.11 
  6.9000 -68.06242     0.00  -1.42091    40.49 
  7.0000 -68.58736     0.00  -0.19749    36.27 
  7.1000 -68.62605     0.00   0.00342    32.44 
  7.2000 -68.86399     0.00  -0.35685    28.97 
  7.3000 -69.24242     0.00   0.26155    25.83 
  7.4000 -69.25082     0.00   0.59286    23.00 
  7.5000 -69.37676     0.00   0.48677    20.47 
  7.6000 -69.37622     0.00   0.48347    18.20 
  7.7000 -69.18117     0.00  -0.18579    16.18 
  7.8000 -69.61546     0.00  -1.03180    14.39 
  7.9000 -69.73494     0.00  -0.51337    12.80 
  8.0000 -70.14536     0.00   0.80250    11.41 
  8.1000 -70.61223     0.00  -0.12465    10.20 
  8.2000 -70.84585     0.00   0.22778     9.15 
  8.3000 -70.84515     0.00  -0.33806     8.26 
  8.4000 -70.72905     0.00  -0.11445     7.51 
  8.5000 -70.73449     0.00   0.05326     6.91 
  8.6000 -70.35445     0.00  -0.04755     6.43 
  8.7000 -70.16631     0.00  -0.12060     6.08 
  8.8000 -70.23364     0.00  -0.03521     5.86 
  8.9000 -70.05907     0.00  -0.70717     5.77 
  9.0000 -70.32848     0.00   0.21937     5.80 
  9.1000 -70.45919     0.00   0.59178     6.19 
  9.2000 -70.92937     0.00   0.34635     6.51 
  9.3000 -71.30131     0.00   0.31247     6.96 
  9.4000 -71.67785     0.00  -0.25333     7.55 
  9.5000 -71.50224     0.00   0.45785     8.29 
  9.6000 -71.40944     0.00   0.63283     9.19 
  9.7000 -71.77433     0.00   0.40680    10.26 
  9.8000 -72.07688     0.00  -0.36313    11.50 
  9.9000 -72.15584     0.00  -0.09465    12.92 
 10.0000 -72.03330     0.00   0.06411    14.53 
 10.1000 -72.07013     0.00   0.09530    17.90 
 10.2000 -71.91145     0.00   1.02135    20.04 
 10.3000 -71.30625     0.00   0.45010    22.39 
 10.4000 -71.45869     0.00  -0.13764    24.96 
 10.5000 -71.44479     0.00   0.09670    27.76 
 10.6000 -72.08265     0.00   0.23996    30.78 
 10.7000 -71.83572     0.00   0.87098    34.03 
 10.8000 -71.89426     0.00   0.20240    37.51 
 10.9000 -71.84524     0.00   0.39849    41.22 
 11.0000 -71.60251     0.00  -0.00659    45.16 
 11.1000 -71.50666     0.00  -0.26521    53.85 
 11.2000 -71.50694     0.00  -0.02926    58.56 
 11.3000 -71.59232     0.00  -0.29865    63.44 
 11.4000 -71.21091     0.00   0.11758    68.50 
 11.5000 -71.54478     0.00   0.16976    73.72 
 11.6000 -71.30805     0.00   0.64177    79.06 
 11.7000 -71.54019     0.00   0.30276    84.51 
 11.8000 -71.41344     0.00   0.38288    90.05 
 11.9000 -71.42540     0.00  -0.05743    95.65 
 12.0000 -71.67292     0.00  -0.24663   101.28 
 12.1000 -71.96284     0.00   0.10401   113.85 
 12.2000 -72.09446     0.00   0.26287   119.96 
 12.3000 -72.12611     0.00   0.09535   126.00 
 12.4000 -72.40325     0.00   0.15207   131.92 
 12.5000 -72.31580     0.00  -0.41532   137.69 
 12.6000 -72.28721     0.00  -0.09984   143.26 
 12.7000 -72.44259     0.00  -0.21507   148.61 
 12.8000 -72.17447     0.00   0.73024   153.70 
 12.9000 -72.15142     0.00   0.05549   158.50 
 13.0000 -72.09220     0.00   0.63325   162.99 
 13.1000 -71.82640     0.00   0.31171   173.35 
 13.2000 -72.12941     0.00   0.20895   177.57 
 13.3000 -72.01925     0.00  -1.00019   181.38 
 13.4000 -72.30908     0.00  -0.20790   184.75 
 13.5000 -71.82007     0.00  -0.18205   187.67 
 13.6000 -71.41957     0.00  -0.73812   190.11 
 13.7000 -71.24202     0.00  -0.15075   192.06 
 13.8000 -71.17038     0.00   0.14099   193.51 
 13.9000 -71.57051     0.00   0.34587   194.47 
 14.0000 -71.55485     0.00   0.33670   194.93 
 14.1000 -71.82623     0.00   0.40221   198.54 
 14.2000 -71.84387     0.00   0.92697   198.29 
 14.3000 -71.98670     0.00   1.09514   197.54 
 14.4000 -72.29072     0.00   0.12186   196.31 
 14.5000 -72.79261     0.00   0.04311   194.63 
 14.6000 -73.19562     0.00  -0.35357   192.49 
 14.7000 -73.38588     0.00  -0.32575   189.94 
 14.8000 -73.50741     0.00  -0.35950   186.97 
 14.9000 -73.43511     0.00  -0.22049   183.64 
 15.0000 -73.61882     0.00   0.05405   179.95 
 15.1000 -73.70361     0.00   0.11290   177.49 
 15.2000 -74.00391     0.00   0.76671   173.30 
 15.3000 -73.50222     0.00   1.07566   168.86 
 15.4000 -73.15443     0.00   0.87431   164.18 
 15.5000 -72.90777     0.00   0.02849   159.29 
 15.6000 -73.07094     0.00  -0.11680   154.24 
 15.7000 -73.69387     0.00  -0.44780   149.03 
 15.8000 -73.73524     0.00  -1.11697   143.72 
 15.9000 -73.68325     0.00  -1.14307   138.33 
 16.0000 -73.61648     0.00  -0.78786   132.87 
 16.1000 -73.57671     0.00  -0.65227   127.91 
 16.2000 -73.63029     0.00  -0.06767   122.47 
 16.3000 -73.64992     0.00   0.69582   117.04 
 16.4000 -73.69823     0.00   1.47344   111.66 
 16.5000 -73.98007     0.00   0.20646   106.34 
 16.6000 -73.56355     0.00  -0.05223   101.11 
 16.7000 -73.83806     0.00  -0.26416    95.97 
 16.8000 -73.97437     0.00  -0.11601    90.95 
 16.9000 -74.19450     0.00   0.21496    86.07 
 17.0000 -74.40385     0.00   0.53143    81.32 
 17.1000 -74.05125     0.00   0.20228    76.92 
 17.2000 -74.23926     0.00   0.55894    72.51 
 17.3000 -74.34684     0.00   0.22787    68.27 
 17.4000 -74.41730     0.00   0.39862    64.22 
 17.5000 -74.65042     0.00   0.00334    60.35 
 17.6000 -74.50828     0.00  -0.60634    56.68 
 17.7000 -74.45052     0.00  -0.62563    53.20 
 17.8000 -74.69244     0.00  -1.42396    49.92 
 17.9000 -74.78133     0.00  -0.04616    46.84 
 18.0000 -74.92258     0.00   0.17402    43.96 
 18.1000 -74.98965     0.00   0.10455    41.52 
 18.2000 -75.11838     0.00  -0.22562    39.07 
 18.3000 -75.36510     0.00   0.74908    36.82 
 18.4000 -75.22875     0.00   1.72853    34.77 
 18.5000 -75.06769     0.00   0.54595    32.92 
 18.6000 -75.39483     0.00   0.61362    31.28 
 18.7000 -75.66657     0.00   0.30862    29.83 
 18.8000 -75.62460     0.00   0.02578    28.59 
 18.9000 -75.48045     0.00  -0.44858    27.54 
 19.0000 -75.31379     0.00  -0.27908    26.69 
 19.1000 -75.29471     0.00  -0.16664    26.80 
 19.2000 -75.56909     0.00   0.21716    26.39 
 19.3000 -75.30094     0.00   0.63996    26.18 
 19.4000 -75.06174     0.00   0.25478    26.16 
 19.5000 -75.55088     0.00   0.68927    26.32 
 19.6000 -75.47157     0.00  -0.57235    26.68 
 19.7000 -75.63882     0.00  -0.23437    27.21 
 19.8000 -75.35455     0.00   0.14453    27.93 
 19.9000 -75.33038     0.00   0.47249    28.83 
 20.0000 -75.47882     0.00   0.63076    29.91 
 20.1000 -75.26759     0.00   0.13015    33.12 
 20.2000 -75.63433     0.00  -0.03177    34.69 
 20.3000 -75.94761     0.00  -0.01961    36.43 
 20.4000 -76.13638     0.00  -0.30802    38.33 
 20.5000 -76.11067     0.00   0.13570    40.38 
 20.6000 -76.17562     0.00  -0.25260    42.58 
 20.7000 -76.15034     0.00   0.23445    44.93 
 20.8000 -76.25088     0.00  -0.08617    47.41 
 20.9000 -76.55741     0.00   0.16398    50.02 
 21.0000 -76.44984     0.00   0.15897    52.75 
 21.1000 -76.12961     0.00  -0.64145    59.15 
 21.2000 -76.03358     0.00   0.13105    62.37 
 21.3000 -76.21060     0.00  -0.38976    65.67 
 21.4000 -75.92168     0.00  -0.97562    69.05 
 21.5000 -75.65247     0.00  -0.09790    72.49 
 21.6000 -75.43326     0.00  -0.03937    75.98 
 21.7000 -75.12845     0.00   0.09614    79.50 
 21.8000 -75.32027     0.00   0.42276    83.05 
 21.9000 -75.53980     0.00   1.11140    86.60 
 22.0000 -75.80042     0.00   0.06454    90.15 
 22.1000 -75.71418     0.00  -0.10230    98.43 
 22.2000 -76.12634     0.00   0.32920   102.28 
 22.3000 -75.67470     0.00   0.51795   106.07 
 22.4000 -75.55399     0.00   0.56234   109.78 
 22.5000 -75.35140     0.00   0.35864   113.39 
 22.6000 -75.64473     0.00   0.61814   116.90 
 22.7000 -75.72920     0.00   0.47038   120.28 
 22.8000 -75.44695     0.00  -0.36438   123.52 
 22.9000 -75.46781     0.00   0.45085   126.60 
 23.0000 -75.61307     0.00   0.94689   129.52 
 23.1000 -75.50489     0.00  -0.67479   137.13 
 23.2000 -75.30912     0.00  -0.58467   140.04 
 23.3000 -75.26297     0.00  -0.31148   142.74 
 23.4000 -74.97197     0.00   0.67278   145.20 
 23.5000 -74.79078     0.00   0.89706   147.43 
 23.6000 -75.12690     0.00  -0.23979   149.42 
 23.7000 -75.50531     0.00  -0.49562   151.15 
 23.8000 -75.40273     0.00  -0.68364   152.62 
 23.9000 -75.32619     0.00  -0.55601   153.82 
 24.0000 -74.95934     0.00  -0.05892   154.76 
 24.1000 -74.95490     0.00   0.10765   159.39 
 24.2000 -75.04000     0.00  -0.14020   160.08 
 24.3000 -75.32452     0.00   0.04532   160.50 
 24.4000 -75.15187     0.00   0.39659   160.63 
 24.5000 -75.93260     0.00   0.60696   160.48 
 24.6000 -75.82647     0.00   0.02513   160.07 
 24.7000 -75.55627     0.00   0.15862   159.37 
 24.8000 -75.46624     0.00   0.08422   158.42 
 24.9000 -75.60723     0.00   0.58424   157.21 
 25.0000 -75.69170     0.00   0.44524   155.76 
 25.1000 -75.93286     0.00   0.34357   156.71 
 25.2000 -76.32903     0.00   0.19430   154.99 
 25.3000 -76.20286     0.00   0.15402   153.04 
 25.4000 -75.71953     0.00   0.36933   150.89 
 25.5000 -75.38153     0.00   0.92629   148.54 
 25.6000 -75.55994     0.00   0.40250   146.01 
 25.7000 -75.98012     0.00  -0.33861   143.29 
 25.8000 -76.37919     0.00  -0.21653   140.43 
 25.9000 -76.72003     0.00  -0.75480   137.41 
 26.0000 -76.45816     0.00  -1.30013   134.27 
 26.1000 -76.15699     0.00  -0.27226   132.53 
 26.2000 -76.26929     0.00  -0.21489   129.28 
 26.3000 -76.39256     0.00  -0.14770   125.95 
 26.4000 -76.59774     0.00  -0.07960   122.55 
 26.5000 -76.15039     0.00  -0.05052   119.08 
 26.6000 -75.95551     0.00  -0.01853   115.58 
 26.7000 -75.97065     0.00  -0.54597   112.03 
 26.8000 -75.98845     0.00   0.28308   108.47 
 26.9000 -75.61723     0.00   0.25464   104.91 
 27.0000 -75.68529     0.00  -0.20256   101.35 
 27.1000 -75.67218     0.00   0.18131    98.65 
 27.2000 -75.54429     0.00  -0.33275    95.21 
 27.3000 -75.65194     0.00  -0.02634    91.82 
 27.4000 -75.83029     0.00   0.63867    88.48 
 27.5000 -75.81837     0.00  -0.46639    85.19 
 27.6000 -75.84900     0.00  -0.11410    81.99 
 27.7000 -75.83486     0.00  -0.25331    78.87 
 27.8000 -75.63314     0.00   0.21379    75.84 
 27.9000 -75.61491     0.00   0.57923    72.91 
 28.0000 -75.42305     0.00   1.65781    70.08 
 28.1000 -75.68368     0.00   0.74086    68.07 
 28.2000 -75.70175     0.00   0.38038    65.53 
 28.3000 -75.70262     0.00   0.10031    63.12 
 28.4000 -75.76679     0.00   0.31260    60.84 
 28.5000 -76.22095     0.00  -0.00250    58.70 
 28.6000 -76.17293     0.00   0.24360    56.70 
 28.7000 -76.08413     0.00  -0.41885    54.84 
 28.8000 -76.18332     0.00  -1.46458    53.13 
 28.9000 -76.38364     0.00  -0.35676    51.57 
 29.0000 -76.62656     0.00   0.48552    50.16 
 29.1000 -76.47793     0.00   0.26281    49.98 
 29.2000 -76.61193     0.00  -0.17313    48.97 
 29.3000 -76.69366     0.00  -0.26259    48.10 
 29.4000 -76.67457     0.00   0.52870    47.40 
 29.5000 -76.58860     0.00  -0.10440    46.85 
 29.6000 -76.61916     0.00  -0.16002    46.45 
 29.7000 -76.40117     0.00   0.65882    46.20 
 29.8000 -76.50700     0.00   0.91666    46.11 
 29.9000 -76.74459     0.00   0.12466    46.17 
 30.0000 -77.03426     0.00   0.42707    46.38 
 30.1000 -77.01683     0.00  -0.16355    48.62 
 30.2000 -77.21055     0.00   0.46350    49.26 
 30.3000 -76.86298     0.00   0.79495    50.03 
 30.4000 -76.28446     0.00  -0.36569    50.93 
 30.5000 -76.62011     0.00  -0.02489    51.96 
 30.6000 -76.51773     0.00  -0.19175    53.10 
 30.7000 -76.65746     0.00   0.24829    54.37 
 30.8000 -76.67866     0.00  -0.36854    55.74 
 30.9000 -76.71382     0.00  -0.27207    57.21 
 31.0000 -76.87931     0.00  -0.27585    58.79 
 31.1000 -76.82695     0.00   0.83766    63.37 
 31.2000 -77.19666     0.00   0.08289    65.33 
 31.3000 -77.34668     0.00   0.34206    67.37 
 31.4000 -77.39218     0.00  -0.02337    69.47 
 31.5000 -77.28650     0.00   0.60692    71.62 
 31.6000 -76.90795     0.00  -0.79059    73.82 
 31.7000 -76.95223     0.00   0.44865    76.04 
 31.8000 -76.94174     0.00   0.72161    78.30 
 31.9000 -76.94211     0.00  -0.44248    80.57 
 32.0000 -76.87121     0.00  -0.25561    82.86 
 32.1000 -76.81620     0.00   0.17922    88.89 
 32.2000 -76.83085     0.00  -0.22324    91.44 
 32.3000 -76.72270     0.00   0.56543    93.97 
 32.4000 -76.94140     0.00   0.09806    96.45 
 32.5000 -76.79782     0.00  -0.02559    98.90 
 32.6000 -76.23998     0.00   0.65722   101.28 
 32.7000 -76.35391     0.00  -0.18909   103.60 
 32.8000 -76.70790     0.00  -0.21291   105.84 
 32.9000 -76.54146     0.00  -0.21071   107.99 
 33.0000 -76.46019     0.00  -0.74540   110.06 
 33.1000 -76.44459     0.00   0.09363   116.07 
 33.2000 -76.47650     0.00   0.27819   118.23 
 33.3000 -76.61936     0.00   0.06322   120.27 
 33.4000 -76.92615     0.00  -0.24234   122.18 
 33.5000 -76.94165     0.00   0.38785   123.95 
 33.6000 -76.86206     0.00  -0.49059   125.57 
 33.7000 -76.80430     0.00  -0.20965   127.04 
 33.8000 -76.90721     0.00   0.09426   128.36 
 33.9000 -77.04331     0.00   0.06712   129.51 
 34.0000 -76.71726     0.00   1.13321   130.51 
 34.1000 -76.67820     0.00  -0.09823   135.06 
 34.2000 -76.98792     0.00   0.57041   136.00 
 34.3000 -76.95967     0.00   0.18653   136.76 
 34.4000 -76.89353     0.00   0.42873   137.34 
 34.5000 -76.89278     0.00  -0.38413   137.73 
 34.6000 -76.94257     0.00   0.38246   137.95 
 34.7000 -77.11794     0.00   0.53189   137.98 
 34.8000 -77.18202     0.00  -0.57606   137.84 
 34.9000 -77.36509     0.00   0.34873   137.52 
 35.0000 -77.10366     0.00   0.32542   137.02 
 35.1000 -77.23147     0.00  -0.15208   139.33 
 35.2000 -77.01748     0.00  -0.02535   138.72 
 35.3000 -76.91853     0.00  -0.45853   137.94 
 35.4000 -77.04592     0.00  -1.16289   137.00 
 35.5000 -77.06938     0.00  -0.27759   135.89 
 35.6000 -76.71446     0.00   0.44968   134.64 
 35.7000 -76.62098     0.00  -0.08436   133.23 
 35.8000 -76.64042     0.00   0.42428   131.69 
 35.9000 -76.53310     0.00   0.20083   130.01 
 36.0000 -76.40956     0.00   0.49067   128.21 
 36.1000 -76.87572     0.00  -0.09769   128.42 
 36.2000 -76.78444     0.00   0.23690   126.55 
 36.3000 -76.58457     0.00   0.07302   124.58 
 36.4000 -76.62872     0.00   0.14743   122.52 
 36.5000 -76.52454     0.00   0.22744   120.36 
 36.6000 -76.18686     0.00   0.15240   118.13 
 36.7000 -76.00237     0.00   0.37328   115.82 
 36.8000 -75.88949     0.00  -0.21579   113.46 
 36.9000 -75.46931     0.00   0.01003   111.04 
 37.0000 -75.45364     0.00   0.15613   108.59 
 37.1000 -75.89721     0.00  -0.32640   107.58 
 37.2000 -76.05825     0.00  -0.70435   105.18 
 37.3000 -76.31587     0.00  -0.64819   102.76 
 37.4000 -76.36343     0.00  -0.00148   100.33 
 37.5000 -76.47732     0.00   0.20388    97.90 
 37.6000 -76.61904     0.00   0.61960    95.48 
 37.7000 -76.81560     0.00  -0.38422    93.07 
 37.8000 -76.84114     0.00   0.04048    90.69 
 37.9000 -76.85649     0.00   0.34835    88.34 
 38.0000 -77.24860     0.00   0.51156    86.03 
 38.1000 -77.58317     0.00   0.21460    84.97 
 38.2000 -77.41313     0.00   0.03309    82.85 
 38.3000 -77.07180     0.00   0.00009    80.78 
 38.4000 -77.37239     0.00   0.93918    78.79 
 38.5000 -77.07827     0.00   0.02039    76.85 
 38.6000 -76.73251     0.00   0.98624    75.00 
 38.7000 -77.04299     0.00   0.38831    73.23 
 38.8000 -77.02861     0.00   0.02078    71.53 
 38.9000 -76.70356     0.00  -0.77104    69.93 
 39.0000 -76.68863     0.00  -0.41045    68.42 
 39.1000 -76.62971     0.00   0.30630    68.36 
 39.2000 -76.72815     0.00   0.19698    67.15 
 39.3000 -76.59196     0.00   0.02916    66.04 
 39.4000 -76.47541     0.00   0.02346    65.03 
 39.5000 -76.48020     0.00   0.04314    64.12 
 39.6000 -76.38950     0.00  -0.13701    63.32 
 39.7000 -76.52550     0.00  -0.29981    62.63 
 39.8000 -76.43818     0.00  -0.33958    62.03 
 39.9000 -76.52817     0.00  -0.04688    61.55 
 40.0000 -76.45273     0.00  -0.54287    61.18 
 40.1000 -76.53559     0.00   0.27963    62.76 
 40.2000 -76.33546     0.00   0.62187    62.73 
 40.3000 -76.74113     0.00   0.40514    62.81 
 40.4000 -76.58384     0.00   0.89530    62.98 
 40.5000 -76.67653     0.00   1.10981    63.24 
 40.6000 -76.69625     0.00   0.38975    63.60 
 40.7000 -76.22696     0.00  -1.11579    64.05 
 40.8000 -76.68488     0.00  -0.31772    64.59 
 40.9000 -76.13340     0.00  -0.12691    65.21 
 41.0000 -76.14542     0.00  -0.00387    65.90 
 41.1000 -76.15120     0.00   0.33410    69.22 
 41.2000 -75.91519     0.00   0.73315    70.25 
 41.3000 -75.97853     0.00   0.26590    71.35 
 41.4000 -76.27943     0.00  -0.25477    72.50 
 41.5000 -76.54067     0.00   0.09439    73.71 
 41.6000 -76.24129     0.00   0.12158    74.95 
 41.7000 -76.10997     0.00   0.47159    76.24 
 41.8000 -76.18437     0.00   0.40256    77.56 
 41.9000 -75.95651     0.00  -0.35852    78.90 
 42.0000 -76.04291     0.00   0.15268    80.27 
 42.1000 -76.17600     0.00   0.19230    84.81 
 42.2000 -76.56456     0.00   0.09592    86.44 
 42.3000 -76.61452     0.00  -0.06250    88.07 
 42.4000 -77.06451     0.00   0.26499    89.69 
 42.5000 -77.12339     0.00   0.51459    91.29 
 42.6000 -76.95641     0.00   0.34868    92.87 
 42.7000 -76.89353     0.00   0.12521    94.42 
 42.8000 -76.98182     0.00  -0.76642    95.93 
 42.9000 -76.76419     0.00  -0.03902    97.40 
 43.0000 -76.70202     0.00   0.07340    98.82 
 43.1000 -76.52475     0.00  -0.30118   103.68 
 43.2000 -76.80464     0.00   0.17086   105.25 
 43.3000 -76.43859     0.00   0.05707   106.76 
 43.4000 -76.33836     0.00   0.68946   108.19 
 43.5000 -76.67722     0.00   0.18115   109.53 
 43.6000 -76.82953     0.00  -0.19333   110.79 
 43.7000 -76.96773     0.00   0.28005   111.96 
 43.8000 -77.18441     0.00  -0.80690   113.03 
 43.9000 -77.01638     0.00   0.47909   114.00 
 44.0000 -77.29497     0.00  -0.23799   114.87 
 44.1000 -77.39224     0.00   0.46308   119.06 
 44.2000 -77.32447     0.00   0.60437   119.98 
 44.3000 -77.70307     0.00   0.93760   120.78 
 44.4000 -77.69358     0.00  -0.04561   121.46 
 44.5000 -77.52953     0.00   0.02401   122.01 
 44.6000 -77.35178     0.00   0.82075   122.45 
 44.7000 -77.11996     0.00  -0.30826   122.76 
 44.8000 -77.32209     0.00  -0.82418   122.94 
 44.9000 -76.92091     0.00  -0.93721   123.00 
 45.0000 -76.78616     0.00  -0.46060   122.94 
 45.1000 -76.75439     0.00   0.18118   125.78 
 45.2000 -76.53065     0.00   0.42489   125.71 
 45.3000 -76.58563     0.00  -0.28058   125.50 
 45.4000 -76.34417     0.00   0.39392   125.18 
 45.5000 -76.62168     0.00  -0.29080   124.73 
 45.6000 -76.78676     0.00   0.13237   124.16 
 45.7000 -76.67064     0.00   0.60519   123.47 
 45.8000 -76.80038     0.00   1.24549   122.68 
 45.9000 -77.11733     0.00   0.31454   121.77 
 46.0000 -76.94226     0.00   0.54061   120.75 
 46.1000 -76.75319     0.00   0.50111   122.10 
 46.2000 -76.70022     0.00  -0.46368   121.07 
 46.3000 -76.45163     0.00   0.37860   119.95 
 46.4000 -76.43656     0.00  -0.11417   118.74 
 46.5000 -76.66095     0.00  -0.22000   117.44 
 46.6000 -76.99813     0.00  -0.87346   116.07 
 46.7000 -76.91054     0.00  -1.63550   114.61 
 46.8000 -76.83167     0.00  -0.53644   113.08 
 46.9000 -76.32429     0.00   0.49985   111.49 
 47.0000 -76.16599     0.00   0.78283   109.85 
 47.1000 -75.77362     0.00   0.74803   110.09 
 47.2000 -76.20862     0.00   1.08925   108.49 
 47.3000 -76.38222     0.00   0.50189   106.85 
 47.4000 -76.60096     0.00   0.03499   105.18 
 47.5000 -76.61794     0.00  -0.15522   103.47 
 47.6000 -76.61739     0.00   0.46657   101.74 
 47.7000 -76.58724     0.00  -0.03037    99.99 
 47.8000 -76.77480     0.00  -0.10365    98.23 
 47.9000 -76.61707     0.00   0.17458    96.46 
 48.0000 -76.86390     0.00   0.19757    94.70 
 48.1000 -77.06218     0.00   0.51259    94.57 
 48.2000 -77.01874     0.00  -0.01574    92.94 
 48.3000 -77.12418     0.00  -0.45031    91.33 
 48.4000 -76.56353     0.00   0.03002    89.73 
 48.5000 -76.55262     0.00   0.36784    88.16 
 48.6000 -76.46837     0.00   0.05247    86.62 
 48.7000 -76.24490     0.00  -0.28303    85.11 
 48.8000 -75.92564     0.00  -0.70659    83.64 
 48.9000 -76.10264     0.00  -0.12495    82.22 
 49.0000 -76.33954     0.00   0.00132    80.83 
 49.1000 -76.39845     0.00   0.64537    81.13 
 49.2000 -76.53431     0.00   0.66986    79.97 
 49.3000 -76.31890     0.00   0.45111    78.87 
 49.4000 -76.49830     0.00   0.20901    77.83 
 49.5000 -76.00305     0.00   0.27220    76.84 
 49.6000 -76.27887     0.00   0.74374    75.92 
 49.7000 -76.56541     0.00   0.78467    75.06 
 49.8000 -76.76660     0.00  -0.25918    74.27 
 49.9000 -77.01343     0.00  -0.52024    73.54 
 50.0000 -76.85725     0.00  -0.41543    72.88 
 50.1000 -77.05385     0.00  -0.81100    74.18 
 50.2000 -77.13377     0.00  -0.24708    73.80 
 50.3000 -76.81771     0.00  -1.02209    73.49 
 50.4000 -76.95764     0.00   0.82939    73.25 
 50.5000 -76.84285     0.00   0.52886    73.06 
 50.6000 -77.01954     0.00   0.30917    72.95 
 50.7000 -77.13128     0.00  -0.64424    72.89 
 50.8000 -77.05080     0.00  -0.64424    72.90 
 50.9000 -77.34201     0.00   0.33227    72.97 
 51.0000 -77.53837     0.00  -0.50599    73.09 
 51.1000 -77.73843     0.00   0.01469    75.62 
 51.2000 -77.29495     0.00   0.49867    76.03 
 51.3000 -77.46222     0.00   0.30096    76.50 
 51.4000 -77.16893     0.00   0.25292    77.01 
 51.5000 -77.11676     0.00   0.07460    77.56 
 51.6000 -77.07756     0.00  -0.86027    78.15 
 51.7000 -77.04694     0.00  -0.24081    78.78 
 51.8000 -77.01272     0.00   0.06788    79.43 
 51.9000 -76.93929     0.00   0.56446    80.12 
 52.0000 -76.77453     0.00  -0.23168    80.83 
 52.1000 -76.69766     0.00   0.15921    84.36 
 52.2000 -76.59076     0.00   1.02959    85.32 
 52.3000 -76.65643     0.00   0.45449    86.29 
 52.4000 -76.99358     0.00   0.21339    87.26 
 52.5000 -76.38697     0.00   1.17428    88.23 
 52.6000 -76.60639     0.00   0.04509    89.20 
 52.7000 -76.55889     0.00   0.07661    90.16 
 52.8000 -76.52140     0.00  -0.55667    91.10 
 52.9000 -76.40594     0.00  -0.62673    92.03 
 53.0000 -76.73285     0.00   0.03434    92.93 
 53.1000 -77.02358     0.00   0.57555    96.91 
 53.2000 -77.16354     0.00   0.71889    97.99 
 53.3000 -76.82291     0.00  -0.50691    99.04 
 53.4000 -76.60041     0.00  -0.27678   100.04 
 53.5000 -76.05271     0.00  -0.75014   101.00 
 53.6000 -76.48157     0.00   0.05514   101.90 
 53.7000 -76.48786     0.00   0.48804   102.75 
 53.8000 -76.73588     0.00   0.02213   103.54 
 53.9000 -76.89640     0.00   0.38260   104.27 
 54.0000 -77.18079     0.00   0.62107   104.94 
 54.1000 -77.41422     0.00  -0.38569   108.69 
 54.2000 -77.37162     0.00  -0.57788   109.46 
 54.3000 -77.60004     0.00   0.36164   110.15 
 54.4000 -77.53358     0.00   0.91321   110.77 
 54.5000 -77.41233     0.00   0.41482   111.30 
 54.6000 -77.38043     0.00   0.51417   111.75 
 54.7000 -77.54591     0.00  -0.43923   112.12 
 54.8000 -77.36043     0.00  -0.00786   112.40 
 54.9000 -77.48294     0.00   0.30622   112.59 
 55.0000 -77.75192     0.00   0.22623   112.70 
 55.1000 -77.56071     0.00  -0.16566   115.68 
 55.2000 -77.50816     0.00   0.18610   115.83 
 55.3000 -77.60709     0.00   0.96469   115.90 
 55.4000 -77.27391     0.00   0.25321   115.87 
 55.5000 -77.23883     0.00   0.03091   115.75 
 55.6000 -77.18311     0.00  -0.65403   115.54 
 55.7000 -77.44963     0.00  -0.61972   115.24 
 55.8000 -77.11347     0.00   0.00325   114.85 
 55.9000 -77.22412     0.00   0.06377   114.38 
 56.0000 -77.21800     0.00   0.82396   113.82 
 56.1000 -76.95203     0.00   0.13507   115.79 
 56.2000 -76.45547     0.00  -0.00554   115.27 
 56.3000 -76.61546     0.00   0.01338   114.66 
 56.4000 -76.60052     0.00   0.13233   113.98 
 56.5000 -76.56087     0.00   0.36065   113.22 
 56.6000 -76.60056     0.00   0.15238   112.40 
 56.7000 -76.53875     0.00  -0.42633   111.49 
 56.8000 -76.33266     0.00  -0.64499   110.52 
 56.9000 -76.08410     0.00  -0.22060   109.49 
 57.0000 -75.99073     0.00   0.99629   108.41 
 57.1000 -75.99247     0.00   0.79751   109.49 
 57.2000 -75.98560     0.00  -0.01903   108.47 
 57.3000 -75.86669     0.00   0.39321   107.39 
 57.4000 -75.91447     0.00  -0.40601   106.27 
 57.5000 -76.07381     0.00   0.55147   105.11 
 57.6000 -76.25210     0.00   0.05021   103.91 
 57.7000 -76.33806     0.00  -0.30964   102.67 
 57.8000 -76.58090     0.00   0.13391   101.41 
 57.9000 -76.67491     0.00   0.18767   100.12 
 58.0000 -76.58949     0.00  -0.31589    98.81 
 58.1000 -77.27141     0.00  -0.42340    99.43 
 58.2000 -77.25958     0.00   0.44263    98.24 
 58.3000 -77.15701     0.00   0.75624    97.03 
 58.4000 -77.18036     0.00   0.29308    95.83 
 58.5000 -77.27941     0.00   0.35483    94.61 
 58.6000 -77.33167     0.00  -0.29346    93.40 
 58.7000 -77.46142     0.00   0.09539    92.19 
 58.8000 -77.38581     0.00  -0.04692    90.99 
 58.9000 -77.33822     0.00  -0.07421    89.80 
 59.0000 -77.44764     0.00  -0.02683    88.63 
 59.1000 -77.39590     0.00  -0.01444    89.34 
 59.2000 -77.76654     0.00   0.00921    88.35 
 59.3000 -77.53209     0.00  -0.39623    87.38 
 59.4000 -77.46851     0.00   0.29129    86.44 
 59.5000 -77.57976     0.00  -0.21542    85.52 
 59.6000 -77.60723     0.00  -0.15234    84.64 
 59.7000 -77.70550     0.00  -0.02489    83.78 
 59.8000 -78.05158     0.00  -0.22094    82.96 
 59.9000 -77.64050     0.00  -0.31622    82.17 
 60.0000 -77.81511     0.00   0.61249    81.42 
 60.1000 -77.64764     0.00  -0.12613    14.54 
 60.2000 -77.77606     0.00   0.05492    13.82 
 60.3000 -77.84862     0.00  -0.59080    13.13 
 60.4000 -77.68072     0.00  -0.88485    12.48 
 60.5000 -78.03086     0.00  -0.49313    11.86 
 60.6000 -77.93572     0.00   0.76893    11.28 
 60.7000 -77.65365     0.00   0.07012    10.73 
 60.8000 -77.39389     0.00  -0.06138    10.20 
 60.9000 -77.79422     0.00   0.18342     9.71 
 61.0000 -77.66196     0.00  -0.22403     9.24 
 61.1000 -78.06536     0.00  -0.33519     9.18 
 61.2000 -77.83025     0.00   0.63481     8.75 
 61.3000 -78.06493     0.00  -0.07779     8.35 
 61.4000 -77.93665     0.00  -1.02092     7.96 
 61.5000 -78.18257     0.00   0.04938     7.59 
 61.6000 -78.24367     0.00   0.82155     7.25 
 61.7000 -78.45865     0.00   0.41955     6.92 
 61.8000 -78.48183     0.00  -0.03173     6.61 
 61.9000 -78.57609     0.00  -0.55389     6.31 
 62.0000 -78.26430     0.00  -0.67117     6.04 
 62.1000 -78.41169     0.00  -0.52272     5.83 
 62.2000 -78.10814     0.00   0.05392     5.58 
 62.3000 -77.96039     0.00  -0.00222     5.34 
 62.4000 -77.78843     0.00   0.14772     5.11 
 62.5000 -77.98493     0.00   0.44615     4.90 
 62.6000 -78.30350     0.00   0.35693     4.69 
 62.7000 -78.15939     0.00  -0.23956     4.50 
 62.8000 -78.42005     0.00   0.01594     4.32 
 62.9000 -78.50990     0.00   0.26446     4.14 
 63.0000 -78.30837     0.00   1.04556     3.98 
 63.1000 -78.04908     0.00   0.09450     3.82 
 63.2000 -77.89845     0.00   0.37102     3.67 
 63.3000 -77.79097     0.00  -0.09170     3.53 
 63.4000 -77.80952     0.00   0.04447     3.39 
 63.5000 -77.61856     0.00  -0.65355     3.26 
 63.6000 -77.42931     0.00   0.14344     3.14 
 63.7000 -77.23984     0.00   0.18468     3.02 
 63.8000 -77.58158     0.00   0.57668     2.91 
 63.9000 -77.49672     0.00  -0.06989     2.81 
 64.0000 -77.40327     0.00   0.09093     2.71 
 64.1000 -77.47421     0.00   0.55956     2.61 
 64.2000 -77.94352     0.00   0.10937     2.52 
 64.3000 -77.58361     0.00   0.22778     2.43 
 64.4000 -77.52387     0.00   0.17638     2.35 
 64.5000 -77.38904     0.00  -0.41775     2.27 
 64.6000 -77.28464     0.00  -1.03438     2.19 
 64.7000 -77.21210     0.00  -0.42739     2.12 
 64.8000 -77.57691     0.00   0.48584     2.05 
 64.9000 -77.69377     0.00   0.15747     1.98 
 65.0000 -77.60151     0.00   0.64950     1.92 
 65.1000 -77.56203     0.00  -0.11648     1.86 
 65.2000 -78.08031     0.00   0.24648     1.80 
 65.3000 -78.00128     0.00  -0.04053     1.74 
 65.4000 -77.61984     0.00  -0.04217     1.69 
 65.5000 -77.62729     0.00  -0.34339     1.64 
 65.6000 -77.49294     0.00  -0.30955     1.59 
 65.7000 -77.87166     0.00  -0.73792     1.54 
 65.8000 -78.06414     0.00  -0.30093     1.50 
 65.9000 -78.18289     0.00   0.10880     1.46 
 66.0000 -77.75553     0.00  -0.41355     1.41 
 66.1000 -78.17285     0.00  -0.28387     1.37 
 66.2000 -78.36387     0.00   0.82746     1.34 
 66.3000 -78.20565     0.00   0.57739     1.30 
 66.4000 -77.90805     0.00   0.27986     1.27 
 66.5000 -77.64106     0.00   0.08580     1.23 
 66.6000 -77.66747     0.00  -0.00839     1.20 
 66.7000 -77.54281     0.00   0.31945     1.17 
 66.8000 -77.76770     0.00   0.06442     1.14 
 66.9000 -78.08207     0.00  -0.67523     1.11 
 67.0000 -78.13421     0.00  -0.05803     1.08 
 67.1000 -77.93763     0.00   0.42354     1.06 
 67.2000 -78.01262     0.00  -0.09458     1.03 
 67.3000 -77.63414     0.00   0.38323     1.00 
 67.4000 -77.35977     0.00  -0.45964     0.98 
 67.5000 -77.54869     0.00  -0.01345     0.96 
 67.6000 -77.58113     0.00  -0.13567     0.94 
 67.7000 -77.46621     0.00   0.31723     0.91 
 67.8000 -78.25862     0.00  -0.04908     0.89 
 67.9000 -78.16868     0.00  -0.37197     0.87 
 68.0000 -78.25648     0.00   0.45391     0.86 
 68.1000 -78.02652     0.00  -0.17260     0.84 
 68.2000 -77.63855     0.00  -0.53542     0.82 
 68.3000 -77.25331     0.00   0.06811     0.80 
 68.4000 -77.47785     0.00  -0.14443     0.79 
 68.5000 -77.42237     0.00  -0.25013     0.77 
 68.6000 -77.49372     0.00   0.81631     0.75 
 68.7000 -77.42783     0.00   0.57012     0.74 
 68.8000 -77.26845     0.00  -0.43943     0.72 
 68.9000 -77.30536     0.00  -0.55884     0.71 
 69.0000 -77.38174     0.00  -0.18565     0.70 
 69.1000 -77.50690     0.00   0.42178     0.68 
 69.2000 -77.81500     0.00   0.88334     0.67 
 69.3000 -77.88215     0.00   0.89824     0.66 
 69.4000 -77.85606     0.00   0.69243     0.65 
 69.5000 -78.15957     0.00   0.06540     0.63 
 69.6000 -78.11689     0.00  -1.21019     0.62 
 69.7000 -78.34813     0.00  -1.19381     0.61 
 69.8000 -78.30727     0.00  -0.40103     0.60 
 69.9000 -78.41482     0.00  -0.22591     0.59 
 70.0000 -78.10877     0.00  -0.78709     0.58 
 70.1000 -78.15513     0.00  -0.18939     0.57 
 70.2000 -78.09555     0.00   0.22649     0.56 
 70.3000 -78.12126     0.00  -0.18872     0.55 
 70.4000 -78.42085     0.00   0.23145     0.55 
 70.5000 -78.28819     0.00   0.41241     0.54 
 70.6000 -78.14561     0.00   0.58187     0.53 
 70.7000 -78.09769     0.00  -0.07113     0.52 
 70.8000 -78.02503     0.00   0.02494     0.51 
 70.9000 -77.86606     0.00   0.02715     0.51 
 71.0000 -78.03591     0.00   0.34681     0.50 
 71.1000 -77.58652     0.00   0.24187     0.49 
 71.2000 -77.81947     0.00  -0.09535     0.48 
 71.3000 -77.89894     0.00   0.63562     0.48 
 71.4000 -77.79432     0.00   0.87656     0.47 
 71.5000 -77.41635     0.00   0.21830     0.46 
 71.6000 -77.58001     0.00   0.70090     0.46 
 71.7000 -77.43233     0.00   0.39018     0.45 
 71.8000 -77.72216     0.00   0.15488     0.45 
 71.9000 -77.83450     0.00  -0.23636     0.44 
 72.0000 -77.48157     0.00   0.02157     0.44 
 72.1000 -77.46472     0.00  -0.40159     0.43 
 72.2000 -77.58518     0.00  -0.07027     0.45 
 72.3000 -77.52053     0.00   0.40151     0.45 
 72.4000 -77.64266     0.00  -0.16869     0.44 
 72.5000 -77.55655     0.00  -0.61829     0.44 
 72.6000 -77.78127     0.00   0.12172     0.43 
 72.7000 -78.02390     0.00   0.50878     0.43 
 72.8000 -78.01286     0.00   0.28945     0.43 
 72.9000 -78.20890     0.00  -0.07347     0.42 
 73.0000 -78.13737     0.00   0.29862     0.42 
 73.1000 -78.25642     0.00  -0.20328     0.41 
 73.2000 -78.31633     0.00  -0.91963     0.41 
 73.3000 -77.96960     0.00  -1.08719     0.41 
 73.4000 -78.25572     0.00  -0.57935     0.40 
 73.5000 -78.71934     0.00  -0.20822     0.40 
 73.6000 -78.90295     0.00  -0.12739     0.40 
 73.7000 -79.08796     0.00   0.44524     0.39 
 73.8000 -78.84235     0.00   0.03298     0.39 
 73.9000 -78.84941     0.00   0.16537     0.39 
 74.0000 -79.06724     0.00  -0.03560     0.38 
 74.1000 -78.87970     0.00   0.19068     0.38 
 74.2000 -78.97737     0.00  -0.21198     0.38 
 74.3000 -78.78048     0.00  -0.21776     0.37 
 74.4000 -78.67405     0.00   0.56562     0.37 
 74.5000 -78.76684     0.00   0.24547     0.37 
 74.6000 -79.01517     0.00  -0.05579     0.36 
 74.7000 -79.21337     0.00  -0.19345     0.36 
 74.8000 -79.17758     0.00   0.09269     0.36 
 74.9000 -79.41837     0.00  -0.44367     0.36 
 75.0000 -79.35166     0.00  -0.33225     0.35 
 75.1000 -79.58846     0.00  -0.00782     0.35 
 75.2000 -79.52376     0.00   0.52344     0.35 
 75.3000 -79.43367     0.00   1.19193     0.35 
 75.4000 -79.17159     0.00   0.74702     0.35 
 75.5000 -79.40388     0.00  -0.00073     0.34 
 75.6000 -79.23996     0.00  -0.63807     0.34 
 75.7000 -79.15405     0.00  -0.13502     0.34 
 75.8000 -79.08646     0.00  -0.60709     0.34 
 75.9000 -79.08471     0.00  -0.16217     0.34 
 76.0000 -79.18804     0.00   0.93065     0.33 
 76.1000 -79.06425     0.00   0.53558     0.33 
 76.2000 -78.86710     0.00   0.48428     0.33 
 76.3000 -78.66456     0.00  -0.37103     0.33 
 76.4000 -78.29063     0.00   0.73008     0.33 
 76.5000 -78.28896     0.00   0.14815     0.32 
 76.6000 -78.38885     0.00  -1.01920     0.32 
 76.7000 -78.11107     0.00  -0.43554     0.32 
 76.8000 -78.18374     0.00   0.38753     0.32 
 76.9000 -78.11507     0.00  -0.34638     0.32 
 77.0000 -78.22647     0.00  -0.56474     0.32 
 77.1000 -77.85604     0.00   0.02059     0.31 
 77.2000 -77.37210     0.00  -0.41016     0.31 
 77.3000 -77.23432     0.00  -0.10335     0.31 
 77.4000 -76.89115     0.00   0.32285     0.31 
 77.5000 -77.18845     0.00   0.66343     0.31 
 77.6000 -76.95839     0.00   0.54359     0.31 
 77.7000 -77.13695     0.00  -0.21516     0.31 
 77.8000 -77.40631     0.00  -0.36040     0.30 
 77.9000 -77.25871     0.00   0.13205     0.30 
 78.0000 -76.52455     0.00  -0.05063     0.30 
 78.1000 -76.53767     0.00  -0.06813     0.30 
 78.2000 -76.08216     0.00  -0.42864     0.30 
 78.3000 -76.17228     0.00  -0.45946     0.30 
 78.4000 -76.26789     0.00  -0.37927     0.30 
 78.5000 -76.32955     0.00  -0.52245     0.30 
 78.6000 -76.48022     0.00  -0.32588     0.29 
 78.7000 -76.45910     0.00   0.48711     0.29 
 78.8000 -76.41333     0.00   0.16550     0.29 
 78.9000 -76.44933     0.00   0.29831     0.29 
 79.0000 -76.19067     0.00   0.46167     0.29 
 79.1000 -75.98982     0.00   0.28590     0.29 
 79.2000 -75.64027     0.00   0.01182     0.32 
 79.3000 -75.76064     0.00  -0.09364     0.32 
 79.4000 -76.02736     0.00  -0.11337     0.32 
 79.5000 -76.33184     0.00   0.29299     0.32 
 79.6000 -76.50127     0.00   0.33118     0.32 
 79.7000 -76.45426     0.00   0.49449     0.31 
 79.8000 -76.12054     0.00   0.20129     0.31 
 79.9000 -76.12431     0.00  -1.20137     0.31 
