  0.1000 -64.89610     0.00   0.15238     0.48 
  0.2000 -64.51551     0.00   0.62488     2.78 
  0.3000 -64.57811     0.00   0.05316     3.75 
  0.4000 -64.02227     0.00   0.93669     4.98 
  0.5000 -63.66745     0.00   0.11558     6.53 
  0.6000 -63.59595     0.00  -0.22712     8.46 
  0.7000 -63.62144     0.00   0.04278    10.83 
  0.8000 -63.36724     0.01   0.21080    13.71 
  0.9000 -63.43060     0.01  -0.64601    17.16 
  1.0000 -63.19412     0.01   0.16902    21.24 
  1.1000 -63.29428     0.01   0.58217    26.02 
  1.2000 -63.32732     0.01   0.48091    31.56 
  1.3000 -63.82105     0.01   0.14631    37.89 
  1.4000 -63.79943     0.02   0.69884    45.03 
  1.5000 -63.64763     0.02  -0.00231    52.99 
  1.6000 -63.58403     0.03   0.44243    61.71 
  1.7000 -63.66484     0.03  -0.14211    71.13 
  1.8000 -63.57156     0.04  -0.48253    81.09 
  1.9000 -63.13152     0.05  -0.53128    91.42 
  2.0000 -62.85330     0.06  -0.77406   101.85 
  2.1000 -62.74054     0.08  -0.10123   112.07 
  2.2000 -62.35064     0.10  -0.10667   122.14 
  2.3000 -62.75383     0.12  -0.17389   131.88 
  2.4000 -62.44536     0.15   0.36039   141.06 
  2.5000 -62.23469     0.18  -0.08544   149.46 
  2.6000 -61.99696     0.21  -0.10162   156.82 
  2.7000 -61.86086     0.23   0.56409   162.92 
  2.8000 -61.77990     0.26   0.73390   167.55 
  2.9000 -61.51792     0.28   0.61828   170.50 
  3.0000 -60.91327     0.29   0.08343   171.61 
  3.1000 -60.80207     0.66  -0.51835   170.76 
  3.2000 -60.78421     0.70  -1.02654   167.86 
  3.3000 -60.78860     0.73   0.00569   162.81 
  3.4000 -61.35192     0.74  -0.41378   155.55 
  3.5000 -61.68115     0.74  -0.13668   146.08 
  3.6000 -61.26121     0.73  -0.01568   134.44 
  3.7000 -61.19318     0.70  -0.52326   120.76 
  3.8000 -61.43738     0.67  -0.17196   105.20 
  3.9000 -61.68803     0.68  -0.09486    87.99 
  4.0000 -61.72304     0.68  -0.36961    69.42 
  4.1000 -61.74317     0.67  -0.53313    65.91 
  4.2000 -61.85830     0.65   0.05186    67.39 
  4.3000 -61.84042     0.63  -0.78072    68.33 
  4.4000 -62.16648     0.60  -0.96459    68.65 
  4.5000 -62.48290     0.56  -0.88483    68.28 
  4.6000 -62.47834     0.00  -0.67253    67.17 
  4.7000 -62.59364     0.00  -1.06908    65.32 
  4.8000 -62.58852     0.00  -0.54105    62.73 
  4.9000 -62.95096     0.00  -0.88675    59.46 
  5.0000 -63.10288     0.00  -0.07855    55.58 
  5.1000 -63.14736     0.00  -0.49061    51.19 
  5.2000 -63.25012     0.00  -1.21478    46.41 
  5.3000 -63.19075     0.00  -0.69070    41.38 
  5.4000 -63.15759     0.00  -0.57905    36.24 
  5.5000 -63.25938     0.00  -0.62101    31.13 
  5.6000 -62.87083     0.00  -1.33486    26.21 
  5.7000 -62.76454     0.00  -0.76949    21.61 
  5.8000 -62.80823     0.00  -0.99856    17.41 
  5.9000 -62.93132     0.00  -0.66121    13.71 
  6.0000 -63.39719     0.00  -1.17445    10.54 
  6.1000 -64.39932     0.00  -0.61831     7.90 
  6.2000 -64.29026     0.00  -1.55008     5.78 
  6.3000 -64.16852     0.00  -2.20921     4.13 
  6.4000 -63.91775     0.00  -2.51879     2.87 
  6.5000 -63.68601     0.00  -0.95515     1.96 
  6.6000 -63.88444     0.00  -1.21965     1.30 
  6.7000 -63.67026     0.00  -0.62656     0.85 
  6.8000 -63.91646     0.00  -0.09907     0.00 
  6.9000 -64.25547     0.00  -1.08236     0.00 
  7.0000 -64.69830     0.00  -1.04861     0.00 
  7.1000 -64.55845     0.00  -1.47886     0.00 
  7.2000 -64.81298     0.00  -0.87169     0.00 
  7.3000 -65.05953     0.00  -1.08923     0.00 
  7.4000 -65.36538     0.00  -1.90731     0.00 
  7.5000 -64.92901     0.00  -2.03309     0.00 
  7.6000 -65.01444     0.00  -1.42518     0.00 
  7.7000 -65.09058     0.00  -0.78920     0.00 
  7.8000 -65.22363     0.00  -0.20183     0.00 
  7.9000 -64.87918     0.00  -0.12196     0.00 
  8.0000 -65.28404     0.00  -0.05086     0.00 
  8.1000 -65.47825     0.00  -0.57589     0.00 
  8.2000 -65.59980     0.00   0.03156     0.00 
  8.3000 -65.93481     0.00  -1.18896     0.00 
  8.4000 -65.97684     0.00  -2.00500     0.00 
  8.5000 -66.18905     0.00  -1.65734     0.00 
  8.6000 -65.81884     0.00  -1.66714     0.00 
  8.7000 -66.14076     0.00  -1.51338     0.00 
  8.8000 -65.90819     0.00  -0.76367     0.00 
  8.9000 -66.24469     0.00  -0.23913     0.00 
  9.0000 -66.39159     0.00  -0.20528     0.00 
  9.1000 -66.17460     0.00  -0.53336     0.00 
  9.2000 -66.09330     0.00  -0.00048     0.00 
  9.3000 -66.08128     0.00  -0.32666     0.00 
  9.4000 -65.95957     0.00  -0.16509     0.00 
  9.5000 -66.13075     0.00  -0.68393     0.00 
  9.6000 -66.05219     0.00  -0.72673     0.00 
  9.7000 -65.87771     0.00  -1.63626     0.00 
  9.8000 -65.72886     0.00  -1.17872     0.00 
  9.9000 -66.10036     0.00  -0.64259     0.00 
 10.0000 -66.30991     0.00  -0.84539     0.00 
 10.1000 -66.16065     0.00  -0.70743     0.00 
 10.2000 -65.87036     0.00  -0.78966     0.00 
 10.3000 -65.81813     0.00  -0.50029     0.00 
 10.4000 -65.77510     0.00  -0.47207     0.00 
 10.5000 -65.85112     0.00  -0.38871     0.00 
 10.6000 -65.74019     0.00  -0.29673     0.00 
 10.7000 -65.86943     0.00  -0.28301     0.00 
 10.8000 -66.08196     0.00   0.16747     0.00 
 10.9000 -65.94010     0.00  -0.23525     0.00 
 11.0000 -65.85361     0.00  -0.42533     0.00 
 11.1000 -65.79681     0.00  -0.83947     0.00 
 11.2000 -66.14121     0.00  -0.78345     0.00 
 11.3000 -66.20948     0.00  -0.84045     0.00 
 11.4000 -66.45541     0.00   0.24706     0.00 
 11.5000 -66.29530     0.00  -0.08119     0.00 
 11.6000 -66.04705     0.00  -0.39443     0.00 
 11.7000 -65.70027     0.00  -0.32093     0.00 
 11.8000 -65.58073     0.00  -0.05865     0.00 
 11.9000 -65.79764     0.00   0.42995     0.00 
 12.0000 -66.25364     0.00  -0.47242     0.00 
 12.1000 -66.21150     0.00  -0.15801     0.00 
 12.2000 -66.42322     0.00  -0.23707     0.00 
 12.3000 -66.14593     0.00  -0.34661     0.00 
 12.4000 -66.55882     0.00  -1.40440     0.00 
 12.5000 -66.74817     0.00  -1.00315     0.00 
 12.6000 -66.68768     0.00  -0.54292     0.00 
 12.7000 -66.96819     0.00   0.31190     0.00 
 12.8000 -66.99142     0.00   0.25412     0.00 
 12.9000 -67.14352     0.00  -0.05457     0.00 
 13.0000 -67.27063     0.00  -0.24411     0.00 
 13.1000 -66.81701     0.00  -0.44164     0.00 
 13.2000 -67.02937     0.00  -0.06111     0.00 
 13.3000 -67.15575     0.00  -0.00552     0.00 
 13.4000 -67.57988     0.00   0.02787     0.00 
 13.5000 -67.32995     0.00  -0.02874     0.00 
 13.6000 -67.23001     0.00  -0.97064     0.00 
 13.7000 -67.22184     0.00  -0.52151     0.00 
 13.8000 -66.78549     0.00  -0.15330     0.00 
 13.9000 -67.04810     0.00   0.36766     0.00 
 14.0000 -67.23337     0.00  -0.48147     0.00 
 14.1000 -67.48410     0.00  -0.39080     0.00 
 14.2000 -67.38233     0.00  -0.93208     0.00 
 14.3000 -67.46074     0.00  -0.63790     0.00 
 14.4000 -67.52105     0.00   0.38316     0.00 
 14.5000 -67.13291     0.00   0.60155     0.00 
 14.6000 -66.98950     0.00   0.70615     0.00 
 14.7000 -66.65915     0.00  -0.21846     0.00 
 14.8000 -66.62668     0.00  -0.80334     0.00 
 14.9000 -66.17855     0.00   0.30307     0.00 
 15.0000 -65.61491     0.00   0.01243     0.00 
 15.1000 -65.71852     0.00  -0.29520     0.00 
 15.2000 -65.66696     0.00   0.45853     0.00 
 15.3000 -65.48611     0.00  -0.07933     0.00 
 15.4000 -65.45111     0.00   0.03700     0.00 
 15.5000 -65.53917     0.00  -0.15354     0.00 
 15.6000 -65.39298     0.00   0.08220     0.00 
 15.7000 -65.28989     0.00  -0.04986     0.00 
 15.8000 -65.36586     0.00   1.05596     0.00 
 15.9000 -65.62599     0.00   0.10590     0.00 
 16.0000 -65.94520     0.00  -0.20392     0.01 
 16.1000 -66.07573     0.00  -0.46942     0.01 
 16.2000 -65.84966     0.00   0.19713     0.01 
 16.3000 -66.08355     0.00   0.51669     0.01 
 16.4000 -65.98268     0.00  -0.36924     0.01 
 16.5000 -65.94971     0.00  -0.63713     0.02 
 16.6000 -66.33296     0.00  -0.18872     0.02 
 16.7000 -66.44351     0.00  -0.04005     0.03 
 16.8000 -66.54571     0.00   0.06281     0.03 
 16.9000 -66.82168     0.00  -0.42823     0.04 
 17.0000 -66.22177     0.00   0.13461     0.05 
 17.1000 -65.95331     0.00  -0.77925     0.06 
 17.2000 -66.08010     0.00  -0.66540     0.08 
 17.3000 -65.98800     0.00  -0.39697     0.10 
 17.4000 -65.89352     0.00   0.09324     0.12 
 17.5000 -65.90835     0.00   0.37846     0.14 
 17.6000 -65.72409     0.00  -0.20861     0.18 
 17.7000 -65.80825     0.00  -0.53206     0.22 
 17.8000 -65.61787     0.00   0.54732     0.27 
 17.9000 -65.24477     0.00  -0.25104     0.32 
 18.0000 -65.27589     0.00   0.39283     0.65 
 18.1000 -65.24831     0.00   0.52051     0.88 
 18.2000 -65.21492     0.00  -0.05281     1.15 
 18.3000 -65.31363     0.00  -0.46890     1.38 
 18.4000 -64.81428     0.00  -0.14573     1.63 
 18.5000 -64.88922     0.00  -0.27638     1.93 
 18.6000 -64.88901     0.00   0.14845     2.27 
 18.7000 -64.92393     0.00   0.00897     2.67 
 18.8000 -64.87232     0.00  -0.66622     3.13 
 18.9000 -64.68927     0.00  -0.12132     3.66 
 19.0000 -64.81913     0.00   0.23539     4.26 
 19.1000 -64.64960     0.00   0.11964     4.96 
 19.2000 -64.41274     0.00   0.59803     5.74 
 19.3000 -64.34978     0.00  -0.59249     6.64 
 19.4000 -64.60023     0.00  -0.04854     7.66 
 19.5000 -64.52397     0.00   0.07873     8.80 
 19.6000 -64.83097     0.00   0.32446    10.09 
 19.7000 -64.70539     0.00   0.25773    11.52 
 19.8000 -64.94837     0.00   0.12166    13.13 
 19.9000 -64.95180     0.00   0.56598    14.91 
 20.0000 -65.15773     0.00   0.52525    16.89 
 20.1000 -65.14237     0.00  -0.52856    19.07 
 20.2000 -65.09930     0.00  -0.04001    21.46 
 20.3000 -64.88330     0.00   0.32546    24.07 
 20.4000 -64.93218     0.00  -0.24642    26.91 
 20.5000 -64.69378     0.00   0.43008    29.98 
 20.6000 -64.64906     0.00   0.24207    33.28 
 20.7000 -64.68880     0.00  -1.05449    36.82 
 20.8000 -64.93149     0.00  -0.12617    40.58 
 20.9000 -65.05575     0.00   0.01449    44.55 
 21.0000 -65.01762     0.00   0.19730    48.72 
 21.1000 -65.05820     0.00   0.90892    53.08 
 21.2000 -64.97847     0.00   0.77867    57.58 
 21.3000 -64.49264     0.00   0.40587    62.20 
 21.4000 -64.49195     0.00  -0.03993    66.88 
 21.5000 -64.42684     0.00  -0.66898    71.57 
 21.6000 -64.50067     0.00   0.27674    76.21 
 21.7000 -64.54110     0.00   0.63247    80.73 
 21.8000 -64.63425     0.00  -0.61485    85.04 
 21.9000 -64.78864     0.00  -0.26248    89.06 
 22.0000 -64.80185     0.00  -0.94529    92.72 
 22.1000 -64.75160     0.00  -0.17982    95.91 
 22.2000 -65.22022     0.00  -0.78713    98.57 
 22.3000 -65.24137     0.00  -0.19458   100.59 
 22.4000 -65.27214     0.00  -0.29379   101.88 
 22.5000 -65.60186     0.00   0.36906   102.34 
 22.6000 -65.65701     0.00   0.30842   101.90 
 22.7000 -65.62190     0.00   0.11816   100.49 
 22.8000 -65.78995     0.00   0.07206    98.07 
 22.9000 -65.75258     0.00   0.36039    94.61 
 23.0000 -65.93173     0.00  -0.07758    90.12 
 23.1000 -66.22197     0.00  -0.91385    84.62 
 23.2000 -66.25709     0.00  -0.81103    78.15 
 23.3000 -66.64338     0.00   0.10529    70.83 
 23.4000 -66.67238     0.00   0.08340    62.77 
 23.5000 -66.12335     0.00  -0.51527    54.13 
 23.6000 -66.24695     0.00  -0.23218    52.93 
 23.7000 -66.37975     0.00  -1.56562    53.55 
 23.8000 -66.58941     0.00  -0.33608    53.88 
 23.9000 -66.43787     0.00  -0.54239    53.89 
 24.0000 -66.73807     0.00  -0.01989    53.57 
 24.1000 -66.95083     0.00  -0.37550    52.90 
 24.2000 -66.89236     0.00   0.55502    51.87 
 24.3000 -66.97611     0.00   0.13002    50.48 
 24.4000 -67.13199     0.00  -0.21552    48.72 
 24.5000 -67.17136     0.00  -0.88520    46.63 
 24.6000 -67.34142     0.00  -0.81615    44.22 
 24.7000 -67.71128     0.00  -1.09564    41.54 
 24.8000 -67.93833     0.00  -1.35291    38.64 
 24.9000 -68.21264     0.00  -1.44312    35.58 
 25.0000 -68.10748     0.00  -1.09033    32.43 
 25.1000 -68.28209     0.00  -1.33673    29.24 
 25.2000 -68.42429     0.00  -0.47808    26.07 
 25.3000 -69.04685     0.00  -0.29667    22.99 
 25.4000 -69.27663     0.00  -0.81590    20.05 
 25.5000 -69.28969     0.00  -0.42778    17.29 
 25.6000 -69.01262     0.00  -0.46576    14.73 
 25.7000 -68.69884     0.00  -0.30114    12.41 
 25.8000 -68.24584     0.00  -0.00442    10.33 
 25.9000 -68.28627     0.00  -0.20750     8.51 
 26.0000 -68.27082     0.00  -1.31357     6.92 
 26.1000 -68.60246     0.00  -0.92390     5.57 
 26.2000 -68.45563     0.00  -1.24369     4.43 
 26.3000 -68.78108     0.00  -1.29703     3.49 
 26.4000 -69.02585     0.00  -0.20862     2.72 
 26.5000 -69.07548     0.00  -0.53602     2.10 
 26.6000 -68.79910     0.00  -0.85848     1.61 
 26.7000 -68.96397     0.00  -0.68282     1.23 
 26.8000 -68.78454     0.00  -1.17324     0.93 
 26.9000 -68.53606     0.00  -1.56086     0.69 
 27.0000 -68.44134     0.00  -0.32421     0.00 
 27.1000 -68.65335     0.00  -0.66049     0.00 
 27.2000 -68.75571     0.00  -0.74861     0.00 
 27.3000 -68.76399     0.00  -0.67473     0.00 
 27.4000 -68.66716     0.00  -0.33443     0.00 
 27.5000 -68.71383     0.00  -0.84288     0.00 
 27.6000 -68.75058     0.00  -0.76556     0.00 
 27.7000 -68.63854     0.00  -0.61818     0.00 
 27.8000 -68.96809     0.00   0.15329     0.00 
 27.9000 -69.14275     0.00  -0.16054     0.00 
 28.0000 -68.66837     0.00  -0.68406     0.00 
 28.1000 -68.39510     0.00  -1.03288     0.00 
 28.2000 -68.57579     0.00  -0.89246     0.00 
 28.3000 -68.97413     0.00  -1.67915     0.00 
 28.4000 -69.76870     0.00  -1.23553     0.00 
 28.5000 -69.88268     0.00  -0.21793     0.00 
 28.6000 -69.79221     0.00  -0.46513     0.00 
 28.7000 -69.65875     0.00  -0.55370     0.00 
 28.8000 -69.92158     0.00  -0.76092     0.00 
 28.9000 -69.81980     0.00  -0.74871     0.00 
 29.0000 -69.67217     0.00  -0.86094     0.00 
 29.1000 -69.52912     0.00  -0.31066     0.00 
 29.2000 -69.59259     0.00   0.52481     0.00 
 29.3000 -68.97652     0.00   0.69398     0.00 
 29.4000 -69.35422     0.00  -0.38051     0.00 
 29.5000 -69.38313     0.00  -0.58090     0.00 
 29.6000 -70.27144     0.00  -0.14248     0.00 
 29.7000 -70.17923     0.00  -0.84113     0.00 
 29.8000 -70.02341     0.00  -0.43356     0.00 
 29.9000 -69.69918     0.00  -0.40059     0.00 
 30.0000 -69.49975     0.00  -0.09711     0.00 
 30.1000 -69.72040     0.00  -0.68238     0.00 
 30.2000 -69.97949     0.00  -0.52157     0.00 
 30.3000 -70.08503     0.00  -0.88617     0.00 
 30.4000 -70.18493     0.00  -0.70379     0.00 
 30.5000 -70.00263     0.00  -0.42093     0.00 
 30.6000 -70.10815     0.00   0.09146     0.00 
 30.7000 -69.59922     0.00   0.16382     0.00 
 30.8000 -69.52810     0.00   0.05667     0.00 
 30.9000 -69.32391     0.00   0.34896     0.00 
 31.0000 -69.48627     0.00   0.34077     0.00 
 31.1000 -69.25113     0.00   0.04261     0.00 
 31.2000 -69.17699     0.00  -0.43393     0.00 
 31.3000 -68.92723     0.00   0.12781     0.00 
 31.4000 -68.59121     0.00  -0.72325     0.00 
 31.5000 -69.04680     0.00  -0.11839     0.00 
 31.6000 -68.79224     0.00  -0.98344     0.00 
 31.7000 -68.69943     0.00  -0.65034     0.00 
 31.8000 -68.98281     0.00  -0.63614     0.00 
 31.9000 -68.80920     0.00  -0.85229     0.00 
 32.0000 -68.60142     0.00  -0.74503     0.00 
 32.1000 -68.84362     0.00   0.11411     0.00 
 32.2000 -69.26310     0.00   0.59078     0.00 
 32.3000 -69.33828     0.00  -0.56495     0.00 
 32.4000 -69.14420     0.00   0.44633     0.00 
 32.5000 -69.18649     0.00  -0.07803     0.00 
 32.6000 -69.05809     0.00  -0.53434     0.00 
 32.7000 -69.17587     0.00  -0.03101     0.00 
 32.8000 -69.22179     0.00  -0.70810     0.00 
 32.9000 -69.56888     0.00   0.25601     0.00 
 33.0000 -69.59260     0.00   0.11892     0.00 
 33.1000 -69.56804     0.00   0.68813     0.00 
 33.2000 -69.56018     0.00  -0.16602     0.00 
 33.3000 -69.71302     0.00  -0.15169     0.00 
 33.4000 -69.63599     0.00   0.03862     0.00 
 33.5000 -69.70675     0.00  -0.00142     0.00 
 33.6000 -69.60380     0.00  -0.70624     0.00 
 33.7000 -69.47393     0.00  -0.85016     0.01 
 33.8000 -69.31771     0.00  -0.17794     0.01 
 33.9000 -69.12373     0.00  -0.32037     0.01 
 34.0000 -69.30893     0.00  -0.33664     0.01 
 34.1000 -68.97404     0.00  -0.16764     0.01 
 34.2000 -68.59008     0.00   0.66216     0.01 
 34.3000 -68.39524     0.00   0.93899     0.02 
 34.4000 -68.60054     0.00   0.12495     0.02 
 34.5000 -68.95672     0.00   0.16548     0.03 
 34.6000 -68.63305     0.00  -0.35253     0.03 
 34.7000 -68.05292     0.00  -0.56256     0.04 
 34.8000 -67.75069     0.00  -1.28679     0.04 
 34.9000 -67.48055     0.00  -0.57457     0.05 
 35.0000 -67.77392     0.00  -0.01835     0.07 
 35.1000 -67.75672     0.00  -0.23858     0.08 
 35.2000 -67.93240     0.00  -0.74617     0.09 
 35.3000 -68.02829     0.00   0.45320     0.11 
 35.4000 -68.31568     0.00   0.67192     0.14 
 35.5000 -68.33475     0.00   0.60254     0.16 
 35.6000 -68.65676     0.00   0.10425     0.20 
 35.7000 -68.11542     0.00   0.18205     0.24 
 35.8000 -68.25233     0.00   0.25620     0.28 
 35.9000 -68.83181     0.00   0.13786     0.68 
 36.0000 -68.40674     0.00  -0.38288     0.79 
 36.1000 -68.17004     0.00  -0.87814     0.95 
 36.2000 -67.86147     0.00  -0.26554     1.14 
 36.3000 -67.75356     0.00  -0.11094     1.38 
 36.4000 -67.76134     0.00  -0.63515     1.64 
 36.5000 -67.87631     0.00   0.04219     1.93 
 36.6000 -68.04421     0.00  -0.62148     2.25 
 36.7000 -67.90818     0.00  -0.08337     2.60 
 36.8000 -67.92974     0.00   0.61544     3.01 
 36.9000 -68.09049     0.00   0.39557     3.48 
 37.0000 -68.25667     0.00   0.09597     4.01 
 37.1000 -68.33315     0.00   0.13083     4.61 
 37.2000 -68.10780     0.00  -0.23401     5.28 
 37.3000 -67.60717     0.00  -0.17747     6.05 
 37.4000 -67.77806     0.00  -0.36654     6.91 
 37.5000 -67.62765     0.00  -0.34190     7.88 
 37.6000 -67.93514     0.00   0.49017     8.97 
 37.7000 -67.95652     0.00   0.35865    10.17 
 37.8000 -67.94064     0.00   0.20881    11.52 
 37.9000 -67.78771     0.00   0.70550    13.01 
 38.0000 -67.48339     0.00   0.10473    14.65 
 38.1000 -67.52855     0.00   0.33640    16.47 
 38.2000 -67.65423     0.00   0.53424    18.45 
 38.3000 -67.53396     0.00  -0.13775    20.63 
 38.4000 -67.80032     0.00  -0.62138    22.99 
 38.5000 -67.90380     0.00  -0.32442    25.55 
 38.6000 -67.96317     0.00   0.22479    28.31 
 38.7000 -68.11769     0.00   0.63272    31.27 
 38.8000 -68.01630     0.00   0.28969    34.43 
 38.9000 -67.98190     0.00   0.21401    37.78 
 39.0000 -67.78757     0.00   0.83028    41.32 
 39.1000 -67.78890     0.00   0.18837    45.03 
 39.2000 -67.93545     0.00  -0.33246    48.90 
 39.3000 -68.21457     0.00  -0.17723    52.90 
 39.4000 -68.22758     0.00  -0.00331    57.01 
 39.5000 -67.83965     0.00  -0.37308    61.17 
 39.6000 -67.86928     0.00  -0.14412    65.34 
 39.7000 -67.58875     0.00  -0.49982    69.48 
 39.8000 -67.68315     0.00  -0.38128    73.52 
 39.9000 -68.02822     0.00   0.25900    77.40 
 40.0000 -68.08290     0.00   0.30441    81.06 
 40.1000 -68.71053     0.00  -0.29260    84.42 
 40.2000 -68.92907     0.00  -0.76288    87.41 
 40.3000 -69.28883     0.00  -0.73552    89.95 
 40.4000 -69.18324     0.00   0.22907    91.97 
 40.5000 -68.83273     0.00  -0.39826    93.36 
 40.6000 -68.39049     0.00   0.02146    94.06 
 40.7000 -68.37701     0.00  -0.03374    93.99 
 40.8000 -68.58735     0.00  -0.38681    93.11 
 40.9000 -68.37353     0.00  -0.00544    91.35 
 41.0000 -68.43119     0.00  -0.99890    88.71 
 41.1000 -68.80597     0.00  -0.49032    85.17 
 41.2000 -69.04761     0.00  -0.25375    80.75 
 41.3000 -68.81337     0.00   0.10026    75.49 
 41.4000 -68.93079     0.00   0.68070    69.45 
 41.5000 -68.93744     0.00   0.34060    62.74 
 41.6000 -69.56422     0.00   0.37804    55.45 
 41.7000 -69.58304     0.00   0.17554    50.49 
 41.8000 -69.78286     0.00  -0.29399    51.03 
 41.9000 -69.61571     0.00  -1.04472    51.44 
 42.0000 -69.83822     0.00  -0.56667    51.57 
 42.1000 -69.85614     0.00  -0.35944    51.42 
 42.2000 -69.76639     0.00  -0.44803    50.96 
 42.3000 -69.71750     0.00   0.32451    50.18 
 42.4000 -69.52765     0.00  -0.48429    49.06 
 42.5000 -69.61669     0.00  -0.75737    47.62 
 42.6000 -69.74425     0.00  -0.19353    45.86 
 42.7000 -69.78645     0.00   0.12164    43.81 
 42.8000 -69.50722     0.00  -0.70967    41.50 
 42.9000 -69.43266     0.00  -0.49690    38.97 
 43.0000 -69.38577     0.00  -0.55256    36.27 
 43.1000 -69.09199     0.00  -1.04850    33.45 
 43.2000 -69.58027     0.00  -1.19233    30.56 
 43.3000 -69.56643     0.00  -0.79867    27.65 
 43.4000 -69.92514     0.00  -0.92835    24.77 
 43.5000 -70.33960     0.00  -0.32571    21.98 
 43.6000 -69.93509     0.00  -0.85903    19.30 
 43.7000 -70.25870     0.00  -0.61333    16.78 
 43.8000 -70.34745     0.00   0.31655    14.44 
 43.9000 -70.18546     0.00  -1.31215    12.29 
 44.0000 -70.22318     0.00  -0.74823    10.36 
 44.1000 -70.51226     0.00  -0.54803     8.65 
 44.2000 -70.28841     0.00  -1.01120     7.14 
 44.3000 -70.40690     0.00  -0.83690     5.84 
 44.4000 -70.52256     0.00  -0.21316     4.73 
 44.5000 -70.38667     0.00   0.17014     3.80 
 44.6000 -70.28984     0.00  -0.76066     3.02 
 44.7000 -69.96537     0.00  -0.80823     2.38 
 44.8000 -69.53219     0.00  -0.60049     1.87 
 44.9000 -69.53154     0.00  -0.82269     1.45 
 45.0000 -69.66626     0.00  -0.96463     1.12 
 45.1000 -69.29035     0.00  -0.29368     0.86 
 45.2000 -69.41763     0.00  -0.60126     0.47 
 45.3000 -69.77834     0.00  -0.96598     0.00 
 45.4000 -69.85246     0.00  -0.68666     0.00 
 45.5000 -69.77856     0.00  -0.45465     0.00 
 45.6000 -69.99731     0.00  -1.25305     0.00 
 45.7000 -70.08837     0.00  -0.53992     0.00 
 45.8000 -69.82720     0.00  -0.31706     0.00 
 45.9000 -69.96021     0.00  -0.91748     0.00 
 46.0000 -70.25983     0.00  -0.61293     0.00 
 46.1000 -70.08822     0.00  -0.05014     0.00 
 46.2000 -69.74586     0.00   0.31695     0.00 
 46.3000 -69.98776     0.00  -0.51884     0.00 
 46.4000 -69.54898     0.00  -1.03129     0.00 
 46.5000 -69.52500     0.00  -1.28264     0.00 
 46.6000 -69.30188     0.00  -1.08302     0.00 
 46.7000 -69.25782     0.00   0.21365     0.00 
 46.8000 -69.28931     0.00  -0.70283     0.00 
 46.9000 -68.79742     0.00   0.45564     0.00 
 47.0000 -68.44012     0.00  -0.33606     0.00 
 47.1000 -68.72203     0.00  -0.72894     0.00 
 47.2000 -69.10450     0.00  -0.29235     0.00 
 47.3000 -69.29399     0.00  -0.78532     0.00 
 47.4000 -69.14372     0.00  -0.67376     0.00 
 47.5000 -68.87975     0.00  -1.32643     0.00 
 47.6000 -68.50830     0.00  -0.03721     0.00 
 47.7000 -68.69532     0.00   0.02434     0.00 
 47.8000 -68.94930     0.00   0.03916     0.00 
 47.9000 -69.10965     0.00  -0.61173     0.00 
 48.0000 -69.36934     0.00  -0.37747     0.00 
 48.1000 -69.20900     0.00  -0.65684     0.00 
 48.2000 -69.16350     0.00  -0.07958     0.00 
 48.3000 -69.38541     0.00  -0.38940     0.00 
 48.4000 -69.15484     0.00  -1.02267     0.00 
 48.5000 -69.30658     0.00  -0.03915     0.00 
 48.6000 -69.31047     0.00   0.37931     0.00 
 48.7000 -69.30961     0.00  -0.35769     0.00 
 48.8000 -69.50686     0.00   0.05350     0.00 
 48.9000 -69.67358     0.00  -0.49950     0.00 
 49.0000 -69.81211     0.00  -0.29861     0.00 
 49.1000 -69.61394     0.00  -0.06520     0.00 
 49.2000 -69.99718     0.00  -0.35566     0.00 
 49.3000 -69.78274     0.00   0.20517     0.00 
 49.4000 -69.67914     0.00   0.43661     0.00 
 49.5000 -69.67925     0.00  -0.97759     0.00 
 49.6000 -69.58810     0.00  -1.25055     0.00 
 49.7000 -69.80403     0.00  -0.73311     0.00 
 49.8000 -69.52058     0.00   0.30232     0.00 
 49.9000 -69.84991     0.00   0.19473     0.00 
 50.0000 -69.53787     0.00   0.57308     0.00 
 50.1000 -69.45743     0.00   0.01380     0.00 
 50.2000 -69.50201     0.00  -0.13411     0.00 
 50.3000 -69.44984     0.00  -0.20172     0.00 
 50.4000 -69.47938     0.00   0.37544     0.00 
 50.5000 -69.73976     0.00  -0.82055     0.00 
 50.6000 -69.86515     0.00  -0.82623     0.00 
 50.7000 -69.67505     0.00  -0.65664     0.00 
 50.8000 -69.91426     0.00   0.56713     0.00 
 50.9000 -69.90889     0.00   0.54826     0.00 
 51.0000 -69.74339     0.00   0.43358     0.00 
 51.1000 -69.97025     0.00  -0.03600     0.00 
 51.2000 -69.89302     0.00  -0.96849     0.00 
 51.3000 -69.85605     0.00  -1.07763     0.00 
 51.4000 -69.94254     0.00  -0.11708     0.00 
 51.5000 -70.08654     0.00  -0.34915     0.01 
 51.6000 -70.45664     0.00  -0.22559     0.01 
 51.7000 -70.55112     0.00   0.10779     0.01 
 51.8000 -70.53789     0.00   0.18318     0.01 
 51.9000 -70.40699     0.00  -0.34023     0.01 
 52.0000 -70.32747     0.00  -0.72147     0.01 
 52.1000 -70.68912     0.00  -0.70040     0.02 
 52.2000 -70.58395     0.00  -0.26100     0.02 
 52.3000 -70.22967     0.00  -0.75507     0.02 
 52.4000 -70.00101     0.00   0.39136     0.03 
 52.5000 -70.20655     0.00   0.35966     0.03 
 52.6000 -70.27223     0.00   0.68198     0.04 
 52.7000 -70.32712     0.00   0.43331     0.05 
 52.8000 -70.10596     0.00   0.43201     0.06 
 52.9000 -69.93240     0.00   0.92348     0.07 
 53.0000 -70.33337     0.00  -0.00025     0.08 
 53.1000 -70.19388     0.00   0.04599     0.10 
 53.2000 -70.23616     0.00  -0.06222     0.12 
 53.3000 -70.01022     0.00  -0.40898     0.14 
 53.4000 -70.16158     0.00  -1.02331     0.17 
 53.5000 -70.09185     0.00  -1.24741     0.20 
 53.6000 -70.90122     0.00  -0.83830     0.24 
 53.7000 -71.22518     0.00  -0.34307     0.29 
 53.8000 -71.54286     0.00   0.66088     0.71 
 53.9000 -71.15451     0.00   0.31741     0.83 
 54.0000 -70.97325     0.00   0.04065     0.98 
 54.1000 -70.94985     0.00  -0.52056     1.17 
 54.2000 -70.75873     0.00   0.37707     1.41 
 54.3000 -70.57475     0.00   0.09940     1.67 
 54.4000 -70.76087     0.00  -0.08513     1.95 
 54.5000 -70.50882     0.00   0.23299     2.25 
 54.6000 -70.62995     0.00  -0.13589     2.61 
 54.7000 -70.41478     0.00   0.90627     3.01 
 54.8000 -70.60109     0.00   0.37482     3.47 
 54.9000 -70.51412     0.00  -0.52528     3.98 
 55.0000 -70.41263     0.00  -1.10270     4.57 
 55.1000 -69.94190     0.00  -1.15147     5.23 
 55.2000 -69.98899     0.00  -0.02197     5.97 
 55.3000 -69.90510     0.00  -0.63909     6.81 
 55.4000 -70.04847     0.00   0.34653     7.75 
 55.5000 -69.74388     0.00   0.85411     8.79 
 55.6000 -69.59469     0.00   0.04165     9.96 
 55.7000 -69.60899     0.00   0.46361    11.26 
 55.8000 -69.54650     0.00  -0.13826    12.70 
 55.9000 -69.70736     0.00   0.02459    14.28 
 56.0000 -69.58382     0.00   0.71614    16.03 
 56.1000 -69.58957     0.00   1.21627    17.94 
 56.2000 -69.39400     0.00   0.67103    20.04 
 56.3000 -69.14726     0.00   0.11287    22.31 
 56.4000 -69.16461     0.00  -0.09918    24.78 
 56.5000 -69.35058     0.00  -0.01070    27.43 
 56.6000 -69.36685     0.00  -0.52513    30.29 
 56.7000 -69.33625     0.00  -0.29153    33.33 
 56.8000 -69.00997     0.00  -0.14445    36.56 
 56.9000 -69.35228     0.00   0.16395    39.98 
 57.0000 -69.23849     0.00   0.29809    43.56 
 57.1000 -68.93071     0.00   0.31344    47.30 
 57.2000 -68.59174     0.00  -0.54917    51.17 
 57.3000 -68.77916     0.00  -1.10643    55.15 
 57.4000 -68.71209     0.00  -0.38656    59.19 
 57.5000 -68.72784     0.00  -0.32849    63.26 
 57.6000 -68.75801     0.00  -0.27675    67.31 
 57.7000 -69.00290     0.00  -0.09642    71.28 
 57.8000 -68.69601     0.00  -0.71987    75.10 
 57.9000 -68.61068     0.00  -0.02859    78.72 
 58.0000 -68.54687     0.00   0.24387    82.07 
 58.1000 -68.60848     0.00   0.43867    85.07 
 58.2000 -68.79882     0.00   0.19164    87.66 
 58.3000 -69.04474     0.00   0.09983    89.76 
 58.4000 -68.98497     0.00   0.46437    91.29 
 58.5000 -69.17460     0.00   0.03278    92.17 
 58.6000 -69.38904     0.00  -0.13011    92.32 
 58.7000 -69.07993     0.00  -0.24172    91.70 
 58.8000 -68.95566     0.00  -0.05922    90.25 
 58.9000 -69.17279     0.00  -0.28191    87.95 
 59.0000 -69.35058     0.00  -0.11691    84.77 
 59.1000 -69.52421     0.00   0.06923    80.73 
 59.2000 -69.40311     0.00  -0.62449    75.85 
 59.3000 -69.42643     0.00  -0.37123    70.20 
 59.4000 -69.34526     0.00  -0.61933    63.85 
 59.5000 -69.31832     0.00   0.28434    56.91 
 59.6000 -69.29134     0.00  -0.86781    50.43 
 59.7000 -69.66079     0.00  -1.29456    50.37 
 59.8000 -69.82255     0.00  -0.45591    50.83 
 59.9000 -69.41450     0.00  -0.35951    51.03 
 60.0000 -69.12044     0.00  -0.32908    50.96 
 60.1000 -69.25567     0.00   0.17497    50.59 
 60.2000 -69.62169     0.00  -1.09676    49.92 
 60.3000 -69.82924     0.00   0.13281    48.93 
 60.4000 -69.80556     0.00   0.01892    47.62 
 60.5000 -69.80112     0.00   0.29136    46.00 
 60.6000 -69.52066     0.00  -0.46652    44.08 
 60.7000 -69.85658     0.00   0.14566    41.90 
 60.8000 -69.91915     0.00  -0.41492    39.49 
 60.9000 -69.78669     0.00  -0.77654    36.90 
 61.0000 -69.71373     0.00  -0.78398    34.17 
 61.1000 -69.79498     0.00  -0.80837    31.35 
 61.2000 -69.68643     0.00  -0.58501    28.49 
 61.3000 -69.70041     0.00   0.04635    25.65 
 61.4000 -69.94730     0.00  -0.28284    22.86 
 61.5000 -69.88440     0.00  -1.26029    20.19 
 61.6000 -69.91011     0.00  -1.09116    17.65 
 61.7000 -70.07522     0.00  -0.59911    15.27 
 61.8000 -70.33889     0.00  -0.16117    13.08 
 61.9000 -70.12151     0.00  -1.35628    11.10 
 62.0000 -69.80703     0.00  -0.65738     9.32 
 62.1000 -69.58868     0.00  -0.76050     7.75 
 62.2000 -69.73340     0.00  -0.95416     6.39 
 62.3000 -70.03969     0.00  -1.08289     5.21 
 62.4000 -70.56124     0.00   0.37694     4.22 
 62.5000 -70.31437     0.00   0.40717     3.38 
 62.6000 -70.55770     0.00   0.42195     2.69 
 62.7000 -70.61627     0.00  -1.58558     2.12 
 62.8000 -70.62483     0.00  -1.68641     1.66 
 62.9000 -70.71258     0.00  -1.84115     1.30 
 63.0000 -70.45564     0.00  -1.10454     1.00 
 63.1000 -70.34031     0.00  -0.42426     0.78 
 63.2000 -70.32172     0.00   0.16562     0.00 
 63.3000 -70.51306     0.00  -1.86918     0.00 
 63.4000 -70.40427     0.00  -1.74177     0.00 
 63.5000 -70.54491     0.00  -1.31524     0.00 
 63.6000 -70.63097     0.00  -1.28671     0.00 
 63.7000 -70.83567     0.00   0.16231     0.00 
 63.8000 -70.42930     0.00  -0.25564     0.00 
 63.9000 -70.12972     0.00  -0.01641     0.00 
 64.0000 -69.83164     0.00  -0.16440     0.00 
 64.1000 -69.91635     0.00  -0.38372     0.00 
 64.2000 -70.01572     0.00  -1.06989     0.00 
 64.3000 -70.28407     0.00  -0.32366     0.00 
 64.4000 -70.03996     0.00   0.13646     0.00 
 64.5000 -70.05905     0.00  -0.34034     0.00 
 64.6000 -70.17010     0.00   0.03385     0.00 
 64.7000 -70.56991     0.00   0.36038     0.00 
 64.8000 -70.56659     0.00  -0.11090     0.00 
 64.9000 -70.64164     0.00  -0.70473     0.00 
 65.0000 -70.96081     0.00  -1.28702     0.00 
 65.1000 -70.74434     0.00  -1.17984     0.00 
 65.2000 -70.24582     0.00  -1.31964     0.00 
 65.3000 -70.22303     0.00  -0.75554     0.00 
 65.4000 -70.27633     0.00  -1.76185     0.00 
 65.5000 -70.11935     0.00   0.32874     0.00 
 65.6000 -70.45662     0.00   0.06915     0.00 
 65.7000 -70.32243     0.00  -0.55099     0.00 
 65.8000 -70.17512     0.00   0.37175     0.00 
 65.9000 -70.10110     0.00   0.02456     0.00 
 66.0000 -69.80912     0.00   0.18494     0.00 
 66.1000 -70.10574     0.00  -0.13311     0.00 
 66.2000 -69.76270     0.00  -0.17599     0.00 
 66.3000 -70.01374     0.00   0.04742     0.00 
 66.4000 -69.57255     0.00  -0.49173     0.00 
 66.5000 -69.58481     0.00  -0.68782     0.00 
 66.6000 -69.82007     0.00  -0.47655     0.00 
 66.7000 -69.60923     0.00  -0.23159     0.00 
 66.8000 -69.85142     0.00   0.40014     0.00 
 66.9000 -69.68722     0.00   0.10165     0.00 
 67.0000 -69.79437     0.00   0.54335     0.00 
 67.1000 -69.48311     0.00  -0.03248     0.00 
 67.2000 -69.81606     0.00  -0.77452     0.00 
 67.3000 -69.86229     0.00  -0.62865     0.00 
 67.4000 -69.73344     0.00  -0.71505     0.00 
 67.5000 -70.10167     0.00  -0.09755     0.00 
 67.6000 -69.91766     0.00   0.07875     0.00 
 67.7000 -69.85866     0.00   0.40886     0.00 
 67.8000 -70.21834     0.00   0.07451     0.00 
 67.9000 -70.51150     0.00  -0.34297     0.00 
 68.0000 -70.19869     0.00  -0.05807     0.00 
 68.1000 -70.08852     0.00  -0.05719     0.00 
 68.2000 -69.80432     0.00  -0.42028     0.00 
 68.3000 -69.74002     0.00  -1.25527     0.00 
 68.4000 -70.46379     0.00  -0.65796     0.00 
 68.5000 -70.73521     0.00  -0.53702     0.00 
 68.6000 -70.80122     0.00  -0.53438     0.00 
 68.7000 -70.90143     0.00   0.46258     0.00 
 68.8000 -70.31140     0.00   0.11741     0.00 
 68.9000 -70.42262     0.00  -0.36543     0.00 
 69.0000 -69.92281     0.00   0.00285     0.00 
 69.1000 -70.00570     0.00  -0.15147     0.00 
 69.2000 -70.13337     0.00  -0.78691     0.00 
 69.3000 -70.16981     0.00   0.49320     0.01 
 69.4000 -69.78371     0.00  -0.27632     0.01 
 69.5000 -70.02140     0.00   0.26074     0.01 
 69.6000 -69.86118     0.00   0.04437     0.01 
 69.7000 -69.82228     0.00   0.16530     0.01 
 69.8000 -70.00336     0.00  -0.54496     0.01 
 69.9000 -70.22983     0.00  -0.57676     0.01 
 70.0000 -70.46304     0.00   0.19638     0.02 
 70.1000 -70.11089     0.00   0.01908     0.02 
 70.2000 -70.06325     0.00   0.33409     0.03 
 70.3000 -70.21930     0.00   0.29907     0.03 
 70.4000 -70.24569     0.00  -0.15065     0.04 
 70.5000 -70.48493     0.00   0.60550     0.04 
 70.6000 -70.13121     0.00   0.32462     0.05 
 70.7000 -70.46771     0.00  -0.04746     0.06 
 70.8000 -70.55804     0.00   0.11381     0.07 
 70.9000 -70.47850     0.00  -0.59746     0.09 
 71.0000 -70.74552     0.00  -0.51483     0.11 
 71.1000 -70.65025     0.00  -0.27366     0.13 
 71.2000 -70.65422     0.00   0.40433     0.15 
 71.3000 -70.44956     0.00   0.21848     0.18 
 71.4000 -70.86412     0.00   0.16253     0.22 
 71.5000 -71.03909     0.00   0.28020     0.26 
 71.6000 -71.08144     0.00   0.00923     0.65 
 71.7000 -71.04913     0.00  -0.19044     0.75 
 71.8000 -71.22440     0.00   0.16876     0.88 
 71.9000 -70.61455     0.00   0.18922     1.04 
 72.0000 -70.58264     0.00  -0.39191     1.24 
 72.1000 -70.76166     0.00   0.23503     1.48 
 72.2000 -71.01995     0.00  -0.51455     1.75 
 72.3000 -70.84010     0.00   0.08602     2.04 
 72.4000 -71.03065     0.00  -0.71504     2.36 
 72.5000 -71.15389     0.00  -0.56278     2.73 
 72.6000 -71.03148     0.00  -0.51160     3.14 
 72.7000 -70.91190     0.00   0.76528     3.61 
 72.8000 -71.17683     0.00   0.97486     4.14 
 72.9000 -71.02121     0.00   0.82046     4.75 
 73.0000 -70.84332     0.00  -0.20996     5.43 
 73.1000 -70.99280     0.00   0.22532     6.19 
 73.2000 -70.47323     0.00  -0.40279     7.05 
 73.3000 -70.77661     0.00   0.33335     8.01 
 73.4000 -70.83945     0.00  -0.54463     9.08 
 73.5000 -70.96225     0.00  -0.20918    10.28 
 73.6000 -70.74123     0.00  -0.74486    11.61 
 73.7000 -70.79895     0.00  -1.00583    13.07 
 73.8000 -70.70546     0.00  -0.62719    14.69 
 73.9000 -71.16122     0.00  -0.15609    16.47 
 74.0000 -71.33439     0.00  -0.06883    18.42 
 74.1000 -71.24535     0.00  -0.35265    20.54 
 74.2000 -71.07007     0.00   0.91902    22.85 
 74.3000 -70.64404     0.00   1.16729    25.35 
 74.4000 -70.35983     0.00   0.84438    28.04 
 74.5000 -70.59188     0.00   0.79356    30.92 
 74.6000 -70.45073     0.00   0.46615    34.00 
 74.7000 -70.36886     0.00   0.27584    37.25 
 74.8000 -70.36863     0.00   0.46739    40.69 
 74.9000 -70.35431     0.00   0.13954    44.29 
 75.0000 -70.08268     0.00  -0.87409    48.03 
 75.1000 -69.69870     0.00  -0.21396    51.90 
 75.2000 -69.44142     0.00  -0.20307    55.86 
 75.3000 -69.36650     0.00  -0.37213    59.89 
 75.4000 -69.51358     0.00  -0.22549    63.93 
 75.5000 -69.72820     0.00   0.46353    67.94 
 75.6000 -69.60497     0.00   0.08573    71.86 
 75.7000 -69.89881     0.00  -0.37360    75.62 
 75.8000 -69.66972     0.00   0.60345    79.16 
 75.9000 -69.54461     0.00   0.02353    82.41 
 76.0000 -69.62016     0.00  -0.17134    85.30 
 76.1000 -69.48891     0.00  -0.59889    87.75 
 76.2000 -69.56436     0.00  -0.03003    89.69 
 76.3000 -69.42300     0.00  -0.02888    91.06 
 76.4000 -69.81894     0.00  -0.07244    91.77 
 76.5000 -69.75140     0.00  -0.06535    91.76 
 76.6000 -69.75935     0.00  -0.26137    90.97 
 76.7000 -69.34049     0.00  -0.62689    89.36 
 76.8000 -69.28577     0.00  -0.32649    86.89 
 76.9000 -69.24638     0.00  -0.16289    83.56 
 77.0000 -69.25048     0.00   0.38995    79.38 
 77.1000 -69.41649     0.00   0.50784    74.37 
 77.2000 -69.39549     0.00  -0.29552    68.59 
 77.3000 -69.52409     0.00  -0.64714    62.13 
 77.4000 -69.87643     0.00  -0.09804    55.10 
 77.5000 -69.58703     0.00  -0.43577    49.99 
 77.6000 -69.19646     0.00  -1.26053    50.37 
 77.7000 -69.55262     0.00  -0.32436    50.77 
 77.8000 -69.65246     0.00   0.15709    50.90 
 77.9000 -69.57034     0.00  -0.47036    50.76 
 78.0000 -69.74765     0.00  -0.63552    50.31 
 78.1000 -69.90374     0.00  -1.80494    49.56 
 78.2000 -70.22264     0.00  -0.94220    48.51 
 78.3000 -70.15721     0.00   0.06538    47.14 
 78.4000 -70.24485     0.00  -0.37672    45.47 
 78.5000 -70.83122     0.00  -0.37304    43.52 
 78.6000 -70.75573     0.00  -0.14339    41.31 
 78.7000 -70.23950     0.00  -0.99270    38.88 
 78.8000 -70.07442     0.00  -0.50005    36.27 
 78.9000 -70.07712     0.00  -0.34376    33.53 
 79.0000 -69.63027     0.00  -1.39450    30.71 
 79.1000 -69.98987     0.00  -0.92916    27.86 
 79.2000 -69.69000     0.00  -0.29808    25.03 
 79.3000 -69.58911     0.00   0.24320    22.27 
 79.4000 -69.36389     0.00  -0.39265    19.62 
 79.5000 -69.44436     0.00   0.04878    17.12 
 79.6000 -69.34533     0.00  -0.50792    14.79 
 79.7000 -69.69471     0.00  -0.85201    12.65 
 79.8000 -69.65222     0.00  -2.07506    10.71 
 79.9000 -69.40711     0.00  -0.85495     8.98 
