  0.1000 -65.04192     0.00  -0.60354     0.48 
  0.2000 -64.55680     0.00  -0.69033     3.40 
  0.3000 -64.32502     0.00  -0.15372     4.56 
  0.4000 -64.25798     0.00  -0.93953     6.05 
  0.5000 -64.36421     0.00  -0.37509     7.92 
  0.6000 -64.21798     0.00   0.27008    10.25 
  0.7000 -64.20329     0.00  -0.16986    13.13 
  0.8000 -63.92486     0.01   0.39910    16.63 
  0.9000 -63.72902     0.01   0.16206    20.85 
  1.0000 -63.57171     0.01   0.02536    25.90 
  1.1000 -63.32224     0.01  -0.39233    31.88 
  1.2000 -63.10164     0.01  -0.52398    38.92 
  1.3000 -62.78660     0.01  -0.34726    47.10 
  1.4000 -62.28562     0.02   0.72083    56.54 
  1.5000 -62.14115     0.02  -0.15429    67.36 
  1.6000 -62.22415     0.02   0.27701    79.64 
  1.7000 -61.98620     0.03   0.08239    93.45 
  1.8000 -62.19458     0.04   0.11479   108.80 
  1.9000 -62.01928     0.05  -0.22656   125.66 
  2.0000 -61.85454     0.06   0.18143   143.89 
  2.1000 -61.51631     0.07  -0.69393   163.26 
  2.2000 -61.26007     0.09   0.17463   184.21 
  2.3000 -60.85233     0.10   0.45473   205.22 
  2.4000 -60.84612     0.12   0.11280   227.16 
  2.5000 -60.77905     0.14  -0.15734   249.81 
  2.6000 -60.71854     0.16  -0.28913   272.91 
  2.7000 -61.09705     0.17  -0.16999   295.69 
  2.8000 -61.06447     0.17  -0.16047   318.07 
  2.9000 -61.34583     0.16  -0.62287   339.40 
  3.0000 -61.11054     0.14  -0.34551   358.93 
  3.1000 -61.14147     0.10   0.58246   375.81 
  3.2000 -61.09621     0.05  -0.04641   389.11 
  3.3000 -60.98349     0.00  -0.47416   388.47 
  3.4000 -60.81505     0.00  -0.59734   381.17 
  3.5000 -60.80154     0.00  -0.37617   366.84 
  3.6000 -60.99036     0.00  -0.20386   345.55 
  3.7000 -61.28396     0.00  -0.78591   314.87 
  3.8000 -61.57318     0.00  -0.88664   280.12 
  3.9000 -61.81754     0.00  -0.75055   242.06 
  4.0000 -62.20547     0.00   0.15777   201.61 
  4.1000 -62.61076     0.00  -0.59129   159.70 
  4.2000 -62.74272     0.00  -0.22908   117.13 
  4.3000 -63.08973     0.00  -1.28548   106.96 
  4.4000 -62.70058     0.00  -0.49238   104.87 
  4.5000 -62.94876     0.00  -0.35499   101.09 
  4.6000 -62.97260     0.00  -1.42504    95.71 
  4.7000 -63.12825     0.00  -1.31011    88.68 
  4.8000 -63.51305     0.00  -1.13629    80.38 
  4.9000 -63.67754     0.00  -0.59349    71.20 
  5.0000 -63.96482     0.00  -1.14224    61.53 
  5.1000 -64.35941     0.00  -2.50226    51.73 
  5.2000 -64.54193     0.00  -3.32398    42.13 
  5.3000 -64.73737     0.00  -2.40685    33.04 
  5.4000 -64.58013     0.00  -2.35229    24.77 
  5.5000 -64.79061     0.00  -1.75236    17.63 
  5.6000 -64.80424     0.00  -1.87815    11.81 
  5.7000 -65.06321     0.00  -2.25271     7.31 
  5.8000 -65.19917     0.00  -3.00373     4.16 
  5.9000 -65.40643     0.00  -2.82620     2.16 
  6.0000 -65.70583     0.00  -2.68568     1.02 
  6.1000 -65.61511     0.00  -1.81078     0.44 
  6.2000 -65.47736     0.00  -2.35635     0.00 
  6.3000 -65.37207     0.00  -2.69604     0.00 
  6.4000 -65.66981     0.00  -2.77918     0.00 
  6.5000 -65.57560     0.00  -3.16758     0.00 
  6.6000 -66.23650     0.00  -2.98366     0.00 
  6.7000 -66.29600     0.00  -2.94025     0.00 
  6.8000 -66.78984     0.00  -3.03049     0.00 
  6.9000 -66.99726     0.00  -3.09642     0.00 
  7.0000 -67.14690     0.00  -2.26005     0.00 
  7.1000 -67.55294     0.00  -1.17986     0.00 
  7.2000 -67.83667     0.00  -1.54684     0.00 
  7.3000 -67.86637     0.00  -2.44365     0.00 
  7.4000 -68.03163     0.00  -1.50962     0.00 
  7.5000 -67.93832     0.00  -2.78823     0.00 
  7.6000 -68.05060     0.00  -2.25499     0.00 
  7.7000 -68.04274     0.00  -1.94379     0.00 
  7.8000 -68.00010     0.00  -1.90980     0.00 
  7.9000 -68.06114     0.00  -3.13421     0.00 
  8.0000 -67.91211     0.00  -2.10560     0.00 
  8.1000 -68.11867     0.00  -1.43693     0.00 
  8.2000 -68.31303     0.00  -2.49589     0.00 
  8.3000 -68.67442     0.00  -2.50898     0.00 
  8.4000 -68.84163     0.00  -2.16805     0.00 
  8.5000 -68.91987     0.00  -1.71857     0.00 
  8.6000 -69.12658     0.00  -1.57424     0.00 
  8.7000 -69.56744     0.00  -1.50490     0.00 
  8.8000 -69.92771     0.00  -0.59265     0.00 
  8.9000 -70.15317     0.00  -1.58482     0.00 
  9.0000 -69.88290     0.00  -1.93174     0.00 
  9.1000 -69.74481     0.00  -1.90274     0.00 
  9.2000 -69.90575     0.00  -1.44711     0.00 
  9.3000 -69.97822     0.00  -1.35199     0.00 
  9.4000 -70.34739     0.00  -1.63792     0.00 
  9.5000 -70.40328     0.00  -1.34535     0.00 
  9.6000 -70.46809     0.00  -0.83277     0.00 
  9.7000 -70.64847     0.00  -1.13352     0.00 
  9.8000 -70.14913     0.00  -2.11554     0.00 
  9.9000 -70.21963     0.00  -1.17216     0.00 
 10.0000 -70.12305     0.00  -1.58661     0.00 
 10.1000 -70.21474     0.00  -1.48432     0.00 
 10.2000 -70.20318     0.00  -0.78800     0.00 
 10.3000 -70.10909     0.00  -1.47060     0.00 
 10.4000 -70.20842     0.00  -1.45276     0.00 
 10.5000 -70.25361     0.00  -0.82615     0.00 
 10.6000 -70.49748     0.00  -1.25592     0.00 
 10.7000 -70.45587     0.00  -0.91354     0.00 
 10.8000 -70.27296     0.00  -0.68550     0.00 
 10.9000 -70.35813     0.00  -0.18124     0.00 
 11.0000 -70.26310     0.00  -0.02674     0.00 
 11.1000 -70.40805     0.00  -0.09310     0.00 
 11.2000 -70.45827     0.00  -0.95372     0.00 
 11.3000 -70.33962     0.00  -1.34069     0.00 
 11.4000 -70.14185     0.00  -1.15214     0.00 
 11.5000 -70.41207     0.00  -0.37444     0.00 
 11.6000 -70.59151     0.00  -1.88213     0.00 
 11.7000 -70.31070     0.00  -0.90879     0.00 
 11.8000 -70.53050     0.00  -0.63194     0.00 
 11.9000 -70.58637     0.00  -0.51920     0.00 
 12.0000 -71.08057     0.00  -0.92647     0.00 
 12.1000 -71.13811     0.00  -1.26096     0.00 
 12.2000 -70.87916     0.00  -1.34188     0.00 
 12.3000 -71.27182     0.00  -0.84739     0.00 
 12.4000 -71.10972     0.00  -1.17886     0.00 
 12.5000 -71.34141     0.00  -0.29170     0.00 
 12.6000 -71.51008     0.00  -0.26621     0.00 
 12.7000 -71.36581     0.00  -0.49487     0.00 
 12.8000 -71.04627     0.00  -0.41171     0.00 
 12.9000 -70.57275     0.00  -0.69366     0.00 
 13.0000 -70.46486     0.00  -0.79000     0.00 
 13.1000 -70.95543     0.00  -0.78937     0.00 
 13.2000 -70.78650     0.00  -0.34629     0.00 
 13.3000 -71.13560     0.00  -0.38306     0.00 
 13.4000 -71.40160     0.00  -0.74000     0.00 
 13.5000 -71.78214     0.00  -0.50950     0.00 
 13.6000 -71.95428     0.00  -1.28672     0.00 
 13.7000 -71.99783     0.00  -0.28271     0.00 
 13.8000 -72.13713     0.00  -0.80218     0.00 
 13.9000 -71.86572     0.00  -0.84402     0.00 
 14.0000 -71.26861     0.00  -1.55330     0.00 
 14.1000 -71.32474     0.00  -0.46172     0.00 
 14.2000 -71.45294     0.00  -0.10846     0.00 
 14.3000 -71.32679     0.00  -0.52061     0.00 
 14.4000 -71.23500     0.00  -0.95880     0.00 
 14.5000 -71.14212     0.00  -0.62237     0.00 
 14.6000 -71.01301     0.00   0.07398     0.00 
 14.7000 -70.83070     0.00   0.33410     0.00 
 14.8000 -70.90847     0.00  -0.69247     0.00 
 14.9000 -70.82155     0.00  -0.72400     0.00 
 15.0000 -70.67499     0.00  -0.48764     0.00 
 15.1000 -70.84847     0.00  -0.17747     0.00 
 15.2000 -70.68688     0.00  -0.36853     0.00 
 15.3000 -70.71536     0.00  -0.45321     0.00 
 15.4000 -70.45290     0.00  -0.23971     0.00 
 15.5000 -70.43206     0.00  -0.01983     0.00 
 15.6000 -70.45400     0.00  -0.32316     0.00 
 15.7000 -70.23510     0.00  -0.60453     0.00 
 15.8000 -70.00528     0.00  -0.48163     0.00 
 15.9000 -70.44745     0.00  -0.43989     0.00 
 16.0000 -70.33928     0.00   0.18085     0.00 
 16.1000 -70.60758     0.00  -0.24163     0.00 
 16.2000 -70.76373     0.00   0.12120     0.00 
 16.3000 -70.30724     0.00  -0.62581     0.00 
 16.4000 -69.98084     0.00   0.10850     0.00 
 16.5000 -69.68521     0.00  -0.69593     0.00 
 16.6000 -69.95547     0.00  -0.60677     0.00 
 16.7000 -69.92141     0.00  -1.12691     0.00 
 16.8000 -70.16639     0.00  -0.03713     0.00 
 16.9000 -70.14096     0.00  -0.48327     0.00 
 17.0000 -69.91959     0.00   0.43084     0.00 
 17.1000 -69.87435     0.00   0.26612     0.00 
 17.2000 -69.78684     0.00   0.93675     0.00 
 17.3000 -70.20123     0.00   0.48016     0.00 
 17.4000 -70.36453     0.00  -0.40785     0.00 
 17.5000 -70.40877     0.00  -0.75673     0.00 
 17.6000 -70.74534     0.00  -0.84939     0.00 
 17.7000 -70.53563     0.00  -0.65540     0.00 
 17.8000 -70.14570     0.00   0.18771     0.00 
 17.9000 -70.12344     0.00  -0.21298     0.00 
 18.0000 -69.62272     0.00  -0.62361     0.00 
 18.1000 -69.39556     0.00  -0.42754     0.00 
 18.2000 -69.43398     0.00  -0.18679     0.00 
 18.3000 -69.39395     0.00   0.10298     0.00 
 18.4000 -69.57504     0.00  -0.63901     0.00 
 18.5000 -69.71202     0.00  -0.67557     0.00 
 18.6000 -69.65830     0.00   0.40982     0.00 
 18.7000 -69.82008     0.00  -0.41799     0.00 
 18.8000 -69.69581     0.00  -0.27786     0.01 
 18.9000 -69.94855     0.00  -0.87439     0.01 
 19.0000 -69.65593     0.00  -0.40087     0.01 
 19.1000 -69.64368     0.00  -0.02238     0.01 
 19.2000 -69.76236     0.00   0.26323     0.01 
 19.3000 -70.02469     0.00  -0.62443     0.02 
 19.4000 -69.79353     0.00  -0.74324     0.02 
 19.5000 -70.01656     0.00   0.41066     0.03 
 19.6000 -69.84921     0.00   0.48759     0.04 
 19.7000 -69.55686     0.00   0.47893     0.05 
 19.8000 -70.07772     0.00   0.02759     0.06 
 19.9000 -69.74371     0.00  -0.40557     0.08 
 20.0000 -69.26431     0.00  -0.82942     0.10 
 20.1000 -69.26425     0.00  -0.55743     0.13 
 20.2000 -69.37608     0.00  -0.36544     0.16 
 20.3000 -69.44996     0.00  -0.08093     0.20 
 20.4000 -69.75154     0.00  -0.51304     0.25 
 20.5000 -69.93971     0.00  -0.46264     0.31 
 20.6000 -69.68714     0.00  -0.01129     0.38 
 20.7000 -69.69704     0.00   0.09018     1.17 
 20.8000 -69.76060     0.00  -0.34129     1.41 
 20.9000 -70.21734     0.00  -0.51967     1.70 
 21.0000 -70.20552     0.00   0.08778     2.04 
 21.1000 -70.40794     0.00  -0.08514     2.44 
 21.2000 -70.84003     0.00  -0.13146     2.91 
 21.3000 -70.72305     0.00   0.18664     3.45 
 21.4000 -70.89209     0.00   0.55972     4.09 
 21.5000 -70.46809     0.00  -0.04599     4.83 
 21.6000 -70.45719     0.00  -0.48942     5.69 
 21.7000 -70.68286     0.00  -0.60565     6.68 
 21.8000 -70.96709     0.00   0.50826     7.82 
 21.9000 -70.65141     0.00   0.65905     9.12 
 22.0000 -70.60683     0.00  -0.18252    10.61 
 22.1000 -70.48532     0.00   0.12932    12.31 
 22.2000 -70.45342     0.00   0.37078    14.24 
 22.3000 -70.76426     0.00  -0.29476    16.41 
 22.4000 -70.94534     0.00  -1.39153    18.87 
 22.5000 -71.03971     0.00  -1.59359    21.63 
 22.6000 -71.02124     0.00   0.37991    24.73 
 22.7000 -70.97815     0.00   0.62668    28.20 
 22.8000 -71.03085     0.00   0.62599    32.08 
 22.9000 -71.09480     0.00   0.27046    36.40 
 23.0000 -70.58030     0.00  -0.29981    41.21 
 23.1000 -70.46991     0.00  -0.19560    46.54 
 23.2000 -70.38281     0.00  -0.39266    52.46 
 23.3000 -69.76760     0.00  -0.82047    58.84 
 23.4000 -69.91642     0.00   0.01978    65.82 
 23.5000 -69.42443     0.00  -0.14325    73.44 
 23.6000 -69.31315     0.00  -0.24429    81.74 
 23.7000 -69.14801     0.00  -0.01211    90.68 
 23.8000 -69.24096     0.00  -0.22202   100.37 
 23.9000 -69.41625     0.00  -0.21166   110.82 
 24.0000 -69.15143     0.00  -0.07118   122.07 
 24.1000 -69.54304     0.00  -0.37537   134.11 
 24.2000 -69.36773     0.00   0.60046   146.97 
 24.3000 -69.32648     0.00   0.72059   159.20 
 24.4000 -69.38607     0.00   0.57029   171.71 
 24.5000 -69.23225     0.00  -0.42848   184.31 
 24.6000 -69.26077     0.00  -0.54889   196.83 
 24.7000 -69.35692     0.00  -0.56178   208.38 
 24.8000 -69.14859     0.00   0.00511   219.48 
 24.9000 -69.16857     0.00  -0.14678   229.83 
 25.0000 -69.00813     0.00  -0.11321   239.08 
 25.1000 -69.16253     0.00  -0.05120   246.87 
 25.2000 -69.03572     0.00  -0.66945   252.83 
 25.3000 -68.71917     0.00  -0.39006   251.09 
 25.4000 -68.55208     0.00  -0.20785   246.01 
 25.5000 -68.32895     0.00   0.42016   237.38 
 25.6000 -68.68420     0.00  -0.52351   225.11 
 25.7000 -69.13981     0.00  -0.16356   206.54 
 25.8000 -69.36070     0.00  -0.65860   185.74 
 25.9000 -69.35227     0.00  -0.65088   162.77 
 26.0000 -69.66480     0.00  -0.72540   137.83 
 26.1000 -69.62856     0.00  -1.09373   111.27 
 26.2000 -69.81299     0.00  -0.70188   108.15 
 26.3000 -70.19693     0.00  -1.13941   107.05 
 26.4000 -70.26281     0.00  -1.31476   104.66 
 26.5000 -70.50876     0.00  -1.20982   101.01 
 26.6000 -70.35008     0.00  -0.43741    96.16 
 26.7000 -70.95190     0.00  -0.83662    89.99 
 26.8000 -70.47436     0.00  -1.59408    82.79 
 26.9000 -70.55234     0.00  -1.57395    74.84 
 27.0000 -70.65523     0.00  -1.95349    66.38 
 27.1000 -70.49974     0.00  -1.23954    57.69 
 27.2000 -71.16906     0.00  -1.08847    49.03 
 27.3000 -71.08951     0.00  -0.80025    40.58 
 27.4000 -71.29513     0.00  -1.37668    32.62 
 27.5000 -71.62718     0.00  -2.26375    25.37 
 27.6000 -72.01815     0.00  -2.06093    19.02 
 27.7000 -72.18169     0.00  -1.96875    13.61 
 27.8000 -72.14342     0.00  -1.89396     9.28 
 27.9000 -72.20350     0.00  -1.91591     6.02 
 28.0000 -72.51903     0.00  -1.69620     3.71 
 28.1000 -72.47110     0.00  -2.10055     2.17 
 28.2000 -72.62780     0.00  -0.67929     1.20 
 28.3000 -72.68259     0.00  -0.82642     0.64 
 28.4000 -72.75038     0.00  -1.44690     0.00 
 28.5000 -72.70468     0.00  -2.20112     0.00 
 28.6000 -72.96450     0.00  -1.70576     0.00 
 28.7000 -73.41122     0.00  -2.18357     0.00 
 28.8000 -73.64560     0.00  -2.45835     0.00 
 28.9000 -73.51983     0.00  -2.43982     0.00 
 29.0000 -73.31622     0.00  -1.87752     0.00 
 29.1000 -73.51054     0.00  -2.23571     0.00 
 29.2000 -73.52190     0.00  -2.29942     0.00 
 29.3000 -73.41551     0.00  -1.99152     0.00 
 29.4000 -73.29383     0.00  -1.44825     0.00 
 29.5000 -73.32336     0.00  -1.91631     0.00 
 29.6000 -73.11581     0.00  -1.94760     0.00 
 29.7000 -73.16688     0.00  -1.58396     0.00 
 29.8000 -73.02589     0.00  -0.87585     0.00 
 29.9000 -72.85059     0.00  -1.31434     0.00 
 30.0000 -72.65823     0.00  -1.08867     0.00 
 30.1000 -73.28425     0.00  -0.91963     0.00 
 30.2000 -73.19257     0.00  -1.85638     0.00 
 30.3000 -73.11378     0.00  -0.98554     0.00 
 30.4000 -73.21225     0.00  -1.10044     0.00 
 30.5000 -73.64329     0.00  -1.64478     0.00 
 30.6000 -73.65396     0.00  -1.40622     0.00 
 30.7000 -73.88753     0.00  -1.18497     0.00 
 30.8000 -73.80472     0.00  -1.16012     0.00 
 30.9000 -73.57745     0.00  -1.35524     0.00 
 31.0000 -73.84908     0.00  -1.16624     0.00 
 31.1000 -73.72980     0.00  -1.78413     0.00 
 31.2000 -73.82692     0.00  -2.03838     0.00 
 31.3000 -73.66060     0.00  -1.40631     0.00 
 31.4000 -73.81249     0.00  -1.37982     0.00 
 31.5000 -73.49968     0.00  -1.16294     0.00 
 31.6000 -73.18086     0.00  -0.60386     0.00 
 31.7000 -73.62196     0.00  -0.86670     0.00 
 31.8000 -73.93357     0.00  -1.62947     0.00 
 31.9000 -73.86650     0.00  -0.98401     0.00 
 32.0000 -73.96443     0.00  -0.78429     0.00 
 32.1000 -73.75471     0.00  -0.52685     0.00 
 32.2000 -74.02142     0.00  -0.77641     0.00 
 32.3000 -73.69108     0.00  -0.38659     0.00 
 32.4000 -73.33554     0.00  -0.55869     0.00 
 32.5000 -73.48831     0.00  -0.14640     0.00 
 32.6000 -73.30166     0.00  -0.57793     0.00 
 32.7000 -73.63529     0.00  -0.88493     0.00 
 32.8000 -73.59654     0.00  -1.61106     0.00 
 32.9000 -73.85423     0.00  -2.01413     0.00 
 33.0000 -74.05260     0.00  -1.84639     0.00 
 33.1000 -74.39163     0.00  -1.25448     0.00 
 33.2000 -74.06906     0.00  -1.80690     0.00 
 33.3000 -73.81569     0.00  -1.06393     0.00 
 33.4000 -73.77881     0.00  -0.49757     0.00 
 33.5000 -73.21630     0.00   0.45983     0.00 
 33.6000 -73.10779     0.00   0.65924     0.00 
 33.7000 -73.59017     0.00  -0.29461     0.00 
 33.8000 -73.50836     0.00  -1.01429     0.00 
 33.9000 -73.44826     0.00  -0.48051     0.00 
 34.0000 -73.25176     0.00  -0.09536     0.00 
 34.1000 -73.16487     0.00  -0.41591     0.00 
 34.2000 -73.31582     0.00  -0.80226     0.00 
 34.3000 -73.27986     0.00  -0.55102     0.00 
 34.4000 -73.07761     0.00   0.03734     0.00 
 34.5000 -73.32074     0.00   0.00199     0.00 
 34.6000 -73.27880     0.00  -0.90834     0.00 
 34.7000 -73.07577     0.00  -1.25983     0.00 
 34.8000 -73.28053     0.00  -0.77893     0.00 
 34.9000 -73.23883     0.00  -0.79065     0.00 
 35.0000 -73.24495     0.00  -1.27737     0.00 
 35.1000 -73.09564     0.00  -0.40061     0.00 
 35.2000 -72.95283     0.00  -0.77683     0.00 
 35.3000 -73.21612     0.00  -1.23321     0.00 
 35.4000 -73.19265     0.00  -0.96900     0.00 
 35.5000 -73.34476     0.00  -0.13916     0.00 
 35.6000 -72.91322     0.00  -0.17869     0.00 
 35.7000 -72.75578     0.00   0.37842     0.00 
 35.8000 -72.51299     0.00  -0.99265     0.00 
 35.9000 -72.17849     0.00  -0.87431     0.00 
 36.0000 -71.97389     0.00  -0.33341     0.00 
 36.1000 -72.03547     0.00  -0.32934     0.00 
 36.2000 -72.06458     0.00  -0.45521     0.00 
 36.3000 -71.81867     0.00  -0.55606     0.00 
 36.4000 -71.70872     0.00  -0.69386     0.00 
 36.5000 -72.00956     0.00  -0.16125     0.00 
 36.6000 -72.14171     0.00  -0.18948     0.00 
 36.7000 -71.97290     0.00   0.16161     0.00 
 36.8000 -71.92531     0.00   0.51579     0.00 
 36.9000 -71.72818     0.00   0.39401     0.00 
 37.0000 -71.72103     0.00  -0.37761     0.00 
 37.1000 -71.59609     0.00   0.15478     0.00 
 37.2000 -71.65954     0.00  -0.93667     0.00 
 37.3000 -71.69520     0.00  -0.52421     0.00 
 37.4000 -72.01502     0.00  -0.51705     0.00 
 37.5000 -72.12709     0.00   0.05061     0.00 
 37.6000 -72.40619     0.00  -0.75869     0.00 
 37.7000 -72.39072     0.00  -0.65264     0.00 
 37.8000 -72.18741     0.00  -0.48308     0.00 
 37.9000 -72.44854     0.00  -0.30560     0.00 
 38.0000 -72.57807     0.00  -0.16286     0.00 
 38.1000 -72.55734     0.00  -0.28222     0.00 
 38.2000 -72.27724     0.00  -0.51355     0.00 
 38.3000 -72.13625     0.00  -0.67496     0.00 
 38.4000 -72.16373     0.00  -0.03303     0.00 
 38.5000 -72.27840     0.00  -0.14460     0.00 
 38.6000 -72.20684     0.00  -0.53732     0.00 
 38.7000 -71.77499     0.00  -0.53863     0.00 
 38.8000 -71.87984     0.00  -0.55784     0.00 
 38.9000 -72.09442     0.00   0.14412     0.00 
 39.0000 -72.61076     0.00   0.14187     0.00 
 39.1000 -72.39732     0.00  -0.21949     0.00 
 39.2000 -72.13879     0.00   0.00511     0.00 
 39.3000 -72.39065     0.00   0.05316     0.00 
 39.4000 -72.43594     0.00  -0.78119     0.00 
 39.5000 -72.20311     0.00  -0.94244     0.00 
 39.6000 -72.14157     0.00  -0.65626     0.00 
 39.7000 -72.26940     0.00  -0.47664     0.01 
 39.8000 -72.46569     0.00  -0.27918     0.01 
 39.9000 -72.32072     0.00   1.08110     0.01 
 40.0000 -72.11977     0.00  -0.32065     0.01 
 40.1000 -71.45534     0.00  -0.53557     0.02 
 40.2000 -71.22858     0.00  -0.35603     0.02 
 40.3000 -71.45887     0.00  -0.32427     0.03 
 40.4000 -71.06449     0.00  -0.37826     0.03 
 40.5000 -71.00022     0.00  -0.05665     0.04 
 40.6000 -70.86247     0.00   0.46684     0.05 
 40.7000 -71.20339     0.00   0.73084     0.06 
 40.8000 -71.01715     0.00   1.04691     0.08 
 40.9000 -71.25703     0.00   0.08219     0.10 
 41.0000 -71.55896     0.00   0.53714     0.13 
 41.1000 -71.34229     0.00  -0.10256     0.16 
 41.2000 -71.79827     0.00  -0.80622     0.20 
 41.3000 -71.86177     0.00  -0.30517     0.24 
 41.4000 -71.97669     0.00  -0.79777     0.30 
 41.5000 -71.96568     0.00  -1.24420     0.37 
 41.6000 -72.30282     0.00  -0.71295     1.06 
 41.7000 -71.87843     0.00   0.31762     1.38 
 41.8000 -71.74998     0.00  -0.67433     1.65 
 41.9000 -71.64527     0.00  -0.25711     1.98 
 42.0000 -71.50326     0.00   0.11178     2.36 
 42.1000 -71.27706     0.00  -0.82954     2.80 
 42.2000 -71.22920     0.00   0.26478     3.32 
 42.3000 -71.11781     0.00   0.15072     3.93 
 42.4000 -71.38245     0.00   0.21101     4.63 
 42.5000 -71.40593     0.00   0.43725     5.43 
 42.6000 -71.62403     0.00   0.05920     6.37 
 42.7000 -71.68312     0.00  -0.55783     7.44 
 42.8000 -71.76640     0.00  -0.63404     8.66 
 42.9000 -72.21958     0.00   1.02451    10.06 
 43.0000 -72.06079     0.00   0.12539    11.65 
 43.1000 -71.52292     0.00  -0.44710    13.46 
 43.2000 -71.44688     0.00  -0.00480    15.50 
 43.3000 -71.76915     0.00  -0.22584    17.80 
 43.4000 -71.56332     0.00   0.11590    20.39 
 43.5000 -71.57196     0.00  -0.84914    23.29 
 43.6000 -71.35394     0.00  -0.90455    26.53 
 43.7000 -71.35987     0.00  -0.42932    30.15 
 43.8000 -71.27559     0.00   0.83279    34.19 
 43.9000 -71.12348     0.00   0.08873    38.67 
 44.0000 -70.90497     0.00  -0.85379    43.64 
 44.1000 -70.66297     0.00   0.09033    49.15 
 44.2000 -70.53848     0.00   0.18272    55.24 
 44.3000 -70.71533     0.00  -0.01946    61.77 
 44.4000 -70.92369     0.00  -0.90401    68.90 
 44.5000 -70.61624     0.00  -0.26808    76.67 
 44.6000 -70.89662     0.00   0.61447    85.09 
 44.7000 -70.99847     0.00   0.54660    94.11 
 44.8000 -71.30122     0.00  -0.49142   103.86 
 44.9000 -71.29959     0.00  -0.10084   114.34 
 45.0000 -71.49975     0.00  -0.84668   125.57 
 45.1000 -71.40177     0.00  -0.25340   137.55 
 45.2000 -71.57801     0.00   0.18347   150.27 
 45.3000 -71.66487     0.00  -0.07698   162.19 
 45.4000 -71.60717     0.00   0.17452   174.28 
 45.5000 -71.73823     0.00   0.41380   186.34 
 45.6000 -71.80751     0.00   0.02226   198.16 
 45.7000 -71.56751     0.00  -0.40702   208.81 
 45.8000 -71.79909     0.00  -1.01629   218.87 
 45.9000 -71.50585     0.00  -0.43764   228.03 
 46.0000 -71.47471     0.00  -0.03916   235.94 
 46.1000 -71.81197     0.00   0.48144   242.24 
 46.2000 -72.02073     0.00   0.29639   246.59 
 46.3000 -71.84623     0.00   0.26022   243.17 
 46.4000 -71.86794     0.00  -0.54773   236.42 
 46.5000 -71.90523     0.00  -1.70421   226.20 
 46.6000 -72.02883     0.00  -0.31017   212.47 
 46.7000 -71.80118     0.00  -0.46055   192.55 
 46.8000 -71.91535     0.00   0.14063   170.70 
 46.9000 -71.92016     0.00  -0.08145   146.98 
 47.0000 -71.81736     0.00  -1.00962   121.63 
 47.1000 -72.00997     0.00  -0.92910   107.37 
 47.2000 -71.92563     0.00  -0.39235   106.95 
 47.3000 -72.11605     0.00  -0.48352   105.28 
 47.4000 -72.03346     0.00  -0.45500   102.36 
 47.5000 -72.11604     0.00  -0.66189    98.22 
 47.6000 -72.34440     0.00  -1.25031    92.94 
 47.7000 -72.24460     0.00  -1.07070    86.42 
 47.8000 -72.59495     0.00  -1.59034    78.96 
 47.9000 -72.54647     0.00  -1.11311    70.85 
 48.0000 -72.09814     0.00  -1.55853    62.35 
 48.1000 -72.11445     0.00  -1.35293    53.73 
 48.2000 -72.24402     0.00  -1.71365    45.25 
 48.3000 -72.49863     0.00  -1.54025    37.10 
 48.4000 -72.45843     0.00  -2.07931    29.52 
 48.5000 -72.49992     0.00  -1.92549    22.71 
 48.6000 -72.50003     0.00  -1.85668    16.85 
 48.7000 -72.80539     0.00  -1.02409    11.93 
 48.8000 -72.90848     0.00  -0.68312     8.05 
 48.9000 -72.62853     0.00  -1.10348     5.17 
 49.0000 -73.18575     0.00  -1.23597     3.16 
 49.1000 -72.91304     0.00  -2.12728     1.84 
 49.2000 -73.08060     0.00  -2.75609     1.02 
 49.3000 -72.97119     0.00  -1.99497     0.00 
 49.4000 -72.86482     0.00  -2.03370     0.00 
 49.5000 -73.11090     0.00  -2.18449     0.00 
 49.6000 -73.27729     0.00  -2.51057     0.00 
 49.7000 -73.30030     0.00  -2.50806     0.00 
 49.8000 -73.00243     0.00  -2.14094     0.00 
 49.9000 -72.87259     0.00  -1.52034     0.00 
 50.0000 -73.01456     0.00  -2.09571     0.00 
 50.1000 -73.32059     0.00  -2.12467     0.00 
 50.2000 -73.47842     0.00  -1.85293     0.00 
 50.3000 -73.31185     0.00  -0.95505     0.00 
 50.4000 -73.26276     0.00  -1.38227     0.00 
 50.5000 -73.27054     0.00  -0.93049     0.00 
 50.6000 -73.13038     0.00  -1.40263     0.00 
 50.7000 -73.24760     0.00  -1.65027     0.00 
 50.8000 -73.03913     0.00  -1.18661     0.00 
 50.9000 -73.28889     0.00  -1.17337     0.00 
 51.0000 -72.97122     0.00  -2.01181     0.00 
 51.1000 -73.16003     0.00  -1.72275     0.00 
 51.2000 -73.08128     0.00  -1.37225     0.00 
 51.3000 -72.86512     0.00  -1.43358     0.00 
 51.4000 -72.94375     0.00  -1.19651     0.00 
 51.5000 -73.06022     0.00  -1.74674     0.00 
 51.6000 -72.73462     0.00  -1.90932     0.00 
 51.7000 -72.87968     0.00  -0.61773     0.00 
 51.8000 -72.70129     0.00  -0.54414     0.00 
 51.9000 -73.29970     0.00  -1.23872     0.00 
 52.0000 -73.49990     0.00  -1.02454     0.00 
 52.1000 -73.76434     0.00  -1.56948     0.00 
 52.2000 -73.77898     0.00  -1.76648     0.00 
 52.3000 -73.09270     0.00  -1.50336     0.00 
 52.4000 -73.95923     0.00  -1.15587     0.00 
 52.5000 -74.02213     0.00  -1.51257     0.00 
 52.6000 -73.63536     0.00  -1.06753     0.00 
 52.7000 -73.51444     0.00  -1.19212     0.00 
 52.8000 -73.51964     0.00  -0.96730     0.00 
 52.9000 -73.22916     0.00  -0.89798     0.00 
 53.0000 -72.94324     0.00  -0.76204     0.00 
 53.1000 -72.87684     0.00  -0.49676     0.00 
 53.2000 -72.74603     0.00  -0.82526     0.00 
 53.3000 -72.75861     0.00  -0.13518     0.00 
 53.4000 -72.86382     0.00  -0.50343     0.00 
 53.5000 -73.12600     0.00  -0.60232     0.00 
 53.6000 -73.30344     0.00  -1.26053     0.00 
 53.7000 -73.25527     0.00  -0.61684     0.00 
 53.8000 -73.40639     0.00  -0.90114     0.00 
 53.9000 -73.34057     0.00  -0.55081     0.00 
 54.0000 -73.12378     0.00  -1.07914     0.00 
 54.1000 -73.02411     0.00  -1.47351     0.00 
 54.2000 -73.19882     0.00  -0.32860     0.00 
 54.3000 -73.20527     0.00  -0.43339     0.00 
 54.4000 -72.85812     0.00  -0.12371     0.00 
 54.5000 -72.92798     0.00  -0.28650     0.00 
 54.6000 -72.92365     0.00  -1.40923     0.00 
 54.7000 -72.78085     0.00  -1.69754     0.00 
 54.8000 -72.69012     0.00  -1.87157     0.00 
 54.9000 -72.39707     0.00  -1.05075     0.00 
 55.0000 -72.38617     0.00  -0.71664     0.00 
 55.1000 -72.42021     0.00  -0.32308     0.00 
 55.2000 -72.40643     0.00  -0.88215     0.00 
 55.3000 -72.33578     0.00  -0.60710     0.00 
 55.4000 -72.58553     0.00  -1.20427     0.00 
 55.5000 -72.55365     0.00  -0.16139     0.00 
 55.6000 -72.70802     0.00   0.12116     0.00 
 55.7000 -72.56355     0.00   0.26994     0.00 
 55.8000 -72.77380     0.00  -0.23999     0.00 
 55.9000 -72.99543     0.00  -0.49053     0.00 
 56.0000 -73.04469     0.00  -0.67544     0.00 
 56.1000 -73.14848     0.00  -0.61846     0.00 
 56.2000 -73.10504     0.00  -0.62219     0.00 
 56.3000 -73.00139     0.00  -0.84153     0.00 
 56.4000 -73.09581     0.00  -0.11324     0.00 
 56.5000 -72.93458     0.00  -0.02626     0.00 
 56.6000 -73.16829     0.00  -0.73733     0.00 
 56.7000 -73.48240     0.00  -1.30322     0.00 
 56.8000 -73.31503     0.00  -0.70346     0.00 
 56.9000 -73.10406     0.00  -0.51173     0.00 
 57.0000 -73.50722     0.00  -1.07210     0.00 
 57.1000 -73.43822     0.00   0.73153     0.00 
 57.2000 -73.27047     0.00   0.58486     0.00 
 57.3000 -72.89770     0.00  -0.07706     0.00 
 57.4000 -72.94819     0.00  -0.15192     0.00 
 57.5000 -72.84169     0.00  -0.94710     0.00 
 57.6000 -72.77867     0.00  -0.38721     0.00 
 57.7000 -72.58392     0.00  -0.76747     0.00 
 57.8000 -73.05372     0.00  -0.65965     0.00 
 57.9000 -72.81297     0.00  -0.04564     0.00 
 58.0000 -72.34656     0.00   0.02897     0.00 
 58.1000 -72.56139     0.00  -0.20299     0.00 
 58.2000 -72.44276     0.00  -0.71123     0.00 
 58.3000 -72.14963     0.00   0.43494     0.00 
 58.4000 -72.03568     0.00   0.47171     0.00 
 58.5000 -72.23941     0.00  -0.17169     0.00 
 58.6000 -72.34109     0.00  -1.12843     0.00 
 58.7000 -72.67875     0.00  -0.69627     0.00 
 58.8000 -72.75995     0.00  -0.00267     0.00 
 58.9000 -73.10333     0.00  -0.53626     0.00 
 59.0000 -73.02492     0.00  -0.42252     0.00 
 59.1000 -72.94886     0.00  -0.81754     0.00 
 59.2000 -73.12560     0.00  -0.35242     0.00 
 59.3000 -73.09554     0.00   0.78331     0.00 
 59.4000 -72.97709     0.00   0.31632     0.00 
 59.5000 -73.36786     0.00  -0.26844     0.00 
 59.6000 -73.07755     0.00  -0.27854     0.00 
 59.7000 -73.40600     0.00  -0.45042     0.00 
 59.8000 -73.56508     0.00   0.92162     0.00 
 59.9000 -73.53062     0.00   0.00251     0.00 
 60.0000 -73.14792     0.00  -0.62245     0.00 
 60.1000 -73.03312     0.00  -0.60092     0.00 
 60.2000 -73.30567     0.00   0.26208     0.00 
 60.3000 -73.14212     0.00  -0.15991     0.00 
 60.4000 -73.03637     0.00  -0.38163     0.00 
 60.5000 -72.98494     0.00  -0.68118     0.00 
 60.6000 -72.71052     0.00  -0.36370     0.01 
 60.7000 -72.52130     0.00  -0.52289     0.01 
 60.8000 -72.63903     0.00  -0.57320     0.01 
 60.9000 -72.67818     0.00  -1.04561     0.01 
 61.0000 -72.40697     0.00  -0.26447     0.02 
 61.1000 -72.79988     0.00  -0.61784     0.02 
 61.2000 -72.76774     0.00   0.68705     0.03 
 61.3000 -72.64658     0.00  -0.02666     0.03 
 61.4000 -72.46693     0.00  -0.22324     0.04 
 61.5000 -72.56363     0.00   0.01924     0.05 
 61.6000 -72.68098     0.00   0.08371     0.07 
 61.7000 -72.85491     0.00  -0.27177     0.08 
 61.8000 -73.15862     0.00  -0.83467     0.10 
 61.9000 -73.05813     0.00  -0.78709     0.13 
 62.0000 -72.90645     0.00  -0.36375     0.16 
 62.1000 -72.61060     0.00  -0.20843     0.20 
 62.2000 -72.12583     0.00  -0.03993     0.25 
 62.3000 -72.19615     0.00   0.11562     0.31 
 62.4000 -72.18790     0.00  -0.09020     0.38 
 62.5000 -71.80226     0.00  -0.19150     1.16 
 62.6000 -71.54182     0.00   0.18796     1.42 
 62.7000 -71.67523     0.00  -0.30359     1.70 
 62.8000 -71.73434     0.00  -0.67154     2.03 
 62.9000 -71.31588     0.00  -0.04440     2.42 
 63.0000 -71.90978     0.00  -0.67228     2.87 
 63.1000 -72.10391     0.00   0.09252     3.40 
 63.2000 -72.25837     0.00  -0.22034     4.02 
 63.3000 -72.13883     0.00   0.38887     4.73 
 63.4000 -72.18435     0.00   0.21067     5.56 
 63.5000 -72.55637     0.00   0.29093     6.50 
 63.6000 -72.78352     0.00  -0.97364     7.59 
 63.7000 -72.40562     0.00   0.33963     8.84 
 63.8000 -72.95194     0.00  -0.37948    10.26 
 63.9000 -72.99772     0.00  -0.27817    11.87 
 64.0000 -73.05442     0.00   0.14966    13.71 
 64.1000 -72.82187     0.00  -0.20724    15.78 
 64.2000 -73.09193     0.00   0.11486    18.12 
 64.3000 -72.86122     0.00  -0.76670    20.74 
 64.4000 -72.75188     0.00  -0.03996    23.68 
 64.5000 -73.15363     0.00  -0.09375    26.97 
 64.6000 -72.85515     0.00  -0.29106    30.63 
 64.7000 -72.80898     0.00  -0.27105    34.70 
 64.8000 -72.50430     0.00  -0.77576    39.23 
 64.9000 -72.49924     0.00  -0.18047    44.24 
 65.0000 -72.44064     0.00   0.32165    49.79 
 65.1000 -71.85219     0.00  -0.06316    55.91 
 65.2000 -71.83681     0.00  -0.46289    62.66 
 65.3000 -71.75827     0.00  -0.54040    69.85 
 65.4000 -71.91273     0.00   0.42048    77.66 
 65.5000 -71.57191     0.00   0.28519    86.12 
 65.6000 -71.56006     0.00  -0.09182    95.25 
 65.7000 -71.52005     0.00  -0.39867   104.96 
 65.8000 -71.93068     0.00  -0.34391   115.39 
 65.9000 -71.95615     0.00  -0.43854   126.54 
 66.0000 -71.76433     0.00  -0.77231   138.39 
 66.1000 -71.56608     0.00   0.11863   150.92 
 66.2000 -71.73476     0.00  -0.43472   164.11 
 66.3000 -71.05398     0.00   0.38032   176.06 
 66.4000 -70.88423     0.00   0.40695   187.93 
 66.5000 -71.08930     0.00   0.22383   199.48 
 66.6000 -71.11960     0.00  -0.31085   210.45 
 66.7000 -70.94347     0.00   0.36360   219.70 
 66.8000 -70.65890     0.00  -0.43117   227.99 
 66.9000 -70.52921     0.00  -0.92075   234.95 
 67.0000 -70.54247     0.00  -0.46423   240.23 
 67.1000 -70.75389     0.00  -0.57354   243.45 
 67.2000 -71.03001     0.00  -0.20452   244.30 
 67.3000 -70.98648     0.00  -0.06789   236.64 
 67.4000 -71.06125     0.00  -0.23989   225.47 
 67.5000 -71.09905     0.00   0.67526   210.79 
 67.6000 -71.34599     0.00  -0.16286   192.75 
 67.7000 -71.07643     0.00  -0.46927   168.51 
 67.8000 -71.42374     0.00  -0.59985   142.95 
 67.9000 -71.39736     0.00  -1.36518   116.21 
 68.0000 -71.55229     0.00   0.36572   107.16 
 68.1000 -71.55747     0.00  -0.63315   106.47 
 68.2000 -71.47165     0.00  -1.46883   104.73 
 68.3000 -71.68496     0.00  -1.53017   101.72 
 68.4000 -71.73497     0.00  -1.74249    97.50 
 68.5000 -71.60901     0.00  -0.96390    92.12 
 68.6000 -71.63411     0.00  -1.55526    85.72 
 68.7000 -71.48064     0.00  -1.05178    78.25 
 68.8000 -71.72268     0.00  -1.04535    70.05 
 68.9000 -71.44390     0.00  -0.62070    61.44 
 69.0000 -71.09171     0.00  -1.21056    52.73 
 69.1000 -71.24275     0.00  -1.64991    44.19 
 69.2000 -71.33359     0.00  -2.19559    36.08 
 69.3000 -71.30887     0.00  -2.18401    28.59 
 69.4000 -71.72669     0.00  -2.31882    21.91 
 69.5000 -71.81232     0.00  -2.31612    16.19 
 69.6000 -71.73154     0.00  -2.07538    11.49 
 69.7000 -71.54055     0.00  -2.12833     7.76 
 69.8000 -71.78805     0.00  -2.59127     4.98 
 69.9000 -72.13861     0.00  -2.26936     3.04 
 70.0000 -72.13682     0.00  -1.20622     1.76 
 70.1000 -72.14297     0.00  -0.33946     0.97 
 70.2000 -71.92585     0.00  -1.17246     0.00 
 70.3000 -71.96486     0.00  -0.61022     0.00 
 70.4000 -71.56284     0.00  -1.63029     0.00 
 70.5000 -71.74661     0.00  -2.25268     0.00 
 70.6000 -71.77957     0.00  -2.12058     0.00 
 70.7000 -71.84448     0.00  -2.10382     0.00 
 70.8000 -71.99946     0.00  -2.78874     0.00 
 70.9000 -72.31153     0.00  -2.42934     0.00 
 71.0000 -72.47968     0.00  -1.91632     0.00 
 71.1000 -72.48853     0.00  -0.68765     0.00 
 71.2000 -72.74121     0.00  -1.57414     0.00 
 71.3000 -72.62599     0.00  -1.95020     0.00 
 71.4000 -72.83784     0.00  -1.76752     0.00 
 71.5000 -72.78131     0.00  -1.47123     0.00 
 71.6000 -73.16265     0.00  -1.87281     0.00 
 71.7000 -73.24343     0.00  -1.84473     0.00 
 71.8000 -73.40017     0.00  -1.22031     0.00 
 71.9000 -73.41120     0.00  -1.21530     0.00 
 72.0000 -73.30441     0.00  -1.81208     0.00 
 72.1000 -73.40809     0.00  -1.78126     0.00 
 72.2000 -73.53437     0.00  -1.69928     0.00 
 72.3000 -73.88508     0.00  -1.44324     0.00 
 72.4000 -73.89930     0.00  -1.41389     0.00 
 72.5000 -73.66903     0.00  -1.64747     0.00 
 72.6000 -74.22588     0.00  -2.34885     0.00 
 72.7000 -74.34215     0.00  -1.35578     0.00 
 72.8000 -74.09734     0.00  -0.41306     0.00 
 72.9000 -74.21633     0.00  -0.75385     0.00 
 73.0000 -73.93362     0.00  -1.13113     0.00 
 73.1000 -74.15353     0.00  -1.36421     0.00 
 73.2000 -74.09793     0.00  -2.02443     0.00 
 73.3000 -74.37027     0.00  -1.76024     0.00 
 73.4000 -74.29743     0.00  -0.94324     0.00 
 73.5000 -74.28604     0.00  -0.21364     0.00 
 73.6000 -74.47465     0.00  -0.88255     0.00 
 73.7000 -74.57290     0.00  -1.28163     0.00 
 73.8000 -74.82261     0.00  -0.64531     0.00 
 73.9000 -74.48375     0.00  -0.64568     0.00 
 74.0000 -74.60933     0.00  -1.08835     0.00 
 74.1000 -74.58128     0.00  -0.93779     0.00 
 74.2000 -75.16786     0.00  -1.43133     0.00 
 74.3000 -74.84391     0.00  -0.78921     0.00 
 74.4000 -74.53315     0.00  -1.40554     0.00 
 74.5000 -74.58105     0.00  -1.57537     0.00 
 74.6000 -74.81934     0.00  -0.28111     0.00 
 74.7000 -75.05260     0.00  -0.50761     0.00 
 74.8000 -75.09737     0.00  -0.71231     0.00 
 74.9000 -74.55979     0.00  -0.52492     0.00 
 75.0000 -74.88496     0.00  -0.51021     0.00 
 75.1000 -74.89936     0.00  -0.03741     0.00 
 75.2000 -74.90346     0.00  -0.21558     0.00 
 75.3000 -75.11632     0.00  -0.43548     0.00 
 75.4000 -74.88665     0.00  -0.72625     0.00 
 75.5000 -75.17369     0.00  -1.40160     0.00 
 75.6000 -75.14176     0.00  -1.06805     0.00 
 75.7000 -75.16940     0.00  -1.49416     0.00 
 75.8000 -75.15615     0.00  -0.23582     0.00 
 75.9000 -74.69078     0.00  -0.65189     0.00 
 76.0000 -74.52113     0.00   0.25751     0.00 
 76.1000 -74.06850     0.00   0.38449     0.00 
 76.2000 -73.85284     0.00  -1.01463     0.00 
 76.3000 -73.92938     0.00  -0.32864     0.00 
 76.4000 -73.87651     0.00   0.27183     0.00 
 76.5000 -73.61675     0.00  -0.35379     0.00 
 76.6000 -73.24652     0.00  -0.49611     0.00 
 76.7000 -73.20027     0.00  -0.73857     0.00 
 76.8000 -72.97776     0.00  -1.11150     0.00 
 76.9000 -72.98558     0.00  -0.78038     0.00 
 77.0000 -73.34749     0.00  -0.93843     0.00 
 77.1000 -73.29641     0.00  -0.57909     0.00 
 77.2000 -73.29031     0.00  -0.83791     0.00 
 77.3000 -73.36987     0.00  -0.23623     0.00 
 77.4000 -73.38340     0.00  -0.05256     0.00 
 77.5000 -73.10447     0.00  -0.18571     0.00 
 77.6000 -73.31711     0.00  -0.02897     0.00 
 77.7000 -72.87856     0.00  -0.82900     0.00 
 77.8000 -72.87203     0.00  -1.54510     0.00 
 77.9000 -73.13316     0.00  -0.89343     0.00 
 78.0000 -72.97459     0.00   0.02371     0.00 
 78.1000 -72.99657     0.00   0.13257     0.00 
 78.2000 -72.95917     0.00  -0.29202     0.00 
 78.3000 -72.73753     0.00  -0.91782     0.00 
 78.4000 -72.68137     0.00  -0.21155     0.00 
 78.5000 -72.94365     0.00  -0.26465     0.00 
 78.6000 -72.89142     0.00  -1.43553     0.00 
 78.7000 -72.35978     0.00  -0.94037     0.00 
 78.8000 -72.68226     0.00  -0.65077     0.00 
 78.9000 -72.54624     0.00  -0.46213     0.00 
 79.0000 -72.45841     0.00   0.51132     0.00 
 79.1000 -72.69573     0.00   0.49199     0.00 
 79.2000 -72.51880     0.00   0.39437     0.00 
 79.3000 -73.12967     0.00  -0.96239     0.00 
 79.4000 -73.00264     0.00  -0.63075     0.00 
 79.5000 -72.78544     0.00  -0.43349     0.00 
 79.6000 -72.56997     0.00  -0.25628     0.00 
 79.7000 -72.77297     0.00  -0.24696     0.00 
 79.8000 -72.71420     0.00   0.38844     0.00 
 79.9000 -72.68532     0.00   0.08877     0.00 
