    0.250 -5.9876E+0001
    0.500 -5.9756E+0001
    0.750 -5.9638E+0001
    1.000 -5.9524E+0001
    1.250 -5.9413E+0001
    1.500 -5.9305E+0001
    1.750 -5.9199E+0001
    2.000 -5.9097E+0001
    2.250 -5.8997E+0001
    2.500 -5.8900E+0001
    2.750 -5.8806E+0001
    3.000 -5.8714E+0001
    3.250 -5.8625E+0001
    3.500 -5.8539E+0001
    3.750 -5.8455E+0001
    4.000 -5.8373E+0001
    4.250 -5.8294E+0001
    4.500 -5.8217E+0001
    4.750 -5.8142E+0001
    5.000 -5.8069E+0001
    5.250 -5.7999E+0001
    5.500 -5.7930E+0001
    5.750 -5.7864E+0001
    6.000 -5.7800E+0001
    6.250 -5.7737E+0001
    6.500 -5.7677E+0001
    6.750 -5.7618E+0001
    7.000 -5.7561E+0001
    7.250 -5.7506E+0001
    7.500 -5.7453E+0001
    7.750 -5.7401E+0001
    8.000 -5.7351E+0001
    8.250 -5.7302E+0001
    8.500 -5.7255E+0001
    8.750 -5.7209E+0001
    9.000 -5.7165E+0001
    9.250 -5.7122E+0001
    9.500 -5.7081E+0001
    9.750 -5.7041E+0001
   10.000 -5.7002E+0001
   10.250 -5.6964E+0001
   10.500 -5.6928E+0001
   10.750 -5.6892E+0001
   11.000 -5.6858E+0001
   11.250 -5.6825E+0001
   11.500 -5.6793E+0001
   11.750 -5.6763E+0001
   12.000 -5.6733E+0001
   12.250 -5.6704E+0001
   12.500 -5.6676E+0001
   12.750 -5.6649E+0001
   13.000 -5.6623E+0001
   13.250 -5.6597E+0001
   13.500 -5.6573E+0001
   13.750 -5.6549E+0001
   14.000 -5.6527E+0001
   14.250 -5.6504E+0001
   14.500 -5.6483E+0001
   14.750 -5.6463E+0001
   15.000 -5.6443E+0001
   15.250 -5.6423E+0001
   15.500 -5.6405E+0001
   15.750 -5.6387E+0001
   16.000 -5.6369E+0001
   16.250 -5.6353E+0001
   16.500 -5.6336E+0001
   16.750 -5.6321E+0001
   17.000 -5.6306E+0001
   17.250 -4.0000E+0001
   17.500 -4.0000E+0001
   17.750 -4.0000E+0001
   18.000 -4.0000E+0001
   18.250 -4.0000E+0001
   18.500 -4.0000E+0001
   18.750 -5.0640E+0001
   19.000 -5.8140E+0001
   19.250 -6.2282E+0001
   19.500 -6.4676E+0001
   19.750 -6.6098E+0001
   20.000 -6.6942E+0001
   20.250 -6.7425E+0001
   20.500 -6.7674E+0001
   20.750 -6.7765E+0001
   21.000 -6.7750E+0001
   21.250 -6.7659E+0001
   21.500 -6.7517E+0001
   21.750 -6.7337E+0001
   22.000 -6.7132E+0001
   22.250 -6.6910E+0001
   22.500 -6.6675E+0001
   22.750 -6.6433E+0001
   23.000 -6.6186E+0001
   23.250 -6.5938E+0001
   23.500 -6.5689E+0001
   23.750 -6.5441E+0001
   24.000 -6.5195E+0001
   24.250 -6.4952E+0001
   24.500 -6.4713E+0001
   24.750 -6.4477E+0001
   25.000 -6.4245E+0001
   25.250 -6.4018E+0001
   25.500 -6.3795E+0001
   25.750 -6.3576E+0001
   26.000 -6.3362E+0001
   26.250 -6.3153E+0001
   26.500 -6.2948E+0001
   26.750 -6.2749E+0001
   27.000 -6.2553E+0001
   27.250 -6.2363E+0001
   27.500 -6.2176E+0001
   27.750 -6.1995E+0001
   28.000 -6.1818E+0001
   28.250 -6.1645E+0001
   28.500 -6.1476E+0001
   28.750 -6.1312E+0001
   29.000 -6.1152E+0001
   29.250 -6.0996E+0001
   29.500 -6.0844E+0001
   29.750 -6.0696E+0001
   30.000 -6.0552E+0001
   30.250 -6.0411E+0001
   30.500 -6.0275E+0001
   30.750 -6.0142E+0001
   31.000 -6.0012E+0001
   31.250 -5.9886E+0001
   31.500 -5.9763E+0001
   31.750 -5.9644E+0001
   32.000 -5.9528E+0001
   32.250 -5.9416E+0001
   32.500 -5.9306E+0001
   32.750 -5.9199E+0001
   33.000 -5.9096E+0001
   33.250 -5.8995E+0001
   33.500 -5.8897E+0001
   33.750 -5.8802E+0001
   34.000 -5.8710E+0001
   34.250 -5.8620E+0001
   34.500 -5.8533E+0001
   34.750 -5.8449E+0001
   35.000 -5.8367E+0001
   35.250 -5.8287E+0001
   35.500 -5.8210E+0001
   35.750 -5.8135E+0001
   36.000 -5.8062E+0001
   36.250 -5.7991E+0001
   36.500 -5.7923E+0001
   36.750 -5.7857E+0001
   37.000 -5.7792E+0001
   37.250 -5.7730E+0001
   37.500 -5.7669E+0001
   37.750 -5.7611E+0001
   38.000 -5.7554E+0001
   38.250 -5.7499E+0001
   38.500 -5.7445E+0001
   38.750 -5.7393E+0001
   39.000 -5.7343E+0001
   39.250 -5.7295E+0001
   39.500 -5.7248E+0001
   39.750 -5.7202E+0001
   40.000 -5.7158E+0001
   40.250 -5.7115E+0001
   40.500 -5.7074E+0001
   40.750 -5.7034E+0001
   41.000 -5.6995E+0001
   41.250 -5.6958E+0001
   41.500 -5.6922E+0001
   41.750 -5.6887E+0001
   42.000 -5.6853E+0001
   42.250 -5.6820E+0001
   42.500 -5.6788E+0001
   42.750 -5.6757E+0001
   43.000 -5.6727E+0001
   43.250 -5.6699E+0001
   43.500 -5.6671E+0001
   43.750 -5.6644E+0001
   44.000 -5.6618E+0001
   44.250 -5.6593E+0001
   44.500 -5.6569E+0001
   44.750 -5.6545E+0001
   45.000 -5.6522E+0001
   45.250 -5.6500E+0001
   45.500 -5.6479E+0001
   45.750 -5.6459E+0001
   46.000 -5.6439E+0001
   46.250 -5.6420E+0001
   46.500 -5.6401E+0001
   46.750 -5.6383E+0001
   47.000 -5.6366E+0001
   47.250 -5.6349E+0001
   47.500 -5.6333E+0001
   47.750 -5.6318E+0001
   48.000 -5.6303E+0001
   48.250 -4.0000E+0001
   48.500 -4.0000E+0001
   48.750 -4.0000E+0001
   49.000 -4.0000E+0001
   49.250 -4.0000E+0001
   49.500 -4.0000E+0001
   49.750 -5.2536E+0001
   50.000 -5.9167E+0001
   50.250 -6.2868E+0001
   50.500 -6.5022E+0001
   50.750 -6.6304E+0001
   51.000 -6.7062E+0001
   51.250 -6.7490E+0001
   51.500 -6.7703E+0001
   51.750 -6.7770E+0001
   52.000 -6.7737E+0001
   52.250 -6.7634E+0001
   52.500 -6.7483E+0001
   52.750 -6.7298E+0001
   53.000 -6.7089E+0001
   53.250 -6.6864E+0001
   53.500 -6.6627E+0001
   53.750 -6.6384E+0001
   54.000 -6.6137E+0001
   54.250 -6.5888E+0001
   54.500 -6.5639E+0001
   54.750 -6.5392E+0001
   55.000 -6.5147E+0001
   55.250 -6.4904E+0001
   55.500 -6.4665E+0001
   55.750 -6.4430E+0001
   56.000 -6.4199E+0001
   56.250 -6.3973E+0001
   56.500 -6.3751E+0001
   56.750 -6.3533E+0001
   57.000 -6.3320E+0001
   57.250 -6.3112E+0001
   57.500 -6.2908E+0001
   57.750 -6.2709E+0001
   58.000 -6.2515E+0001
   58.250 -6.2325E+0001
   58.500 -6.2140E+0001
   58.750 -6.1959E+0001
   59.000 -6.1783E+0001
   59.250 -6.1611E+0001
   59.500 -6.1443E+0001
   59.750 -6.1280E+0001
   60.000 -6.1145E+0001
   60.250 -6.1113E+0001
   60.500 -6.1082E+0001
   60.750 -6.1052E+0001
   61.000 -6.1022E+0001
   61.250 -6.0993E+0001
   61.500 -6.0965E+0001
   61.750 -6.0938E+0001
   62.000 -6.0911E+0001
   62.250 -6.0885E+0001
   62.500 -6.0860E+0001
   62.750 -6.0835E+0001
   63.000 -6.0812E+0001
   63.250 -6.0789E+0001
   63.500 -6.0766E+0001
   63.750 -6.0744E+0001
   64.000 -6.0723E+0001
   64.250 -6.0702E+0001
   64.500 -6.0682E+0001
   64.750 -6.0662E+0001
   65.000 -6.0643E+0001
   65.250 -6.0625E+0001
   65.500 -6.0607E+0001
   65.750 -6.0589E+0001
   66.000 -6.0573E+0001
   66.250 -6.0556E+0001
   66.500 -6.0540E+0001
   66.750 -6.0524E+0001
   67.000 -6.0509E+0001
   67.250 -6.0495E+0001
   67.500 -6.0480E+0001
   67.750 -6.0466E+0001
   68.000 -6.0453E+0001
   68.250 -6.0440E+0001
   68.500 -6.0427E+0001
   68.750 -6.0415E+0001
   69.000 -6.0403E+0001
   69.250 -6.0391E+0001
   69.500 -6.0380E+0001
   69.750 -6.0369E+0001
   70.000 -6.0358E+0001
   70.250 -6.0348E+0001
   70.500 -6.0338E+0001
   70.750 -6.0328E+0001
   71.000 -6.0318E+0001
   71.250 -6.0309E+0001
   71.500 -6.0300E+0001
   71.750 -6.0291E+0001
   72.000 -6.0283E+0001
   72.250 -6.0275E+0001
   72.500 -6.0267E+0001
   72.750 -6.0259E+0001
   73.000 -6.0251E+0001
   73.250 -6.0244E+0001
   73.500 -6.0237E+0001
   73.750 -6.0230E+0001
   74.000 -6.0223E+0001
   74.250 -6.0217E+0001
   74.500 -6.0210E+0001
   74.750 -6.0204E+0001
   75.000 -6.0198E+0001
   75.250 -6.0193E+0001
   75.500 -6.0187E+0001
   75.750 -6.0182E+0001
   76.000 -6.0176E+0001
   76.250 -6.0171E+0001
   76.500 -6.0166E+0001
   76.750 -6.0161E+0001
   77.000 -6.0157E+0001
   77.250 -6.0152E+0001
   77.500 -6.0148E+0001
   77.750 -6.0143E+0001
   78.000 -6.0139E+0001
   78.250 -6.0135E+0001
   78.500 -6.0131E+0001
   78.750 -6.0127E+0001
   79.000 -6.0124E+0001
   79.250 -6.0120E+0001
   79.500 -6.0116E+0001
   79.750 -6.0113E+0001
