    0.250 -6.5381E+0001
    0.500 -6.5068E+0001
    0.750 -6.4760E+0001
    1.000 -6.4457E+0001
    1.250 -6.4160E+0001
    1.500 -6.3868E+0001
    1.750 -6.3581E+0001
    2.000 -6.3299E+0001
    2.250 -6.3022E+0001
    2.500 -6.2750E+0001
    2.750 -6.2483E+0001
    3.000 -6.2220E+0001
    3.250 -6.1962E+0001
    3.500 -6.1709E+0001
    3.750 -6.1460E+0001
    4.000 -6.1216E+0001
    4.250 -6.0975E+0001
    4.500 -6.0739E+0001
    4.750 -6.0507E+0001
    5.000 -6.0279E+0001
    5.250 -6.0055E+0001
    5.500 -5.9835E+0001
    5.750 -5.9618E+0001
    6.000 -5.9405E+0001
    6.250 -5.9195E+0001
    6.500 -5.8988E+0001
    6.750 -5.8783E+0001
    7.000 -5.8582E+0001
    7.250 -5.8383E+0001
    7.500 -5.8186E+0001
    7.750 -5.7990E+0001
    8.000 -5.7796E+0001
    8.250 -5.7602E+0001
    8.500 -5.7408E+0001
    8.750 -5.7213E+0001
    9.000 -5.7016E+0001
    9.250 -5.6816E+0001
    9.500 -5.6610E+0001
    9.750 -5.6397E+0001
   10.000 -5.6174E+0001
   10.250 -5.5936E+0001
   10.500 -5.5676E+0001
   10.750 -5.5384E+0001
   11.000 -5.5042E+0001
   11.250 -5.4615E+0001
   11.500 -5.4021E+0001
   11.750 -5.2996E+0001
   12.000 -4.9454E+0001
   12.250 -2.6606E+0001
   12.500 -4.2524E+0000
   12.750  7.4437E+0000
   13.000  1.0888E+0001
   13.250  7.8546E+0000
   13.500  7.5695E-0002
   13.750 -1.0119E+0001
   14.000 -2.0402E+0001
   14.250 -2.9337E+0001
   14.500 -3.6529E+0001
   14.750 -4.2138E+0001
   15.000 -4.6546E+0001
   15.250 -5.0026E+0001
   15.500 -5.2781E+0001
   15.750 -5.4963E+0001
   16.000 -5.6685E+0001
   16.250 -5.8047E+0001
   16.500 -5.9129E+0001
   16.750 -5.9993E+0001
   17.000 -6.0684E+0001
   17.250 -6.1239E+0001
   17.500 -6.1684E+0001
   17.750 -6.2038E+0001
   18.000 -6.2319E+0001
   18.250 -6.2538E+0001
   18.500 -6.2706E+0001
   18.750 -6.2831E+0001
   19.000 -6.2918E+0001
   19.250 -6.2973E+0001
   19.500 -6.3001E+0001
   19.750 -6.3005E+0001
   20.000 -6.2988E+0001
   20.250 -6.2953E+0001
   20.500 -6.2902E+0001
   20.750 -6.2837E+0001
   21.000 -6.2759E+0001
   21.250 -6.2670E+0001
   21.500 -6.2571E+0001
   21.750 -6.2464E+0001
   22.000 -6.2349E+0001
   22.250 -6.2226E+0001
   22.500 -6.2098E+0001
   22.750 -6.1964E+0001
   23.000 -6.1825E+0001
   23.250 -6.1682E+0001
   23.500 -6.1536E+0001
   23.750 -6.1386E+0001
   24.000 -6.1233E+0001
   24.250 -6.1078E+0001
   24.500 -6.0921E+0001
   24.750 -6.0762E+0001
   25.000 -6.0602E+0001
   25.250 -6.0441E+0001
   25.500 -6.0279E+0001
   25.750 -6.0116E+0001
   26.000 -5.9952E+0001
   26.250 -5.9789E+0001
   26.500 -5.9625E+0001
   26.750 -5.9461E+0001
   27.000 -5.9297E+0001
   27.250 -5.9133E+0001
   27.500 -5.8970E+0001
   27.750 -5.8807E+0001
   28.000 -5.8644E+0001
   28.250 -5.8481E+0001
   28.500 -5.8318E+0001
   28.750 -5.8155E+0001
   29.000 -5.7992E+0001
   29.250 -5.7828E+0001
   29.500 -5.7663E+0001
   29.750 -5.7498E+0001
   30.000 -5.7330E+0001
   30.250 -5.7161E+0001
   30.500 -5.6988E+0001
   30.750 -5.6811E+0001
   31.000 -5.6629E+0001
   31.250 -5.6439E+0001
   31.500 -5.6240E+0001
   31.750 -5.6027E+0001
   32.000 -5.5797E+0001
   32.250 -5.5541E+0001
   32.500 -5.5247E+0001
   32.750 -5.4894E+0001
   33.000 -5.4437E+0001
   33.250 -5.3765E+0001
   33.500 -5.2453E+0001
   33.750 -4.4873E+0001
   34.000 -1.8725E+0001
   34.250  1.0528E-0001
   34.500  8.5946E+0000
   34.750  9.2646E+0000
   35.000  4.1226E+0000
   35.250 -4.6236E+0000
   35.500 -1.4603E+0001
   35.750 -2.3979E+0001
   36.000 -3.1891E+0001
   36.250 -3.8221E+0001
   36.500 -4.3198E+0001
   36.750 -4.7167E+0001
   37.000 -5.0334E+0001
   37.250 -5.2866E+0001
   37.500 -5.4891E+0001
   37.750 -5.6506E+0001
   38.000 -5.7796E+0001
   38.250 -5.8832E+0001
   38.500 -5.9667E+0001
   38.750 -6.0343E+0001
   39.000 -6.0891E+0001
   39.250 -6.1334E+0001
   39.500 -6.1691E+0001
   39.750 -6.1977E+0001
   40.000 -6.2204E+0001
   40.250 -6.2380E+0001
   40.500 -6.2514E+0001
   40.750 -6.2611E+0001
   41.000 -6.2676E+0001
   41.250 -6.2714E+0001
   41.500 -6.2728E+0001
   41.750 -6.2721E+0001
   42.000 -6.2695E+0001
   42.250 -6.2654E+0001
   42.500 -6.2598E+0001
   42.750 -6.2529E+0001
   43.000 -6.2448E+0001
   43.250 -6.2358E+0001
   43.500 -6.2258E+0001
   43.750 -6.2150E+0001
   44.000 -6.2035E+0001
   44.250 -6.1914E+0001
   44.500 -6.1787E+0001
   44.750 -6.1655E+0001
   45.000 -6.1518E+0001
   45.250 -6.1378E+0001
   45.500 -6.1234E+0001
   45.750 -6.1087E+0001
   46.000 -6.0937E+0001
   46.250 -6.0785E+0001
   46.500 -6.0631E+0001
   46.750 -6.0476E+0001
   47.000 -6.0319E+0001
   47.250 -6.0161E+0001
   47.500 -6.0002E+0001
   47.750 -5.9843E+0001
   48.000 -5.9683E+0001
   48.250 -5.9523E+0001
   48.500 -5.9362E+0001
   48.750 -5.9202E+0001
   49.000 -5.9041E+0001
   49.250 -5.8881E+0001
   49.500 -5.8720E+0001
   49.750 -5.8559E+0001
   50.000 -5.8399E+0001
   50.250 -5.8238E+0001
   50.500 -5.8077E+0001
   50.750 -5.7915E+0001
   51.000 -5.7753E+0001
   51.250 -5.7590E+0001
   51.500 -5.7425E+0001
   51.750 -5.7258E+0001
   52.000 -5.7088E+0001
   52.250 -5.6915E+0001
   52.500 -5.6737E+0001
   52.750 -5.6553E+0001
   53.000 -5.6361E+0001
   53.250 -5.6158E+0001
   53.500 -5.5940E+0001
   53.750 -5.5702E+0001
   54.000 -5.5434E+0001
   54.250 -5.5121E+0001
   54.500 -5.4737E+0001
   54.750 -5.4219E+0001
   55.000 -5.3395E+0001
   55.250 -5.1373E+0001
   55.500 -3.5469E+0001
   55.750 -1.0255E+0001
   56.000  4.3684E+0000
   56.250  9.6660E+0000
   56.500  7.9542E+0000
   56.750  1.2472E+0000
   57.000 -8.1530E+0000
   57.250 -1.8017E+0001
   57.500 -2.6871E+0001
   57.750 -3.4177E+0001
   58.000 -3.9972E+0001
   58.250 -4.4549E+0001
   58.500 -4.8211E+0001
   58.750 -5.1138E+0001
   59.000 -5.3484E+0001
   59.250 -5.5360E+0001
   59.500 -5.6858E+0001
   59.750 -5.8060E+0001
   60.000 -5.9027E+0001
   60.250 -5.9810E+0001
   60.500 -6.0444E+0001
   60.750 -6.0959E+0001
   61.000 -6.1376E+0001
   61.250 -6.1712E+0001
   61.500 -6.1981E+0001
   61.750 -6.2194E+0001
   62.000 -6.2359E+0001
   62.250 -6.2483E+0001
   62.500 -6.2573E+0001
   62.750 -6.2632E+0001
   63.000 -6.2664E+0001
   63.250 -6.2674E+0001
   63.500 -6.2663E+0001
   63.750 -6.2634E+0001
   64.000 -6.2590E+0001
   64.250 -6.2532E+0001
   64.500 -6.2461E+0001
   64.750 -6.2379E+0001
   65.000 -6.2287E+0001
   65.250 -6.2187E+0001
   65.500 -6.2078E+0001
   65.750 -6.1963E+0001
   66.000 -6.1841E+0001
   66.250 -6.1714E+0001
   66.500 -6.1582E+0001
   66.750 -6.1445E+0001
   67.000 -6.1305E+0001
   67.250 -6.1161E+0001
   67.500 -6.1014E+0001
   67.750 -6.0865E+0001
   68.000 -6.0714E+0001
   68.250 -6.0560E+0001
   68.500 -6.0405E+0001
   68.750 -6.0249E+0001
   69.000 -6.0092E+0001
   69.250 -5.9934E+0001
   69.500 -5.9775E+0001
   69.750 -5.9616E+0001
   70.000 -5.9456E+0001
   70.250 -5.9296E+0001
   70.500 -5.9136E+0001
   70.750 -5.8976E+0001
   71.000 -5.8816E+0001
   71.250 -5.8656E+0001
   71.500 -5.8496E+0001
   71.750 -5.8336E+0001
   72.000 -5.8176E+0001
   72.250 -5.8015E+0001
   72.500 -5.7854E+0001
   72.750 -5.7691E+0001
   73.000 -5.7528E+0001
   73.250 -5.7363E+0001
   73.500 -5.7195E+0001
   73.750 -5.7025E+0001
   74.000 -5.6850E+0001
   74.250 -5.6671E+0001
   74.500 -5.6484E+0001
   74.750 -5.6289E+0001
   75.000 -5.6081E+0001
   75.250 -5.5857E+0001
   75.500 -5.5609E+0001
   75.750 -5.5328E+0001
   76.000 -5.4994E+0001
   76.250 -5.4572E+0001
   76.500 -5.3976E+0001
   76.750 -5.2928E+0001
   77.000 -4.9070E+0001
   77.250 -2.5616E+0001
   77.500 -3.7889E+0000
   77.750  7.1933E+0000
   78.000  9.7788E+0000
   78.250  6.0667E+0000
   78.500 -1.8497E+0000
   78.750 -1.1626E+0001
   79.000 -2.1241E+0001
   79.250 -2.9568E+0001
   79.500 -3.6321E+0001
   79.750 -4.1647E+0001
   80.000 -4.5880E+0001
   80.250 -4.9267E+0001
   80.500 -5.1976E+0001
   80.750 -5.4148E+0001
   81.000 -5.5885E+0001
   81.250 -5.7274E+0001
   81.500 -5.8390E+0001
   81.750 -5.9290E+0001
   82.000 -6.0019E+0001
   82.250 -6.0610E+0001
   82.500 -6.1091E+0001
   82.750 -6.1479E+0001
   83.000 -6.1792E+0001
   83.250 -6.2042E+0001
   83.500 -6.2239E+0001
   83.750 -6.2390E+0001
   84.000 -6.2503E+0001
   84.250 -6.2582E+0001
   84.500 -6.2632E+0001
   84.750 -6.2657E+0001
   85.000 -6.2660E+0001
   85.250 -6.2644E+0001
   85.500 -6.2611E+0001
   85.750 -6.2562E+0001
   86.000 -6.2500E+0001
   86.250 -6.2426E+0001
   86.500 -6.2341E+0001
   86.750 -6.2247E+0001
   87.000 -6.2144E+0001
   87.250 -6.2033E+0001
   87.500 -6.1916E+0001
   87.750 -6.1793E+0001
   88.000 -6.1665E+0001
   88.250 -6.1531E+0001
   88.500 -6.1394E+0001
   88.750 -6.1253E+0001
   89.000 -6.1108E+0001
   89.250 -6.0961E+0001
   89.500 -6.0811E+0001
   89.750 -6.0659E+0001
   90.000 -6.0506E+0001
   90.250 -6.0351E+0001
   90.500 -6.0194E+0001
   90.750 -6.0037E+0001
   91.000 -5.9879E+0001
   91.250 -5.9720E+0001
   91.500 -5.9561E+0001
   91.750 -5.9402E+0001
   92.000 -5.9242E+0001
   92.250 -5.9083E+0001
   92.500 -5.8923E+0001
   92.750 -5.8763E+0001
   93.000 -5.8603E+0001
   93.250 -5.8443E+0001
   93.500 -5.8283E+0001
   93.750 -5.8123E+0001
   94.000 -5.7962E+0001
   94.250 -5.7801E+0001
   94.500 -5.7638E+0001
   94.750 -5.7475E+0001
   95.000 -5.7309E+0001
   95.250 -5.7141E+0001
   95.500 -5.6969E+0001
   95.750 -5.6794E+0001
   96.000 -5.6612E+0001
   96.250 -5.6423E+0001
   96.500 -5.6224E+0001
   96.750 -5.6012E+0001
   97.000 -5.5782E+0001
   97.250 -5.5525E+0001
   97.500 -5.5230E+0001
   97.750 -5.4873E+0001
   98.000 -5.4410E+0001
   98.250 -5.3722E+0001
   98.500 -5.2346E+0001
   98.750 -4.3818E+0001
   99.000 -1.7534E+0001
   99.250  7.4062E-0001
   99.500  8.8154E+0000
   99.750  9.2212E+0000
  100.000  3.9589E+0000
  100.250 -4.7828E+0000
  100.500 -1.4685E+0001
  100.750 -2.3971E+0001
  101.000 -3.1811E+0001
  101.250 -3.8094E+0001
  101.500 -4.3042E+0001
  101.750 -4.6993E+0001
  102.000 -5.0153E+0001
  102.250 -5.2684E+0001
  102.500 -5.4712E+0001
  102.750 -5.6333E+0001
  103.000 -5.7631E+0001
  103.250 -5.8676E+0001
  103.500 -5.9519E+0001
  103.750 -6.0204E+0001
  104.000 -6.0759E+0001
  104.250 -6.1210E+0001
  104.500 -6.1574E+0001
  104.750 -6.1867E+0001
  105.000 -6.2100E+0001
  105.250 -6.2283E+0001
  105.500 -6.2422E+0001
  105.750 -6.2524E+0001
  106.000 -6.2595E+0001
  106.250 -6.2637E+0001
  106.500 -6.2656E+0001
  106.750 -6.2653E+0001
  107.000 -6.2632E+0001
  107.250 -6.2594E+0001
  107.500 -6.2541E+0001
  107.750 -6.2475E+0001
  108.000 -6.2398E+0001
  108.250 -6.2311E+0001
  108.500 -6.2214E+0001
  108.750 -6.2109E+0001
  109.000 -6.1997E+0001
  109.250 -6.1878E+0001
  109.500 -6.1753E+0001
  109.750 -6.1624E+0001
  110.000 -6.1489E+0001
  110.250 -6.1351E+0001
  110.500 -6.1209E+0001
  110.750 -6.1064E+0001
  111.000 -6.0916E+0001
  111.250 -6.0766E+0001
  111.500 -6.0614E+0001
  111.750 -6.0460E+0001
  112.000 -6.0304E+0001
  112.250 -6.0148E+0001
  112.500 -5.9991E+0001
  112.750 -5.9833E+0001
  113.000 -5.9674E+0001
  113.250 -5.9515E+0001
  113.500 -5.9356E+0001
  113.750 -5.9196E+0001
  114.000 -5.9037E+0001
  114.250 -5.8877E+0001
  114.500 -5.8717E+0001
  114.750 -5.8558E+0001
  115.000 -5.8398E+0001
  115.250 -5.8238E+0001
  115.500 -5.8078E+0001
  115.750 -5.7917E+0001
  116.000 -5.7755E+0001
  116.250 -5.7593E+0001
  116.500 -5.7428E+0001
  116.750 -5.7262E+0001
  117.000 -5.7094E+0001
  117.250 -5.6921E+0001
  117.500 -5.6744E+0001
  117.750 -5.6561E+0001
  118.000 -5.6370E+0001
  118.250 -5.6168E+0001
  118.500 -5.5951E+0001
  118.750 -5.5714E+0001
  119.000 -5.5449E+0001
  119.250 -5.5140E+0001
  119.500 -5.4760E+0001
  119.750 -5.4253E+0001
  120.000 -5.3456E+0001
  120.250 -5.1580E+0001
  120.500 -3.7000E+0001
  120.750 -1.1412E+0001
  121.000  3.8266E+0000
  121.250  9.6075E+0000
  121.500  8.2911E+0000
  121.750  1.8676E+0000
  122.000 -7.3994E+0000
  122.250 -1.7270E+0001
  122.500 -2.6210E+0001
  122.750 -3.3624E+0001
  123.000 -3.9518E+0001
  123.250 -4.4170E+0001
  123.500 -4.7894E+0001
  123.750 -5.0871E+0001
  124.000 -5.3258E+0001
  124.250 -5.5169E+0001
  124.500 -5.6696E+0001
  124.750 -5.7921E+0001
  125.000 -5.8908E+0001
  125.250 -5.9707E+0001
  125.500 -6.0354E+0001
  125.750 -6.0880E+0001
  126.000 -6.1307E+0001
  126.250 -6.1652E+0001
  126.500 -6.1928E+0001
  126.750 -6.2148E+0001
  127.000 -6.2318E+0001
  127.250 -6.2448E+0001
  127.500 -6.2541E+0001
  127.750 -6.2604E+0001
  128.000 -6.2641E+0001
  128.250 -6.2653E+0001
  128.500 -6.2646E+0001
  128.750 -6.2620E+0001
  129.000 -6.2578E+0001
  129.250 -6.2523E+0001
  129.500 -6.2454E+0001
  129.750 -6.2374E+0001
  130.000 -6.2285E+0001
  130.250 -6.2186E+0001
  130.500 -6.2079E+0001
  130.750 -6.1965E+0001
  131.000 -6.1845E+0001
  131.250 -6.1719E+0001
  131.500 -6.1588E+0001
  131.750 -6.1453E+0001
  132.000 -6.1314E+0001
  132.250 -6.1171E+0001
  132.500 -6.1026E+0001
  132.750 -6.0877E+0001
  133.000 -6.0727E+0001
  133.250 -6.0574E+0001
  133.500 -6.0420E+0001
  133.750 -6.0265E+0001
  134.000 -6.0108E+0001
  134.250 -5.9951E+0001
  134.500 -5.9793E+0001
  134.750 -5.9634E+0001
  135.000 -5.9475E+0001
  135.250 -5.9316E+0001
  135.500 -5.9156E+0001
  135.750 -5.8997E+0001
  136.000 -5.8838E+0001
  136.250 -5.8678E+0001
  136.500 -5.8518E+0001
  136.750 -5.8359E+0001
  137.000 -5.8199E+0001
  137.250 -5.8039E+0001
  137.500 -5.7878E+0001
  137.750 -5.7716E+0001
  138.000 -5.7553E+0001
  138.250 -5.7389E+0001
  138.500 -5.7222E+0001
  138.750 -5.7053E+0001
  139.000 -5.6879E+0001
  139.250 -5.6701E+0001
  139.500 -5.6516E+0001
  139.750 -5.6323E+0001
  140.000 -5.6118E+0001
  140.250 -5.5897E+0001
  140.500 -5.5655E+0001
  140.750 -5.5381E+0001
  141.000 -5.5058E+0001
  141.250 -5.4656E+0001
  141.500 -5.4103E+0001
  141.750 -5.3181E+0001
  142.000 -5.0501E+0001
  142.250 -3.0529E+0001
  142.500 -6.8426E+0000
  142.750  5.9298E+0000
  143.000  9.8770E+0000
  143.250  7.1941E+0000
  143.500 -9.4195E-0002
  143.750 -9.6801E+0000
  144.000 -1.9434E+0001
  144.250 -2.8044E+0001
  144.500 -3.5094E+0001
  144.750 -4.0671E+0001
  145.000 -4.5089E+0001
  145.250 -4.8626E+0001
  145.500 -5.1455E+0001
  145.750 -5.3724E+0001
  146.000 -5.5539E+0001
  146.250 -5.6992E+0001
  146.500 -5.8157E+0001
  146.750 -5.9098E+0001
  147.000 -5.9859E+0001
  147.250 -6.0477E+0001
  147.500 -6.0979E+0001
  147.750 -6.1386E+0001
  148.000 -6.1715E+0001
  148.250 -6.1978E+0001
  148.500 -6.2186E+0001
  148.750 -6.2347E+0001
  149.000 -6.2468E+0001
  149.250 -6.2554E+0001
  149.500 -6.2611E+0001
  149.750 -6.2642E+0001
  150.000 -6.2650E+0001
  150.250 -6.2639E+0001
  150.500 -6.2610E+0001
  150.750 -6.2565E+0001
  151.000 -6.2506E+0001
  151.250 -6.2435E+0001
  151.500 -6.2353E+0001
  151.750 -6.2262E+0001
  152.000 -6.2161E+0001
  152.250 -6.2053E+0001
  152.500 -6.1938E+0001
  152.750 -6.1817E+0001
  153.000 -6.1690E+0001
  153.250 -6.1558E+0001
  153.500 -6.1422E+0001
  153.750 -6.1282E+0001
  154.000 -6.1139E+0001
  154.250 -6.0993E+0001
  154.500 -6.0844E+0001
  154.750 -6.0693E+0001
  155.000 -6.0540E+0001
  155.250 -6.0386E+0001
  155.500 -6.0231E+0001
  155.750 -6.0074E+0001
  156.000 -5.9917E+0001
  156.250 -5.9758E+0001
  156.500 -5.9600E+0001
  156.750 -5.9441E+0001
  157.000 -5.9282E+0001
  157.250 -5.9123E+0001
  157.500 -5.8963E+0001
  157.750 -5.8804E+0001
  158.000 -5.8644E+0001
  158.250 -5.8485E+0001
  158.500 -5.8325E+0001
  158.750 -5.8165E+0001
  159.000 -5.8005E+0001
  159.250 -5.7844E+0001
  159.500 -5.7683E+0001
  159.750 -5.7520E+0001
  160.000 -5.7355E+0001
  160.250 -5.7188E+0001
  160.500 -5.7018E+0001
  160.750 -5.6844E+0001
  161.000 -5.6664E+0001
  161.250 -5.6478E+0001
  161.500 -5.6283E+0001
  161.750 -5.6075E+0001
  162.000 -5.5850E+0001
  162.250 -5.5603E+0001
  162.500 -5.5321E+0001
  162.750 -5.4986E+0001
  163.000 -5.4561E+0001
  163.250 -5.3960E+0001
  163.500 -5.2895E+0001
  163.750 -4.8837E+0001
  164.000 -2.5033E+0001
  164.250 -3.4398E+0000
  164.500  7.3509E+0000
  164.750  9.8239E+0000
  165.000  6.0601E+0000
  165.250 -1.8664E+0000
  165.500 -1.1632E+0001
  165.750 -2.1230E+0001
  166.000 -2.9543E+0001
  166.250 -3.6287E+0001
  166.500 -4.1607E+0001
  166.750 -4.5835E+0001
  167.000 -4.9220E+0001
  167.250 -5.1930E+0001
  167.500 -5.4102E+0001
  167.750 -5.5840E+0001
  168.000 -5.7231E+0001
  168.250 -5.8349E+0001
  168.500 -5.9252E+0001
  168.750 -5.9983E+0001
  169.000 -6.0577E+0001
  169.250 -6.1059E+0001
  169.500 -6.1450E+0001
  169.750 -6.1765E+0001
  170.000 -6.2017E+0001
  170.250 -6.2216E+0001
  170.500 -6.2369E+0001
  170.750 -6.2483E+0001
  171.000 -6.2564E+0001
  171.250 -6.2616E+0001
  171.500 -6.2642E+0001
  171.750 -6.2647E+0001
  172.000 -6.2632E+0001
  172.250 -6.2600E+0001
  172.500 -6.2552E+0001
  172.750 -6.2491E+0001
  173.000 -6.2418E+0001
  173.250 -6.2335E+0001
  173.500 -6.2242E+0001
  173.750 -6.2140E+0001
  174.000 -6.2030E+0001
  174.250 -6.1914E+0001
  174.500 -6.1792E+0001
  174.750 -6.1664E+0001
  175.000 -6.1532E+0001
  175.250 -6.1395E+0001
  175.500 -6.1255E+0001
  175.750 -6.1111E+0001
  176.000 -6.0965E+0001
  176.250 -6.0816E+0001
  176.500 -6.0664E+0001
  176.750 -6.0512E+0001
  177.000 -6.0357E+0001
  177.250 -6.0201E+0001
  177.500 -6.0045E+0001
  177.750 -5.9887E+0001
  178.000 -5.9729E+0001
  178.250 -5.9571E+0001
  178.500 -5.9412E+0001
  178.750 -5.9253E+0001
  179.000 -5.9094E+0001
  179.250 -5.8934E+0001
  179.500 -5.8775E+0001
  179.750 -5.8616E+0001
  180.000 -5.8456E+0001
  180.250 -5.8297E+0001
  180.500 -5.8137E+0001
  180.750 -5.7977E+0001
  181.000 -5.7816E+0001
  181.250 -5.7654E+0001
  181.500 -5.7491E+0001
  181.750 -5.7326E+0001
  182.000 -5.7158E+0001
  182.250 -5.6988E+0001
  182.500 -5.6813E+0001
  182.750 -5.6633E+0001
  183.000 -5.6445E+0001
  183.250 -5.6248E+0001
  183.500 -5.6038E+0001
  183.750 -5.5810E+0001
  184.000 -5.5557E+0001
  184.250 -5.5268E+0001
  184.500 -5.4921E+0001
  184.750 -5.4475E+0001
  185.000 -5.3826E+0001
  185.250 -5.2599E+0001
  185.500 -4.6314E+0001
  185.750 -2.0578E+0001
  186.000 -8.9954E-0001
  186.250  8.3008E+0000
  186.500  9.5860E+0000
  186.750  4.9698E+0000
  187.000 -3.4247E+0000
  187.250 -1.3279E+0001
  187.500 -2.2712E+0001
  187.750 -3.0765E+0001
  188.000 -3.7255E+0001
  188.250 -4.2367E+0001
  188.500 -4.6442E+0001
  188.750 -4.9704E+0001
  189.000 -5.2315E+0001
  189.250 -5.4410E+0001
  189.500 -5.6084E+0001
  189.750 -5.7426E+0001
  190.000 -5.8505E+0001
  190.250 -5.9377E+0001
  190.500 -6.0083E+0001
  190.750 -6.0658E+0001
  191.000 -6.1124E+0001
  191.250 -6.1502E+0001
  191.500 -6.1806E+0001
  191.750 -6.2049E+0001
  192.000 -6.2240E+0001
  192.250 -6.2386E+0001
  192.500 -6.2495E+0001
  192.750 -6.2571E+0001
  193.000 -6.2619E+0001
  193.250 -6.2642E+0001
  193.500 -6.2643E+0001
  193.750 -6.2625E+0001
  194.000 -6.2591E+0001
  194.250 -6.2541E+0001
  194.500 -6.2478E+0001
  194.750 -6.2404E+0001
  195.000 -6.2319E+0001
  195.250 -6.2224E+0001
  195.500 -6.2121E+0001
  195.750 -6.2011E+0001
  196.000 -6.1894E+0001
  196.250 -6.1771E+0001
  196.500 -6.1642E+0001
  196.750 -6.1509E+0001
  197.000 -6.1372E+0001
  197.250 -6.1231E+0001
  197.500 -6.1087E+0001
  197.750 -6.0941E+0001
  198.000 -6.0791E+0001
  198.250 -6.0640E+0001
  198.500 -6.0487E+0001
  198.750 -6.0332E+0001
  199.000 -6.0177E+0001
  199.250 -6.0020E+0001
  199.500 -5.9863E+0001
  199.750 -5.9705E+0001
  200.000 -5.9546E+0001
  200.250 -5.9387E+0001
  200.500 -5.9228E+0001
  200.750 -5.9069E+0001
  201.000 -5.8910E+0001
  201.250 -5.8751E+0001
  201.500 -5.8591E+0001
  201.750 -5.8432E+0001
  202.000 -5.8273E+0001
  202.250 -5.8113E+0001
  202.500 -5.7953E+0001
  202.750 -5.7792E+0001
  203.000 -5.7630E+0001
  203.250 -5.7466E+0001
  203.500 -5.7301E+0001
  203.750 -5.7133E+0001
  204.000 -5.6962E+0001
  204.250 -5.6787E+0001
  204.500 -5.6606E+0001
  204.750 -5.6417E+0001
  205.000 -5.6218E+0001
  205.250 -5.6006E+0001
  205.500 -5.5775E+0001
  205.750 -5.5518E+0001
  206.000 -5.5222E+0001
  206.250 -5.4864E+0001
  206.500 -5.4397E+0001
  206.750 -5.3702E+0001
  207.000 -5.2296E+0001
  207.250 -4.3325E+0001
  207.500 -1.7016E+0001
  207.750  1.0195E+0000
  208.000  8.9330E+0000
  208.250  9.2540E+0000
  208.500  3.9622E+0000
  208.750 -4.7767E+0000
  209.000 -1.4665E+0001
  209.250 -2.3937E+0001
  209.500 -3.1767E+0001
  209.750 -3.8044E+0001
  210.000 -4.2989E+0001
  210.250 -4.6939E+0001
  210.500 -5.0099E+0001
  210.750 -5.2631E+0001
  211.000 -5.4661E+0001
  211.250 -5.6284E+0001
  211.500 -5.7585E+0001
  211.750 -5.8632E+0001
  212.000 -5.9479E+0001
  212.250 -6.0165E+0001
  212.500 -6.0723E+0001
  212.750 -6.1177E+0001
  213.000 -6.1544E+0001
  213.250 -6.1839E+0001
  213.500 -6.2074E+0001
  213.750 -6.2259E+0001
  214.000 -6.2400E+0001
  214.250 -6.2504E+0001
  214.500 -6.2576E+0001
  214.750 -6.2620E+0001
  215.000 -6.2640E+0001
  215.250 -6.2639E+0001
  215.500 -6.2619E+0001
  215.750 -6.2583E+0001
  216.000 -6.2531E+0001
  216.250 -6.2467E+0001
  216.500 -6.2391E+0001
  216.750 -6.2305E+0001
  217.000 -6.2209E+0001
  217.250 -6.2105E+0001
  217.500 -6.1994E+0001
  217.750 -6.1876E+0001
  218.000 -6.1753E+0001
  218.250 -6.1624E+0001
  218.500 -6.1490E+0001
  218.750 -6.1353E+0001
  219.000 -6.1212E+0001
  219.250 -6.1067E+0001
  219.500 -6.0920E+0001
  219.750 -6.0771E+0001
  220.000 -6.0619E+0001
  220.250 -6.0466E+0001
  220.500 -6.0312E+0001
  220.750 -6.0156E+0001
  221.000 -5.9999E+0001
  221.250 -5.9842E+0001
  221.500 -5.9684E+0001
  221.750 -5.9525E+0001
  222.000 -5.9366E+0001
  222.250 -5.9207E+0001
  222.500 -5.9048E+0001
  222.750 -5.8889E+0001
  223.000 -5.8730E+0001
  223.250 -5.8571E+0001
  223.500 -5.8412E+0001
  223.750 -5.8252E+0001
  224.000 -5.8093E+0001
  224.250 -5.7932E+0001
  224.500 -5.7771E+0001
  224.750 -5.7609E+0001
  225.000 -5.7446E+0001
  225.250 -5.7280E+0001
  225.500 -5.7112E+0001
  225.750 -5.6941E+0001
  226.000 -5.6765E+0001
  226.250 -5.6583E+0001
  226.500 -5.6393E+0001
  226.750 -5.6193E+0001
  227.000 -5.5979E+0001
  227.250 -5.5745E+0001
  227.500 -5.5484E+0001
  227.750 -5.5182E+0001
  228.000 -5.4814E+0001
  228.250 -5.4329E+0001
  228.500 -5.3588E+0001
  228.750 -5.1986E+0001
  229.000 -4.0383E+0001
  229.250 -1.4194E+0001
  229.500  2.4691E+0000
  229.750  9.3433E+0000
  230.000  8.8855E+0000
  230.250  3.0616E+0000
  230.500 -5.9290E+0000
  230.750 -1.5816E+0001
  231.000 -2.4941E+0001
  231.250 -3.2582E+0001
  231.500 -3.8685E+0001
  231.750 -4.3495E+0001
  232.000 -4.7342E+0001
  232.250 -5.0420E+0001
  232.500 -5.2887E+0001
  232.750 -5.4864E+0001
  233.000 -5.6445E+0001
  233.250 -5.7713E+0001
  233.500 -5.8735E+0001
  233.750 -5.9561E+0001
  234.000 -6.0232E+0001
  234.250 -6.0777E+0001
  234.500 -6.1219E+0001
  234.750 -6.1577E+0001
  235.000 -6.1865E+0001
  235.250 -6.2094E+0001
  235.500 -6.2274E+0001
  235.750 -6.2410E+0001
  236.000 -6.2511E+0001
  236.250 -6.2580E+0001
  236.500 -6.2621E+0001
  236.750 -6.2639E+0001
  237.000 -6.2635E+0001
  237.250 -6.2613E+0001
  237.500 -6.2575E+0001
  237.750 -6.2523E+0001
  238.000 -6.2457E+0001
  238.250 -6.2380E+0001
  238.500 -6.2293E+0001
  238.750 -6.2196E+0001
  239.000 -6.2092E+0001
  239.250 -6.1980E+0001
  239.500 -6.1861E+0001
  239.750 -6.1737E+0001
  240.000 -6.1608E+0001
  240.250 -6.1474E+0001
  240.500 -6.1336E+0001
  240.750 -6.1195E+0001
  241.000 -6.1050E+0001
  241.250 -6.0903E+0001
  241.500 -6.0753E+0001
  241.750 -6.0602E+0001
  242.000 -6.0449E+0001
  242.250 -6.0294E+0001
  242.500 -6.0138E+0001
  242.750 -5.9981E+0001
  243.000 -5.9824E+0001
  243.250 -5.9666E+0001
  243.500 -5.9508E+0001
  243.750 -5.9349E+0001
  244.000 -5.9190E+0001
  244.250 -5.9031E+0001
  244.500 -5.8872E+0001
  244.750 -5.8713E+0001
  245.000 -5.8554E+0001
  245.250 -5.8395E+0001
  245.500 -5.8235E+0001
  245.750 -5.8075E+0001
  246.000 -5.7915E+0001
  246.250 -5.7754E+0001
  246.500 -5.7592E+0001
  246.750 -5.7429E+0001
  247.000 -5.7263E+0001
  247.250 -5.7095E+0001
  247.500 -5.6923E+0001
  247.750 -5.6746E+0001
  248.000 -5.6564E+0001
  248.250 -5.6373E+0001
  248.500 -5.6172E+0001
  248.750 -5.5956E+0001
  249.000 -5.5720E+0001
  249.250 -5.5456E+0001
  249.500 -5.5148E+0001
  249.750 -5.4772E+0001
  250.000 -5.4269E+0001
  250.250 -5.3485E+0001
  250.500 -5.1676E+0001
  250.750 -3.7747E+0001
  251.000 -1.1991E+0001
  251.250  3.5595E+0000
  251.500  9.6028E+0000
  251.750  8.5235E+0000
  252.000  2.2852E+0000
  252.250 -6.8874E+0000
  252.500 -1.6757E+0001
  252.750 -2.5751E+0001
  253.000 -3.3236E+0001
  253.250 -3.9198E+0001
  253.500 -4.3901E+0001
  253.750 -4.7666E+0001
  254.000 -5.0677E+0001
  254.250 -5.3092E+0001
  254.500 -5.5027E+0001
  254.750 -5.6574E+0001
  255.000 -5.7816E+0001
  255.250 -5.8817E+0001
  255.500 -5.9627E+0001
  255.750 -6.0284E+0001
  256.000 -6.0818E+0001
  256.250 -6.1252E+0001
  256.500 -6.1603E+0001
  256.750 -6.1886E+0001
  257.000 -6.2110E+0001
  257.250 -6.2285E+0001
  257.500 -6.2418E+0001
  257.750 -6.2515E+0001
  258.000 -6.2582E+0001
  258.250 -6.2621E+0001
  258.500 -6.2637E+0001
  258.750 -6.2632E+0001
  259.000 -6.2608E+0001
  259.250 -6.2569E+0001
  259.500 -6.2515E+0001
  259.750 -6.2448E+0001
  260.000 -6.2370E+0001
  260.250 -6.2282E+0001
  260.500 -6.2185E+0001
  260.750 -6.2080E+0001
  261.000 -6.1968E+0001
  261.250 -6.1849E+0001
  261.500 -6.1724E+0001
  261.750 -6.1595E+0001
  262.000 -6.1461E+0001
  262.250 -6.1322E+0001
  262.500 -6.1181E+0001
  262.750 -6.1036E+0001
  263.000 -6.0889E+0001
  263.250 -6.0739E+0001
  263.500 -6.0587E+0001
  263.750 -6.0434E+0001
  264.000 -6.0279E+0001
  264.250 -6.0124E+0001
  264.500 -5.9967E+0001
  264.750 -5.9809E+0001
  265.000 -5.9651E+0001
  265.250 -5.9493E+0001
  265.500 -5.9334E+0001
  265.750 -5.9176E+0001
  266.000 -5.9017E+0001
  266.250 -5.8858E+0001
  266.500 -5.8699E+0001
  266.750 -5.8540E+0001
  267.000 -5.8381E+0001
  267.250 -5.8221E+0001
  267.500 -5.8061E+0001
  267.750 -5.7901E+0001
  268.000 -5.7740E+0001
  268.250 -5.7578E+0001
  268.500 -5.7414E+0001
  268.750 -5.7249E+0001
  269.000 -5.7080E+0001
  269.250 -5.6908E+0001
  269.500 -5.6731E+0001
  269.750 -5.6548E+0001
  270.000 -5.6356E+0001
  270.250 -5.6154E+0001
  270.500 -5.5937E+0001
  270.750 -5.5699E+0001
  271.000 -5.5432E+0001
  271.250 -5.5120E+0001
  271.500 -5.4736E+0001
  271.750 -5.4218E+0001
  272.000 -5.3395E+0001
  272.250 -5.1374E+0001
  272.500 -3.5479E+0001
  272.750 -1.0259E+0001
  273.000  4.3897E+0000
  273.250  9.7650E+0000
  273.500  8.1875E+0000
  273.750  1.6243E+0000
  274.000 -7.6814E+0000
  274.250 -1.7523E+0001
  274.500 -2.6407E+0001
  274.750 -3.3764E+0001
  275.000 -3.9611E+0001
  275.250 -4.4228E+0001
  275.500 -4.7926E+0001
  275.750 -5.0884E+0001
  276.000 -5.3257E+0001
  276.250 -5.5157E+0001
  276.500 -5.6678E+0001
  276.750 -5.7898E+0001
  277.000 -5.8882E+0001
  277.250 -5.9679E+0001
  277.500 -6.0326E+0001
  277.750 -6.0852E+0001
  278.000 -6.1279E+0001
  278.250 -6.1624E+0001
  278.500 -6.1902E+0001
  278.750 -6.2122E+0001
  279.000 -6.2294E+0001
  279.250 -6.2424E+0001
  279.500 -6.2519E+0001
  279.750 -6.2583E+0001
  280.000 -6.2621E+0001
  280.250 -6.2635E+0001
  280.500 -6.2628E+0001
  280.750 -6.2604E+0001
  281.000 -6.2563E+0001
  281.250 -6.2508E+0001
  281.500 -6.2441E+0001
  281.750 -6.2362E+0001
  282.000 -6.2274E+0001
  282.250 -6.2176E+0001
  282.500 -6.2070E+0001
  282.750 -6.1958E+0001
  283.000 -6.1838E+0001
  283.250 -6.1714E+0001
  283.500 -6.1584E+0001
  283.750 -6.1449E+0001
  284.000 -6.1311E+0001
  284.250 -6.1169E+0001
  284.500 -6.1024E+0001
  284.750 -6.0877E+0001
  285.000 -6.0727E+0001
  285.250 -6.0575E+0001
  285.500 -6.0422E+0001
  285.750 -6.0267E+0001
  286.000 -6.0112E+0001
  286.250 -5.9955E+0001
  286.500 -5.9797E+0001
  286.750 -5.9640E+0001
  287.000 -5.9481E+0001
  287.250 -5.9323E+0001
  287.500 -5.9164E+0001
  287.750 -5.9005E+0001
  288.000 -5.8846E+0001
  288.250 -5.8687E+0001
  288.500 -5.8528E+0001
  288.750 -5.8369E+0001
  289.000 -5.8210E+0001
  289.250 -5.8050E+0001
  289.500 -5.7890E+0001
  289.750 -5.7729E+0001
  290.000 -5.7567E+0001
  290.250 -5.7403E+0001
  290.500 -5.7237E+0001
  290.750 -5.7068E+0001
  291.000 -5.6896E+0001
  291.250 -5.6719E+0001
  291.500 -5.6535E+0001
  291.750 -5.6343E+0001
  292.000 -5.6140E+0001
  292.250 -5.5921E+0001
  292.500 -5.5682E+0001
  292.750 -5.5412E+0001
  293.000 -5.5097E+0001
  293.250 -5.4706E+0001
  293.500 -5.4175E+0001
  293.750 -5.3318E+0001
  294.000 -5.1086E+0001
  294.250 -3.3604E+0001
  294.500 -8.9066E+0000
  294.750  5.0224E+0000
  295.000  9.8646E+0000
  295.250  7.8908E+0000
  295.500  1.0747E+0000
  295.750 -8.3282E+0000
  296.000 -1.8141E+0001
  296.250 -2.6932E+0001
  296.500 -3.4184E+0001
  296.750 -3.9940E+0001
  297.000 -4.4489E+0001
  297.250 -4.8133E+0001
  297.500 -5.1049E+0001
  297.750 -5.3387E+0001
  298.000 -5.5261E+0001
  298.250 -5.6760E+0001
  298.500 -5.7963E+0001
  298.750 -5.8934E+0001
  299.000 -5.9720E+0001
  299.250 -6.0359E+0001
  299.500 -6.0878E+0001
  299.750 -6.1299E+0001
  300.000 -6.1640E+0001
  300.250 -6.1914E+0001
  300.500 -6.2131E+0001
  300.750 -6.2300E+0001
  301.000 -6.2428E+0001
  301.250 -6.2521E+0001
  301.500 -6.2584E+0001
  301.750 -6.2620E+0001
  302.000 -6.2633E+0001
  302.250 -6.2625E+0001
  302.500 -6.2600E+0001
  302.750 -6.2558E+0001
  303.000 -6.2503E+0001
  303.250 -6.2435E+0001
  303.500 -6.2356E+0001
  303.750 -6.2267E+0001
  304.000 -6.2168E+0001
  304.250 -6.2062E+0001
  304.500 -6.1949E+0001
  304.750 -6.1830E+0001
  305.000 -6.1705E+0001
  305.250 -6.1575E+0001
  305.500 -6.1440E+0001
  305.750 -6.1302E+0001
  306.000 -6.1160E+0001
  306.250 -6.1015E+0001
  306.500 -6.0867E+0001
  306.750 -6.0717E+0001
  307.000 -6.0566E+0001
  307.250 -6.0412E+0001
  307.500 -6.0258E+0001
  307.750 -6.0102E+0001
  308.000 -5.9945E+0001
  308.250 -5.9788E+0001
  308.500 -5.9630E+0001
  308.750 -5.9472E+0001
  309.000 -5.9313E+0001
  309.250 -5.9154E+0001
  309.500 -5.8996E+0001
  309.750 -5.8837E+0001
  310.000 -5.8678E+0001
  310.250 -5.8519E+0001
  310.500 -5.8360E+0001
  310.750 -5.8201E+0001
  311.000 -5.8041E+0001
  311.250 -5.7881E+0001
  311.500 -5.7720E+0001
  311.750 -5.7557E+0001
  312.000 -5.7393E+0001
  312.250 -5.7228E+0001
  312.500 -5.7059E+0001
  312.750 -5.6886E+0001
  313.000 -5.6709E+0001
  313.250 -5.6525E+0001
  313.500 -5.6332E+0001
  313.750 -5.6128E+0001
  314.000 -5.5909E+0001
  314.250 -5.5668E+0001
  314.500 -5.5396E+0001
  314.750 -5.5078E+0001
  315.000 -5.4681E+0001
  315.250 -5.4140E+0001
  315.500 -5.3252E+0001
  315.750 -5.0819E+0001
  316.000 -3.2108E+0001
  316.250 -7.8849E+0000
  316.500  5.4873E+0000
  316.750  9.9202E+0000
  317.000  7.6441E+0000
  317.250  6.3863E-0001
  317.500 -8.8322E+0000
  317.750 -1.8617E+0001
  318.000 -2.7334E+0001
  318.250 -3.4506E+0001
  318.500 -4.0191E+0001
  318.750 -4.4688E+0001
  319.000 -4.8291E+0001
  319.250 -5.1174E+0001
  319.500 -5.3486E+0001
  319.750 -5.5339E+0001
  320.000 -5.6821E+0001
  320.250 -5.8012E+0001
  320.500 -5.8973E+0001
  320.750 -5.9751E+0001
  321.000 -6.0383E+0001
  321.250 -6.0897E+0001
  321.500 -6.1314E+0001
  321.750 -6.1652E+0001
  322.000 -6.1923E+0001
  322.250 -6.2137E+0001
  322.500 -6.2304E+0001
  322.750 -6.2431E+0001
  323.000 -6.2522E+0001
  323.250 -6.2584E+0001
  323.500 -6.2619E+0001
  323.750 -6.2631E+0001
  324.000 -6.2622E+0001
  324.250 -6.2596E+0001
  324.500 -6.2554E+0001
  324.750 -6.2498E+0001
  325.000 -6.2430E+0001
  325.250 -6.2350E+0001
  325.500 -6.2261E+0001
  325.750 -6.2162E+0001
  326.000 -6.2056E+0001
  326.250 -6.1943E+0001
  326.500 -6.1823E+0001
  326.750 -6.1698E+0001
  327.000 -6.1567E+0001
  327.250 -6.1433E+0001
  327.500 -6.1294E+0001
  327.750 -6.1152E+0001
  328.000 -6.1007E+0001
  328.250 -6.0860E+0001
  328.500 -6.0710E+0001
  328.750 -6.0558E+0001
  329.000 -6.0405E+0001
  329.250 -6.0250E+0001
  329.500 -6.0094E+0001
  329.750 -5.9938E+0001
  330.000 -5.9780E+0001
  330.250 -5.9622E+0001
  330.500 -5.9464E+0001
  330.750 -5.9306E+0001
  331.000 -5.9147E+0001
  331.250 -5.8988E+0001
  331.500 -5.8829E+0001
  331.750 -5.8671E+0001
  332.000 -5.8512E+0001
  332.250 -5.8353E+0001
  332.500 -5.8193E+0001
  332.750 -5.8034E+0001
  333.000 -5.7874E+0001
  333.250 -5.7712E+0001
  333.500 -5.7550E+0001
  333.750 -5.7386E+0001
  334.000 -5.7220E+0001
  334.250 -5.7051E+0001
  334.500 -5.6879E+0001
  334.750 -5.6701E+0001
  335.000 -5.6517E+0001
  335.250 -5.6324E+0001
  335.500 -5.6119E+0001
  335.750 -5.5899E+0001
  336.000 -5.5657E+0001
  336.250 -5.5384E+0001
  336.500 -5.5063E+0001
  336.750 -5.4663E+0001
  337.000 -5.4113E+0001
  337.250 -5.3200E+0001
  337.500 -5.0590E+0001
  337.750 -3.0953E+0001
  338.000 -7.1183E+0000
  338.250  5.8302E+0000
  338.500  9.9519E+0000
  338.750  7.4473E+0000
  339.000  3.0110E-0001
  339.250 -9.2177E+0000
  339.500 -1.8979E+0001
  339.750 -2.7638E+0001
  340.000 -3.4748E+0001
  340.250 -4.0379E+0001
  340.500 -4.4837E+0001
  340.750 -4.8409E+0001
  341.000 -5.1267E+0001
  341.250 -5.3560E+0001
  341.500 -5.5397E+0001
  341.750 -5.6867E+0001
  342.000 -5.8048E+0001
  342.250 -5.9001E+0001
  342.500 -5.9773E+0001
  342.750 -6.0401E+0001
  343.000 -6.0911E+0001
  343.250 -6.1325E+0001
  343.500 -6.1660E+0001
  343.750 -6.1928E+0001
  344.000 -6.2141E+0001
  344.250 -6.2307E+0001
  344.500 -6.2432E+0001
  344.750 -6.2523E+0001
  345.000 -6.2583E+0001
  345.250 -6.2617E+0001
  345.500 -6.2629E+0001
  345.750 -6.2620E+0001
  346.000 -6.2593E+0001
  346.250 -6.2551E+0001
  346.500 -6.2494E+0001
  346.750 -6.2425E+0001
  347.000 -6.2346E+0001
  347.250 -6.2256E+0001
  347.500 -6.2157E+0001
  347.750 -6.2051E+0001
  348.000 -6.1937E+0001
  348.250 -6.1817E+0001
  348.500 -6.1692E+0001
  348.750 -6.1562E+0001
  349.000 -6.1427E+0001
  349.250 -6.1288E+0001
  349.500 -6.1146E+0001
  349.750 -6.1001E+0001
  350.000 -6.0854E+0001
  350.250 -6.0704E+0001
  350.500 -6.0552E+0001
  350.750 -6.0399E+0001
  351.000 -6.0244E+0001
  351.250 -6.0088E+0001
  351.500 -5.9932E+0001
  351.750 -5.9774E+0001
  352.000 -5.9617E+0001
  352.250 -5.9458E+0001
  352.500 -5.9300E+0001
  352.750 -5.9141E+0001
  353.000 -5.8983E+0001
  353.250 -5.8824E+0001
  353.500 -5.8665E+0001
  353.750 -5.8506E+0001
  354.000 -5.8347E+0001
  354.250 -5.8188E+0001
  354.500 -5.8028E+0001
  354.750 -5.7868E+0001
  355.000 -5.7707E+0001
  355.250 -5.7545E+0001
  355.500 -5.7381E+0001
  355.750 -5.7215E+0001
  356.000 -5.7046E+0001
  356.250 -5.6873E+0001
  356.500 -5.6695E+0001
  356.750 -5.6511E+0001
  357.000 -5.6317E+0001
  357.250 -5.6113E+0001
  357.500 -5.5892E+0001
  357.750 -5.5649E+0001
  358.000 -5.5375E+0001
  358.250 -5.5052E+0001
  358.500 -5.4648E+0001
  358.750 -5.4092E+0001
  359.000 -5.3160E+0001
  359.250 -5.0404E+0001
  359.500 -3.0088E+0001
  359.750 -6.5519E+0000
  360.000  6.0808E+0000
  360.250  9.9708E+0000
  360.500  7.2968E+0000
  360.750  4.7842E-0002
  361.000 -9.5044E+0000
  361.250 -1.9246E+0001
  361.500 -2.7862E+0001
  361.750 -3.4926E+0001
  362.000 -4.0518E+0001
  362.250 -4.4947E+0001
  362.500 -4.8495E+0001
  362.750 -5.1335E+0001
  363.000 -5.3614E+0001
  363.250 -5.5439E+0001
  363.500 -5.6900E+0001
  363.750 -5.8074E+0001
  364.000 -5.9021E+0001
  364.250 -5.9789E+0001
  364.500 -6.0413E+0001
  364.750 -6.0920E+0001
  365.000 -6.1332E+0001
  365.250 -6.1665E+0001
  365.500 -6.1932E+0001
  365.750 -6.2144E+0001
  366.000 -6.2309E+0001
  366.250 -6.2433E+0001
  366.500 -6.2523E+0001
  366.750 -6.2582E+0001
  367.000 -6.2616E+0001
  367.250 -6.2627E+0001
  367.500 -6.2617E+0001
  367.750 -6.2590E+0001
  368.000 -6.2548E+0001
  368.250 -6.2491E+0001
  368.500 -6.2422E+0001
  368.750 -6.2342E+0001
  369.000 -6.2252E+0001
  369.250 -6.2153E+0001
  369.500 -6.2047E+0001
  369.750 -6.1933E+0001
  370.000 -6.1813E+0001
  370.250 -6.1688E+0001
  370.500 -6.1557E+0001
  370.750 -6.1423E+0001
  371.000 -6.1284E+0001
  371.250 -6.1142E+0001
  371.500 -6.0997E+0001
  371.750 -6.0849E+0001
  372.000 -6.0700E+0001
  372.250 -6.0548E+0001
  372.500 -6.0394E+0001
  372.750 -6.0240E+0001
  373.000 -6.0084E+0001
  373.250 -5.9927E+0001
  373.500 -5.9770E+0001
  373.750 -5.9612E+0001
  374.000 -5.9454E+0001
  374.250 -5.9296E+0001
  374.500 -5.9137E+0001
  374.750 -5.8979E+0001
  375.000 -5.8820E+0001
  375.250 -5.8661E+0001
  375.500 -5.8502E+0001
  375.750 -5.8343E+0001
  376.000 -5.8184E+0001
  376.250 -5.8025E+0001
  376.500 -5.7864E+0001
  376.750 -5.7703E+0001
  377.000 -5.7541E+0001
  377.250 -5.7377E+0001
  377.500 -5.7211E+0001
  377.750 -5.7042E+0001
  378.000 -5.6869E+0001
  378.250 -5.6691E+0001
  378.500 -5.6506E+0001
  378.750 -5.6313E+0001
  379.000 -5.6108E+0001
  379.250 -5.5887E+0001
  379.500 -5.5644E+0001
  379.750 -5.5369E+0001
  380.000 -5.5044E+0001
  380.250 -5.4638E+0001
  380.500 -5.4077E+0001
  380.750 -5.3131E+0001
  381.000 -5.0261E+0001
  381.250 -2.9473E+0001
  381.500 -6.1538E+0000
  381.750  6.2557E+0000
  382.000  9.9822E+0000
  382.250  7.1899E+0000
  382.500 -1.2989E-0001
  382.750 -9.7041E+0000
  383.000 -1.9431E+0001
  383.250 -2.8017E+0001
  383.500 -3.5048E+0001
  383.750 -4.0612E+0001
  384.000 -4.5021E+0001
  384.250 -4.8554E+0001
  384.500 -5.1381E+0001
  384.750 -5.3650E+0001
  385.000 -5.5467E+0001
  385.250 -5.6921E+0001
  385.500 -5.8090E+0001
  385.750 -5.9034E+0001
  386.000 -5.9799E+0001
  386.250 -6.0421E+0001
  386.500 -6.0926E+0001
  386.750 -6.1336E+0001
  387.000 -6.1668E+0001
  387.250 -6.1934E+0001
  387.500 -6.2145E+0001
  387.750 -6.2309E+0001
  388.000 -6.2433E+0001
  388.250 -6.2522E+0001
  388.500 -6.2581E+0001
  388.750 -6.2614E+0001
  389.000 -6.2625E+0001
  389.250 -6.2615E+0001
  389.500 -6.2588E+0001
  389.750 -6.2545E+0001
  390.000 -6.2489E+0001
  390.250 -6.2419E+0001
  390.500 -6.2339E+0001
  390.750 -6.2249E+0001
  391.000 -6.2150E+0001
  391.250 -6.2044E+0001
  391.500 -6.1930E+0001
  391.750 -6.1810E+0001
  392.000 -6.1685E+0001
  392.250 -6.1554E+0001
  392.500 -6.1420E+0001
  392.750 -6.1281E+0001
  393.000 -6.1139E+0001
  393.250 -6.0994E+0001
  393.500 -6.0846E+0001
  393.750 -6.0696E+0001
  394.000 -6.0545E+0001
  394.250 -6.0391E+0001
  394.500 -6.0237E+0001
  394.750 -6.0081E+0001
  395.000 -5.9925E+0001
  395.250 -5.9767E+0001
  395.500 -5.9610E+0001
  395.750 -5.9451E+0001
  396.000 -5.9293E+0001
  396.250 -5.9134E+0001
  396.500 -5.8976E+0001
  396.750 -5.8817E+0001
  397.000 -5.8658E+0001
  397.250 -5.8500E+0001
  397.500 -5.8341E+0001
  397.750 -5.8182E+0001
  398.000 -5.8022E+0001
  398.250 -5.7862E+0001
  398.500 -5.7701E+0001
  398.750 -5.7539E+0001
  399.000 -5.7375E+0001
  399.250 -5.7208E+0001
  399.500 -5.7039E+0001
  399.750 -5.6866E+0001
  400.000 -5.6688E+0001
  400.250 -5.6504E+0001
  400.500 -5.6310E+0001
  400.750 -5.6105E+0001
  401.000 -5.5884E+0001
  401.250 -5.5640E+0001
  401.500 -5.5364E+0001
  401.750 -5.5039E+0001
  402.000 -5.4632E+0001
  402.250 -5.4067E+0001
  402.500 -5.3112E+0001
  402.750 -5.0164E+0001
  403.000 -2.9078E+0001
  403.250 -5.9010E+0000
  403.500  6.3662E+0000
  403.750  9.9896E+0000
  404.000  7.1237E+0000
  404.250 -2.3917E-0001
  404.500 -9.8261E+0000
  404.750 -1.9544E+0001
  405.000 -2.8110E+0001
  405.250 -3.5121E+0001
  405.500 -4.0669E+0001
  405.750 -4.5065E+0001
  406.000 -4.8588E+0001
  406.250 -5.1407E+0001
  406.500 -5.3670E+0001
  406.750 -5.5482E+0001
  407.000 -5.6933E+0001
  407.250 -5.8099E+0001
  407.500 -5.9041E+0001
  407.750 -5.9804E+0001
  408.000 -6.0424E+0001
  408.250 -6.0928E+0001
  408.500 -6.1338E+0001
  408.750 -6.1669E+0001
  409.000 -6.1934E+0001
  409.250 -6.2145E+0001
  409.500 -6.2308E+0001
  409.750 -6.2432E+0001
  410.000 -6.2521E+0001
  410.250 -6.2580E+0001
  410.500 -6.2613E+0001
  410.750 -6.2623E+0001
  411.000 -6.2614E+0001
  411.250 -6.2586E+0001
  411.500 -6.2543E+0001
  411.750 -6.2487E+0001
  412.000 -6.2417E+0001
  412.250 -6.2337E+0001
  412.500 -6.2247E+0001
  412.750 -6.2148E+0001
  413.000 -6.2042E+0001
  413.250 -6.1928E+0001
  413.500 -6.1808E+0001
  413.750 -6.1683E+0001
  414.000 -6.1552E+0001
  414.250 -6.1417E+0001
  414.500 -6.1279E+0001
  414.750 -6.1137E+0001
  415.000 -6.0992E+0001
  415.250 -6.0844E+0001
  415.500 -6.0694E+0001
  415.750 -6.0543E+0001
  416.000 -6.0389E+0001
  416.250 -6.0235E+0001
  416.500 -6.0079E+0001
  416.750 -5.9923E+0001
  417.000 -5.9765E+0001
  417.250 -5.9608E+0001
  417.500 -5.9450E+0001
  417.750 -5.9291E+0001
  418.000 -5.9133E+0001
  418.250 -5.8974E+0001
  418.500 -5.8816E+0001
  418.750 -5.8657E+0001
  419.000 -5.8498E+0001
  419.250 -5.8339E+0001
  419.500 -5.8180E+0001
  419.750 -5.8021E+0001
  420.000 -5.7860E+0001
  420.250 -5.7699E+0001
  420.500 -5.7537E+0001
  420.750 -5.7373E+0001
  421.000 -5.7207E+0001
  421.250 -5.7038E+0001
  421.500 -5.6865E+0001
  421.750 -5.6687E+0001
  422.000 -5.6502E+0001
  422.250 -5.6309E+0001
  422.500 -5.6103E+0001
  422.750 -5.5882E+0001
  423.000 -5.5638E+0001
  423.250 -5.5362E+0001
  423.500 -5.5037E+0001
  423.750 -5.4628E+0001
  424.000 -5.4062E+0001
  424.250 -5.3102E+0001
  424.500 -5.0113E+0001
  424.750 -2.8878E+0001
  425.000 -5.7739E+0000
  425.250  6.4222E+0000
  425.500  9.9953E+0000
  425.750  7.0948E+0000
  426.000 -2.8727E-0001
  426.250 -9.8791E+0000
  426.500 -1.9592E+0001
  426.750 -2.8149E+0001
  427.000 -3.5151E+0001
  427.250 -4.0691E+0001
  427.500 -4.5082E+0001
  427.750 -4.8600E+0001
  428.000 -5.1416E+0001
  428.250 -5.3676E+0001
  428.500 -5.5486E+0001
  428.750 -5.6936E+0001
  429.000 -5.8101E+0001
  429.250 -5.9041E+0001
  429.500 -5.9804E+0001
  429.750 -6.0424E+0001
  430.000 -6.0928E+0001
  430.250 -6.1337E+0001
  430.500 -6.1668E+0001
  430.750 -6.1933E+0001
  431.000 -6.2143E+0001
  431.250 -6.2307E+0001
  431.500 -6.2430E+0001
  431.750 -6.2519E+0001
  432.000 -6.2578E+0001
  432.250 -6.2611E+0001
  432.500 -6.2622E+0001
  432.750 -6.2612E+0001
  433.000 -6.2585E+0001
  433.250 -6.2542E+0001
  433.500 -6.2485E+0001
  433.750 -6.2416E+0001
  434.000 -6.2336E+0001
  434.250 -6.2246E+0001
  434.500 -6.2147E+0001
  434.750 -6.2040E+0001
  435.000 -6.1927E+0001
  435.250 -6.1807E+0001
  435.500 -6.1681E+0001
  435.750 -6.1551E+0001
  436.000 -6.1416E+0001
  436.250 -6.1278E+0001
  436.500 -6.1136E+0001
  436.750 -6.0991E+0001
  437.000 -6.0843E+0001
  437.250 -6.0693E+0001
  437.500 -6.0542E+0001
  437.750 -6.0389E+0001
  438.000 -6.0234E+0001
  438.250 -6.0078E+0001
  438.500 -5.9922E+0001
  438.750 -5.9765E+0001
  439.000 -5.9607E+0001
  439.250 -5.9449E+0001
  439.500 -5.9291E+0001
  439.750 -5.9132E+0001
  440.000 -5.8974E+0001
  440.250 -5.8815E+0001
  440.500 -5.8656E+0001
  440.750 -5.8498E+0001
  441.000 -5.8339E+0001
  441.250 -5.8180E+0001
  441.500 -5.8020E+0001
  441.750 -5.7860E+0001
  442.000 -5.7699E+0001
  442.250 -5.7537E+0001
  442.500 -5.7373E+0001
  442.750 -5.7207E+0001
  443.000 -5.7038E+0001
  443.250 -5.6865E+0001
  443.500 -5.6687E+0001
  443.750 -5.6502E+0001
  444.000 -5.6308E+0001
  444.250 -5.6103E+0001
  444.500 -5.5882E+0001
  444.750 -5.5638E+0001
  445.000 -5.5362E+0001
  445.250 -5.5036E+0001
  445.500 -5.4628E+0001
  445.750 -5.4061E+0001
  446.000 -5.3101E+0001
  446.250 -5.0105E+0001
  446.500 -2.8849E+0001
  446.750 -5.7555E+0000
  447.000  6.4314E+0000
  447.250  1.0000E+0001
  447.500  7.0992E+0000
  447.750 -2.8146E-0001
  448.000 -9.8717E+0000
  448.250 -1.9584E+0001
  448.500 -2.8141E+0001
  448.750 -3.5143E+0001
  449.000 -4.0684E+0001
  449.250 -4.5075E+0001
  449.500 -4.8594E+0001
  449.750 -5.1410E+0001
  450.000 -5.3671E+0001
  450.250 -5.5481E+0001
  450.500 -5.6931E+0001
  450.750 -5.8096E+0001
  451.000 -5.9037E+0001
  451.250 -5.9800E+0001
  451.500 -6.0420E+0001
  451.750 -6.0924E+0001
  452.000 -6.1334E+0001
  452.250 -6.1665E+0001
  452.500 -6.1931E+0001
  452.750 -6.2141E+0001
  453.000 -6.2305E+0001
  453.250 -6.2428E+0001
  453.500 -6.2517E+0001
  453.750 -6.2576E+0001
  454.000 -6.2610E+0001
  454.250 -6.2620E+0001
  454.500 -6.2611E+0001
  454.750 -6.2583E+0001
  455.000 -6.2541E+0001
  455.250 -6.2484E+0001
  455.500 -6.2415E+0001
  455.750 -6.2335E+0001
  456.000 -6.2245E+0001
  456.250 -6.2146E+0001
  456.500 -6.2040E+0001
  456.750 -6.1926E+0001
  457.000 -6.1806E+0001
  457.250 -6.1681E+0001
  457.500 -6.1551E+0001
  457.750 -6.1416E+0001
  458.000 -6.1277E+0001
  458.250 -6.1135E+0001
  458.500 -6.0991E+0001
  458.750 -6.0843E+0001
  459.000 -6.0693E+0001
  459.250 -6.0542E+0001
  459.500 -6.0389E+0001
  459.750 -6.0234E+0001
  460.000 -6.0079E+0001
  460.250 -5.9922E+0001
  460.500 -5.9765E+0001
  460.750 -5.9607E+0001
  461.000 -5.9449E+0001
  461.250 -5.9291E+0001
  461.500 -5.9133E+0001
  461.750 -5.8974E+0001
  462.000 -5.8815E+0001
  462.250 -5.8657E+0001
  462.500 -5.8498E+0001
  462.750 -5.8339E+0001
  463.000 -5.8180E+0001
  463.250 -5.8021E+0001
  463.500 -5.7860E+0001
  463.750 -5.7700E+0001
  464.000 -5.7537E+0001
  464.250 -5.7373E+0001
  464.500 -5.7207E+0001
  464.750 -5.7038E+0001
  465.000 -5.6865E+0001
  465.250 -5.6687E+0001
  465.500 -5.6503E+0001
  465.750 -5.6309E+0001
  466.000 -5.6104E+0001
  466.250 -5.5883E+0001
  466.500 -5.5639E+0001
  466.750 -5.5363E+0001
  467.000 -5.5038E+0001
  467.250 -5.4630E+0001
  467.500 -5.4064E+0001
  467.750 -5.3107E+0001
  468.000 -5.0136E+0001
  468.250 -2.8971E+0001
  468.500 -5.8324E+0000
  468.750  6.3996E+0000
  469.000  1.0004E+0001
  469.250  7.1326E+0000
  469.500 -2.2842E-0001
  469.750 -9.8114E+0000
  470.000 -1.9526E+0001
  470.250 -2.8091E+0001
  470.500 -3.5102E+0001
  470.750 -4.0650E+0001
  471.000 -4.5047E+0001
  471.250 -4.8571E+0001
  471.500 -5.1391E+0001
  471.750 -5.3655E+0001
  472.000 -5.5468E+0001
  472.250 -5.6920E+0001
  472.500 -5.8087E+0001
  472.750 -5.9029E+0001
  473.000 -5.9793E+0001
  473.250 -6.0414E+0001
  473.500 -6.0919E+0001
  473.750 -6.1329E+0001
  474.000 -6.1661E+0001
  474.250 -6.1927E+0001
  474.500 -6.2138E+0001
  474.750 -6.2302E+0001
  475.000 -6.2426E+0001
  475.250 -6.2515E+0001
  475.500 -6.2575E+0001
  475.750 -6.2608E+0001
  476.000 -6.2619E+0001
  476.250 -6.2609E+0001
  476.500 -6.2582E+0001
  476.750 -6.2540E+0001
  477.000 -6.2483E+0001
  477.250 -6.2414E+0001
  477.500 -6.2334E+0001
  477.750 -6.2245E+0001
  478.000 -6.2146E+0001
  478.250 -6.2040E+0001
  478.500 -6.1926E+0001
  478.750 -6.1806E+0001
  479.000 -6.1681E+0001
  479.250 -6.1551E+0001
  479.500 -6.1416E+0001
  479.750 -6.1278E+0001
  480.000 -6.1136E+0001
  480.250 -6.0991E+0001
  480.500 -6.0844E+0001
  480.750 -6.0694E+0001
  481.000 -6.0543E+0001
  481.250 -6.0389E+0001
  481.500 -6.0235E+0001
  481.750 -6.0079E+0001
  482.000 -5.9923E+0001
  482.250 -5.9766E+0001
  482.500 -5.9608E+0001
  482.750 -5.9450E+0001
  483.000 -5.9292E+0001
  483.250 -5.9134E+0001
  483.500 -5.8975E+0001
  483.750 -5.8817E+0001
  484.000 -5.8658E+0001
  484.250 -5.8499E+0001
  484.500 -5.8340E+0001
  484.750 -5.8181E+0001
  485.000 -5.8022E+0001
  485.250 -5.7862E+0001
  485.500 -5.7701E+0001
  485.750 -5.7539E+0001
  486.000 -5.7375E+0001
  486.250 -5.7209E+0001
  486.500 -5.7040E+0001
  486.750 -5.6867E+0001
  487.000 -5.6689E+0001
  487.250 -5.6504E+0001
  487.500 -5.6311E+0001
  487.750 -5.6106E+0001
  488.000 -5.5885E+0001
  488.250 -5.5641E+0001
  488.500 -5.5366E+0001
  488.750 -5.5041E+0001
  489.000 -5.4634E+0001
  489.250 -5.4071E+0001
  489.500 -5.3119E+0001
  489.750 -5.0200E+0001
  490.000 -2.9225E+0001
  490.250 -5.9942E+0000
  490.500  6.3311E+0000
  490.750  1.0007E+0001
  491.000  7.1914E+0000
  491.250 -1.3391E-0001
  491.500 -9.7043E+0000
  491.750 -1.9425E+0001
  492.000 -2.8005E+0001
  492.250 -3.5032E+0001
  492.500 -4.0594E+0001
  492.750 -4.5001E+0001
  493.000 -4.8533E+0001
  493.250 -5.1360E+0001
  493.500 -5.3629E+0001
  493.750 -5.5447E+0001
  494.000 -5.6902E+0001
  494.250 -5.8072E+0001
  494.500 -5.9017E+0001
  494.750 -5.9783E+0001
  495.000 -6.0405E+0001
  495.250 -6.0912E+0001
  495.500 -6.1323E+0001
  495.750 -6.1655E+0001
  496.000 -6.1922E+0001
  496.250 -6.2134E+0001
  496.500 -6.2298E+0001
  496.750 -6.2423E+0001
  497.000 -6.2513E+0001
  497.250 -6.2573E+0001
  497.500 -6.2606E+0001
  497.750 -6.2617E+0001
  498.000 -6.2608E+0001
  498.250 -6.2582E+0001
  498.500 -6.2539E+0001
  498.750 -6.2483E+0001
  499.000 -6.2414E+0001
  499.250 -6.2334E+0001
  499.500 -6.2245E+0001
  499.750 -6.2146E+0001
  500.000 -6.2040E+0001
  500.250 -6.2244E+0001
  500.500 -6.2430E+0001
  500.750 -6.2602E+0001
  501.000 -6.2761E+0001
  501.250 -6.2908E+0001
  501.500 -6.3043E+0001
  501.750 -6.3169E+0001
  502.000 -6.3286E+0001
  502.250 -6.3395E+0001
  502.500 -6.3496E+0001
  502.750 -6.3591E+0001
  503.000 -6.3679E+0001
  503.250 -6.3762E+0001
  503.500 -6.3840E+0001
  503.750 -6.3913E+0001
  504.000 -6.3982E+0001
  504.250 -6.4046E+0001
  504.500 -6.4107E+0001
  504.750 -6.4165E+0001
  505.000 -6.4219E+0001
  505.250 -6.4271E+0001
  505.500 -6.4320E+0001
  505.750 -6.4366E+0001
  506.000 -6.4410E+0001
  506.250 -6.4452E+0001
  506.500 -6.4492E+0001
  506.750 -6.4530E+0001
  507.000 -6.4567E+0001
  507.250 -6.4601E+0001
  507.500 -6.4635E+0001
  507.750 -6.4666E+0001
  508.000 -6.4697E+0001
  508.250 -6.4726E+0001
  508.500 -6.4754E+0001
  508.750 -6.4781E+0001
  509.000 -6.4807E+0001
  509.250 -6.4833E+0001
  509.500 -6.4857E+0001
  509.750 -6.4880E+0001
  510.000 -6.4902E+0001
  510.250 -6.4924E+0001
  510.500 -6.4945E+0001
  510.750 -6.4965E+0001
  511.000 -6.4985E+0001
  511.250 -6.5004E+0001
  511.500 -6.5023E+0001
  511.750 -6.5040E+0001
  512.000 -6.5058E+0001
  512.250 -6.5075E+0001
  512.500 -6.5091E+0001
  512.750 -6.5107E+0001
  513.000 -6.5122E+0001
  513.250 -6.5137E+0001
  513.500 -6.5152E+0001
  513.750 -6.5166E+0001
  514.000 -6.5180E+0001
  514.250 -6.5194E+0001
  514.500 -6.5207E+0001
  514.750 -6.5219E+0001
  515.000 -6.5232E+0001
  515.250 -6.5244E+0001
  515.500 -6.5256E+0001
  515.750 -6.5268E+0001
  516.000 -6.5279E+0001
  516.250 -6.5290E+0001
  516.500 -6.5301E+0001
  516.750 -6.5311E+0001
  517.000 -6.5322E+0001
  517.250 -6.5332E+0001
  517.500 -6.5342E+0001
  517.750 -6.5351E+0001
  518.000 -6.5361E+0001
  518.250 -6.5370E+0001
  518.500 -6.5379E+0001
  518.750 -6.5388E+0001
  519.000 -6.5396E+0001
  519.250 -6.5405E+0001
  519.500 -6.5413E+0001
  519.750 -6.5421E+0001
  520.000 -6.5429E+0001
  520.250 -6.5437E+0001
  520.500 -6.5444E+0001
  520.750 -6.5452E+0001
  521.000 -6.5459E+0001
  521.250 -6.5466E+0001
  521.500 -6.5473E+0001
  521.750 -6.5480E+0001
  522.000 -6.5486E+0001
  522.250 -6.5493E+0001
  522.500 -6.5499E+0001
  522.750 -6.5506E+0001
  523.000 -6.5512E+0001
  523.250 -6.5518E+0001
  523.500 -6.5524E+0001
  523.750 -6.5529E+0001
  524.000 -6.5535E+0001
  524.250 -6.5541E+0001
  524.500 -6.5546E+0001
  524.750 -6.5551E+0001
  525.000 -6.5557E+0001
  525.250 -6.5562E+0001
  525.500 -6.5567E+0001
  525.750 -6.5572E+0001
  526.000 -6.5577E+0001
  526.250 -6.5581E+0001
  526.500 -6.5586E+0001
  526.750 -6.5591E+0001
  527.000 -6.5595E+0001
  527.250 -6.5599E+0001
  527.500 -6.5604E+0001
  527.750 -6.5608E+0001
  528.000 -6.5612E+0001
  528.250 -6.5616E+0001
  528.500 -6.5620E+0001
  528.750 -6.5624E+0001
  529.000 -6.5628E+0001
  529.250 -6.5631E+0001
  529.500 -6.5635E+0001
  529.750 -6.5639E+0001
  530.000 -6.5642E+0001
  530.250 -6.5646E+0001
  530.500 -6.5649E+0001
  530.750 -6.5652E+0001
  531.000 -6.5656E+0001
  531.250 -6.5659E+0001
  531.500 -6.5662E+0001
  531.750 -6.5665E+0001
  532.000 -6.5668E+0001
  532.250 -6.5671E+0001
  532.500 -6.5674E+0001
  532.750 -6.5677E+0001
  533.000 -6.5679E+0001
  533.250 -6.5682E+0001
  533.500 -6.5685E+0001
  533.750 -6.5687E+0001
  534.000 -6.5690E+0001
  534.250 -6.5693E+0001
  534.500 -6.5695E+0001
  534.750 -6.5697E+0001
  535.000 -6.5700E+0001
  535.250 -6.5702E+0001
  535.500 -6.5704E+0001
  535.750 -6.5707E+0001
  536.000 -6.5709E+0001
  536.250 -6.5711E+0001
  536.500 -6.5713E+0001
  536.750 -6.5715E+0001
  537.000 -6.5717E+0001
  537.250 -6.5719E+0001
  537.500 -6.5721E+0001
  537.750 -6.5723E+0001
  538.000 -6.5725E+0001
  538.250 -6.5727E+0001
  538.500 -6.5728E+0001
  538.750 -6.5730E+0001
  539.000 -6.5732E+0001
  539.250 -6.5734E+0001
  539.500 -6.5735E+0001
  539.750 -6.5737E+0001
  540.000 -6.5738E+0001
  540.250 -6.5740E+0001
  540.500 -6.5742E+0001
  540.750 -6.5743E+0001
  541.000 -6.5744E+0001
  541.250 -6.5746E+0001
  541.500 -6.5747E+0001
  541.750 -6.5749E+0001
  542.000 -6.5750E+0001
  542.250 -6.5751E+0001
  542.500 -6.5753E+0001
  542.750 -6.5754E+0001
  543.000 -6.5755E+0001
  543.250 -6.5756E+0001
  543.500 -6.5758E+0001
  543.750 -6.5759E+0001
  544.000 -6.5760E+0001
  544.250 -6.5761E+0001
  544.500 -6.5762E+0001
  544.750 -6.5763E+0001
  545.000 -6.5764E+0001
  545.250 -6.5765E+0001
  545.500 -6.5766E+0001
  545.750 -6.5767E+0001
  546.000 -6.5768E+0001
  546.250 -6.5769E+0001
  546.500 -6.5770E+0001
  546.750 -6.5771E+0001
  547.000 -6.5772E+0001
  547.250 -6.5773E+0001
  547.500 -6.5773E+0001
  547.750 -6.5774E+0001
  548.000 -6.5775E+0001
  548.250 -6.5776E+0001
  548.500 -6.5777E+0001
  548.750 -6.5777E+0001
  549.000 -6.5778E+0001
  549.250 -6.5779E+0001
  549.500 -6.5779E+0001
  549.750 -6.5780E+0001
  550.000 -6.5781E+0001
  550.250 -6.5781E+0001
  550.500 -6.5782E+0001
  550.750 -6.5783E+0001
  551.000 -6.5783E+0001
  551.250 -6.5784E+0001
  551.500 -6.5785E+0001
  551.750 -6.5785E+0001
  552.000 -6.5786E+0001
  552.250 -6.5786E+0001
  552.500 -6.5787E+0001
  552.750 -6.5787E+0001
  553.000 -6.5788E+0001
  553.250 -6.5788E+0001
  553.500 -6.5789E+0001
  553.750 -6.5789E+0001
  554.000 -6.5790E+0001
  554.250 -6.5790E+0001
  554.500 -6.5790E+0001
  554.750 -6.5791E+0001
  555.000 -6.5791E+0001
  555.250 -6.5792E+0001
  555.500 -6.5792E+0001
  555.750 -6.5792E+0001
  556.000 -6.5793E+0001
  556.250 -6.5793E+0001
  556.500 -6.5794E+0001
  556.750 -6.5794E+0001
  557.000 -6.5794E+0001
  557.250 -6.5794E+0001
  557.500 -6.5795E+0001
  557.750 -6.5795E+0001
  558.000 -6.5795E+0001
  558.250 -6.5796E+0001
  558.500 -6.5796E+0001
  558.750 -6.5796E+0001
  559.000 -6.5796E+0001
  559.250 -6.5797E+0001
  559.500 -6.5797E+0001
  559.750 -6.5797E+0001
  560.000 -6.5797E+0001
  560.250 -6.5798E+0001
  560.500 -6.5798E+0001
  560.750 -6.5798E+0001
  561.000 -6.5798E+0001
  561.250 -6.5798E+0001
  561.500 -6.5799E+0001
  561.750 -6.5799E+0001
  562.000 -6.5799E+0001
  562.250 -6.5799E+0001
  562.500 -6.5799E+0001
  562.750 -6.5799E+0001
  563.000 -6.5800E+0001
  563.250 -6.5800E+0001
  563.500 -6.5800E+0001
  563.750 -6.5800E+0001
  564.000 -6.5800E+0001
  564.250 -6.5800E+0001
  564.500 -6.5800E+0001
  564.750 -6.5800E+0001
  565.000 -6.5801E+0001
  565.250 -6.5801E+0001
  565.500 -6.5801E+0001
  565.750 -6.5801E+0001
  566.000 -6.5801E+0001
  566.250 -6.5801E+0001
  566.500 -6.5801E+0001
  566.750 -6.5801E+0001
  567.000 -6.5801E+0001
  567.250 -6.5801E+0001
  567.500 -6.5801E+0001
  567.750 -6.5801E+0001
  568.000 -6.5801E+0001
  568.250 -6.5801E+0001
  568.500 -6.5802E+0001
  568.750 -6.5802E+0001
  569.000 -6.5802E+0001
  569.250 -6.5802E+0001
  569.500 -6.5802E+0001
  569.750 -6.5802E+0001
  570.000 -6.5802E+0001
  570.250 -6.5802E+0001
  570.500 -6.5802E+0001
  570.750 -6.5802E+0001
  571.000 -6.5802E+0001
  571.250 -6.5802E+0001
  571.500 -6.5802E+0001
  571.750 -6.5802E+0001
  572.000 -6.5802E+0001
  572.250 -6.5802E+0001
  572.500 -6.5802E+0001
  572.750 -6.5802E+0001
  573.000 -6.5802E+0001
  573.250 -6.5802E+0001
  573.500 -6.5802E+0001
  573.750 -6.5802E+0001
  574.000 -6.5801E+0001
  574.250 -6.5801E+0001
  574.500 -6.5801E+0001
  574.750 -6.5801E+0001
  575.000 -6.5801E+0001
  575.250 -6.5801E+0001
  575.500 -6.5801E+0001
  575.750 -6.5801E+0001
  576.000 -6.5801E+0001
  576.250 -6.5801E+0001
  576.500 -6.5801E+0001
  576.750 -6.5801E+0001
  577.000 -6.5801E+0001
  577.250 -6.5801E+0001
  577.500 -6.5801E+0001
  577.750 -6.5801E+0001
  578.000 -6.5801E+0001
  578.250 -6.5801E+0001
  578.500 -6.5801E+0001
  578.750 -6.5800E+0001
  579.000 -6.5800E+0001
  579.250 -6.5800E+0001
  579.500 -6.5800E+0001
  579.750 -6.5800E+0001
  580.000 -6.5800E+0001
  580.250 -6.5800E+0001
  580.500 -6.5800E+0001
  580.750 -6.5800E+0001
  581.000 -6.5800E+0001
  581.250 -6.5800E+0001
  581.500 -6.5800E+0001
  581.750 -6.5799E+0001
  582.000 -6.5799E+0001
  582.250 -6.5799E+0001
  582.500 -6.5799E+0001
  582.750 -6.5799E+0001
  583.000 -6.5799E+0001
  583.250 -6.5799E+0001
  583.500 -6.5799E+0001
  583.750 -6.5799E+0001
  584.000 -6.5799E+0001
  584.250 -6.5798E+0001
  584.500 -6.5798E+0001
  584.750 -6.5798E+0001
  585.000 -6.5798E+0001
  585.250 -6.5798E+0001
  585.500 -6.5798E+0001
  585.750 -6.5798E+0001
  586.000 -6.5798E+0001
  586.250 -6.5798E+0001
  586.500 -6.5797E+0001
  586.750 -6.5797E+0001
  587.000 -6.5797E+0001
  587.250 -6.5797E+0001
  587.500 -6.5797E+0001
  587.750 -6.5797E+0001
  588.000 -6.5797E+0001
  588.250 -6.5797E+0001
  588.500 -6.5797E+0001
  588.750 -6.5796E+0001
  589.000 -6.5796E+0001
  589.250 -6.5796E+0001
  589.500 -6.5796E+0001
  589.750 -6.5796E+0001
  590.000 -6.5796E+0001
  590.250 -6.5796E+0001
  590.500 -6.5796E+0001
  590.750 -6.5795E+0001
  591.000 -6.5795E+0001
  591.250 -6.5795E+0001
  591.500 -6.5795E+0001
  591.750 -6.5795E+0001
  592.000 -6.5795E+0001
  592.250 -6.5795E+0001
  592.500 -6.5795E+0001
  592.750 -6.5794E+0001
  593.000 -6.5794E+0001
  593.250 -6.5794E+0001
  593.500 -6.5794E+0001
  593.750 -6.5794E+0001
  594.000 -6.5794E+0001
  594.250 -6.5794E+0001
  594.500 -6.5793E+0001
  594.750 -6.5793E+0001
  595.000 -6.5793E+0001
  595.250 -6.5793E+0001
  595.500 -6.5793E+0001
  595.750 -6.5793E+0001
  596.000 -6.5793E+0001
  596.250 -6.5792E+0001
  596.500 -6.5792E+0001
  596.750 -6.5792E+0001
  597.000 -6.5792E+0001
  597.250 -6.5792E+0001
  597.500 -6.5792E+0001
  597.750 -6.5792E+0001
  598.000 -6.5792E+0001
  598.250 -6.5791E+0001
  598.500 -6.5791E+0001
  598.750 -6.5791E+0001
  599.000 -6.5791E+0001
  599.250 -6.5791E+0001
  599.500 -6.5791E+0001
  599.750 -6.5791E+0001
