    0.250 -6.5026E+0001
    0.500 -6.4364E+0001
    0.750 -6.3714E+0001
    1.000 -6.3075E+0001
    1.250 -6.2447E+0001
    1.500 -6.1831E+0001
    1.750 -6.1225E+0001
    2.000 -6.0629E+0001
    2.250 -6.0044E+0001
    2.500 -5.9468E+0001
    2.750 -5.8902E+0001
    3.000 -5.8343E+0001
    3.250 -5.7790E+0001
    3.500 -5.7239E+0001
    3.750 -5.6685E+0001
    4.000 -5.6117E+0001
    4.250 -5.5514E+0001
    4.500 -5.4834E+0001
    4.750 -5.3962E+0001
    5.000 -5.2445E+0001
    5.250 -4.3727E+0001
    5.500 -1.6835E+0001
    5.750  1.8848E+0000
    6.000  1.0481E+0001
    6.250  1.1167E+0001
    6.500  5.4167E+0000
    6.750 -4.6276E+0000
    7.000 -1.6068E+0001
    7.250 -2.6498E+0001
    7.500 -3.4925E+0001
    7.750 -4.1386E+0001
    8.000 -4.6323E+0001
    8.250 -5.0120E+0001
    8.500 -5.3050E+0001
    8.750 -5.5308E+0001
    9.000 -5.7035E+0001
    9.250 -5.8352E+0001
    9.500 -5.9357E+0001
    9.750 -6.0124E+0001
   10.000 -6.0707E+0001
   10.250 -6.1146E+0001
   10.500 -6.1470E+0001
   10.750 -6.1702E+0001
   11.000 -6.1860E+0001
   11.250 -6.1955E+0001
   11.500 -6.2000E+0001
   11.750 -6.2001E+0001
   12.000 -6.1967E+0001
   12.250 -6.1901E+0001
   12.500 -6.1809E+0001
   12.750 -6.1694E+0001
   13.000 -6.1560E+0001
   13.250 -6.1408E+0001
   13.500 -6.1241E+0001
   13.750 -6.1061E+0001
   14.000 -6.0870E+0001
   14.250 -6.0669E+0001
   14.500 -6.0459E+0001
   14.750 -6.0241E+0001
   15.000 -6.0017E+0001
   15.250 -5.9787E+0001
   15.500 -5.9552E+0001
   15.750 -5.9313E+0001
   16.000 -5.9070E+0001
   16.250 -5.8824E+0001
   16.500 -5.8574E+0001
   16.750 -5.8322E+0001
   17.000 -5.8067E+0001
   17.250 -5.7808E+0001
   17.500 -5.7547E+0001
   17.750 -5.7281E+0001
   18.000 -5.7010E+0001
   18.250 -5.6731E+0001
   18.500 -5.6442E+0001
   18.750 -5.6138E+0001
   19.000 -5.5812E+0001
   19.250 -5.5453E+0001
   19.500 -5.5039E+0001
   19.750 -5.4526E+0001
   20.000 -5.3803E+0001
   20.250 -5.2439E+0001
   20.500 -4.4631E+0001
   20.750 -1.8559E+0001
   21.000 -3.3765E-0001
   21.250  6.9838E+0000
   21.500  6.1275E+0000
   21.750 -3.8471E-0001
   22.000 -9.8776E+0000
   22.250 -1.9866E+0001
   22.500 -2.8769E+0001
   22.750 -3.6054E+0001
   23.000 -4.1799E+0001
   23.250 -4.6343E+0001
   23.500 -4.9952E+0001
   23.750 -5.2824E+0001
   24.000 -5.5106E+0001
   24.250 -5.6906E+0001
   24.500 -5.8326E+0001
   24.750 -5.9449E+0001
   25.000 -6.0341E+0001
   25.250 -6.1051E+0001
   25.500 -6.1618E+0001
   25.750 -6.2068E+0001
   26.000 -6.2425E+0001
   26.250 -6.2704E+0001
   26.500 -6.2920E+0001
   26.750 -6.3083E+0001
   27.000 -6.3201E+0001
   27.250 -6.3281E+0001
   27.500 -6.3328E+0001
   27.750 -6.3349E+0001
   28.000 -6.3345E+0001
   28.250 -6.3321E+0001
   28.500 -6.3279E+0001
   28.750 -6.3221E+0001
   29.000 -6.3150E+0001
   29.250 -6.3067E+0001
   29.500 -6.2974E+0001
   29.750 -6.2872E+0001
   30.000 -6.2761E+0001
   30.250 -6.2644E+0001
   30.500 -6.2521E+0001
   30.750 -6.2393E+0001
   31.000 -6.2260E+0001
   31.250 -6.2124E+0001
   31.500 -6.1984E+0001
   31.750 -6.1841E+0001
   32.000 -6.1697E+0001
   32.250 -6.1550E+0001
   32.500 -6.1402E+0001
   32.750 -6.1254E+0001
   33.000 -6.1104E+0001
   33.250 -6.0954E+0001
   33.500 -6.0803E+0001
   33.750 -6.0653E+0001
   34.000 -6.0503E+0001
   34.250 -6.0354E+0001
   34.500 -6.0205E+0001
   34.750 -6.0057E+0001
   35.000 -5.9909E+0001
   35.250 -5.9763E+0001
   35.500 -5.9618E+0001
   35.750 -5.9474E+0001
   36.000 -5.9331E+0001
   36.250 -5.9189E+0001
   36.500 -5.9048E+0001
   36.750 -5.8909E+0001
   37.000 -5.8771E+0001
   37.250 -5.8634E+0001
   37.500 -5.8498E+0001
   37.750 -5.8364E+0001
   38.000 -5.8230E+0001
   38.250 -5.8097E+0001
   38.500 -5.7965E+0001
   38.750 -5.7833E+0001
   39.000 -5.7701E+0001
   39.250 -5.7570E+0001
   39.500 -5.7438E+0001
   39.750 -5.7306E+0001
   40.000 -5.7173E+0001
   40.250 -5.7039E+0001
   40.500 -5.6903E+0001
   40.750 -5.6764E+0001
   41.000 -5.6621E+0001
   41.250 -5.6474E+0001
   41.500 -5.6321E+0001
   41.750 -5.6160E+0001
   42.000 -5.5989E+0001
   42.250 -5.5805E+0001
   42.500 -5.5602E+0001
   42.750 -5.5373E+0001
   43.000 -5.5106E+0001
   43.250 -5.4779E+0001
   43.500 -5.4348E+0001
   43.750 -5.3699E+0001
   44.000 -5.2400E+0001
   44.250 -4.4703E+0001
   44.500 -1.8963E+0001
   44.750 -9.3956E-0001
   45.000  6.6091E+0000
   45.250  6.4347E+0000
   45.500  7.3924E-0001
   45.750 -8.1847E+0000
   46.000 -1.8014E+0001
   46.250 -2.7066E+0001
   46.500 -3.4636E+0001
   46.750 -4.0690E+0001
   47.000 -4.5510E+0001
   47.250 -4.9377E+0001
   47.500 -5.2478E+0001
   47.750 -5.4966E+0001
   48.000 -5.6950E+0001
   48.250 -5.8531E+0001
   48.500 -5.9796E+0001
   48.750 -6.0814E+0001
   49.000 -6.1638E+0001
   49.250 -6.2306E+0001
   49.500 -6.2850E+0001
   49.750 -6.3292E+0001
   50.000 -6.3651E+0001
   50.250 -6.3941E+0001
   50.500 -6.4174E+0001
   50.750 -6.4359E+0001
   51.000 -6.4503E+0001
   51.250 -6.4613E+0001
   51.500 -6.4693E+0001
   51.750 -6.4748E+0001
   52.000 -6.4781E+0001
   52.250 -6.4795E+0001
   52.500 -6.4792E+0001
   52.750 -6.4775E+0001
   53.000 -6.4746E+0001
   53.250 -6.4705E+0001
   53.500 -6.4655E+0001
   53.750 -6.4596E+0001
   54.000 -6.4530E+0001
   54.250 -6.4458E+0001
   54.500 -6.4379E+0001
   54.750 -6.4296E+0001
   55.000 -6.4208E+0001
   55.250 -6.4116E+0001
   55.500 -6.4021E+0001
   55.750 -6.3923E+0001
   56.000 -6.3823E+0001
   56.250 -6.3720E+0001
   56.500 -6.3616E+0001
   56.750 -6.3510E+0001
   57.000 -6.3404E+0001
   57.250 -6.3296E+0001
   57.500 -6.3187E+0001
   57.750 -6.3078E+0001
   58.000 -6.2969E+0001
   58.250 -6.2859E+0001
   58.500 -6.2750E+0001
   58.750 -6.2640E+0001
   59.000 -6.2531E+0001
   59.250 -6.2422E+0001
   59.500 -6.2314E+0001
   59.750 -6.2206E+0001
   60.000 -6.2099E+0001
   60.250 -6.1992E+0001
   60.500 -6.1886E+0001
   60.750 -6.1781E+0001
   61.000 -6.1676E+0001
   61.250 -6.1573E+0001
   61.500 -6.1470E+0001
   61.750 -6.1368E+0001
   62.000 -6.1268E+0001
   62.250 -6.1168E+0001
   62.500 -6.1069E+0001
   62.750 -6.0971E+0001
   63.000 -6.0874E+0001
   63.250 -6.0778E+0001
   63.500 -6.0683E+0001
   63.750 -6.0588E+0001
   64.000 -6.0495E+0001
   64.250 -6.0403E+0001
   64.500 -6.0312E+0001
   64.750 -6.0221E+0001
   65.000 -6.0132E+0001
   65.250 -6.0044E+0001
   65.500 -5.9956E+0001
   65.750 -5.9869E+0001
   66.000 -5.9784E+0001
   66.250 -5.9699E+0001
   66.500 -5.9614E+0001
   66.750 -5.9531E+0001
   67.000 -5.9448E+0001
   67.250 -5.9367E+0001
   67.500 -5.9286E+0001
   67.750 -5.9205E+0001
   68.000 -5.9125E+0001
   68.250 -5.9046E+0001
   68.500 -5.8968E+0001
   68.750 -5.8890E+0001
   69.000 -5.8813E+0001
   69.250 -5.8736E+0001
   69.500 -5.8660E+0001
   69.750 -5.8584E+0001
   70.000 -5.8509E+0001
   70.250 -5.8434E+0001
   70.500 -5.8359E+0001
   70.750 -5.8284E+0001
   71.000 -5.8210E+0001
   71.250 -5.8136E+0001
   71.500 -5.8063E+0001
   71.750 -5.7989E+0001
   72.000 -5.7915E+0001
   72.250 -5.7841E+0001
   72.500 -5.7768E+0001
   72.750 -5.7694E+0001
   73.000 -5.7619E+0001
   73.250 -5.7545E+0001
   73.500 -5.7470E+0001
   73.750 -5.7394E+0001
   74.000 -5.7318E+0001
   74.250 -5.7240E+0001
   74.500 -5.7162E+0001
   74.750 -5.7083E+0001
   75.000 -5.7002E+0001
   75.250 -5.6920E+0001
   75.500 -5.6836E+0001
   75.750 -5.6750E+0001
   76.000 -5.6661E+0001
   76.250 -5.6570E+0001
   76.500 -5.6475E+0001
   76.750 -5.6376E+0001
   77.000 -5.6272E+0001
   77.250 -5.6162E+0001
   77.500 -5.6044E+0001
   77.750 -5.5919E+0001
   78.000 -5.5781E+0001
   78.250 -5.5630E+0001
   78.500 -5.5460E+0001
   78.750 -5.5263E+0001
   79.000 -5.5030E+0001
   79.250 -5.4739E+0001
   79.500 -5.4351E+0001
   79.750 -5.3768E+0001
   80.000 -5.2647E+0001
   80.250 -4.7336E+0001
   80.500 -2.2686E+0001
   80.750 -3.0508E+0000
   81.000  5.9299E+0000
   81.250  7.0648E+0000
   81.500  2.5024E+0000
   81.750 -5.6965E+0000
   82.000 -1.5320E+0001
   82.250 -2.4556E+0001
   82.500 -3.2476E+0001
   82.750 -3.8899E+0001
   83.000 -4.4021E+0001
   83.250 -4.8151E+0001
   83.500 -5.1476E+0001
   83.750 -5.4158E+0001
   84.000 -5.6312E+0001
   84.250 -5.8036E+0001
   84.500 -5.9422E+0001
   84.750 -6.0541E+0001
   85.000 -6.1450E+0001
   85.250 -6.2192E+0001
   85.500 -6.2800E+0001
   85.750 -6.3297E+0001
   86.000 -6.3706E+0001
   86.250 -6.4039E+0001
   86.500 -6.4311E+0001
   86.750 -6.4531E+0001
   87.000 -6.4707E+0001
   87.250 -6.4846E+0001
   87.500 -6.4953E+0001
   87.750 -6.5033E+0001
   88.000 -6.5089E+0001
   88.250 -6.5125E+0001
   88.500 -6.5143E+0001
   88.750 -6.5146E+0001
   89.000 -6.5135E+0001
   89.250 -6.5112E+0001
   89.500 -6.5079E+0001
   89.750 -6.5036E+0001
   90.000 -6.4986E+0001
   90.250 -6.4928E+0001
   90.500 -6.4864E+0001
   90.750 -6.4794E+0001
   91.000 -6.4720E+0001
   91.250 -6.4641E+0001
   91.500 -6.4558E+0001
   91.750 -6.4473E+0001
   92.000 -6.4384E+0001
   92.250 -6.4293E+0001
   92.500 -6.4199E+0001
   92.750 -6.4104E+0001
   93.000 -6.4008E+0001
   93.250 -6.3910E+0001
   93.500 -6.3811E+0001
   93.750 -6.3711E+0001
   94.000 -6.3610E+0001
   94.250 -6.3509E+0001
   94.500 -6.3408E+0001
   94.750 -6.3307E+0001
   95.000 -6.3205E+0001
   95.250 -6.3104E+0001
   95.500 -6.3002E+0001
   95.750 -6.2901E+0001
   96.000 -6.2800E+0001
   96.250 -6.2700E+0001
   96.500 -6.2600E+0001
   96.750 -6.2500E+0001
   97.000 -6.2401E+0001
   97.250 -6.2303E+0001
   97.500 -6.2205E+0001
   97.750 -6.2108E+0001
   98.000 -6.2011E+0001
   98.250 -6.1916E+0001
   98.500 -6.1821E+0001
   98.750 -6.1727E+0001
   99.000 -6.1633E+0001
   99.250 -6.1541E+0001
   99.500 -6.1449E+0001
   99.750 -6.1358E+0001
  100.000 -6.1267E+0001
  100.250 -6.1178E+0001
  100.500 -6.1089E+0001
  100.750 -6.1001E+0001
  101.000 -6.0914E+0001
  101.250 -6.0828E+0001
  101.500 -6.0743E+0001
  101.750 -6.0658E+0001
  102.000 -6.0574E+0001
  102.250 -6.0491E+0001
  102.500 -6.0408E+0001
  102.750 -6.0326E+0001
  103.000 -6.0245E+0001
  103.250 -6.0165E+0001
  103.500 -6.0085E+0001
  103.750 -6.0006E+0001
  104.000 -5.9928E+0001
  104.250 -5.9850E+0001
  104.500 -5.9773E+0001
  104.750 -5.9697E+0001
  105.000 -5.9621E+0001
  105.250 -5.9546E+0001
  105.500 -5.9471E+0001
  105.750 -5.9397E+0001
  106.000 -5.9323E+0001
  106.250 -5.9250E+0001
  106.500 -5.9178E+0001
  106.750 -5.9105E+0001
  107.000 -5.9034E+0001
  107.250 -5.8962E+0001
  107.500 -5.8892E+0001
  107.750 -5.8821E+0001
  108.000 -5.8751E+0001
  108.250 -5.8681E+0001
  108.500 -5.8612E+0001
  108.750 -5.8542E+0001
  109.000 -5.8473E+0001
  109.250 -5.8404E+0001
  109.500 -5.8336E+0001
  109.750 -5.8267E+0001
  110.000 -5.8199E+0001
  110.250 -5.8130E+0001
  110.500 -5.8062E+0001
  110.750 -5.7994E+0001
  111.000 -5.7925E+0001
  111.250 -5.7857E+0001
  111.500 -5.7788E+0001
  111.750 -5.7719E+0001
  112.000 -5.7649E+0001
  112.250 -5.7580E+0001
  112.500 -5.7510E+0001
  112.750 -5.7439E+0001
  113.000 -5.7367E+0001
  113.250 -5.7295E+0001
  113.500 -5.7222E+0001
  113.750 -5.7148E+0001
  114.000 -5.7073E+0001
  114.250 -5.6996E+0001
  114.500 -5.6918E+0001
  114.750 -5.6838E+0001
  115.000 -5.6755E+0001
  115.250 -5.6671E+0001
  115.500 -5.6583E+0001
  115.750 -5.6493E+0001
  116.000 -5.6398E+0001
  116.250 -5.6299E+0001
  116.500 -5.6194E+0001
  116.750 -5.6083E+0001
  117.000 -5.5964E+0001
  117.250 -5.5835E+0001
  117.500 -5.5693E+0001
  117.750 -5.5535E+0001
  118.000 -5.5354E+0001
  118.250 -5.5142E+0001
  118.500 -5.4885E+0001
  118.750 -5.4554E+0001
  119.000 -5.4088E+0001
  119.250 -5.3315E+0001
  119.500 -5.1347E+0001
  119.750 -3.5905E+0001
  120.000 -1.1321E+0001
  120.250  2.6170E+0000
  120.500  7.3618E+0000
  120.750  5.4408E+0000
  121.000 -1.1606E+0000
  121.250 -1.0298E+0001
  121.500 -1.9886E+0001
  121.750 -2.8528E+0001
  122.000 -3.5708E+0001
  122.250 -4.1458E+0001
  122.500 -4.6072E+0001
  122.750 -4.9793E+0001
  123.000 -5.2794E+0001
  123.250 -5.5213E+0001
  123.500 -5.7152E+0001
  123.750 -5.8709E+0001
  124.000 -5.9963E+0001
  124.250 -6.0980E+0001
  124.500 -6.1809E+0001
  124.750 -6.2487E+0001
  125.000 -6.3043E+0001
  125.250 -6.3499E+0001
  125.500 -6.3873E+0001
  125.750 -6.4179E+0001
  126.000 -6.4428E+0001
  126.250 -6.4629E+0001
  126.500 -6.4789E+0001
  126.750 -6.4915E+0001
  127.000 -6.5011E+0001
  127.250 -6.5081E+0001
  127.500 -6.5129E+0001
  127.750 -6.5158E+0001
  128.000 -6.5170E+0001
  128.250 -6.5168E+0001
  128.500 -6.5153E+0001
  128.750 -6.5126E+0001
  129.000 -6.5090E+0001
  129.250 -6.5045E+0001
  129.500 -6.4992E+0001
  129.750 -6.4933E+0001
  130.000 -6.4867E+0001
  130.250 -6.4797E+0001
  130.500 -6.4721E+0001
  130.750 -6.4642E+0001
  131.000 -6.4559E+0001
  131.250 -6.4473E+0001
  131.500 -6.4384E+0001
  131.750 -6.4293E+0001
  132.000 -6.4199E+0001
  132.250 -6.4104E+0001
  132.500 -6.4008E+0001
  132.750 -6.3910E+0001
  133.000 -6.3812E+0001
  133.250 -6.3713E+0001
  133.500 -6.3613E+0001
  133.750 -6.3512E+0001
  134.000 -6.3411E+0001
  134.250 -6.3311E+0001
  134.500 -6.3210E+0001
  134.750 -6.3109E+0001
  135.000 -6.3008E+0001
  135.250 -6.2908E+0001
  135.500 -6.2807E+0001
  135.750 -6.2708E+0001
  136.000 -6.2608E+0001
  136.250 -6.2510E+0001
  136.500 -6.2411E+0001
  136.750 -6.2314E+0001
  137.000 -6.2217E+0001
  137.250 -6.2120E+0001
  137.500 -6.2025E+0001
  137.750 -6.1930E+0001
  138.000 -6.1835E+0001
  138.250 -6.1742E+0001
  138.500 -6.1649E+0001
  138.750 -6.1557E+0001
  139.000 -6.1466E+0001
  139.250 -6.1376E+0001
  139.500 -6.1286E+0001
  139.750 -6.1197E+0001
  140.000 -6.1109E+0001
  140.250 -6.1022E+0001
  140.500 -6.0935E+0001
  140.750 -6.0849E+0001
  141.000 -6.0764E+0001
  141.250 -6.0680E+0001
  141.500 -6.0596E+0001
  141.750 -6.0514E+0001
  142.000 -6.0432E+0001
  142.250 -6.0350E+0001
  142.500 -6.0270E+0001
  142.750 -6.0190E+0001
  143.000 -6.0110E+0001
  143.250 -6.0032E+0001
  143.500 -5.9954E+0001
  143.750 -5.9877E+0001
  144.000 -5.9800E+0001
  144.250 -5.9724E+0001
  144.500 -5.9648E+0001
  144.750 -5.9573E+0001
  145.000 -5.9499E+0001
  145.250 -5.9425E+0001
  145.500 -5.9352E+0001
  145.750 -5.9279E+0001
  146.000 -5.9207E+0001
  146.250 -5.9135E+0001
  146.500 -5.9063E+0001
  146.750 -5.8992E+0001
  147.000 -5.8922E+0001
  147.250 -5.8851E+0001
  147.500 -5.8781E+0001
  147.750 -5.8712E+0001
  148.000 -5.8643E+0001
  148.250 -5.8574E+0001
  148.500 -5.8505E+0001
  148.750 -5.8436E+0001
  149.000 -5.8368E+0001
  149.250 -5.8300E+0001
  149.500 -5.8231E+0001
  149.750 -5.8163E+0001
  150.000 -5.8095E+0001
  150.250 -5.8027E+0001
  150.500 -5.7959E+0001
  150.750 -5.7891E+0001
  151.000 -5.7822E+0001
  151.250 -5.7754E+0001
  151.500 -5.7685E+0001
  151.750 -5.7616E+0001
  152.000 -5.7546E+0001
  152.250 -5.7476E+0001
  152.500 -5.7405E+0001
  152.750 -5.7333E+0001
  153.000 -5.7261E+0001
  153.250 -5.7188E+0001
  153.500 -5.7113E+0001
  153.750 -5.7037E+0001
  154.000 -5.6960E+0001
  154.250 -5.6881E+0001
  154.500 -5.6801E+0001
  154.750 -5.6718E+0001
  155.000 -5.6632E+0001
  155.250 -5.6543E+0001
  155.500 -5.6451E+0001
  155.750 -5.6355E+0001
  156.000 -5.6254E+0001
  156.250 -5.6146E+0001
  156.500 -5.6032E+0001
  156.750 -5.5909E+0001
  157.000 -5.5775E+0001
  157.250 -5.5626E+0001
  157.500 -5.5459E+0001
  157.750 -5.5267E+0001
  158.000 -5.5038E+0001
  158.250 -5.4753E+0001
  158.500 -5.4374E+0001
  158.750 -5.3810E+0001
  159.000 -5.2749E+0001
  159.250 -4.8227E+0001
  159.500 -2.4291E+0001
  159.750 -3.9483E+0000
  160.000  5.6352E+0000
  160.250  7.2520E+0000
  160.500  3.0737E+0000
  160.750 -4.8857E+0000
  161.000 -1.4441E+0001
  161.250 -2.3738E+0001
  161.500 -3.1774E+0001
  161.750 -3.8318E+0001
  162.000 -4.3540E+0001
  162.250 -4.7751E+0001
  162.500 -5.1144E+0001
  162.750 -5.3883E+0001
  163.000 -5.6085E+0001
  163.250 -5.7851E+0001
  163.500 -5.9270E+0001
  163.750 -6.0417E+0001
  164.000 -6.1350E+0001
  164.250 -6.2111E+0001
  164.500 -6.2734E+0001
  164.750 -6.3246E+0001
  165.000 -6.3666E+0001
  165.250 -6.4010E+0001
  165.500 -6.4291E+0001
  165.750 -6.4519E+0001
  166.000 -6.4702E+0001
  166.250 -6.4848E+0001
  166.500 -6.4960E+0001
  166.750 -6.5045E+0001
  167.000 -6.5106E+0001
  167.250 -6.5146E+0001
  167.500 -6.5168E+0001
  167.750 -6.5174E+0001
  168.000 -6.5167E+0001
  168.250 -6.5147E+0001
  168.500 -6.5116E+0001
  168.750 -6.5076E+0001
  169.000 -6.5028E+0001
  169.250 -6.4973E+0001
  169.500 -6.4911E+0001
  169.750 -6.4843E+0001
  170.000 -6.4771E+0001
  170.250 -6.4694E+0001
  170.500 -6.4613E+0001
  170.750 -6.4529E+0001
  171.000 -6.4442E+0001
  171.250 -6.4352E+0001
  171.500 -6.4260E+0001
  171.750 -6.4166E+0001
  172.000 -6.4071E+0001
  172.250 -6.3974E+0001
  172.500 -6.3876E+0001
  172.750 -6.3777E+0001
  173.000 -6.3678E+0001
  173.250 -6.3578E+0001
  173.500 -6.3477E+0001
  173.750 -6.3376E+0001
  174.000 -6.3276E+0001
  174.250 -6.3175E+0001
  174.500 -6.3074E+0001
  174.750 -6.2974E+0001
  175.000 -6.2873E+0001
  175.250 -6.2773E+0001
  175.500 -6.2674E+0001
  175.750 -6.2575E+0001
  176.000 -6.2476E+0001
  176.250 -6.2378E+0001
  176.500 -6.2281E+0001
  176.750 -6.2184E+0001
  177.000 -6.2088E+0001
  177.250 -6.1993E+0001
  177.500 -6.1898E+0001
  177.750 -6.1804E+0001
  178.000 -6.1711E+0001
  178.250 -6.1619E+0001
  178.500 -6.1527E+0001
  178.750 -6.1436E+0001
  179.000 -6.1346E+0001
  179.250 -6.1257E+0001
  179.500 -6.1168E+0001
  179.750 -6.1081E+0001
  180.000 -6.0994E+0001
  180.250 -6.0908E+0001
  180.500 -6.0822E+0001
  180.750 -6.0737E+0001
  181.000 -6.0653E+0001
  181.250 -6.0570E+0001
  181.500 -6.0488E+0001
  181.750 -6.0406E+0001
  182.000 -6.0325E+0001
  182.250 -6.0245E+0001
  182.500 -6.0165E+0001
  182.750 -6.0086E+0001
  183.000 -6.0008E+0001
  183.250 -5.9930E+0001
  183.500 -5.9853E+0001
  183.750 -5.9776E+0001
  184.000 -5.9701E+0001
  184.250 -5.9625E+0001
  184.500 -5.9551E+0001
  184.750 -5.9476E+0001
  185.000 -5.9403E+0001
  185.250 -5.9330E+0001
  185.500 -5.9257E+0001
  185.750 -5.9185E+0001
  186.000 -5.9113E+0001
  186.250 -5.9042E+0001
  186.500 -5.8971E+0001
  186.750 -5.8901E+0001
  187.000 -5.8830E+0001
  187.250 -5.8761E+0001
  187.500 -5.8691E+0001
  187.750 -5.8622E+0001
  188.000 -5.8553E+0001
  188.250 -5.8484E+0001
  188.500 -5.8416E+0001
  188.750 -5.8348E+0001
  189.000 -5.8279E+0001
  189.250 -5.8211E+0001
  189.500 -5.8143E+0001
  189.750 -5.8075E+0001
  190.000 -5.8007E+0001
  190.250 -5.7939E+0001
  190.500 -5.7871E+0001
  190.750 -5.7802E+0001
  191.000 -5.7734E+0001
  191.250 -5.7665E+0001
  191.500 -5.7595E+0001
  191.750 -5.7525E+0001
  192.000 -5.7455E+0001
  192.250 -5.7384E+0001
  192.500 -5.7312E+0001
  192.750 -5.7240E+0001
  193.000 -5.7166E+0001
  193.250 -5.7091E+0001
  193.500 -5.7015E+0001
  193.750 -5.6937E+0001
  194.000 -5.6858E+0001
  194.250 -5.6777E+0001
  194.500 -5.6693E+0001
  194.750 -5.6606E+0001
  195.000 -5.6517E+0001
  195.250 -5.6423E+0001
  195.500 -5.6326E+0001
  195.750 -5.6223E+0001
  196.000 -5.6114E+0001
  196.250 -5.5997E+0001
  196.500 -5.5871E+0001
  196.750 -5.5733E+0001
  197.000 -5.5580E+0001
  197.250 -5.5406E+0001
  197.500 -5.5204E+0001
  197.750 -5.4961E+0001
  198.000 -5.4654E+0001
  198.250 -5.4235E+0001
  198.500 -5.3579E+0001
  198.750 -5.2176E+0001
  199.000 -4.2799E+0001
  199.250 -1.7147E+0001
  199.500 -1.5438E-0001
  199.750  6.8293E+0000
  200.000  6.5623E+0000
  200.250  1.0717E+0000
  200.500 -7.5706E+0000
  200.750 -1.7207E+0001
  201.000 -2.6200E+0001
  201.250 -3.3806E+0001
  201.500 -3.9938E+0001
  201.750 -4.4841E+0001
  202.000 -4.8798E+0001
  202.250 -5.1987E+0001
  202.500 -5.4561E+0001
  202.750 -5.6629E+0001
  203.000 -5.8286E+0001
  203.250 -5.9621E+0001
  203.500 -6.0701E+0001
  203.750 -6.1581E+0001
  204.000 -6.2300E+0001
  204.250 -6.2890E+0001
  204.500 -6.3373E+0001
  204.750 -6.3771E+0001
  205.000 -6.4096E+0001
  205.250 -6.4361E+0001
  205.500 -6.4576E+0001
  205.750 -6.4748E+0001
  206.000 -6.4884E+0001
  206.250 -6.4988E+0001
  206.500 -6.5066E+0001
  206.750 -6.5121E+0001
  207.000 -6.5156E+0001
  207.250 -6.5173E+0001
  207.500 -6.5175E+0001
  207.750 -6.5164E+0001
  208.000 -6.5141E+0001
  208.250 -6.5108E+0001
  208.500 -6.5066E+0001
  208.750 -6.5016E+0001
  209.000 -6.4959E+0001
  209.250 -6.4895E+0001
  209.500 -6.4826E+0001
  209.750 -6.4752E+0001
  210.000 -6.4674E+0001
  210.250 -6.4593E+0001
  210.500 -6.4508E+0001
  210.750 -6.4420E+0001
  211.000 -6.4330E+0001
  211.250 -6.4237E+0001
  211.500 -6.4143E+0001
  211.750 -6.4047E+0001
  212.000 -6.3950E+0001
  212.250 -6.3852E+0001
  212.500 -6.3753E+0001
  212.750 -6.3654E+0001
  213.000 -6.3554E+0001
  213.250 -6.3453E+0001
  213.500 -6.3352E+0001
  213.750 -6.3252E+0001
  214.000 -6.3151E+0001
  214.250 -6.3050E+0001
  214.500 -6.2950E+0001
  214.750 -6.2850E+0001
  215.000 -6.2750E+0001
  215.250 -6.2651E+0001
  215.500 -6.2552E+0001
  215.750 -6.2453E+0001
  216.000 -6.2356E+0001
  216.250 -6.2259E+0001
  216.500 -6.2162E+0001
  216.750 -6.2066E+0001
  217.000 -6.1971E+0001
  217.250 -6.1877E+0001
  217.500 -6.1783E+0001
  217.750 -6.1690E+0001
  218.000 -6.1598E+0001
  218.250 -6.1507E+0001
  218.500 -6.1416E+0001
  218.750 -6.1326E+0001
  219.000 -6.1237E+0001
  219.250 -6.1149E+0001
  219.500 -6.1061E+0001
  219.750 -6.0974E+0001
  220.000 -6.0888E+0001
  220.250 -6.0803E+0001
  220.500 -6.0719E+0001
  220.750 -6.0635E+0001
  221.000 -6.0552E+0001
  221.250 -6.0470E+0001
  221.500 -6.0388E+0001
  221.750 -6.0307E+0001
  222.000 -6.0227E+0001
  222.250 -6.0148E+0001
  222.500 -6.0069E+0001
  222.750 -5.9991E+0001
  223.000 -5.9913E+0001
  223.250 -5.9836E+0001
  223.500 -5.9760E+0001
  223.750 -5.9684E+0001
  224.000 -5.9609E+0001
  224.250 -5.9535E+0001
  224.500 -5.9461E+0001
  224.750 -5.9387E+0001
  225.000 -5.9314E+0001
  225.250 -5.9242E+0001
  225.500 -5.9169E+0001
  225.750 -5.9098E+0001
  226.000 -5.9027E+0001
  226.250 -5.8956E+0001
  226.500 -5.8886E+0001
  226.750 -5.8816E+0001
  227.000 -5.8746E+0001
  227.250 -5.8676E+0001
  227.500 -5.8607E+0001
  227.750 -5.8538E+0001
  228.000 -5.8470E+0001
  228.250 -5.8401E+0001
  228.500 -5.8333E+0001
  228.750 -5.8265E+0001
  229.000 -5.8197E+0001
  229.250 -5.8129E+0001
  229.500 -5.8061E+0001
  229.750 -5.7993E+0001
  230.000 -5.7925E+0001
  230.250 -5.7856E+0001
  230.500 -5.7788E+0001
  230.750 -5.7719E+0001
  231.000 -5.7650E+0001
  231.250 -5.7581E+0001
  231.500 -5.7511E+0001
  231.750 -5.7440E+0001
  232.000 -5.7369E+0001
  232.250 -5.7297E+0001
  232.500 -5.7224E+0001
  232.750 -5.7150E+0001
  233.000 -5.7075E+0001
  233.250 -5.6999E+0001
  233.500 -5.6921E+0001
  233.750 -5.6841E+0001
  234.000 -5.6759E+0001
  234.250 -5.6675E+0001
  234.500 -5.6588E+0001
  234.750 -5.6497E+0001
  235.000 -5.6403E+0001
  235.250 -5.6304E+0001
  235.500 -5.6200E+0001
  235.750 -5.6090E+0001
  236.000 -5.5971E+0001
  236.250 -5.5843E+0001
  236.500 -5.5702E+0001
  236.750 -5.5544E+0001
  237.000 -5.5366E+0001
  237.250 -5.5156E+0001
  237.500 -5.4902E+0001
  237.750 -5.4577E+0001
  238.000 -5.4122E+0001
  238.250 -5.3378E+0001
  238.500 -5.1568E+0001
  238.750 -3.7533E+0001
  239.000 -1.2542E+0001
  239.250  2.0673E+0000
  239.500  7.3143E+0000
  239.750  5.7824E+0000
  240.000 -5.5209E-0001
  240.250 -9.5738E+0000
  240.500 -1.9181E+0001
  240.750 -2.7915E+0001
  241.000 -3.5203E+0001
  241.250 -4.1049E+0001
  241.500 -4.5736E+0001
  241.750 -4.9518E+0001
  242.000 -5.2568E+0001
  242.250 -5.5027E+0001
  242.500 -5.7001E+0001
  242.750 -5.8585E+0001
  243.000 -5.9862E+0001
  243.250 -6.0897E+0001
  243.500 -6.1740E+0001
  243.750 -6.2431E+0001
  244.000 -6.2997E+0001
  244.250 -6.3461E+0001
  244.500 -6.3843E+0001
  244.750 -6.4155E+0001
  245.000 -6.4409E+0001
  245.250 -6.4615E+0001
  245.500 -6.4779E+0001
  245.750 -6.4908E+0001
  246.000 -6.5007E+0001
  246.250 -6.5080E+0001
  246.500 -6.5131E+0001
  246.750 -6.5162E+0001
  247.000 -6.5176E+0001
  247.250 -6.5176E+0001
  247.500 -6.5162E+0001
  247.750 -6.5137E+0001
  248.000 -6.5102E+0001
  248.250 -6.5058E+0001
  248.500 -6.5007E+0001
  248.750 -6.4948E+0001
  249.000 -6.4884E+0001
  249.250 -6.4814E+0001
  249.500 -6.4739E+0001
  249.750 -6.4661E+0001
  250.000 -6.4578E+0001
  250.250 -6.4493E+0001
  250.500 -6.4405E+0001
  250.750 -6.4314E+0001
  251.000 -6.4221E+0001
  251.250 -6.4127E+0001
  251.500 -6.4031E+0001
  251.750 -6.3934E+0001
  252.000 -6.3835E+0001
  252.250 -6.3736E+0001
  252.500 -6.3637E+0001
  252.750 -6.3537E+0001
  253.000 -6.3436E+0001
  253.250 -6.3335E+0001
  253.500 -6.3235E+0001
  253.750 -6.3134E+0001
  254.000 -6.3033E+0001
  254.250 -6.2933E+0001
  254.500 -6.2833E+0001
  254.750 -6.2734E+0001
  255.000 -6.2634E+0001
  255.250 -6.2536E+0001
  255.500 -6.2437E+0001
  255.750 -6.2340E+0001
  256.000 -6.2243E+0001
  256.250 -6.2146E+0001
  256.500 -6.2051E+0001
  256.750 -6.1956E+0001
  257.000 -6.1862E+0001
  257.250 -6.1768E+0001
  257.500 -6.1675E+0001
  257.750 -6.1583E+0001
  258.000 -6.1492E+0001
  258.250 -6.1402E+0001
  258.500 -6.1312E+0001
  258.750 -6.1223E+0001
  259.000 -6.1135E+0001
  259.250 -6.1048E+0001
  259.500 -6.0961E+0001
  259.750 -6.0875E+0001
  260.000 -6.0790E+0001
  260.250 -6.0706E+0001
  260.500 -6.0622E+0001
  260.750 -6.0539E+0001
  261.000 -6.0457E+0001
  261.250 -6.0376E+0001
  261.500 -6.0295E+0001
  261.750 -6.0215E+0001
  262.000 -6.0136E+0001
  262.250 -6.0057E+0001
  262.500 -5.9979E+0001
  262.750 -5.9901E+0001
  263.000 -5.9825E+0001
  263.250 -5.9749E+0001
  263.500 -5.9673E+0001
  263.750 -5.9598E+0001
  264.000 -5.9523E+0001
  264.250 -5.9450E+0001
  264.500 -5.9376E+0001
  264.750 -5.9303E+0001
  265.000 -5.9231E+0001
  265.250 -5.9159E+0001
  265.500 -5.9087E+0001
  265.750 -5.9016E+0001
  266.000 -5.8946E+0001
  266.250 -5.8875E+0001
  266.500 -5.8805E+0001
  266.750 -5.8736E+0001
  267.000 -5.8666E+0001
  267.250 -5.8597E+0001
  267.500 -5.8528E+0001
  267.750 -5.8460E+0001
  268.000 -5.8391E+0001
  268.250 -5.8323E+0001
  268.500 -5.8255E+0001
  268.750 -5.8187E+0001
  269.000 -5.8119E+0001
  269.250 -5.8051E+0001
  269.500 -5.7983E+0001
  269.750 -5.7915E+0001
  270.000 -5.7846E+0001
  270.250 -5.7778E+0001
  270.500 -5.7709E+0001
  270.750 -5.7640E+0001
  271.000 -5.7570E+0001
  271.250 -5.7500E+0001
  271.500 -5.7430E+0001
  271.750 -5.7358E+0001
  272.000 -5.7286E+0001
  272.250 -5.7213E+0001
  272.500 -5.7139E+0001
  272.750 -5.7064E+0001
  273.000 -5.6988E+0001
  273.250 -5.6909E+0001
  273.500 -5.6829E+0001
  273.750 -5.6747E+0001
  274.000 -5.6662E+0001
  274.250 -5.6575E+0001
  274.500 -5.6484E+0001
  274.750 -5.6389E+0001
  275.000 -5.6290E+0001
  275.250 -5.6185E+0001
  275.500 -5.6073E+0001
  275.750 -5.5953E+0001
  276.000 -5.5823E+0001
  276.250 -5.5680E+0001
  276.500 -5.5520E+0001
  276.750 -5.5337E+0001
  277.000 -5.5122E+0001
  277.250 -5.4860E+0001
  277.500 -5.4520E+0001
  277.750 -5.4037E+0001
  278.000 -5.3219E+0001
  278.250 -5.0978E+0001
  278.500 -3.3572E+0001
  278.750 -9.6605E+0000
  279.000  3.3659E+0000
  279.250  7.4761E+0000
  279.500  5.1173E+0000
  279.750 -1.7464E+0000
  280.000 -1.0974E+0001
  280.250 -2.0523E+0001
  280.500 -2.9063E+0001
  280.750 -3.6132E+0001
  281.000 -4.1788E+0001
  281.250 -4.6332E+0001
  281.500 -4.9997E+0001
  281.750 -5.2954E+0001
  282.000 -5.5337E+0001
  282.250 -5.7249E+0001
  282.500 -5.8784E+0001
  282.750 -6.0022E+0001
  283.000 -6.1027E+0001
  283.250 -6.1847E+0001
  283.500 -6.2517E+0001
  283.750 -6.3068E+0001
  284.000 -6.3520E+0001
  284.250 -6.3891E+0001
  284.500 -6.4194E+0001
  284.750 -6.4441E+0001
  285.000 -6.4641E+0001
  285.250 -6.4800E+0001
  285.500 -6.4924E+0001
  285.750 -6.5020E+0001
  286.000 -6.5089E+0001
  286.250 -6.5137E+0001
  286.500 -6.5166E+0001
  286.750 -6.5178E+0001
  287.000 -6.5176E+0001
  287.250 -6.5161E+0001
  287.500 -6.5134E+0001
  287.750 -6.5098E+0001
  288.000 -6.5053E+0001
  288.250 -6.5001E+0001
  288.500 -6.4942E+0001
  288.750 -6.4876E+0001
  289.000 -6.4806E+0001
  289.250 -6.4731E+0001
  289.500 -6.4652E+0001
  289.750 -6.4569E+0001
  290.000 -6.4483E+0001
  290.250 -6.4394E+0001
  290.500 -6.4304E+0001
  290.750 -6.4211E+0001
  291.000 -6.4116E+0001
  291.250 -6.4020E+0001
  291.500 -6.3923E+0001
  291.750 -6.3824E+0001
  292.000 -6.3725E+0001
  292.250 -6.3626E+0001
  292.500 -6.3525E+0001
  292.750 -6.3425E+0001
  293.000 -6.3324E+0001
  293.250 -6.3224E+0001
  293.500 -6.3123E+0001
  293.750 -6.3022E+0001
  294.000 -6.2922E+0001
  294.250 -6.2822E+0001
  294.500 -6.2723E+0001
  294.750 -6.2624E+0001
  295.000 -6.2525E+0001
  295.250 -6.2427E+0001
  295.500 -6.2329E+0001
  295.750 -6.2233E+0001
  296.000 -6.2136E+0001
  296.250 -6.2041E+0001
  296.500 -6.1946E+0001
  296.750 -6.1852E+0001
  297.000 -6.1758E+0001
  297.250 -6.1666E+0001
  297.500 -6.1574E+0001
  297.750 -6.1483E+0001
  298.000 -6.1392E+0001
  298.250 -6.1303E+0001
  298.500 -6.1214E+0001
  298.750 -6.1126E+0001
  299.000 -6.1039E+0001
  299.250 -6.0952E+0001
  299.500 -6.0867E+0001
  299.750 -6.0782E+0001
  300.000 -6.0697E+0001
  300.250 -6.0614E+0001
  300.500 -6.0531E+0001
  300.750 -6.0449E+0001
  301.000 -6.0368E+0001
  301.250 -6.0287E+0001
  301.500 -6.0207E+0001
  301.750 -6.0128E+0001
  302.000 -6.0049E+0001
  302.250 -5.9971E+0001
  302.500 -5.9894E+0001
  302.750 -5.9817E+0001
  303.000 -5.9741E+0001
  303.250 -5.9666E+0001
  303.500 -5.9591E+0001
  303.750 -5.9516E+0001
  304.000 -5.9443E+0001
  304.250 -5.9369E+0001
  304.500 -5.9296E+0001
  304.750 -5.9224E+0001
  305.000 -5.9152E+0001
  305.250 -5.9081E+0001
  305.500 -5.9010E+0001
  305.750 -5.8939E+0001
  306.000 -5.8869E+0001
  306.250 -5.8799E+0001
  306.500 -5.8729E+0001
  306.750 -5.8660E+0001
  307.000 -5.8591E+0001
  307.250 -5.8522E+0001
  307.500 -5.8454E+0001
  307.750 -5.8385E+0001
  308.000 -5.8317E+0001
  308.250 -5.8249E+0001
  308.500 -5.8181E+0001
  308.750 -5.8113E+0001
  309.000 -5.8045E+0001
  309.250 -5.7977E+0001
  309.500 -5.7908E+0001
  309.750 -5.7840E+0001
  310.000 -5.7772E+0001
  310.250 -5.7703E+0001
  310.500 -5.7634E+0001
  310.750 -5.7564E+0001
  311.000 -5.7494E+0001
  311.250 -5.7423E+0001
  311.500 -5.7352E+0001
  311.750 -5.7280E+0001
  312.000 -5.7207E+0001
  312.250 -5.7133E+0001
  312.500 -5.7057E+0001
  312.750 -5.6980E+0001
  313.000 -5.6902E+0001
  313.250 -5.6822E+0001
  313.500 -5.6739E+0001
  313.750 -5.6654E+0001
  314.000 -5.6566E+0001
  314.250 -5.6475E+0001
  314.500 -5.6380E+0001
  314.750 -5.6280E+0001
  315.000 -5.6174E+0001
  315.250 -5.6062E+0001
  315.500 -5.5941E+0001
  315.750 -5.5810E+0001
  316.000 -5.5666E+0001
  316.250 -5.5504E+0001
  316.500 -5.5318E+0001
  316.750 -5.5100E+0001
  317.000 -5.4832E+0001
  317.250 -5.4482E+0001
  317.500 -5.3980E+0001
  317.750 -5.3108E+0001
  318.000 -5.0483E+0001
  318.250 -3.1043E+0001
  318.500 -7.9980E+0000
  318.750  4.0742E+0000
  319.000  7.5052E+0000
  319.250  4.6556E+0000
  319.500 -2.5112E+0000
  319.750 -1.1843E+0001
  320.000 -2.1340E+0001
  320.250 -2.9755E+0001
  320.500 -3.6689E+0001
  320.750 -4.2231E+0001
  321.000 -4.6689E+0001
  321.250 -5.0283E+0001
  321.500 -5.3184E+0001
  321.750 -5.5521E+0001
  322.000 -5.7396E+0001
  322.250 -5.8902E+0001
  322.500 -6.0117E+0001
  322.750 -6.1104E+0001
  323.000 -6.1910E+0001
  323.250 -6.2569E+0001
  323.500 -6.3110E+0001
  323.750 -6.3555E+0001
  324.000 -6.3919E+0001
  324.250 -6.4218E+0001
  324.500 -6.4460E+0001
  324.750 -6.4656E+0001
  325.000 -6.4812E+0001
  325.250 -6.4934E+0001
  325.500 -6.5027E+0001
  325.750 -6.5095E+0001
  326.000 -6.5141E+0001
  326.250 -6.5169E+0001
  326.500 -6.5179E+0001
  326.750 -6.5176E+0001
  327.000 -6.5160E+0001
  327.250 -6.5133E+0001
  327.500 -6.5096E+0001
  327.750 -6.5051E+0001
  328.000 -6.4998E+0001
  328.250 -6.4938E+0001
  328.500 -6.4872E+0001
  328.750 -6.4801E+0001
  329.000 -6.4726E+0001
  329.250 -6.4647E+0001
  329.500 -6.4564E+0001
  329.750 -6.4478E+0001
  330.000 -6.4389E+0001
  330.250 -6.4298E+0001
  330.500 -6.4205E+0001
  330.750 -6.4110E+0001
  331.000 -6.4014E+0001
  331.250 -6.3917E+0001
  331.500 -6.3818E+0001
  331.750 -6.3719E+0001
  332.000 -6.3620E+0001
  332.250 -6.3519E+0001
  332.500 -6.3419E+0001
  332.750 -6.3318E+0001
  333.000 -6.3218E+0001
  333.250 -6.3117E+0001
  333.500 -6.3017E+0001
  333.750 -6.2917E+0001
  334.000 -6.2817E+0001
  334.250 -6.2717E+0001
  334.500 -6.2618E+0001
  334.750 -6.2520E+0001
  335.000 -6.2422E+0001
  335.250 -6.2324E+0001
  335.500 -6.2227E+0001
  335.750 -6.2131E+0001
  336.000 -6.2036E+0001
  336.250 -6.1941E+0001
  336.500 -6.1847E+0001
  336.750 -6.1754E+0001
  337.000 -6.1661E+0001
  337.250 -6.1569E+0001
  337.500 -6.1478E+0001
  337.750 -6.1388E+0001
  338.000 -6.1298E+0001
  338.250 -6.1210E+0001
  338.500 -6.1122E+0001
  338.750 -6.1035E+0001
  339.000 -6.0948E+0001
  339.250 -6.0862E+0001
  339.500 -6.0778E+0001
  339.750 -6.0693E+0001
  340.000 -6.0610E+0001
  340.250 -6.0527E+0001
  340.500 -6.0445E+0001
  340.750 -6.0364E+0001
  341.000 -6.0283E+0001
  341.250 -6.0204E+0001
  341.500 -6.0124E+0001
  341.750 -6.0046E+0001
  342.000 -5.9968E+0001
  342.250 -5.9891E+0001
  342.500 -5.9814E+0001
  342.750 -5.9738E+0001
  343.000 -5.9662E+0001
  343.250 -5.9588E+0001
  343.500 -5.9513E+0001
  343.750 -5.9439E+0001
  344.000 -5.9366E+0001
  344.250 -5.9293E+0001
  344.500 -5.9221E+0001
  344.750 -5.9149E+0001
  345.000 -5.9078E+0001
  345.250 -5.9007E+0001
  345.500 -5.8936E+0001
  345.750 -5.8866E+0001
  346.000 -5.8796E+0001
  346.250 -5.8726E+0001
  346.500 -5.8657E+0001
  346.750 -5.8588E+0001
  347.000 -5.8519E+0001
  347.250 -5.8451E+0001
  347.500 -5.8382E+0001
  347.750 -5.8314E+0001
  348.000 -5.8246E+0001
  348.250 -5.8178E+0001
  348.500 -5.8110E+0001
  348.750 -5.8042E+0001
  349.000 -5.7974E+0001
  349.250 -5.7906E+0001
  349.500 -5.7837E+0001
  349.750 -5.7769E+0001
  350.000 -5.7700E+0001
  350.250 -5.7631E+0001
  350.500 -5.7561E+0001
  350.750 -5.7491E+0001
  351.000 -5.7420E+0001
  351.250 -5.7349E+0001
  351.500 -5.7277E+0001
  351.750 -5.7204E+0001
  352.000 -5.7130E+0001
  352.250 -5.7054E+0001
  352.500 -5.6977E+0001
  352.750 -5.6899E+0001
  353.000 -5.6818E+0001
  353.250 -5.6736E+0001
  353.500 -5.6651E+0001
  353.750 -5.6563E+0001
  354.000 -5.6471E+0001
  354.250 -5.6376E+0001
  354.500 -5.6276E+0001
  354.750 -5.6170E+0001
  355.000 -5.6057E+0001
  355.250 -5.5936E+0001
  355.500 -5.5804E+0001
  355.750 -5.5659E+0001
  356.000 -5.5497E+0001
  356.250 -5.5310E+0001
  356.500 -5.5090E+0001
  356.750 -5.4819E+0001
  357.000 -5.4465E+0001
  357.250 -5.3954E+0001
  357.500 -5.3055E+0001
  357.750 -5.0221E+0001
  358.000 -2.9900E+0001
  358.250 -7.2687E+0000
  358.500  4.3782E+0000
  358.750  7.5067E+0000
  359.000  4.4407E+0000
  359.250 -2.8563E+0000
  359.500 -1.2229E+0001
  359.750 -2.1699E+0001
  360.000 -3.0057E+0001
  360.250 -3.6932E+0001
  360.500 -4.2424E+0001
  360.750 -4.6844E+0001
  361.000 -5.0407E+0001
  361.250 -5.3284E+0001
  361.500 -5.5601E+0001
  361.750 -5.7459E+0001
  362.000 -5.8952E+0001
  362.250 -6.0158E+0001
  362.500 -6.1137E+0001
  362.750 -6.1936E+0001
  363.000 -6.2591E+0001
  363.250 -6.3128E+0001
  363.500 -6.3570E+0001
  363.750 -6.3932E+0001
  364.000 -6.4228E+0001
  364.250 -6.4469E+0001
  364.500 -6.4663E+0001
  364.750 -6.4818E+0001
  365.000 -6.4939E+0001
  365.250 -6.5031E+0001
  365.500 -6.5098E+0001
  365.750 -6.5143E+0001
  366.000 -6.5170E+0001
  366.250 -6.5180E+0001
  366.500 -6.5177E+0001
  366.750 -6.5160E+0001
  367.000 -6.5133E+0001
  367.250 -6.5096E+0001
  367.500 -6.5050E+0001
  367.750 -6.4997E+0001
  368.000 -6.4937E+0001
  368.250 -6.4871E+0001
  368.500 -6.4800E+0001
  368.750 -6.4725E+0001
  369.000 -6.4645E+0001
  369.250 -6.4562E+0001
  369.500 -6.4476E+0001
  369.750 -6.4387E+0001
  370.000 -6.4296E+0001
  370.250 -6.4203E+0001
  370.500 -6.4109E+0001
  370.750 -6.4013E+0001
  371.000 -6.3915E+0001
  371.250 -6.3817E+0001
  371.500 -6.3718E+0001
  371.750 -6.3618E+0001
  372.000 -6.3518E+0001
  372.250 -6.3418E+0001
  372.500 -6.3317E+0001
  372.750 -6.3216E+0001
  373.000 -6.3116E+0001
  373.250 -6.3015E+0001
  373.500 -6.2915E+0001
  373.750 -6.2815E+0001
  374.000 -6.2716E+0001
  374.250 -6.2617E+0001
  374.500 -6.2518E+0001
  374.750 -6.2420E+0001
  375.000 -6.2323E+0001
  375.250 -6.2226E+0001
  375.500 -6.2130E+0001
  375.750 -6.2035E+0001
  376.000 -6.1940E+0001
  376.250 -6.1846E+0001
  376.500 -6.1753E+0001
  376.750 -6.1660E+0001
  377.000 -6.1568E+0001
  377.250 -6.1477E+0001
  377.500 -6.1387E+0001
  377.750 -6.1298E+0001
  378.000 -6.1209E+0001
  378.250 -6.1121E+0001
  378.500 -6.1034E+0001
  378.750 -6.0948E+0001
  379.000 -6.0862E+0001
  379.250 -6.0777E+0001
  379.500 -6.0693E+0001
  379.750 -6.0610E+0001
  380.000 -6.0527E+0001
  380.250 -6.0445E+0001
  380.500 -6.0364E+0001
  380.750 -6.0283E+0001
  381.000 -6.0203E+0001
  381.250 -6.0124E+0001
  381.500 -6.0046E+0001
  381.750 -5.9968E+0001
  382.000 -5.9890E+0001
  382.250 -5.9814E+0001
  382.500 -5.9738E+0001
  382.750 -5.9662E+0001
  383.000 -5.9587E+0001
  383.250 -5.9513E+0001
  383.500 -5.9439E+0001
  383.750 -5.9366E+0001
  384.000 -5.9293E+0001
  384.250 -5.9221E+0001
  384.500 -5.9149E+0001
  384.750 -5.9078E+0001
  385.000 -5.9007E+0001
  385.250 -5.8936E+0001
  385.500 -5.8866E+0001
  385.750 -5.8796E+0001
  386.000 -5.8726E+0001
  386.250 -5.8657E+0001
  386.500 -5.8588E+0001
  386.750 -5.8519E+0001
  387.000 -5.8451E+0001
  387.250 -5.8382E+0001
  387.500 -5.8314E+0001
  387.750 -5.8246E+0001
  388.000 -5.8178E+0001
  388.250 -5.8110E+0001
  388.500 -5.8042E+0001
  388.750 -5.7974E+0001
  389.000 -5.7906E+0001
  389.250 -5.7837E+0001
  389.500 -5.7769E+0001
  389.750 -5.7700E+0001
  390.000 -5.7631E+0001
  390.250 -5.7561E+0001
  390.500 -5.7491E+0001
  390.750 -5.7420E+0001
  391.000 -5.7349E+0001
  391.250 -5.7277E+0001
  391.500 -5.7204E+0001
  391.750 -5.7130E+0001
  392.000 -5.7054E+0001
  392.250 -5.6977E+0001
  392.500 -5.6899E+0001
  392.750 -5.6818E+0001
  393.000 -5.6736E+0001
  393.250 -5.6651E+0001
  393.500 -5.6563E+0001
  393.750 -5.6471E+0001
  394.000 -5.6376E+0001
  394.250 -5.6276E+0001
  394.500 -5.6170E+0001
  394.750 -5.6057E+0001
  395.000 -5.5936E+0001
  395.250 -5.5804E+0001
  395.500 -5.5659E+0001
  395.750 -5.5497E+0001
  396.000 -5.5310E+0001
  396.250 -5.5090E+0001
  396.500 -5.4819E+0001
  396.750 -5.4465E+0001
  397.000 -5.3953E+0001
  397.250 -5.3053E+0001
  397.500 -5.0213E+0001
  397.750 -2.9871E+0001
  398.000 -7.2495E+0000
  398.250  4.3880E+0000
  398.500  7.5128E+0000
  398.750  4.4473E+0000
  399.000 -2.8475E+0000
  399.250 -1.2219E+0001
  399.500 -2.1688E+0001
  399.750 -3.0047E+0001
  400.000 -3.6923E+0001
  400.250 -4.2416E+0001
  400.500 -4.6836E+0001
  400.750 -5.0400E+0001
  401.000 -5.3278E+0001
  401.250 -5.5595E+0001
  401.500 -5.7455E+0001
  401.750 -5.8948E+0001
  402.000 -6.0154E+0001
  402.250 -6.1134E+0001
  402.500 -6.1934E+0001
  402.750 -6.2589E+0001
  403.000 -6.3126E+0001
  403.250 -6.3568E+0001
  403.500 -6.3930E+0001
  403.750 -6.4227E+0001
  404.000 -6.4468E+0001
  404.250 -6.4662E+0001
  404.500 -6.4817E+0001
  404.750 -6.4938E+0001
  405.000 -6.5031E+0001
  405.250 -6.5098E+0001
  405.500 -6.5144E+0001
  405.750 -6.5171E+0001
  406.000 -6.5181E+0001
  406.250 -6.5177E+0001
  406.500 -6.5161E+0001
  406.750 -6.5134E+0001
  407.000 -6.5097E+0001
  407.250 -6.5051E+0001
  407.500 -6.4998E+0001
  407.750 -6.4938E+0001
  408.000 -6.4873E+0001
  408.250 -6.4802E+0001
  408.500 -6.4726E+0001
  408.750 -6.4647E+0001
  409.000 -6.4564E+0001
  409.250 -6.4478E+0001
  409.500 -6.4389E+0001
  409.750 -6.4298E+0001
  410.000 -6.4205E+0001
  410.250 -6.4111E+0001
  410.500 -6.4015E+0001
  410.750 -6.3917E+0001
  411.000 -6.3819E+0001
  411.250 -6.3720E+0001
  411.500 -6.3620E+0001
  411.750 -6.3520E+0001
  412.000 -6.3420E+0001
  412.250 -6.3319E+0001
  412.500 -6.3219E+0001
  412.750 -6.3118E+0001
  413.000 -6.3018E+0001
  413.250 -6.2918E+0001
  413.500 -6.2818E+0001
  413.750 -6.2718E+0001
  414.000 -6.2619E+0001
  414.250 -6.2521E+0001
  414.500 -6.2423E+0001
  414.750 -6.2326E+0001
  415.000 -6.2229E+0001
  415.250 -6.2133E+0001
  415.500 -6.2037E+0001
  415.750 -6.1943E+0001
  416.000 -6.1849E+0001
  416.250 -6.1755E+0001
  416.500 -6.1663E+0001
  416.750 -6.1571E+0001
  417.000 -6.1480E+0001
  417.250 -6.1390E+0001
  417.500 -6.1300E+0001
  417.750 -6.1212E+0001
  418.000 -6.1124E+0001
  418.250 -6.1037E+0001
  418.500 -6.0950E+0001
  418.750 -6.0865E+0001
  419.000 -6.0780E+0001
  419.250 -6.0696E+0001
  419.500 -6.0612E+0001
  419.750 -6.0529E+0001
  420.000 -6.0448E+0001
  420.250 -6.0366E+0001
  420.500 -6.0286E+0001
  420.750 -6.0206E+0001
  421.000 -6.0127E+0001
  421.250 -6.0048E+0001
  421.500 -5.9970E+0001
  421.750 -5.9893E+0001
  422.000 -5.9816E+0001
  422.250 -5.9740E+0001
  422.500 -5.9665E+0001
  422.750 -5.9590E+0001
  423.000 -5.9516E+0001
  423.250 -5.9442E+0001
  423.500 -5.9368E+0001
  423.750 -5.9296E+0001
  424.000 -5.9223E+0001
  424.250 -5.9152E+0001
  424.500 -5.9080E+0001
  424.750 -5.9009E+0001
  425.000 -5.8938E+0001
  425.250 -5.8868E+0001
  425.500 -5.8798E+0001
  425.750 -5.8729E+0001
  426.000 -5.8659E+0001
  426.250 -5.8590E+0001
  426.500 -5.8522E+0001
  426.750 -5.8453E+0001
  427.000 -5.8385E+0001
  427.250 -5.8317E+0001
  427.500 -5.8248E+0001
  427.750 -5.8180E+0001
  428.000 -5.8112E+0001
  428.250 -5.8044E+0001
  428.500 -5.7976E+0001
  428.750 -5.7908E+0001
  429.000 -5.7840E+0001
  429.250 -5.7771E+0001
  429.500 -5.7702E+0001
  429.750 -5.7633E+0001
  430.000 -5.7564E+0001
  430.250 -5.7494E+0001
  430.500 -5.7423E+0001
  430.750 -5.7352E+0001
  431.000 -5.7280E+0001
  431.250 -5.7206E+0001
  431.500 -5.7132E+0001
  431.750 -5.7057E+0001
  432.000 -5.6980E+0001
  432.250 -5.6902E+0001
  432.500 -5.6821E+0001
  432.750 -5.6739E+0001
  433.000 -5.6654E+0001
  433.250 -5.6566E+0001
  433.500 -5.6475E+0001
  433.750 -5.6380E+0001
  434.000 -5.6280E+0001
  434.250 -5.6174E+0001
  434.500 -5.6061E+0001
  434.750 -5.5941E+0001
  435.000 -5.5809E+0001
  435.250 -5.5665E+0001
  435.500 -5.5503E+0001
  435.750 -5.5317E+0001
  436.000 -5.5098E+0001
  436.250 -5.4830E+0001
  436.500 -5.4480E+0001
  436.750 -5.3976E+0001
  437.000 -5.3099E+0001
  437.250 -5.0441E+0001
  437.500 -3.0851E+0001
  437.750 -7.8735E+0000
  438.000  4.1315E+0000
  438.250  7.5234E+0000
  438.500  4.6553E+0000
  438.750 -2.5170E+0000
  439.000 -1.1848E+0001
  439.250 -2.1341E+0001
  439.500 -2.9752E+0001
  439.750 -3.6684E+0001
  440.000 -4.2224E+0001
  440.250 -4.6681E+0001
  440.500 -5.0274E+0001
  440.750 -5.3175E+0001
  441.000 -5.5513E+0001
  441.250 -5.7388E+0001
  441.500 -5.8894E+0001
  441.750 -6.0110E+0001
  442.000 -6.1098E+0001
  442.250 -6.1904E+0001
  442.500 -6.2565E+0001
  442.750 -6.3106E+0001
  443.000 -6.3552E+0001
  443.250 -6.3917E+0001
  443.500 -6.4216E+0001
  443.750 -6.4459E+0001
  444.000 -6.4655E+0001
  444.250 -6.4812E+0001
  444.500 -6.4934E+0001
  444.750 -6.5028E+0001
  445.000 -6.5096E+0001
  445.250 -6.5143E+0001
  445.500 -6.5170E+0001
  445.750 -6.5182E+0001
  446.000 -6.5179E+0001
  446.250 -6.5163E+0001
  446.500 -6.5136E+0001
  446.750 -6.5099E+0001
  447.000 -6.5054E+0001
  447.250 -6.5001E+0001
  447.500 -6.4942E+0001
  447.750 -6.4877E+0001
  448.000 -6.4806E+0001
  448.250 -6.4731E+0001
  448.500 -6.4652E+0001
  448.750 -6.4569E+0001
  449.000 -6.4483E+0001
  449.250 -6.4394E+0001
  449.500 -6.4304E+0001
  449.750 -6.4211E+0001
  450.000 -6.4116E+0001
  450.250 -6.4020E+0001
  450.500 -6.3923E+0001
  450.750 -6.3825E+0001
  451.000 -6.3726E+0001
  451.250 -6.3626E+0001
  451.500 -6.3526E+0001
  451.750 -6.3426E+0001
  452.000 -6.3325E+0001
  452.250 -6.3225E+0001
  452.500 -6.3124E+0001
  452.750 -6.3024E+0001
  453.000 -6.2924E+0001
  453.250 -6.2824E+0001
  453.500 -6.2724E+0001
  453.750 -6.2625E+0001
  454.000 -6.2527E+0001
  454.250 -6.2429E+0001
  454.500 -6.2332E+0001
  454.750 -6.2235E+0001
  455.000 -6.2139E+0001
  455.250 -6.2043E+0001
  455.500 -6.1948E+0001
  455.750 -6.1854E+0001
  456.000 -6.1761E+0001
  456.250 -6.1669E+0001
  456.500 -6.1577E+0001
  456.750 -6.1486E+0001
  457.000 -6.1396E+0001
  457.250 -6.1306E+0001
  457.500 -6.1217E+0001
  457.750 -6.1129E+0001
  458.000 -6.1042E+0001
  458.250 -6.0956E+0001
  458.500 -6.0870E+0001
  458.750 -6.0785E+0001
  459.000 -6.0701E+0001
  459.250 -6.0618E+0001
  459.500 -6.0535E+0001
  459.750 -6.0453E+0001
  460.000 -6.0372E+0001
  460.250 -6.0291E+0001
  460.500 -6.0211E+0001
  460.750 -6.0132E+0001
  461.000 -6.0053E+0001
  461.250 -5.9975E+0001
  461.500 -5.9898E+0001
  461.750 -5.9821E+0001
  462.000 -5.9745E+0001
  462.250 -5.9670E+0001
  462.500 -5.9595E+0001
  462.750 -5.9521E+0001
  463.000 -5.9447E+0001
  463.250 -5.9373E+0001
  463.500 -5.9301E+0001
  463.750 -5.9228E+0001
  464.000 -5.9156E+0001
  464.250 -5.9085E+0001
  464.500 -5.9014E+0001
  464.750 -5.8943E+0001
  465.000 -5.8873E+0001
  465.250 -5.8803E+0001
  465.500 -5.8734E+0001
  465.750 -5.8664E+0001
  466.000 -5.8595E+0001
  466.250 -5.8526E+0001
  466.500 -5.8458E+0001
  466.750 -5.8390E+0001
  467.000 -5.8321E+0001
  467.250 -5.8253E+0001
  467.500 -5.8185E+0001
  467.750 -5.8117E+0001
  468.000 -5.8049E+0001
  468.250 -5.7981E+0001
  468.500 -5.7913E+0001
  468.750 -5.7845E+0001
  469.000 -5.7776E+0001
  469.250 -5.7707E+0001
  469.500 -5.7638E+0001
  469.750 -5.7569E+0001
  470.000 -5.7499E+0001
  470.250 -5.7428E+0001
  470.500 -5.7357E+0001
  470.750 -5.7285E+0001
  471.000 -5.7212E+0001
  471.250 -5.7138E+0001
  471.500 -5.7062E+0001
  471.750 -5.6986E+0001
  472.000 -5.6907E+0001
  472.250 -5.6827E+0001
  472.500 -5.6745E+0001
  472.750 -5.6660E+0001
  473.000 -5.6572E+0001
  473.250 -5.6481E+0001
  473.500 -5.6386E+0001
  473.750 -5.6287E+0001
  474.000 -5.6182E+0001
  474.250 -5.6070E+0001
  474.500 -5.5949E+0001
  474.750 -5.5819E+0001
  475.000 -5.5675E+0001
  475.250 -5.5515E+0001
  475.500 -5.5331E+0001
  475.750 -5.5115E+0001
  476.000 -5.4851E+0001
  476.250 -5.4508E+0001
  476.500 -5.4019E+0001
  476.750 -5.3183E+0001
  477.000 -5.0827E+0001
  477.250 -3.2741E+0001
  477.500 -9.1027E+0000
  477.750  3.6142E+0000
  478.000  7.5181E+0000
  478.250  5.0257E+0000
  478.500 -1.9115E+0000
  478.750 -1.1160E+0001
  479.000 -2.0693E+0001
  479.250 -2.9202E+0001
  479.500 -3.6239E+0001
  479.750 -4.1868E+0001
  480.000 -4.6393E+0001
  480.250 -5.0042E+0001
  480.500 -5.2987E+0001
  480.750 -5.5361E+0001
  481.000 -5.7266E+0001
  481.250 -5.8796E+0001
  481.500 -6.0031E+0001
  481.750 -6.1033E+0001
  482.000 -6.1851E+0001
  482.250 -6.2521E+0001
  482.500 -6.3070E+0001
  482.750 -6.3522E+0001
  483.000 -6.3893E+0001
  483.250 -6.4196E+0001
  483.500 -6.4443E+0001
  483.750 -6.4643E+0001
  484.000 -6.4802E+0001
  484.250 -6.4927E+0001
  484.500 -6.5022E+0001
  484.750 -6.5092E+0001
  485.000 -6.5140E+0001
  485.250 -6.5169E+0001
  485.500 -6.5182E+0001
  485.750 -6.5180E+0001
  486.000 -6.5165E+0001
  486.250 -6.5139E+0001
  486.500 -6.5103E+0001
  486.750 -6.5059E+0001
  487.000 -6.5006E+0001
  487.250 -6.4947E+0001
  487.500 -6.4882E+0001
  487.750 -6.4812E+0001
  488.000 -6.4737E+0001
  488.250 -6.4659E+0001
  488.500 -6.4576E+0001
  488.750 -6.4490E+0001
  489.000 -6.4402E+0001
  489.250 -6.4311E+0001
  489.500 -6.4219E+0001
  489.750 -6.4124E+0001
  490.000 -6.4028E+0001
  490.250 -6.3931E+0001
  490.500 -6.3833E+0001
  490.750 -6.3734E+0001
  491.000 -6.3635E+0001
  491.250 -6.3535E+0001
  491.500 -6.3434E+0001
  491.750 -6.3334E+0001
  492.000 -6.3233E+0001
  492.250 -6.3133E+0001
  492.500 -6.3033E+0001
  492.750 -6.2932E+0001
  493.000 -6.2833E+0001
  493.250 -6.2733E+0001
  493.500 -6.2634E+0001
  493.750 -6.2536E+0001
  494.000 -6.2438E+0001
  494.250 -6.2340E+0001
  494.500 -6.2243E+0001
  494.750 -6.2147E+0001
  495.000 -6.2052E+0001
  495.250 -6.1957E+0001
  495.500 -6.1863E+0001
  495.750 -6.1770E+0001
  496.000 -6.1677E+0001
  496.250 -6.1585E+0001
  496.500 -6.1494E+0001
  496.750 -6.1404E+0001
  497.000 -6.1314E+0001
  497.250 -6.1225E+0001
  497.500 -6.1137E+0001
  497.750 -6.1050E+0001
  498.000 -6.0964E+0001
  498.250 -6.0878E+0001
  498.500 -6.0793E+0001
  498.750 -6.0709E+0001
  499.000 -6.0625E+0001
  499.250 -6.0543E+0001
  499.500 -6.0460E+0001
  499.750 -6.0379E+0001
  500.000 -6.0299E+0001
  500.250 -6.0885E+0001
  500.500 -6.1445E+0001
  500.750 -6.1979E+0001
  501.000 -6.2487E+0001
  501.250 -6.2971E+0001
  501.500 -6.3433E+0001
  501.750 -6.3872E+0001
  502.000 -6.4290E+0001
  502.250 -6.4688E+0001
  502.500 -6.5067E+0001
  502.750 -6.5428E+0001
  503.000 -6.5771E+0001
  503.250 -6.6098E+0001
  503.500 -6.6408E+0001
  503.750 -6.6704E+0001
  504.000 -6.6985E+0001
  504.250 -6.7252E+0001
  504.500 -6.7506E+0001
  504.750 -6.7748E+0001
  505.000 -6.7977E+0001
  505.250 -6.8195E+0001
  505.500 -6.8402E+0001
  505.750 -6.8599E+0001
  506.000 -6.8786E+0001
  506.250 -6.8963E+0001
  506.500 -6.9131E+0001
  506.750 -6.9291E+0001
  507.000 -6.9442E+0001
  507.250 -6.9585E+0001
  507.500 -6.9721E+0001
  507.750 -6.9850E+0001
  508.000 -6.9972E+0001
  508.250 -7.0087E+0001
  508.500 -7.0196E+0001
  508.750 -7.0299E+0001
  509.000 -7.0396E+0001
  509.250 -7.0488E+0001
  509.500 -7.0575E+0001
  509.750 -7.0657E+0001
  510.000 -7.0733E+0001
  510.250 -7.0806E+0001
  510.500 -7.0874E+0001
  510.750 -7.0937E+0001
  511.000 -7.0997E+0001
  511.250 -7.1053E+0001
  511.500 -7.1106E+0001
  511.750 -7.1154E+0001
  512.000 -7.1200E+0001
  512.250 -7.1242E+0001
  512.500 -7.1281E+0001
  512.750 -7.1318E+0001
  513.000 -7.1351E+0001
  513.250 -7.1382E+0001
  513.500 -7.1410E+0001
  513.750 -7.1436E+0001
  514.000 -7.1459E+0001
  514.250 -7.1480E+0001
  514.500 -7.1499E+0001
  514.750 -7.1516E+0001
  515.000 -7.1531E+0001
  515.250 -7.1544E+0001
  515.500 -7.1555E+0001
  515.750 -7.1564E+0001
  516.000 -7.1572E+0001
  516.250 -7.1578E+0001
  516.500 -7.1583E+0001
  516.750 -7.1586E+0001
  517.000 -7.1587E+0001
  517.250 -7.1588E+0001
  517.500 -7.1587E+0001
  517.750 -7.1584E+0001
  518.000 -7.1581E+0001
  518.250 -7.1576E+0001
  518.500 -7.1570E+0001
  518.750 -7.1564E+0001
  519.000 -7.1556E+0001
  519.250 -7.1547E+0001
  519.500 -7.1537E+0001
  519.750 -7.1527E+0001
  520.000 -7.1516E+0001
  520.250 -7.1503E+0001
  520.500 -7.1490E+0001
  520.750 -7.1477E+0001
  521.000 -7.1462E+0001
  521.250 -7.1447E+0001
  521.500 -7.1431E+0001
  521.750 -7.1415E+0001
  522.000 -7.1398E+0001
  522.250 -7.1380E+0001
  522.500 -7.1362E+0001
  522.750 -7.1343E+0001
  523.000 -7.1324E+0001
  523.250 -7.1304E+0001
  523.500 -7.1284E+0001
  523.750 -7.1264E+0001
  524.000 -7.1243E+0001
  524.250 -7.1221E+0001
  524.500 -7.1200E+0001
  524.750 -7.1178E+0001
  525.000 -7.1155E+0001
  525.250 -7.1132E+0001
  525.500 -7.1109E+0001
  525.750 -7.1086E+0001
  526.000 -7.1062E+0001
  526.250 -7.1038E+0001
  526.500 -7.1014E+0001
  526.750 -7.0990E+0001
  527.000 -7.0965E+0001
  527.250 -7.0940E+0001
  527.500 -7.0915E+0001
  527.750 -7.0890E+0001
  528.000 -7.0865E+0001
  528.250 -7.0839E+0001
  528.500 -7.0814E+0001
  528.750 -7.0788E+0001
  529.000 -7.0762E+0001
  529.250 -7.0736E+0001
  529.500 -7.0709E+0001
  529.750 -7.0683E+0001
  530.000 -7.0657E+0001
  530.250 -7.0630E+0001
  530.500 -7.0604E+0001
  530.750 -7.0577E+0001
  531.000 -7.0550E+0001
  531.250 -7.0523E+0001
  531.500 -7.0497E+0001
  531.750 -7.0470E+0001
  532.000 -7.0443E+0001
  532.250 -7.0416E+0001
  532.500 -7.0389E+0001
  532.750 -7.0362E+0001
  533.000 -7.0335E+0001
  533.250 -7.0308E+0001
  533.500 -7.0281E+0001
  533.750 -7.0254E+0001
  534.000 -7.0227E+0001
  534.250 -7.0200E+0001
  534.500 -7.0173E+0001
  534.750 -7.0146E+0001
  535.000 -7.0119E+0001
  535.250 -7.0092E+0001
  535.500 -7.0065E+0001
  535.750 -7.0038E+0001
  536.000 -7.0012E+0001
  536.250 -6.9985E+0001
  536.500 -6.9958E+0001
  536.750 -6.9932E+0001
  537.000 -6.9905E+0001
  537.250 -6.9879E+0001
  537.500 -6.9852E+0001
  537.750 -6.9826E+0001
  538.000 -6.9799E+0001
  538.250 -6.9773E+0001
  538.500 -6.9747E+0001
  538.750 -6.9721E+0001
  539.000 -6.9695E+0001
  539.250 -6.9669E+0001
  539.500 -6.9643E+0001
  539.750 -6.9617E+0001
  540.000 -6.9591E+0001
  540.250 -6.9566E+0001
  540.500 -6.9540E+0001
  540.750 -6.9515E+0001
  541.000 -6.9489E+0001
  541.250 -6.9464E+0001
  541.500 -6.9439E+0001
  541.750 -6.9414E+0001
  542.000 -6.9389E+0001
  542.250 -6.9364E+0001
  542.500 -6.9339E+0001
  542.750 -6.9315E+0001
  543.000 -6.9290E+0001
  543.250 -6.9266E+0001
  543.500 -6.9241E+0001
  543.750 -6.9217E+0001
  544.000 -6.9193E+0001
  544.250 -6.9169E+0001
  544.500 -6.9145E+0001
  544.750 -6.9121E+0001
  545.000 -6.9098E+0001
  545.250 -6.9074E+0001
  545.500 -6.9050E+0001
  545.750 -6.9027E+0001
  546.000 -6.9004E+0001
  546.250 -6.8981E+0001
  546.500 -6.8958E+0001
  546.750 -6.8935E+0001
  547.000 -6.8912E+0001
  547.250 -6.8890E+0001
  547.500 -6.8867E+0001
  547.750 -6.8845E+0001
  548.000 -6.8822E+0001
  548.250 -6.8800E+0001
  548.500 -6.8778E+0001
  548.750 -6.8756E+0001
  549.000 -6.8735E+0001
  549.250 -6.8713E+0001
  549.500 -6.8691E+0001
  549.750 -6.8670E+0001
  550.000 -6.8649E+0001
  550.250 -6.8627E+0001
  550.500 -6.8606E+0001
  550.750 -6.8585E+0001
  551.000 -6.8565E+0001
  551.250 -6.8544E+0001
  551.500 -6.8523E+0001
  551.750 -6.8503E+0001
  552.000 -6.8483E+0001
  552.250 -6.8462E+0001
  552.500 -6.8442E+0001
  552.750 -6.8422E+0001
  553.000 -6.8403E+0001
  553.250 -6.8383E+0001
  553.500 -6.8363E+0001
  553.750 -6.8344E+0001
  554.000 -6.8324E+0001
  554.250 -6.8305E+0001
  554.500 -6.8286E+0001
  554.750 -6.8267E+0001
  555.000 -6.8248E+0001
  555.250 -6.8229E+0001
  555.500 -6.8211E+0001
  555.750 -6.8192E+0001
  556.000 -6.8174E+0001
  556.250 -6.8156E+0001
  556.500 -6.8138E+0001
  556.750 -6.8119E+0001
  557.000 -6.8102E+0001
  557.250 -6.8084E+0001
  557.500 -6.8066E+0001
  557.750 -6.8049E+0001
  558.000 -6.8031E+0001
  558.250 -6.8014E+0001
  558.500 -6.7997E+0001
  558.750 -6.7979E+0001
  559.000 -6.7962E+0001
  559.250 -6.7946E+0001
  559.500 -6.7929E+0001
  559.750 -6.7912E+0001
  560.000 -6.7896E+0001
  560.250 -6.7879E+0001
  560.500 -6.7863E+0001
  560.750 -6.7847E+0001
  561.000 -6.7831E+0001
  561.250 -6.7815E+0001
  561.500 -6.7799E+0001
  561.750 -6.7783E+0001
  562.000 -6.7767E+0001
  562.250 -6.7752E+0001
  562.500 -6.7736E+0001
  562.750 -6.7721E+0001
  563.000 -6.7706E+0001
  563.250 -6.7691E+0001
  563.500 -6.7676E+0001
  563.750 -6.7661E+0001
  564.000 -6.7646E+0001
  564.250 -6.7631E+0001
  564.500 -6.7617E+0001
  564.750 -6.7602E+0001
  565.000 -6.7588E+0001
  565.250 -6.7574E+0001
  565.500 -6.7560E+0001
  565.750 -6.7546E+0001
  566.000 -6.7532E+0001
  566.250 -6.7518E+0001
  566.500 -6.7504E+0001
  566.750 -6.7490E+0001
  567.000 -6.7477E+0001
  567.250 -6.7463E+0001
  567.500 -6.7450E+0001
  567.750 -6.7437E+0001
  568.000 -6.7424E+0001
  568.250 -6.7410E+0001
  568.500 -6.7397E+0001
  568.750 -6.7385E+0001
  569.000 -6.7372E+0001
  569.250 -6.7359E+0001
  569.500 -6.7347E+0001
  569.750 -6.7334E+0001
  570.000 -6.7322E+0001
  570.250 -6.7309E+0001
  570.500 -6.7297E+0001
  570.750 -6.7285E+0001
  571.000 -6.7273E+0001
  571.250 -6.7261E+0001
  571.500 -6.7249E+0001
  571.750 -6.7237E+0001
  572.000 -6.7226E+0001
  572.250 -6.7214E+0001
  572.500 -6.7202E+0001
  572.750 -6.7191E+0001
  573.000 -6.7180E+0001
  573.250 -6.7168E+0001
  573.500 -6.7157E+0001
  573.750 -6.7146E+0001
  574.000 -6.7135E+0001
  574.250 -6.7124E+0001
  574.500 -6.7113E+0001
  574.750 -6.7103E+0001
  575.000 -6.7092E+0001
  575.250 -6.7081E+0001
  575.500 -6.7071E+0001
  575.750 -6.7060E+0001
  576.000 -6.7050E+0001
  576.250 -6.7040E+0001
  576.500 -6.7030E+0001
  576.750 -6.7019E+0001
  577.000 -6.7009E+0001
  577.250 -6.6999E+0001
  577.500 -6.6990E+0001
  577.750 -6.6980E+0001
  578.000 -6.6970E+0001
  578.250 -6.6960E+0001
  578.500 -6.6951E+0001
  578.750 -6.6941E+0001
  579.000 -6.6932E+0001
  579.250 -6.6922E+0001
  579.500 -6.6913E+0001
  579.750 -6.6904E+0001
  580.000 -6.6895E+0001
  580.250 -6.6886E+0001
  580.500 -6.6877E+0001
  580.750 -6.6868E+0001
  581.000 -6.6859E+0001
  581.250 -6.6850E+0001
  581.500 -6.6841E+0001
  581.750 -6.6833E+0001
  582.000 -6.6824E+0001
  582.250 -6.6815E+0001
  582.500 -6.6807E+0001
  582.750 -6.6799E+0001
  583.000 -6.6790E+0001
  583.250 -6.6782E+0001
  583.500 -6.6774E+0001
  583.750 -6.6766E+0001
  584.000 -6.6757E+0001
  584.250 -6.6749E+0001
  584.500 -6.6741E+0001
  584.750 -6.6734E+0001
  585.000 -6.6726E+0001
  585.250 -6.6718E+0001
  585.500 -6.6710E+0001
  585.750 -6.6703E+0001
  586.000 -6.6695E+0001
  586.250 -6.6687E+0001
  586.500 -6.6680E+0001
  586.750 -6.6673E+0001
  587.000 -6.6665E+0001
  587.250 -6.6658E+0001
  587.500 -6.6651E+0001
  587.750 -6.6643E+0001
  588.000 -6.6636E+0001
  588.250 -6.6629E+0001
  588.500 -6.6622E+0001
  588.750 -6.6615E+0001
  589.000 -6.6608E+0001
  589.250 -6.6602E+0001
  589.500 -6.6595E+0001
  589.750 -6.6588E+0001
  590.000 -6.6581E+0001
  590.250 -6.6575E+0001
  590.500 -6.6568E+0001
  590.750 -6.6562E+0001
  591.000 -6.6555E+0001
  591.250 -6.6549E+0001
  591.500 -6.6542E+0001
  591.750 -6.6536E+0001
  592.000 -6.6530E+0001
  592.250 -6.6523E+0001
  592.500 -6.6517E+0001
  592.750 -6.6511E+0001
  593.000 -6.6505E+0001
  593.250 -6.6499E+0001
  593.500 -6.6493E+0001
  593.750 -6.6487E+0001
  594.000 -6.6481E+0001
  594.250 -6.6475E+0001
  594.500 -6.6469E+0001
  594.750 -6.6464E+0001
  595.000 -6.6458E+0001
  595.250 -6.6452E+0001
  595.500 -6.6447E+0001
  595.750 -6.6441E+0001
  596.000 -6.6435E+0001
  596.250 -6.6430E+0001
  596.500 -6.6425E+0001
  596.750 -6.6419E+0001
  597.000 -6.6414E+0001
  597.250 -6.6408E+0001
  597.500 -6.6403E+0001
  597.750 -6.6398E+0001
  598.000 -6.6393E+0001
  598.250 -6.6388E+0001
  598.500 -6.6382E+0001
  598.750 -6.6377E+0001
  599.000 -6.6372E+0001
  599.250 -6.6367E+0001
  599.500 -6.6362E+0001
  599.750 -6.6357E+0001
