     0.000    -50.904
    -0.015     -0.221
    -0.030     -0.279
    -0.045     -0.474
    -0.060     -0.832
    -0.075     -1.381
    -0.090     -2.149
    -0.105     -3.165
    -0.120     -4.451
    -0.135     -6.019
    -0.150     -7.873
    -0.165    -10.001
    -0.180    -12.381
    -0.195    -14.973
    -0.210    -17.733
    -0.225    -20.608
    -0.240    -23.546
    -0.255    -26.497
    -0.270    -29.415
    -0.285    -32.264
    -0.300    -35.014
    -0.315    -37.645
    -0.330    -40.143
    -0.345    -42.500
    -0.360    -44.713
    -0.375    -46.784
    -0.390    -48.716
    -0.405    -50.516
    -0.420    -52.190
    -0.435    -53.746
    -0.450    -55.192
    -0.465    -56.535
    -0.480    -57.785
    -0.495    -58.947
    -0.510    -60.030
    -0.525    -61.039
    -0.540    -61.981
    -0.555    -62.860
    -0.570    -63.684
    -0.585    -64.455
    -0.600    -65.179
    -0.615    -65.859
    -0.630    -66.498
    -0.645    -67.101
    -0.660    -67.669
    -0.675    -68.206
    -0.690    -68.714
    -0.705    -69.195
    -0.720    -69.651
    -0.735    -70.085
    -0.750    -70.497
    -0.765    -70.889
    -0.780    -71.262
    -0.795    -71.618
    -0.810    -71.959
    -0.825    -72.285
    -0.840    -72.598
    -0.855    -72.898
    -0.870    -73.186
    -0.885    -73.462
    -0.900    -73.728
    -0.915    -73.985
    -0.930    -74.232
    -0.945    -74.472
    -0.960    -74.702
    -0.975    -74.925
    -0.990    -75.142
    -1.005    -75.351
    -1.020    -75.553
    -1.035    -75.749
    -1.050    -75.940
    -1.065    -76.125
    -1.080    -76.306
    -1.095    -76.481
    -1.110    -76.653
    -1.125    -76.819
    -1.140    -76.981
    -1.155    -77.139
    -1.170    -77.294
    -1.185    -77.444
    -1.200    -77.591
    -1.215    -77.734
    -1.230    -77.874
    -1.245    -78.012
    -1.260    -78.147
    -1.275    -78.279
    -1.290    -78.409
    -1.305    -78.537
    -1.320    -78.662
    -1.335    -78.785
    -1.350    -78.905
    -1.365    -79.024
    -1.380    -78.655
    -1.395    -78.939
    -1.410    -79.050
    -1.425    -79.159
    -1.440    -79.266
    -1.455    -79.371
    -1.470    -79.474
    -1.485    -79.577
    -1.500    -79.677
    -1.515    -79.777
    -1.530    -79.875
    -1.545    -79.973
    -1.560    -80.069
    -1.575    -80.165
    -1.590    -80.259
    -1.605    -80.352
    -1.620    -80.445
    -1.635    -80.536
    -1.650    -80.626
    -1.665    -80.715
    -1.680    -80.804
    -1.695    -80.891
    -1.710    -80.977
    -1.725    -81.062
    -1.740    -81.147
    -1.755    -81.231
    -1.770    -81.314
    -1.785    -81.396
    -1.800    -81.478
    -1.815    -81.559
    -1.830    -81.639
    -1.845    -81.719
    -1.860    -81.799
    -1.875    -81.877
    -1.890    -81.955
    -1.905    -82.033
    -1.920    -82.110
    -1.935    -82.187
    -1.950    -82.262
    -1.965    -82.337
    -1.980    -82.411
    -1.995    -82.484
    -2.010    -82.558
    -2.025    -82.631
    -2.040    -82.705
    -2.055    -82.778
    -2.070    -82.851
    -2.085    -82.923
    -2.100    -82.995
    -2.115    -83.065
    -2.130    -83.135
    -2.145    -83.206
    -2.160    -83.275
    -2.175    -83.344
    -2.190    -83.414
    -2.205    -83.483
    -2.220    -83.552
    -2.235    -83.622
    -2.250    -83.691
    -2.265    -83.760
    -2.280    -83.830
    -2.295    -83.899
    -2.310    -83.967
    -2.325    -84.035
    -2.340    -84.104
    -2.355    -84.173
    -2.370    -84.242
    -2.385    -84.310
    -2.400    -84.378
    -2.415    -84.446
    -2.430    -84.513
    -2.445    -84.579
    -2.460    -84.645
    -2.475    -84.711
    -2.490    -84.777
    -2.505    -84.842
    -2.520    -84.908
    -2.535    -84.973
    -2.550    -85.037
    -2.565    -85.101
    -2.580    -85.164
    -2.595    -85.227
    -2.610    -85.290
    -2.625    -85.354
    -2.640    -85.417
    -2.655    -85.479
    -2.670    -85.542
    -2.685    -85.605
    -2.700    -85.668
    -2.715    -85.731
    -2.730    -85.794
    -2.745    -85.856
    -2.760    -85.918
    -2.775    -85.979
    -2.790    -86.042
    -2.805    -86.103
    -2.820    -86.163
    -2.835    -86.224
    -2.850    -86.284
    -2.865    -86.344
    -2.880    -86.403
    -2.895    -86.462
    -2.910    -86.521
    -2.925    -86.581
    -2.940    -86.640
    -2.955    -86.698
    -2.970    -86.756
    -2.985    -86.814
    -3.000    -86.871
    -3.015    -86.928
    -3.030    -86.984
    -3.045    -87.041
    -3.060    -87.098
    -3.075    -87.156
    -3.090    -87.212
    -3.105    -87.269
    -3.120    -87.325
    -3.135    -87.383
    -3.150    -87.440
    -3.165    -87.497
    -3.180    -87.555
    -3.195    -87.612
    -3.210    -87.668
    -3.225    -87.724
    -3.240    -87.780
    -3.255    -87.837
    -3.270    -87.894
    -3.285    -87.950
    -3.300    -88.007
    -3.315    -88.064
    -3.330    -88.122
    -3.345    -88.179
    -3.360    -88.236
    -3.375    -88.292
    -3.390    -88.348
    -3.405    -88.403
    -3.420    -88.458
    -3.435    -88.513
    -3.450    -88.568
    -3.465    -88.623
    -3.480    -88.677
    -3.495    -88.732
    -3.510    -88.787
    -3.525    -88.841
    -3.540    -88.896
    -3.555    -88.951
    -3.570    -89.006
    -3.585    -89.062
    -3.600    -89.117
    -3.615    -89.172
    -3.630    -89.228
    -3.645    -89.283
    -3.660    -89.338
    -3.675    -89.394
    -3.690    -89.449
    -3.705    -89.503
    -3.720    -89.558
    -3.735    -89.612
    -3.750    -89.667
    -3.765    -89.722
    -3.780    -89.777
    -3.795    -89.832
    -3.810    -89.887
    -3.825    -89.943
    -3.840    -89.998
    -3.855    -90.054
    -3.870    -90.109
    -3.885    -90.164
    -3.900    -90.219
    -3.915    -90.275
    -3.930    -90.330
    -3.945    -90.386
    -3.960    -90.441
    -3.975    -90.496
    -3.990    -90.552
    -4.005    -90.608
    -4.020    -90.664
    -4.035    -90.720
    -4.050    -90.775
    -4.065    -90.831
    -4.080    -90.887
    -4.095    -90.943
    -4.110    -90.999
    -4.125    -91.054
    -4.140    -91.109
    -4.155    -91.166
    -4.170    -91.222
    -4.185    -91.278
    -4.200    -91.334
    -4.215    -91.390
    -4.230    -91.446
    -4.245    -91.502
    -4.260    -91.559
    -4.275    -91.616
    -4.290    -91.672
    -4.305    -91.728
    -4.320    -91.785
    -4.335    -91.841
    -4.350    -91.896
    -4.365    -91.950
    -4.380    -92.005
    -4.395    -92.058
    -4.410    -92.111
    -4.425    -92.165
    -4.440    -92.219
    -4.455    -92.273
    -4.470    -92.328
    -4.485    -92.384
    -4.500    -92.440
    -4.515    -92.495
    -4.530    -92.551
    -4.545    -92.606
    -4.560    -92.662
    -4.575    -92.718
    -4.590    -92.773
    -4.605    -92.829
    -4.620    -92.884
    -4.635    -92.939
    -4.650    -92.993
    -4.665    -93.048
    -4.680    -93.102
    -4.695    -93.157
    -4.710    -93.212
    -4.725    -93.266
    -4.740    -93.320
    -4.755    -93.375
    -4.770    -93.430
    -4.785    -93.484
    -4.800    -93.539
    -4.815    -93.593
    -4.830    -93.647
    -4.845    -93.700
    -4.860    -93.753
    -4.875    -93.806
    -4.890    -93.859
    -4.905    -93.913
    -4.920    -93.967
    -4.935    -94.021
    -4.950    -94.076
    -4.965    -94.129
    -4.980    -94.183
    -4.995    -94.238
    -5.010    -94.291
    -5.025    -94.346
    -5.040    -94.400
    -5.055    -94.454
    -5.070    -94.508
    -5.085    -94.563
    -5.100    -94.617
    -5.115    -94.671
    -5.130    -94.724
    -5.145    -94.778
    -5.160    -94.831
    -5.175    -94.884
    -5.190    -94.936
    -5.205    -94.988
    -5.220    -95.040
    -5.235    -95.092
    -5.250    -95.142
    -5.265    -95.194
    -5.280    -95.245
    -5.295    -95.297
    -5.310    -95.348
    -5.325    -95.399
    -5.340    -95.451
    -5.355    -95.502
    -5.370    -95.553
    -5.385    -95.604
    -5.400    -95.654
    -5.415    -95.704
    -5.430    -95.755
    -5.445    -95.806
    -5.460    -95.856
    -5.475    -95.906
    -5.490    -95.956
    -5.505    -96.005
    -5.520    -96.054
    -5.535    -96.103
    -5.550    -96.152
    -5.565    -96.200
    -5.580    -96.249
    -5.595    -96.297
    -5.610    -96.346
    -5.625    -96.395
    -5.640    -96.444
    -5.655    -96.494
    -5.670    -96.542
    -5.685    -96.590
    -5.700    -96.638
    -5.715    -96.687
    -5.730    -96.736
    -5.745    -96.784
    -5.760    -96.833
    -5.775    -96.883
    -5.790    -96.932
    -5.805    -96.982
    -5.820    -97.032
    -5.835    -97.081
    -5.850    -97.130
    -5.865    -97.179
    -5.880    -97.229
    -5.895    -97.279
    -5.910    -97.329
    -5.925    -97.380
    -5.940    -97.430
    -5.955    -97.480
    -5.970    -97.529
    -5.985    -97.579
    -6.000    -97.629
    -6.015    -97.679
    -6.030    -97.728
    -6.045    -97.778
    -6.060    -97.827
    -6.075    -97.876
    -6.090    -97.926
    -6.105    -97.975
    -6.120    -98.024
    -6.135    -98.074
    -6.150    -98.123
    -6.165    -98.172
    -6.180    -98.222
    -6.195    -98.271
    -6.210    -98.319
    -6.225    -98.367
    -6.240    -98.414
    -6.255    -98.460
    -6.270    -98.506
    -6.285    -98.552
    -6.300    -98.598
    -6.315    -98.644
    -6.330    -98.691
    -6.345    -98.738
    -6.360    -98.784
    -6.375    -98.829
    -6.390    -98.874
    -6.405    -98.919
    -6.420    -98.964
    -6.435    -99.009
    -6.450    -99.053
    -6.465    -99.097
    -6.480    -99.140
    -6.495    -99.183
    -6.510    -99.225
    -6.525    -99.266
    -6.540    -99.307
    -6.555    -99.346
    -6.570    -99.386
    -6.585    -99.426
    -6.600    -99.466
    -6.615    -99.506
    -6.630    -99.546
    -6.645    -99.586
    -6.660    -99.628
    -6.675    -99.668
    -6.690    -99.707
    -6.705    -99.746
    -6.720    -99.785
    -6.735    -99.824
    -6.750    -99.863
    -6.765    -99.902
    -6.780    -99.940
    -6.795    -99.978
    -6.810   -100.016
    -6.825   -100.053
    -6.840   -100.089
    -6.855   -100.124
    -6.870   -100.158
    -6.885   -100.192
    -6.900   -100.225
    -6.915   -100.258
    -6.930   -100.290
    -6.945   -100.321
    -6.960   -100.350
    -6.975   -100.379
    -6.990   -100.407
    -7.005   -100.432
    -7.020   -100.457
    -7.035   -100.482
    -7.050   -100.505
    -7.065   -100.526
    -7.080   -100.545
    -7.095   -100.563
    -7.110   -100.577
    -7.125   -100.589
    -7.140   -100.600
    -7.155   -100.607
    -7.170   -100.612
    -7.185   -100.613
    -7.200   -100.611
    -7.215   -100.606
    -7.230   -100.597
    -7.245   -100.584
    -7.260   -100.569
    -7.275   -100.549
    -7.290   -100.526
    -7.305   -100.499
    -7.320   -100.469
    -7.335   -100.435
    -7.350   -100.397
    -7.365   -100.355
    -7.380   -100.308
    -7.395   -100.257
    -7.410   -100.202
    -7.425   -100.142
    -7.440   -100.077
    -7.455   -100.006
    -7.470    -99.930
    -7.485    -99.850
    -7.500    -99.765
    -7.515    -99.672
    -7.530    -99.574
    -7.545    -99.468
    -7.560    -99.353
    -7.575    -99.231
    -7.590    -99.101
    -7.605    -98.961
    -7.620    -98.812
    -7.635    -98.654
    -7.650    -98.485
    -7.665    -98.307
    -7.680    -98.117
    -7.695    -97.918
    -7.710    -97.708
    -7.725    -97.487
    -7.740    -97.256
    -7.755    -97.013
    -7.770    -96.760
    -7.785    -96.497
    -7.800    -96.223
    -7.815    -95.939
    -7.830    -95.647
    -7.845    -95.344
    -7.860    -95.031
    -7.875    -94.709
    -7.890    -94.379
    -7.905    -94.041
    -7.920    -93.694
    -7.935    -93.340
    -7.950    -92.978
    -7.965    -92.609
    -7.980    -92.234
    -7.995    -91.852
    -8.010    -91.464
    -8.025    -91.070
    -8.040    -90.669
    -8.055    -90.263
    -8.070    -89.850
    -8.085    -89.433
    -8.100    -89.010
    -8.115    -88.582
    -8.130    -88.149
    -8.145    -87.712
    -8.160    -87.268
    -8.175    -86.821
    -8.190    -86.369
    -8.205    -85.913
    -8.220    -85.453
    -8.235    -84.988
    -8.250    -84.521
    -8.265    -84.049
    -8.280    -83.573
    -8.295    -83.092
    -8.310    -82.608
    -8.325    -82.120
    -8.340    -81.628
    -8.355    -81.130
    -8.370    -80.629
    -8.385    -80.124
    -8.400    -79.616
    -8.415    -79.103
    -8.430    -78.586
    -8.445    -78.065
    -8.460    -77.540
    -8.475    -77.012
    -8.490    -76.479
    -8.505    -75.942
    -8.520    -75.402
    -8.535    -74.858
    -8.550    -74.309
    -8.565    -73.756
    -8.580    -73.198
    -8.595    -72.637
    -8.610    -72.070
    -8.625    -71.499
    -8.640    -70.924
    -8.655    -70.345
    -8.670    -69.759
    -8.685    -69.170
    -8.700    -68.575
    -8.715    -67.974
    -8.730    -67.368
    -8.745    -66.756
    -8.760    -66.140
    -8.775    -65.517
    -8.790    -64.890
    -8.805    -64.257
    -8.820    -63.619
    -8.835    -62.976
    -8.850    -62.327
    -8.865    -61.674
    -8.880    -61.016
    -8.895    -60.354
    -8.910    -59.687
    -8.925    -59.016
    -8.940    -58.342
    -8.955    -57.666
    -8.970    -56.987
    -8.985    -56.305
    -9.000    -55.623
