ZONE T="ZONE1"
I= 31 ,J= 21 ,K=1,F=POINT
    0.000   0.00000   0.00000   0.00000 -60.00000   0.00000   0.00000   0.00000   0.00000 -66.51348      0.000
    7.000   0.00000  82.50206  40.55675   0.00000 -66.99045   2.35877   0.09091  -0.09091 -75.75393    -11.092
   13.000   0.00000  92.50231  37.19527   0.00000 -65.00527   2.11142   0.16883  -0.16883 -75.32655    -10.498
   20.000   0.00000 102.50256  33.58109   0.00000 -63.30826   1.90188   0.25974  -0.25974 -74.37615    -11.592
   27.000   0.00000 110.00275  30.08891   0.00000 -61.86190   1.73216   0.35065  -0.35065 -73.38845    -12.388
   33.000   0.00000 115.00288  27.12928   0.00000 -60.80524   1.60731   0.42857  -0.42857 -72.51598    -12.228
   40.000   0.00000 122.50306  23.68050   0.00000 -59.68367   1.49442   0.51948  -0.51948 -71.48386    -10.411
   47.000   0.00000 125.00313  19.71304   0.00000 -58.55593   1.39071   0.61039  -0.61039 -70.39623     -7.769
   53.000   0.00000 130.00325  16.67274   0.00000 -57.72432   1.30720   0.68831  -0.68831 -69.45004     -5.438
   60.000   0.00000 135.00338  13.10332   0.00000 -56.75030   1.22538   0.77922  -0.77922 -68.31807     -3.084
   67.000   0.00000 137.50344   9.49772   0.00000 -55.74886   1.14900   0.87013  -0.87013 -67.14419     -0.894
   73.000   0.00000 142.50356   6.39443   0.00000 -54.99125   1.08959   0.94805  -0.94805 -66.09743      0.798
   80.000   0.00000 145.00363   2.77199   0.00000 -54.03383   1.03170   1.03896  -1.03896 -64.83929      2.611
   87.000   0.00000 150.00375  -0.83799   0.00000 -53.15971   0.97177   1.12987  -1.12987 -63.52365      4.245
   93.000   0.00000 152.50381  -3.89955   0.00000 -52.39023   0.92922   1.20779  -1.20779 -62.34918      5.530
  100.000   0.00000 155.00388  -7.39724   0.00000 -51.52901   0.88297   1.29870  -1.29870 -60.93063      7.062
  107.000   0.00000 160.00400 -10.78713   0.00000 -50.65669   0.84598   1.38961  -1.38961 -59.44426      8.566
  113.000   0.00000 162.50406 -13.56354   0.00000 -49.88089   0.81575   1.46753  -1.46753 -58.11781      9.776
  120.000   0.00000 165.00413 -16.61786   0.00000 -49.04244   0.78401   1.55844  -1.55844 -56.51790     11.199
  127.000   0.00000 167.50419 -19.44607   0.00000 -48.10219   0.75707   1.64935  -1.64935 -54.85020     12.631
  133.000   0.00000 170.00425 -21.68114   0.00000 -47.40183   0.73433   1.72727  -1.72727 -53.36559     13.834
  140.000   0.00000 172.50431 -24.07161   0.00000 -46.42466   0.70910   1.81818  -1.81818 -51.58121     15.210
  147.000   0.00000 175.00438 -26.26990   0.00000 -45.41921   0.68157   1.90909  -1.90909 -49.71847     16.596
  153.000   0.00000 177.50444 -28.06207   0.00000 -44.51637   0.65283   1.98701  -1.98701 -48.03344     17.703
  160.000   0.00000  10.00025 -18.43012   0.00000   0.00000   0.00000   2.07792  -2.07792 -51.80979     18.460
  167.000   0.00000   7.50019 -16.79630 -34.61183   0.00000   0.00000   2.16883  -2.16883 -53.00421     18.977
  173.000   0.00000   7.50019 -17.59505 -38.54613   0.00000   0.00000   2.24675  -2.24675 -52.62344     19.894
  180.000   0.00000   5.00013 -14.30867 -37.70627   0.00000   0.00000   2.33766  -2.33766 -53.79301     19.522
  187.000   0.00000   5.00013 -14.99401 -37.37524   0.00000   0.00000   2.42857  -2.42857 -53.59858     20.574
  193.000   0.00000   5.00013 -15.52816 -37.09826   0.00000   0.00000   2.50649  -2.50649 -53.03599     21.389
  200.000   0.00000   5.00013 -16.08878 -36.78249   0.00000   0.00000   2.59740  -2.59740 -52.44193     22.303
    0.000   0.13000   0.00000  21.34245 -150.06967   0.00000   0.00000   0.00000   0.13000 -60.18554     -2.308
    7.000   0.12500  75.00188  40.27107   0.00000 -66.63687   2.33600   0.09091   0.03409 -77.99021     -8.807
   13.000   0.12500  87.50219  37.10424   0.00000 -64.76228   2.09420   0.16883  -0.04383 -75.41361     -8.619
   20.000   0.12500  97.50244  33.60277   0.00000 -63.16532   1.87091   0.25974  -0.13474 -74.41709     -9.061
   27.000   0.12500 105.00263  30.18127   0.00000 -61.78189   1.72090   0.35065  -0.22565 -73.44195    -10.396
   33.000   0.12500 112.50281  27.27622   0.00000 -60.75063   1.61119   0.42857  -0.30357 -72.58075    -10.993
   40.000   0.12500 117.50294  23.86541   0.00000 -59.62348   1.48728   0.51948  -0.39448 -71.56547    -10.610
   47.000   0.12500 122.50306  19.94484   0.00000 -58.55318   1.39038   0.61039  -0.48539 -70.49289     -8.556
   53.000   0.12500 125.00313  16.92229   0.00000 -57.73208   1.30179   0.68831  -0.56331 -69.56266     -6.429
   60.000   0.12500 130.00325  13.37563   0.00000 -56.72785   1.22357   0.77922  -0.65422 -68.44960     -4.044
   67.000   0.12500 135.00338   9.79662   0.00000 -55.78904   1.14152   0.87013  -0.74513 -67.29370     -1.851
   73.000   0.12500 137.50344   6.69488   0.00000 -55.00292   1.08538   0.94805  -0.82305 -66.26636     -0.064
   80.000   0.12500 142.50356   3.09125   0.00000 -54.13442   1.01940   1.03896  -0.91396 -65.02828      1.741
   87.000   0.12500 147.50369  -0.52806   0.00000 -53.23603   0.96531   1.12987  -1.00487 -63.73521      3.452
   93.000   0.12500 150.00375  -3.59014   0.00000 -52.50585   0.92224   1.20779  -1.08279 -62.58085      4.805
  100.000   0.12500 152.50381  -7.10994   0.00000 -51.60748   0.87659   1.29870  -1.17370 -61.18561      6.324
  107.000   0.12500 155.00388 -10.53010   0.00000 -50.78007   0.83719   1.38961  -1.26461 -59.72463      7.742
  113.000   0.12500 157.50394 -13.34394   0.00000 -49.98962   0.80819   1.46753  -1.34253 -58.41650      9.019
  120.000   0.12500 162.50406 -16.46478   0.00000 -49.12438   0.77643   1.55844  -1.43344 -56.83172     10.411
  127.000   0.12500 165.00413 -19.35380   0.00000 -48.28993   0.74800   1.64935  -1.52435 -55.17883     11.846
  133.000   0.12500 167.50419 -21.63751   0.00000 -47.50229   0.72691   1.72727  -1.60227 -53.70441     13.102
  140.000   0.12500 170.00425 -24.07379   0.00000 -46.59360   0.70226   1.81818  -1.69318 -51.93098     14.505
  147.000   0.12500 172.50431 -26.29643   0.00000 -45.62369   0.67631   1.90909  -1.78409 -50.08255     15.933
  153.000   0.12500 175.00438 -28.08806   0.00000 -44.75421   0.64980   1.98701  -1.86201 -48.41802     17.108
  160.000   0.12500  10.00025 -18.51747   0.00000   0.00000   0.00000   2.07792  -1.95292 -52.08915     17.862
  167.000   0.12500   7.50019 -16.89122 -34.59789   0.00000   0.00000   2.16883  -2.04383 -53.24802     18.377
  173.000   0.12500   7.50019 -17.69589 -38.06347   0.00000   0.00000   2.24675  -2.12175 -52.86196     19.348
  180.000   0.12500   5.00013 -14.40200 -37.94253   0.00000   0.00000   2.33766  -2.21266 -54.01038     18.903
  187.000   0.12500   5.00013 -15.09457 -37.60718   0.00000   0.00000   2.42857  -2.30357 -53.81325     19.933
  193.000   0.12500   5.00013 -15.63035 -37.32676   0.00000   0.00000   2.50649  -2.38149 -53.25271     20.837
  200.000   0.12500   5.00013 -16.19396 -37.00721   0.00000   0.00000   2.59740  -2.47240 -52.61885     21.740
    0.000   0.25000   0.00000   0.00000 -150.07960   0.00000   0.00000   0.00000   0.25000 -52.61885     21.740
    7.000   0.25000  67.50169  39.69684   0.00000 -66.08740   2.27812   0.09091   0.15909 -77.93013     -5.840
   13.000   0.25000  82.50206  36.90419   0.00000 -64.43136   2.06787   0.16883   0.08117 -75.43821     -6.453
   20.000   0.25000  92.50231  33.56350   0.00000 -62.94063   1.86501   0.25974  -0.00974 -74.45436     -6.790
   27.000   0.25000 102.50256  30.25013   0.00000 -61.64528   1.70253   0.35065  -0.10065 -73.49159     -7.950
   33.000   0.25000 107.50269  27.38684   0.00000 -60.68635   1.58934   0.42857  -0.17857 -72.32872     -9.090
   40.000   0.25000 115.00288  24.03351   0.00000 -59.58468   1.47130   0.51948  -0.26948 -71.63595     -9.693
   47.000   0.25000 120.00300  20.63924   0.00000 -58.51260   1.37553   0.61039  -0.36039 -70.35773     -8.953
   53.000   0.25000 122.50306  17.16217   0.00000 -57.67922   1.29434   0.68831  -0.43831 -69.66559     -7.255
   60.000   0.25000 127.50319  13.63985   0.00000 -56.76064   1.21014   0.77922  -0.52922 -68.57493     -4.918
   67.000   0.25000 132.50331  10.07713   0.00000 -55.85416   1.12979   0.87013  -0.62013 -67.43808     -2.674
   73.000   0.25000 135.00338   7.00613   0.00000 -55.10157   1.07662   0.94805  -0.69805 -66.42780     -0.890
   80.000   0.25000 140.00350   3.39871   0.00000 -54.17747   1.01720   1.03896  -0.78896 -65.21092      0.968
   87.000   0.25000 142.50356  -0.20965   0.00000 -53.35192   0.95624   1.12987  -0.87987 -63.94204      2.711
   93.000   0.25000 145.00363  -3.28324   0.00000 -52.60768   0.91348   1.20779  -0.95779 -62.80714      4.043
  100.000   0.25000 150.00375  -6.83235   0.00000 -51.72726   0.86904   1.29870  -1.04870 -61.43238      5.599
  107.000   0.25000 152.50381 -10.28670   0.00000 -50.88221   0.82956   1.38961  -1.13961 -59.99329      7.068
  113.000   0.25000 155.00388 -13.14244   0.00000 -50.14410   0.79969   1.46753  -1.21753 -58.70248      8.324
  120.000   0.25000 157.50394 -16.31167   0.00000 -49.26131   0.76802   1.55844  -1.30844 -57.13881      9.729
  127.000   0.25000 160.00400 -19.26515   0.00000 -48.44122   0.73983   1.64935  -1.39935 -55.49987     11.171
  133.000   0.25000 162.50406 -21.60277   0.00000 -47.64532   0.71898   1.72727  -1.47727 -54.03404     12.377
  140.000   0.25000 167.50419 -24.10149   0.00000 -46.74090   0.69511   1.81818  -1.56818 -52.26394     13.861
  147.000   0.25000 170.00425 -26.35617   0.00000 -45.79695   0.67032   1.90909  -1.65909 -50.42498     15.277
  153.000   0.25000 172.50431 -28.15336   0.00000 -44.94140   0.64566   1.98701  -1.73701 -48.77547     16.533
  160.000   0.25000  10.00025 -18.62056   0.00000   0.00000   0.00000   2.07792  -1.82792 -52.35568     17.333
  167.000   0.25000   7.50019 -16.99726 -41.19688   0.00000   0.00000   2.16883  -1.91883 -53.48381     17.829
  173.000   0.25000   5.00013 -13.72815 -36.40454   0.00000   0.00000   2.24675  -1.99675 -54.93128     17.116
  180.000   0.25000   5.00013 -14.50880 -38.18021   0.00000   0.00000   2.33766  -2.08766 -54.83511     18.221
  187.000   0.25000   5.00013 -15.20539 -37.84069   0.00000   0.00000   2.42857  -2.17857 -54.22680     19.326
  193.000   0.25000   5.00013 -15.74497 -37.55673   0.00000   0.00000   2.50649  -2.25649 -53.53248     20.211
  200.000   0.25000   5.00013 -16.30875 -37.23330   0.00000   0.00000   2.59740  -2.34740 -52.81445     21.200
    0.000   0.38000   0.00000   0.00000 -87.63683   0.00000   0.00000   0.00000   0.38000 -52.81445     21.200
    7.000   0.37500   0.00000   0.00000 -59.53365   0.00000   0.00000   0.09091   0.28409 -52.81445     21.200
   13.000   0.37500  75.00188  36.37794   0.00000 -63.89747   2.00254   0.16883   0.20617 -75.02437     -3.779
   20.000   0.37500  87.50219  33.40534   0.00000 -62.65440   1.82949   0.25974   0.11526 -74.04394     -4.808
   27.000   0.37500  95.00238  30.22559   0.00000 -61.47272   1.69626   0.35065   0.02435 -73.34867     -5.451
   33.000   0.37500 102.50256  27.45372   0.00000 -60.54332   1.58360   0.42857  -0.05357 -72.69930     -6.746
   40.000   0.37500 110.00275  24.16392   0.00000 -59.50535   1.46481   0.51948  -0.14448 -71.71767     -7.998
   47.000   0.37500 115.00288  20.81726   0.00000 -58.53610   1.35825   0.61039  -0.23539 -70.69815     -8.399
   53.000   0.37500 117.50294  17.36753   0.00000 -57.72797   1.28123   0.68831  -0.31331 -69.77520     -7.572
   60.000   0.37500 122.50306  13.87758   0.00000 -56.79975   1.19684   0.77922  -0.40422 -68.69718     -5.644
   67.000   0.37500 127.50319  10.34608   0.00000 -55.85474   1.12374   0.87013  -0.49513 -67.57878     -3.596
   73.000   0.37500 132.50331   7.28607   0.00000 -55.09094   1.06922   0.94805  -0.57305 -66.58368     -1.801
   80.000   0.37500 135.00338   3.69456   0.00000 -54.26737   1.00545   1.03896  -0.66396 -65.38903      0.186
   87.000   0.37500 140.00350   0.08628   0.00000 -53.42048   0.94765   1.12987  -0.75487 -64.13975      1.958
   93.000   0.37500 142.50356  -2.99734   0.00000 -52.70841   0.90552   1.20779  -0.83279 -63.02360      3.373
  100.000   0.37500 145.00363  -6.55743   0.00000 -51.86011   0.85901   1.29870  -0.92370 -61.67346      4.902
  107.000   0.37500 150.00375 -10.05228   0.00000 -50.95017   0.82219   1.38961  -1.01461 -60.25323      6.379
  113.000   0.37500 152.50381 -12.95261   0.00000 -50.24720   0.79032   1.46753  -1.09253 -58.97915      7.575
  120.000   0.37500 155.00388 -16.18248   0.00000 -49.39640   0.75979   1.55844  -1.18344 -57.43204      9.066
  127.000   0.37500 157.50394 -19.20481   0.00000 -48.51823   0.73160   1.64935  -1.27435 -55.80513     10.485
  133.000   0.37500 160.00400 -21.60111   0.00000 -47.77644   0.71063   1.72727  -1.35227 -54.34558     11.697
  140.000   0.37500 162.50406 -24.14732   0.00000 -46.90846   0.68732   1.81818  -1.44318 -52.58434     13.208
  147.000   0.37500 167.50419 -26.45168   0.00000 -45.96094   0.66366   1.90909  -1.53409 -50.74535     14.716
  153.000   0.37500 170.00425 -28.26008   0.00000 -45.08346   0.64056   1.98701  -1.61201 -49.10548     15.976
  160.000   0.37500  10.00025 -18.74192   0.00000   0.00000   0.00000   2.07792  -1.70292 -52.60926     16.744
  167.000   0.37500   7.50019 -17.11987 -44.15496   0.00000   0.00000   2.16883  -1.79383 -53.71079     17.188
  173.000   0.37500   5.00013 -13.83770 -39.21001   0.00000   0.00000   2.24675  -1.87175 -55.13433     16.516
  180.000   0.37500   5.00013 -14.62235 -38.41900   0.00000   0.00000   2.33766  -1.96266 -55.03464     17.586
  187.000   0.37500   5.00013 -15.32363 -38.07580   0.00000   0.00000   2.42857  -2.05357 -54.42866     18.755
  193.000   0.37500   5.00013 -15.86217 -37.78822   0.00000   0.00000   2.50649  -2.13149 -53.73873     19.619
  200.000   0.37500   5.00013 -16.42716 -37.46081   0.00000   0.00000   2.59740  -2.22240 -52.98311     20.683
    0.000   0.50000   0.00000   0.00000 -80.11076   0.00000   0.00000   0.00000   0.50000 -52.98311     20.683
    7.000   0.50000   0.00000   0.00000 -61.18332   0.00000   0.00000   0.09091   0.40909 -52.98311     20.683
   13.000   0.50000  60.00150  33.66737   0.00000 -62.23189   1.81806   0.16883   0.33117 -74.63455      0.977
   20.000   0.50000  80.00200  32.94444   0.00000 -62.18454   1.80034   0.25974   0.24026 -74.49068     -2.464
   27.000   0.50000  90.00225  30.09193   0.00000 -61.23157   1.66684   0.35065   0.14935 -73.58335     -3.493
   33.000   0.50000  97.50244  27.44022   0.00000 -60.34710   1.57784   0.42857   0.07143 -72.75975     -4.259
   40.000   0.50000 105.00263  24.23781   0.00000 -59.39603   1.44772   0.51948  -0.01948 -71.78897     -5.817
   47.000   0.50000 112.50281  20.95959   0.00000 -58.47429   1.34935   0.61039  -0.11039 -70.78338     -6.922
   53.000   0.50000 115.00288  18.09155   0.00000 -57.67203   1.27821   0.68831  -0.18831 -69.65103     -7.167
   60.000   0.50000 120.00300  14.09468   0.00000 -56.76633   1.19040   0.77922  -0.27922 -68.80858     -6.093
   67.000   0.50000 125.00313  10.58918   0.00000 -55.91424   1.11133   0.87013  -0.37013 -67.71262     -4.239
   73.000   0.50000 127.50319   7.54618   0.00000 -55.17541   1.05804   0.94805  -0.44805 -66.73539     -2.612
   80.000   0.50000 132.50331   3.96687   0.00000 -54.31334   0.99730   1.03896  -0.53896 -65.55898     -0.603
   87.000   0.50000 135.00338   0.36246   0.00000 -53.46172   0.94090   1.12987  -0.62987 -64.33237      1.234
   93.000   0.50000 140.00350  -2.72688   0.00000 -52.73254   0.89982   1.20779  -0.70779 -63.23246      2.677
  100.000   0.50000 142.50356  -6.30707   0.00000 -51.95948   0.85069   1.29870  -0.79870 -61.90364      4.239
  107.000   0.50000 145.00363  -9.82834   0.00000 -51.06819   0.81289   1.38961  -0.88961 -60.50702      5.758
  113.000   0.50000 150.00375 -12.77502   0.00000 -50.37084   0.78187   1.46753  -0.96753 -59.24626      6.982
  120.000   0.50000 152.50381 -16.06914   0.00000 -49.53661   0.74951   1.55844  -1.05844 -57.71482      8.370
  127.000   0.50000 155.00388 -19.16480   0.00000 -48.67456   0.72269   1.64935  -1.14935 -56.09836      9.854
  133.000   0.50000 157.50394 -21.62578   0.00000 -47.92094   0.70146   1.72727  -1.22727 -54.64273     11.083
  140.000   0.50000 160.00400 -24.23866   0.00000 -47.02147   0.67902   1.81818  -1.31818 -52.88167     12.566
  147.000   0.50000 165.00413 -26.58852   0.00000 -46.05813   0.65645   1.90909  -1.40909 -51.04224     14.083
  153.000   0.50000 167.50419 -28.41226   0.00000 -45.24430   0.63462   1.98701  -1.48701 -49.40687     15.425
  160.000   0.50000  10.00025 -18.88024   0.00000   0.00000   0.00000   2.07792  -1.57792 -52.84922     16.175
  167.000   0.50000   7.50019 -17.25121 -41.89768   0.00000   0.00000   2.16883  -1.66883 -53.92912     16.613
  173.000   0.50000   5.00013 -13.95280 -41.85085   0.00000   0.00000   2.24675  -1.74675 -55.33190     15.789
  180.000   0.50000   5.00013 -14.74863 -38.66433   0.00000   0.00000   2.33766  -1.83766 -55.22896     16.997
  187.000   0.50000   5.00013 -15.45081 -38.31255   0.00000   0.00000   2.42857  -1.92857 -54.62579     18.128
  193.000   0.50000   5.00013 -15.99106 -38.02124   0.00000   0.00000   2.50649  -2.00649 -53.93968     19.061
  200.000   0.50000   5.00013 -16.55735 -37.68975   0.00000   0.00000   2.59740  -2.09740 -53.14834     20.100
    0.000   0.63000   0.00000   0.00000 -78.76536   0.00000   0.00000   0.00000   0.63000 -53.14834     20.100
    7.000   0.62500   0.00000   0.00000 -62.99089   0.00000   0.00000   0.09091   0.53409 -53.14834     20.100
   13.000   0.62500   0.00000   0.00000 -58.61526   0.00000   0.00000   0.16883   0.45617 -53.14834     20.100
   20.000   0.62500  67.50169  31.16468   0.00000 -61.07972   1.68761   0.25974   0.36526 -73.84663      0.992
   27.000   0.62500  82.50206  29.66515   0.00000 -60.80552   1.63513   0.35065   0.27435 -73.59947     -1.446
   33.000   0.62500  92.50231  27.29739   0.00000 -60.12601   1.53229   0.42857   0.19643 -72.80893     -2.244
   40.000   0.62500 100.00250  24.22838   0.00000 -59.24622   1.43545   0.51948   0.10552 -71.85507     -3.377
   47.000   0.62500 107.50269  21.03610   0.00000 -58.35392   1.34214   0.61039   0.01461 -70.86535     -4.897
   53.000   0.62500 112.50281  18.22657   0.00000 -57.63064   1.25820   0.68831  -0.06331 -69.73890     -5.757
   60.000   0.62500 117.50294  14.87147   0.00000 -56.75526   1.17441   0.77922  -0.15422 -68.94114     -5.901
   67.000   0.62500 120.00300  10.80034   0.00000 -55.91281   1.10821   0.87013  -0.24513 -67.84294     -4.714
   73.000   0.62500 125.00313   7.77975   0.00000 -55.21377   1.04840   0.94805  -0.32305 -66.87944     -3.251
   80.000   0.62500 127.50319   4.21544   0.00000 -54.34797   0.98834   1.03896  -0.41396 -65.72417     -1.324
   87.000   0.62500 132.50331   0.61973   0.00000 -53.53692   0.93049   1.12987  -0.50487 -64.51579      0.485
   93.000   0.62500 135.00338  -2.47365   0.00000 -52.80911   0.88989   1.20779  -0.58279 -63.43576      1.917
  100.000   0.62500 140.00350  -6.07577   0.00000 -52.00092   0.84321   1.29870  -0.67370 -62.12543      3.539
  107.000   0.62500 142.50356  -9.62783   0.00000 -51.17330   0.80217   1.38961  -0.76461 -60.74867      5.112
  113.000   0.62500 145.00363 -12.60700   0.00000 -50.48701   0.77213   1.46753  -0.84253 -59.50650      6.348
  120.000   0.62500 147.50369 -15.96675   0.00000 -49.62582   0.74039   1.55844  -0.93344 -57.99031      7.800
  127.000   0.62500 152.50381 -19.15177   0.00000 -48.75433   0.71360   1.64935  -1.02435 -56.37877      9.265
  133.000   0.62500 155.00388 -21.68447   0.00000 -48.02339   0.69248   1.72727  -1.10227 -54.92443     10.505
  140.000   0.62500 157.50394 -24.37077   0.00000 -47.15296   0.67016   1.81818  -1.19318 -53.15906     11.997
  147.000   0.62500 160.00400 -26.75905   0.00000 -46.20785   0.64852   1.90909  -1.28409 -51.31918     13.522
  153.000   0.62500 165.00413 -28.61576   0.00000 -45.36358   0.62780   1.98701  -1.36201 -49.67751     14.857
  160.000   0.62500  10.00025 -19.03690   0.00000   0.00000   0.00000   2.07792  -1.45292 -53.07461     15.634
  167.000   0.62500   7.50019 -17.40564 -38.27098   0.00000   0.00000   2.16883  -1.54383 -54.13783     16.041
  173.000   0.62500   5.00013 -14.07954 -39.39037   0.00000   0.00000   2.24675  -1.62175 -55.52343     15.211
  180.000   0.62500   5.00013 -14.87946 -38.90991   0.00000   0.00000   2.33766  -1.71266 -55.41797     16.370
  187.000   0.62500   5.00013 -15.58817 -38.55098   0.00000   0.00000   2.42857  -1.80357 -54.81799     17.460
  193.000   0.62500   5.00013 -16.13387 -38.25584   0.00000   0.00000   2.50649  -1.88149 -54.13566     18.450
  200.000   0.62500   2.50006  -9.97660 -37.92016   0.00000   0.00000   2.59740  -1.97240 -55.70967     18.633
    0.000   0.75000   0.00000   0.00000 -78.26287   0.00000   0.00000   0.00000   0.75000 -55.70967     18.633
    7.000   0.75000   0.00000   0.00000 -64.85047   0.00000   0.00000   0.09091   0.65909 -55.70967     18.633
   13.000   0.75000   0.00000   0.00000 -59.85071   0.00000   0.00000   0.16883   0.58117 -55.70967     18.633
   20.000   0.75000   2.50006  19.57608 -56.62812   0.00000   0.00000   0.25974   0.49026 -66.98627     -4.085
   27.000   0.75000  72.50181  28.22613   0.00000 -59.97764   1.54867   0.35065   0.39935 -73.38454      1.360
   33.000   0.75000  85.00213  26.81314   0.00000 -59.76088   1.50608   0.42857   0.32143 -72.84145     -0.329
   40.000   0.75000  95.00238  24.07190   0.00000 -59.03106   1.41889   0.51948   0.23052 -71.91356     -1.256
   47.000   0.75000 102.50256  21.02857   0.00000 -58.22764   1.32648   0.61039   0.13961 -70.67579     -2.558
   53.000   0.75000 107.50269  18.29156   0.00000 -57.55046   1.24197   0.68831   0.06169 -69.81061     -3.793
   60.000   0.75000 112.50281  15.00957   0.00000 -56.70028   1.17405   0.77922  -0.02922 -69.04751     -4.687
   67.000   0.75000 115.00288  10.96447   0.00000 -55.88893   1.09847   0.87013  -0.12013 -67.96692     -4.590
   73.000   0.75000 120.00300   7.94869   0.00000 -55.20651   1.03958   0.94805  -0.19805 -67.01911     -3.620
   80.000   0.75000 125.00313   4.42868   0.00000 -54.37879   0.98092   1.03896  -0.28896 -65.88063     -1.938
   87.000   0.75000 130.00325   0.83766   0.00000 -53.57586   0.92096   1.12987  -0.37987 -64.69173     -0.204
   93.000   0.75000 132.50331  -2.25067   0.00000 -52.85084   0.87820   1.20779  -0.45779 -63.62872      1.259
  100.000   0.75000 135.00338  -5.86356   0.00000 -52.08685   0.83246   1.29870  -0.54870 -62.34108      2.936
  107.000   0.75000 140.00350  -9.45507   0.00000 -51.26914   0.79334   1.38961  -0.63961 -60.98086      4.520
  113.000   0.75000 142.50356 -12.47851   0.00000 -50.58969   0.76258   1.46753  -0.71753 -59.75347      5.797
  120.000   0.75000 145.00363 -15.90384   0.00000 -49.72913   0.73064   1.55844  -0.80844 -58.25040      7.250
  127.000   0.75000 147.50369 -19.16124   0.00000 -48.88888   0.70319   1.64935  -0.89935 -56.64938      8.679
  133.000   0.75000 150.00375 -21.77090   0.00000 -48.12816   0.68317   1.72727  -0.97727 -55.19367      9.965
  140.000   0.75000 155.00388 -24.55512   0.00000 -47.24898   0.66107   1.81818  -1.06818 -53.41413     11.448
  147.000   0.75000 157.50394 -26.99845   0.00000 -46.31447   0.63989   1.90909  -1.15909 -51.56175     13.035
  153.000   0.75000 162.50406 -28.87841   0.00000 -45.45615   0.62015   1.98701  -1.23701 -49.91357     14.374
  160.000   0.75000   7.50019 -16.46086 -43.90302   0.00000   0.00000   2.07792  -1.32792 -54.27343     14.155
  167.000   0.75000   7.50019 -17.57261 -34.77489   0.00000   0.00000   2.16883  -1.41883 -54.58409     15.480
  173.000   0.75000   5.00013 -14.21992 -36.29524   0.00000   0.00000   2.24675  -1.49675 -55.79085     14.540
  180.000   0.75000   5.00013 -15.02665 -39.13288   0.00000   0.00000   2.33766  -1.58766 -55.62930     15.720
  187.000   0.75000   5.00013 -15.73873 -38.79110   0.00000   0.00000   2.42857  -1.67857 -55.01425     16.846
  193.000   0.75000   5.00013 -16.28098 -38.49205   0.00000   0.00000   2.50649  -1.75649 -54.32971     17.880
  200.000   0.75000   2.50006 -10.07517 -38.15207   0.00000   0.00000   2.59740  -1.84740 -55.88185     17.662
    0.000   0.88000   0.00000   0.00000 -77.96557   0.00000   0.00000   0.00000   0.88000 -55.88185     17.662
    7.000   0.87500   0.00000   0.00000 -66.58594   0.00000   0.00000   0.09091   0.78409 -55.88185     17.662
   13.000   0.87500   0.00000   0.00000 -61.13801   0.00000   0.00000   0.16883   0.70617 -55.88185     17.662
   20.000   0.87500   2.50006  18.39816 -57.58179   0.00000   0.00000   0.25974   0.61526 -66.92371     -2.972
   27.000   0.87500   2.50006  19.78047 -55.21100   0.00000   0.00000   0.35065   0.52435 -70.77690     -1.778
   33.000   0.87500  75.00188  25.17890   0.00000 -58.92039   1.41847   0.42857   0.44643 -72.77075      2.373
   40.000   0.87500  87.50219  23.60804   0.00000 -58.69060   1.38306   0.51948   0.35552 -71.95708      0.498
   47.000   0.87500  95.00238  20.86095   0.00000 -58.03167   1.30266   0.61039   0.26461 -71.00998     -0.351
   53.000   0.87500 102.50256  18.25160   0.00000 -57.41242   1.22231   0.68831   0.18669 -70.15983     -1.520
   60.000   0.87500 107.50269  15.05641   0.00000 -56.65110   1.15237   0.77922   0.09578 -69.15354     -2.845
   67.000   0.87500 115.00288  11.73799   0.00000 -55.86519   1.08143   0.87013   0.00487 -68.10339     -3.586
   73.000   0.87500 115.00288   8.11326   0.00000 -55.18308   1.02324   0.94805  -0.07305 -67.15173     -3.448
   80.000   0.87500 120.00300   4.60053   0.00000 -54.37882   0.96677   1.03896  -0.16396 -66.03169     -2.294
   87.000   0.87500 125.00313   1.03076   0.00000 -53.60824   0.91308   1.12987  -0.25487 -64.86187     -0.750
   93.000   0.87500 127.50319  -2.06187   0.00000 -52.94200   0.86675   1.20779  -0.33279 -63.81560      0.728
  100.000   0.87500 132.50331  -5.69086   0.00000 -52.13409   0.82302   1.29870  -0.42370 -62.54479      2.353
  107.000   0.87500 135.00338  -9.30743   0.00000 -51.32102   0.78203   1.38961  -0.51461 -61.20588      3.904
  113.000   0.87500 137.50344 -12.37115   0.00000 -50.65238   0.75098   1.46753  -0.59253 -59.99257      5.225
  120.000   0.87500 142.50356 -15.87887   0.00000 -49.82667   0.72065   1.55844  -0.68344 -58.49782      6.733
  127.000   0.87500 145.00363 -19.22720   0.00000 -48.95742   0.69364   1.64935  -0.77435 -56.90023      8.180
  133.000   0.87500 147.50369 -21.92334   0.00000 -48.22995   0.67239   1.72727  -0.85227 -55.43859      9.441
  140.000   0.87500 152.50381 -24.79904   0.00000 -47.33417   0.65125   1.81818  -0.94318 -53.64244     10.968
  147.000   0.87500 155.00388 -27.30707   0.00000 -46.39023   0.63064   1.90909  -1.03409 -51.77023     12.551
  153.000   0.87500  15.00038 -21.38995   0.00000   0.00000   0.00000   1.98701  -1.11201 -53.45741     13.762
  160.000   0.87500   7.50019 -16.64126 -42.66522   0.00000   0.00000   2.07792  -1.20292 -55.29769     13.640
  167.000   0.87500   5.00013 -13.58807 -35.03443   0.00000   0.00000   2.16883  -1.29383 -56.62492     13.007
  173.000   0.87500   5.00013 -14.37546 -39.02068   0.00000   0.00000   2.24675  -1.37175 -56.58682     14.007
  180.000   0.87500   5.00013 -15.18492 -39.39430   0.00000   0.00000   2.33766  -1.46266 -56.01385     15.133
  187.000   0.87500   5.00013 -15.90015 -39.03295   0.00000   0.00000   2.42857  -1.55357 -55.26477     16.283
  193.000   0.87500   5.00013 -16.44002 -38.72989   0.00000   0.00000   2.50649  -1.63149 -54.53860     17.275
  200.000   0.87500   2.50006 -10.17889 -38.38550   0.00000   0.00000   2.59740  -1.72240 -56.05984     16.694
    0.000   1.00000   0.00000   0.00000 -77.79331   0.00000   0.00000   0.00000   1.00000 -56.05984     16.694
    7.000   1.00000   0.00000   0.00000 -68.06293   0.00000   0.00000   0.09091   0.90909 -56.05984     16.694
   13.000   1.00000   0.00000   0.00000 -62.44173   0.00000   0.00000   0.16883   0.83117 -56.05984     16.694
   20.000   1.00000   0.00000   0.00000 -58.56917   0.00000   0.00000   0.25974   0.74026 -56.05984     16.694
   27.000   1.00000   2.50006  19.23248 -56.01254   0.00000   0.00000   0.35065   0.64935 -66.92657     -2.977
   33.000   1.00000   2.50006  19.77855 -54.34484   0.00000   0.00000   0.42857   0.57143 -70.42675      0.117
   40.000   1.00000  77.50194  22.08421   0.00000 -57.99177   1.29518   0.51948   0.48052 -71.90812      2.912
   47.000   1.00000  90.00225  20.36751   0.00000 -57.77083   1.25740   0.61039   0.38961 -71.05787      1.329
   53.000   1.00000  97.50244  18.02370   0.00000 -57.23467   1.19598   0.68831   0.31169 -70.23087      0.639
   60.000   1.00000 102.50256  14.99541   0.00000 -56.53327   1.13838   0.77922   0.22078 -69.23167     -0.673
   67.000   1.00000 110.00275  11.76642   0.00000 -55.81825   1.06513   0.87013   0.12987 -68.21250     -1.853
   73.000   1.00000 112.50281   8.18322   0.00000 -55.16791   1.00896   0.94805   0.05195 -67.27429     -2.403
   80.000   1.00000 117.50294   4.70942   0.00000 -54.38628   0.95348   1.03896  -0.03896 -66.17235     -2.170
   87.000   1.00000 120.00300   1.16362   0.00000 -53.61127   0.89948   1.12987  -0.12987 -65.02331     -1.027
   93.000   1.00000 125.00313  -1.92661   0.00000 -52.99718   0.85477   1.20779  -0.20779 -63.99081      0.233
  100.000   1.00000 127.50319  -5.55827   0.00000 -52.19413   0.81056   1.29870  -0.29870 -62.74117      1.817
  107.000   1.00000 132.50331  -9.20894   0.00000 -51.39975   0.77194   1.38961  -0.38961 -61.41676      3.403
  113.000   1.00000 135.00338 -12.32176   0.00000 -50.68745   0.74116   1.46753  -0.46753 -60.21603      4.718
  120.000   1.00000 137.50344 -15.89283   0.00000 -49.89874   0.70951   1.55844  -0.55844 -58.73461      6.238
  127.000   1.00000 142.50356 -19.35368   0.00000 -49.04539   0.68229   1.64935  -0.64935 -57.13288      7.726
  133.000   1.00000 145.00363 -22.14645   0.00000 -48.30108   0.66191   1.72727  -0.72727 -55.65975      9.008
  140.000   1.00000 147.50369 -25.11119   0.00000 -47.39714   0.64063   1.81818  -0.81818 -53.84364     10.570
  147.000   1.00000 152.50381 -27.70254   0.00000 -46.42932   0.62050   1.90909  -0.90909 -51.93677     12.129
  153.000   1.00000  12.50031 -20.23362   0.00000   0.00000   0.00000   1.98701  -0.98701 -54.20624     13.175
  160.000   1.00000   7.50019 -16.84931 -41.04431   0.00000   0.00000   2.07792  -1.07792 -55.61688     13.162
  167.000   1.00000   5.00013 -13.75100 -42.18969   0.00000   0.00000   2.16883  -1.16883 -56.84096     12.413
  173.000   1.00000   5.00013 -14.54095 -43.08422   0.00000   0.00000   2.24675  -1.24675 -56.77157     13.413
  180.000   1.00000   5.00013 -15.35648 -39.66959   0.00000   0.00000   2.33766  -1.33766 -56.19158     14.604
  187.000   1.00000   5.00013 -16.07482 -39.27657   0.00000   0.00000   2.42857  -1.42857 -55.44316     15.701
  193.000   1.00000   2.50006  -9.76812 -38.96938   0.00000   0.00000   2.50649  -1.50649 -56.89321     14.260
  200.000   1.00000   2.50006 -10.29209 -38.62049   0.00000   0.00000   2.59740  -1.59740 -57.30916     15.569
    0.000   1.13000   0.00000   0.00000 -77.66486   0.00000   0.00000   0.00000   1.13000 -57.30916     15.569
    7.000   1.12500   0.00000   0.00000 -69.25539   0.00000   0.00000   0.09091   1.03409 -57.30916     15.569
   13.000   1.12500   0.00000   0.00000 -63.71380   0.00000   0.00000   0.16883   0.95617 -57.30916     15.569
   20.000   1.12500   0.00000   0.00000 -59.58017   0.00000   0.00000   0.25974   0.86526 -57.30916     15.569
   27.000   1.12500   2.50006  18.44521 -56.83716   0.00000   0.00000   0.35065   0.77435 -67.48701     -3.384
   33.000   1.12500   2.50006  19.32487 -55.06306   0.00000   0.00000   0.42857   0.69643 -70.70743     -0.993
   40.000   1.12500   2.50006  19.77084 -53.39071   0.00000   0.00000   0.51948   0.60552 -72.01946      1.250
   47.000   1.12500  82.50206  18.83079   0.00000 -57.11666   1.18608   0.61039   0.51461 -71.08871      3.535
   53.000   1.12500  90.00225  17.41082   0.00000 -56.91765   1.16702   0.68831   0.43669 -69.97172      2.338
   60.000   1.12500  97.50244  14.72145   0.00000 -56.34686   1.11289   0.77922   0.34578 -69.31410      1.505
   67.000   1.12500 105.00263  11.66178   0.00000 -55.69534   1.04972   0.87013   0.25487 -68.31089      0.233
   73.000   1.12500 110.00275   8.88643   0.00000 -55.08187   0.99807   0.94805   0.17695 -67.40672     -0.683
   80.000   1.12500 112.50281   4.73061   0.00000 -54.34148   0.93941   1.03896   0.08604 -66.30566     -1.222
   87.000   1.12500 117.50294   1.22079   0.00000 -53.60277   0.88768   1.12987  -0.00487 -65.17240     -0.878
   93.000   1.12500 120.00300  -1.84745   0.00000 -52.99893   0.84283   1.20779  -0.08279 -64.15817      0.047
  100.000   1.12500 125.00313  -5.49617   0.00000 -52.24427   0.79811   1.29870  -0.17370 -62.92353      1.465
  107.000   1.12500 127.50319  -9.17043   0.00000 -51.44932   0.75932   1.38961  -0.26461 -61.61840      2.965
  113.000   1.12500 130.00325 -12.32376   0.00000 -50.78874   0.72847   1.46753  -0.34253 -60.42901      4.306
  120.000   1.12500 135.00338 -15.98679   0.00000 -49.95199   0.69783   1.55844  -0.43344 -58.95068      5.825
  127.000   1.12500 137.50344 -19.54721   0.00000 -49.08915   0.67092   1.64935  -0.52435 -57.34766      7.356
  133.000   1.12500 140.00350 -22.45116   0.00000 -48.36600   0.65008   1.72727  -0.60227 -55.85578      8.659
  140.000   1.12500 145.00363 -25.54891   0.00000 -47.41864   0.62916   1.81818  -0.69318 -53.99657     10.207
  147.000   1.12500 150.00375 -28.21024   0.00000 -46.46355   0.60950   1.90909  -0.78409 -52.04870     11.797
  153.000   1.12500  10.00025 -18.56212   0.00000   0.00000   0.00000   1.98701  -0.86201 -55.09064     12.320
  160.000   1.12500   7.50019 -17.08301 -38.54790   0.00000   0.00000   2.07792  -0.95292 -55.96301     12.694
  167.000   1.12500   5.00013 -13.93553 -45.26817   0.00000   0.00000   2.16883  -1.04383 -57.06310     11.898
  173.000   1.12500   5.00013 -14.72799 -39.98791   0.00000   0.00000   2.24675  -1.12175 -56.95515     12.892
  180.000   1.12500   5.00013 -15.54926 -39.88435   0.00000   0.00000   2.33766  -1.21266 -56.36586     14.016
  187.000   1.12500   2.50006  -9.38927 -39.52196   0.00000   0.00000   2.42857  -1.30357 -57.68571     12.061
  193.000   1.12500   2.50006  -9.88169 -39.21057   0.00000   0.00000   2.50649  -1.38149 -58.08308     13.241
  200.000   1.12500   2.50006 -10.41178 -38.85705   0.00000   0.00000   2.59740  -1.47240 -57.97531     14.506
    0.000   1.25000   0.00000   0.00000 -77.57844   0.00000   0.00000   0.00000   1.25000 -57.97531     14.506
    7.000   1.25000   0.00000   0.00000 -70.20360   0.00000   0.00000   0.09091   1.15909 -57.97531     14.506
   13.000   1.25000   0.00000   0.00000 -64.90677   0.00000   0.00000   0.16883   1.08117 -57.97531     14.506
   20.000   1.25000   0.00000   0.00000 -60.59989   0.00000   0.00000   0.25974   0.99026 -57.97531     14.506
   27.000   1.25000   0.00000   0.00000 -57.68049   0.00000   0.00000   0.35065   0.89935 -57.97531     14.506
   33.000   1.25000   2.50006  18.79655 -55.79856   0.00000   0.00000   0.42857   0.82143 -67.77687     -1.974
   40.000   1.25000   2.50006  19.38650 -54.03578   0.00000   0.00000   0.51948   0.73052 -70.56201      0.301
   47.000   1.25000   5.00013  17.51876 -52.57810   0.00000   0.00000   0.61039   0.63961 -71.72463      7.057
   53.000   1.25000  82.50206  15.33217   0.00000 -56.21992   1.06797   0.68831   0.56169 -70.27875      4.599
   60.000   1.25000  92.50231  13.99450   0.00000 -56.06200   1.06544   0.77922   0.47078 -69.08762      3.176
   67.000   1.25000 100.00250  11.30625   0.00000 -55.52714   1.01842   0.87013   0.37987 -68.37417      2.400
   73.000   1.25000 105.00263   8.68698   0.00000 -54.97921   0.97312   0.94805   0.30195 -67.29595      1.391
   80.000   1.25000 110.00275   5.43153   0.00000 -54.32470   0.91606   1.03896   0.21104 -66.44294      0.432
   87.000   1.25000 112.50281   1.16781   0.00000 -53.60450   0.87083   1.12987   0.12013 -65.31197      0.025
   93.000   1.25000 117.50294  -1.88623   0.00000 -52.98188   0.82858   1.20779   0.04221 -64.30998      0.326
  100.000   1.25000 120.00300  -5.51621   0.00000 -52.22976   0.78583   1.29870  -0.04870 -63.09532      1.346
  107.000   1.25000 125.00313  -9.22419   0.00000 -51.47824   0.74672   1.38961  -0.13961 -61.80194      2.711
  113.000   1.25000 127.50319 -12.42533   0.00000 -50.78537   0.71659   1.46753  -0.21753 -60.62146      3.960
  120.000   1.25000 130.00325 -16.16678   0.00000 -50.00706   0.68429   1.55844  -0.30844 -59.14964      5.491
  127.000   1.25000 135.00338 -19.87138   0.00000 -49.14046   0.65791   1.64935  -0.39935 -57.52854      7.049
  133.000   1.25000 137.50344 -22.90760   0.00000 -48.38869   0.63706   1.72727  -0.47727 -56.00502      8.380
  140.000   1.25000 142.50356 -26.14138   0.00000 -47.43393   0.61648   1.81818  -0.56818 -54.08924      9.960
  147.000   1.25000 147.50369 -28.86664   0.00000 -46.44171   0.59721   1.90909  -0.65909 -52.08632     11.565
  153.000   1.25000   7.50019 -16.02807 -32.58100   0.00000   0.00000   1.98701  -0.73701 -56.10672     10.972
  160.000   1.25000   5.00013 -13.08324 -34.87917   0.00000   0.00000   2.07792  -0.82792 -57.76573     10.305
  167.000   1.25000   5.00013 -14.13587 -40.57962   0.00000   0.00000   2.16883  -0.91883 -57.76776     11.413
  173.000   1.25000   5.00013 -14.94062 -38.34603   0.00000   0.00000   2.24675  -0.99675 -57.29656     12.392
  180.000   1.25000   5.00013 -15.75812 -40.14316   0.00000   0.00000   2.33766  -1.08766 -56.58906     13.548
  187.000   1.25000   2.50006  -9.50853 -39.76916   0.00000   0.00000   2.42857  -1.17857 -57.86299     10.994
  193.000   1.25000   2.50006 -10.00715 -39.45346   0.00000   0.00000   2.50649  -1.25649 -58.23902     12.124
  200.000   1.25000   2.50006 -10.53818 -39.09522   0.00000   0.00000   2.59740  -1.34740 -58.12333     13.503
    0.000   1.38000   0.00000   0.00000 -77.50705   0.00000   0.00000   0.00000   1.38000 -58.12333     13.503
    7.000   1.37500   0.00000   0.00000 -70.96151   0.00000   0.00000   0.09091   1.28409 -58.12333     13.503
   13.000   1.37500   0.00000   0.00000 -65.98807   0.00000   0.00000   0.16883   1.20617 -58.12333     13.503
   20.000   1.37500   0.00000   0.00000 -61.60959   0.00000   0.00000   0.25974   1.11526 -58.12333     13.503
   27.000   1.37500   0.00000   0.00000 -58.53618   0.00000   0.00000   0.35065   1.02435 -58.12333     13.503
   33.000   1.37500   2.50006  17.94084 -56.54861   0.00000   0.00000   0.42857   0.94643 -67.81519     -2.632
   40.000   1.37500   2.50006  18.94016 -54.69408   0.00000   0.00000   0.51948   0.85552 -70.58171     -0.729
   47.000   1.37500   2.50006  19.36437 -53.16841   0.00000   0.00000   0.61039   0.76461 -71.63013      1.572
   53.000   1.37500   5.00013  16.53945 -52.04315   0.00000   0.00000   0.68831   0.68669 -71.67767      7.442
   60.000   1.37500  82.50206  11.53881   0.00000 -55.31981   0.96344   0.77922   0.59578 -69.37245      5.497
   67.000   1.37500  92.50231  10.42314   0.00000 -55.24263   0.96741   0.87013   0.50487 -68.43836      4.135
   73.000   1.37500 100.00250   8.16641   0.00000 -54.80199   0.93741   0.94805   0.42695 -67.58350      3.497
   80.000   1.37500 105.00263   5.13113   0.00000 -54.22096   0.88982   1.03896   0.33604 -66.35614      2.465
   87.000   1.37500 107.50269   0.94494   0.00000 -53.52329   0.84647   1.12987   0.24513 -65.43024      1.649
   93.000   1.37500 112.50281  -2.04998   0.00000 -52.93610   0.80895   1.20779   0.16721 -64.44797      1.361
  100.000   1.37500 115.00288  -5.66692   0.00000 -52.21310   0.76649   1.29870   0.07630 -63.25024      1.720
  107.000   1.37500 120.00300  -9.39333   0.00000 -51.49000   0.73023   1.38961  -0.01461 -61.97000      2.712
  113.000   1.37500 122.50306 -12.64532   0.00000 -50.79179   0.70073   1.46753  -0.09253 -60.79588      3.841
  120.000   1.37500 127.50319 -16.50456   0.00000 -50.02371   0.66938   1.55844  -0.18344 -59.31598      5.318
  127.000   1.37500 130.00325 -20.35481   0.00000 -49.16989   0.64246   1.64935  -0.27435 -57.67218      6.879
  133.000   1.37500 135.00338 -23.57244   0.00000 -48.35127   0.62258   1.72727  -0.35227 -56.09133      8.246
  140.000   1.37500 137.50344 -26.93845   0.00000 -47.36462   0.60223   1.81818  -0.44318 -54.09703      9.843
  147.000   1.37500  10.00025 -17.86225   0.00000   0.00000   0.00000   1.90909  -0.53409 -56.54836     10.519
  153.000   1.37500   7.50019 -16.34121 -32.96753   0.00000   0.00000   1.98701  -0.61201 -57.33075     10.648
  160.000   1.37500   5.00013 -13.30093 -39.04093   0.00000   0.00000   2.07792  -0.70292 -58.27120      9.867
  167.000   1.37500   5.00013 -14.37121 -36.98510   0.00000   0.00000   2.16883  -0.79383 -58.03691     10.992
  173.000   1.37500   5.00013 -15.17168 -42.50072   0.00000   0.00000   2.24675  -0.87175 -57.48958     11.921
  180.000   1.37500   5.00013 -15.99443 -40.40735   0.00000   0.00000   2.33766  -0.96266 -56.75961     13.047
  187.000   1.37500   2.50006  -9.63558 -40.01820   0.00000   0.00000   2.42857  -1.05357 -58.01273      9.970
  193.000   1.37500   2.50006 -10.14115 -39.69808   0.00000   0.00000   2.50649  -1.13149 -58.37997     11.080
  200.000   1.37500   2.50006 -10.67284 -39.33500   0.00000   0.00000   2.59740  -1.22240 -58.26249     12.555
    0.000   1.50000   0.00000   0.00000 -77.45520   0.00000   0.00000   0.00000   1.50000 -58.26249     12.555
    7.000   1.50000   0.00000   0.00000 -71.57528   0.00000   0.00000   0.09091   1.40909 -58.26249     12.555
   13.000   1.50000   0.00000   0.00000 -66.94519   0.00000   0.00000   0.16883   1.33117 -58.26249     12.555
   20.000   1.50000   0.00000   0.00000 -62.58930   0.00000   0.00000   0.25974   1.24026 -58.26249     12.555
   27.000   1.50000   0.00000   0.00000 -59.39595   0.00000   0.00000   0.35065   1.14935 -58.26249     12.555
   33.000   1.50000   0.00000   0.00000 -57.30941   0.00000   0.00000   0.42857   1.07143 -58.26249     12.555
   40.000   1.50000   2.50006  18.43407 -55.36393   0.00000   0.00000   0.51948   0.98052 -67.85885     -1.656
   47.000   1.50000   2.50006  18.99153 -53.76924   0.00000   0.00000   0.61039   0.88961 -70.27852      0.728
   53.000   1.50000   2.50006  19.30588 -52.59740   0.00000   0.00000   0.68831   0.81169 -71.15200      2.718
   60.000   1.50000   5.00013  16.85011 -51.39741   0.00000   0.00000   0.77922   0.72078 -71.12604      6.296
   67.000   1.50000  82.50206   7.00773   0.00000 -54.39690   0.84674   0.87013   0.62987 -68.39887      6.704
   73.000   1.50000  92.50231   6.86538   0.00000 -54.42199   0.88754   0.94805   0.55195 -67.60409      5.260
   80.000   1.50000 100.00250   4.39787   0.00000 -54.00102   0.86037   1.03896   0.46104 -66.61752      4.584
   87.000   1.50000 105.00263   1.35525   0.00000 -53.41620   0.81989   1.12987   0.37013 -65.55313      3.677
   93.000   1.50000 107.50269  -2.46832   0.00000 -52.84515   0.78578   1.20779   0.29221 -64.56296      3.071
  100.000   1.50000 112.50281  -6.03607   0.00000 -52.17264   0.74559   1.29870   0.20130 -63.37794      2.826
  107.000   1.50000 115.00288  -9.75981   0.00000 -51.43549   0.71252   1.38961   0.11039 -62.11176      3.249
  113.000   1.50000 120.00300 -13.07979   0.00000 -50.80568   0.68214   1.46753   0.03247 -60.93530      4.073
  120.000   1.50000 122.50306 -17.05739   0.00000 -49.99351   0.65207   1.55844  -0.05844 -59.44406      5.387
  127.000   1.50000 127.50319 -21.14031   0.00000 -49.12224   0.62552   1.64935  -0.14935 -57.74219      6.913
  133.000   1.50000 130.00325 -24.56065   0.00000 -48.29286   0.60587   1.72727  -0.22727 -56.07552      8.299
  140.000   1.50000 135.00338 -28.10270   0.00000 -47.28293   0.58540   1.81818  -0.31818 -53.94566      9.906
  147.000   1.50000   7.50019 -15.38574 -41.13283   0.00000   0.00000   1.90909  -0.40909 -57.44443      9.316
  153.000   1.50000   7.50019 -16.72363 -47.80754   0.00000   0.00000   1.98701  -0.48701 -57.65310     10.401
  160.000   1.50000   5.00013 -13.56019 -45.42687   0.00000   0.00000   2.07792  -0.57792 -58.47303      9.467
  167.000   1.50000   5.00013 -14.63353 -44.36345   0.00000   0.00000   2.16883  -0.66883 -58.20188     10.572
  173.000   1.50000   5.00013 -15.43920 -40.46448   0.00000   0.00000   2.24675  -0.74675 -57.64453     11.514
  180.000   1.50000   2.50006  -9.12933 -40.65856   0.00000   0.00000   2.33766  -0.83766 -58.81937      7.571
  187.000   1.50000   2.50006  -9.77217 -40.26908   0.00000   0.00000   2.42857  -0.92857 -59.10591      8.990
  193.000   1.50000   2.50006 -10.28351 -39.94445   0.00000   0.00000   2.50649  -1.00649 -58.99156     10.072
  200.000   1.50000   2.50006 -10.82094 -39.57644   0.00000   0.00000   2.59740  -1.09740 -58.63570     11.517
    0.000   1.63000   0.00000   0.00000 -77.40980   0.00000   0.00000   0.00000   1.63000 -58.63570     11.517
    7.000   1.62500   0.00000   0.00000 -72.07986   0.00000   0.00000   0.09091   1.53409 -58.63570     11.517
   13.000   1.62500   0.00000   0.00000 -67.78135   0.00000   0.00000   0.16883   1.45617 -58.63570     11.517
   20.000   1.62500   0.00000   0.00000 -63.52116   0.00000   0.00000   0.25974   1.36526 -58.63570     11.517
   27.000   1.62500   0.00000   0.00000 -60.24997   0.00000   0.00000   0.35065   1.27435 -58.63570     11.517
   33.000   1.62500   0.00000   0.00000 -58.07605   0.00000   0.00000   0.42857   1.19643 -58.63570     11.517
   40.000   1.62500   2.50006  17.73898 -56.04303   0.00000   0.00000   0.51948   1.10552 -68.02275     -2.331
   47.000   1.62500   2.50006  18.57914 -54.37942   0.00000   0.00000   0.61039   1.01461 -70.36413     -0.137
   53.000   1.62500   2.50006  18.95481 -53.16039   0.00000   0.00000   0.68831   0.93669 -71.20924      1.972
   60.000   1.62500   2.50006  19.21648 -51.91564   0.00000   0.00000   0.77922   0.84578 -71.34695      3.312
   67.000   1.62500   5.00013  16.10402 -50.81686   0.00000   0.00000   0.87013   0.75487 -70.77715      6.249
   73.000   1.62500  12.50031   7.17604   0.00000   0.00000   0.00000   0.94805   0.67695 -68.61800     11.050
   80.000   1.62500  92.50231   2.45957   0.00000 -53.55833   0.78978   1.03896   0.58604 -66.59985      6.482
   87.000   1.62500 100.00250   0.24540   0.00000 -53.16183   0.77896   1.12987   0.49513 -65.59473      5.840
   93.000   1.62500 105.00263  -2.33384   0.00000 -52.68730   0.75341   1.20779   0.41721 -64.50346      5.216
  100.000   1.62500 107.50269  -6.76915   0.00000 -52.07359   0.71824   1.29870   0.32630 -63.46584      4.659
  107.000   1.62500 110.00275 -10.46735   0.00000 -51.37291   0.68705   1.38961   0.23539 -62.21074      4.540
  113.000   1.62500 115.00288 -13.84640   0.00000 -50.73090   0.65913   1.46753   0.15747 -61.02720      4.910
  120.000   1.62500 117.50294 -18.01930   0.00000 -49.90548   0.63121   1.55844   0.06656 -59.49642      5.892
  127.000   1.62500 122.50306 -22.44517   0.00000 -49.00711   0.60448   1.64935  -0.02435 -57.68107      7.299
  133.000   1.62500 127.50319 -26.21100   0.00000 -48.10801   0.58455   1.72727  -0.10227 -55.82626      8.670
  140.000   1.62500  10.00025 -17.00434   0.00000   0.00000   0.00000   1.81818  -0.19318 -58.01854      9.057
  147.000   1.62500   7.50019 -15.85611 -47.17194   0.00000   0.00000   1.90909  -0.28409 -58.55105      9.190
  153.000   1.62500   5.00013 -12.63839 -40.56584   0.00000   0.00000   1.98701  -0.36201 -59.40398      7.965
  160.000   1.62500   5.00013 -13.87029 -38.36600   0.00000   0.00000   2.07792  -0.45292 -59.14779      9.095
  167.000   1.62500   5.00013 -14.94095 -39.83314   0.00000   0.00000   2.16883  -0.54383 -58.52082     10.193
  173.000   1.62500   2.50006  -8.57057 -41.38442   0.00000   0.00000   2.24675  -0.62175 -59.61693      5.187
  180.000   1.62500   2.50006  -9.28030 -40.91775   0.00000   0.00000   2.33766  -0.71266 -59.86553      6.480
  187.000   1.62500   2.50006  -9.92484 -40.52183   0.00000   0.00000   2.42857  -0.80357 -59.69119      7.924
  193.000   1.62500   2.50006 -10.43646 -40.19259   0.00000   0.00000   2.50649  -0.88149 -59.34844      9.105
  200.000   1.62500   2.50006 -10.97997 -39.81953   0.00000   0.00000   2.59740  -0.97240 -58.88034     10.515
    0.000   1.75000   0.00000   0.00000 -77.37526   0.00000   0.00000   0.00000   1.75000 -58.88034     10.515
    7.000   1.75000   0.00000   0.00000 -72.50078   0.00000   0.00000   0.09091   1.65909 -58.88034     10.515
   13.000   1.75000   0.00000   0.00000 -68.50822   0.00000   0.00000   0.16883   1.58117 -58.88034     10.515
   20.000   1.75000   0.00000   0.00000 -64.39216   0.00000   0.00000   0.25974   1.49026 -58.88034     10.515
   27.000   1.75000   0.00000   0.00000 -61.08774   0.00000   0.00000   0.35065   1.39935 -58.88034     10.515
   33.000   1.75000   0.00000   0.00000 -58.84266   0.00000   0.00000   0.42857   1.32143 -58.88034     10.515
   40.000   1.75000   2.50006  16.04590 -56.72849   0.00000   0.00000   0.51948   1.23052 -68.12780     -0.677
   47.000   1.75000   2.50006  18.05531 -54.99745   0.00000   0.00000   0.61039   1.13961 -70.38984     -1.090
   53.000   1.75000   2.50006  18.53946 -53.73119   0.00000   0.00000   0.68831   1.06169 -71.23363      1.061
   60.000   1.75000   2.50006  18.90695 -52.44117   0.00000   0.00000   0.77922   0.97078 -71.37591      2.663
   67.000   1.75000   2.50006  19.18360 -51.30524   0.00000   0.00000   0.87013   0.87987 -71.11908      4.244
   73.000   1.75000   5.00013  14.87688 -50.42787   0.00000   0.00000   0.94805   0.80195 -70.32761      7.067
   80.000   1.75000   7.50019  11.32707 -49.49479   0.00000   0.00000   1.03896   0.71104 -68.58548      8.179
   87.000   1.75000  90.00225  -3.53720   0.00000 -52.47913   0.67706   1.12987   0.62013 -65.47655      8.323
   93.000   1.75000  97.50244  -4.37916   0.00000 -52.31151   0.69664   1.20779   0.54221 -64.60565      7.491
  100.000   1.75000 100.00250  -8.35084   0.00000 -51.82800   0.67773   1.29870   0.45130 -63.47349      6.975
  107.000   1.75000 105.00263 -11.90941   0.00000 -51.17017   0.65195   1.38961   0.36039 -62.21846      6.595
  113.000   1.75000 110.00275 -15.37948   0.00000 -50.53677   0.62990   1.46753   0.28247 -61.00593      6.618
  120.000   1.75000 112.50281 -19.92827   0.00000 -49.69749   0.60157   1.55844   0.19156 -59.35995      7.248
  127.000   1.75000 117.50294 -25.13930   0.00000 -48.63702   0.57472   1.64935   0.10065 -57.20486      8.388
  133.000   1.75000  15.00038 -19.47001   0.00000   0.00000   0.00000   1.72727   0.02273 -58.22436      9.128
  140.000   1.75000   7.50019 -14.66575 -50.72257   0.00000   0.00000   1.81818  -0.06818 -59.44720      8.086
  147.000   1.75000   5.00013 -11.82559 -49.33669   0.00000   0.00000   1.90909  -0.15909 -60.24616      6.782
  153.000   1.75000   5.00013 -13.01220 -43.25820   0.00000   0.00000   1.98701  -0.23701 -60.05372      7.708
  160.000   1.75000   5.00013 -14.24441 -38.75513   0.00000   0.00000   2.07792  -0.32792 -59.45203      8.792
  167.000   1.75000   5.00013 -15.29948 -41.66305   0.00000   0.00000   2.16883  -0.41883 -58.71277      9.877
  173.000   1.75000   2.50006  -8.73166 -41.59759   0.00000   0.00000   2.24675  -0.49675 -59.76982      4.190
  180.000   1.75000   2.50006  -9.43777 -41.17833   0.00000   0.00000   2.33766  -0.58766 -60.00096      5.595
  187.000   1.75000   2.50006 -10.09137 -40.77645   0.00000   0.00000   2.42857  -0.67857 -59.82006      6.967
  193.000   1.75000   2.50006 -10.60809 -40.44252   0.00000   0.00000   2.50649  -0.75649 -59.47598      8.073
  200.000   1.75000   2.50006 -11.15663 -40.06429   0.00000   0.00000   2.59740  -0.84740 -59.00918      9.419
    0.000   1.88000   0.00000   0.00000 -77.34386   0.00000   0.00000   0.00000   1.88000 -59.00918      9.419
    7.000   1.87500   0.00000   0.00000 -72.85662   0.00000   0.00000   0.09091   1.78409 -59.00918      9.419
   13.000   1.87500   0.00000   0.00000 -69.14030   0.00000   0.00000   0.16883   1.70617 -59.00918      9.419
   20.000   1.87500   0.00000   0.00000 -65.19523   0.00000   0.00000   0.25974   1.61526 -59.00918      9.419
   27.000   1.87500   0.00000   0.00000 -61.89922   0.00000   0.00000   0.35065   1.52435 -59.00918      9.419
   33.000   1.87500   0.00000   0.00000 -59.60265   0.00000   0.00000   0.42857   1.44643 -59.00918      9.419
   40.000   1.87500   0.00000   0.00000 -57.41682   0.00000   0.00000   0.51948   1.35552 -59.00918      9.419
   47.000   1.87500   2.50006  17.43894 -55.62142   0.00000   0.00000   0.61039   1.26461 -68.17652     -1.739
   53.000   1.87500   2.50006  18.12240 -54.30861   0.00000   0.00000   0.68831   1.18669 -70.13284      0.280
   60.000   1.87500   2.50006  18.54385 -52.97328   0.00000   0.00000   0.77922   1.09578 -70.84025      1.905
   67.000   1.87500   2.50006  18.83863 -51.79983   0.00000   0.00000   0.87013   1.00487 -70.87101      3.492
   73.000   1.87500   2.50006  19.07502 -50.89517   0.00000   0.00000   0.94805   0.92695 -70.56338      4.958
   80.000   1.87500   5.00013  13.94993 -49.93473   0.00000   0.00000   1.03896   0.83604 -69.77764      7.345
   87.000   1.87500   7.50019   8.35928 -49.05841   0.00000   0.00000   1.12987   0.74513 -67.88195     10.301
   93.000   1.87500  10.00025   5.27385   0.00000   0.00000   0.00000   1.20779   0.66721 -66.22525      9.867
  100.000   1.87500  27.50069  -8.39732   0.00000 -50.41947   0.52130   1.29870   0.57630 -63.73483     12.454
  107.000   1.87500  97.50244 -16.90131   0.00000 -50.51822   0.58040   1.38961   0.48539 -61.74209     10.018
  113.000   1.87500 102.50256 -20.85106   0.00000 -49.84325   0.56380   1.46753   0.40747 -60.26957     10.206
  120.000   1.87500  22.50056 -19.41313   0.00000 -48.81053   0.54314   1.55844   0.31656 -59.92952     10.176
  127.000   1.87500  12.50031 -17.19530   0.00000   0.00000   0.00000   1.64935   0.22565 -60.03670      9.362
  133.000   1.87500   7.50019 -13.49841 -45.39218   0.00000   0.00000   1.72727   0.14773 -60.71329      7.878
  140.000   1.87500   7.50019 -15.54000 -47.58846   0.00000   0.00000   1.81818   0.05682 -60.12574      8.474
  147.000   1.87500   5.00013 -12.29094 -40.38826   0.00000   0.00000   1.90909  -0.03409 -60.54981      6.767
  153.000   1.87500   5.00013 -13.47757 -41.16116   0.00000   0.00000   1.98701  -0.11201 -60.23546      7.576
  160.000   1.87500   5.00013 -14.69248 -41.66792   0.00000   0.00000   2.07792  -0.20292 -59.59634      8.573
  167.000   1.87500   2.50006  -8.25135 -42.26277   0.00000   0.00000   2.16883  -0.29383 -60.52170      2.313
  173.000   1.87500   2.50006  -8.90937 -41.86267   0.00000   0.00000   2.24675  -0.37175 -60.73030      3.310
  180.000   1.87500   2.50006  -9.62394 -41.44079   0.00000   0.00000   2.33766  -0.46266 -60.53925      4.605
  187.000   1.87500   2.50006 -10.27848 -41.03297   0.00000   0.00000   2.42857  -0.55357 -60.14935      5.983
  193.000   1.87500   2.50006 -10.79526 -40.69423   0.00000   0.00000   2.50649  -0.63149 -59.70265      7.140
  200.000   1.87500   2.50006 -11.34274 -40.31075   0.00000   0.00000   2.59740  -0.72240 -59.18650      8.529
    0.000   2.00000   0.00000   0.00000 -77.31921   0.00000   0.00000   0.00000   2.00000 -59.18650      8.529
    7.000   2.00000   0.00000   0.00000 -73.16107   0.00000   0.00000   0.09091   1.90909 -59.18650      8.529
   13.000   2.00000   0.00000   0.00000 -69.69180   0.00000   0.00000   0.16883   1.83117 -59.18650      8.529
   20.000   2.00000   0.00000   0.00000 -65.92862   0.00000   0.00000   0.25974   1.74026 -59.18650      8.529
   27.000   2.00000   0.00000   0.00000 -62.67585   0.00000   0.00000   0.35065   1.64935 -59.18650      8.529
   33.000   2.00000   0.00000   0.00000 -60.34924   0.00000   0.00000   0.42857   1.57143 -59.18650      8.529
   40.000   2.00000   0.00000   0.00000 -58.10400   0.00000   0.00000   0.51948   1.48052 -59.18650      8.529
   47.000   2.00000   2.50006  16.24514 -56.24906   0.00000   0.00000   0.61039   1.38961 -68.25285     -1.510
   53.000   2.00000   2.50006  17.59082 -54.89123   0.00000   0.00000   0.68831   1.31169 -70.15874     -0.576
   60.000   2.00000   2.50006  18.18364 -53.51109   0.00000   0.00000   0.77922   1.22078 -70.86470      1.241
   67.000   2.00000   2.50006  18.51903 -52.30006   0.00000   0.00000   0.87013   1.12987 -70.90091      2.854
   73.000   2.00000   2.50006  18.75699 -51.36789   0.00000   0.00000   0.94805   1.05195 -70.59997      4.313
   80.000   2.00000   2.50006  18.96933 -50.37975   0.00000   0.00000   1.03896   0.96104 -70.17638      5.349
   87.000   2.00000   5.00013  12.90484 -49.47955   0.00000   0.00000   1.12987   0.87013 -69.26200      7.773
   93.000   2.00000   5.00013  13.50383 -48.76638   0.00000   0.00000   1.20779   0.79221 -67.77873      6.134
  100.000   2.00000   7.50019   7.09328 -47.99213   0.00000   0.00000   1.29870   0.70130 -66.36730      9.466
  107.000   2.00000   7.50019  -8.45364 -47.27133   0.00000   0.00000   1.38961   0.61039 -64.89508     11.324
  113.000   2.00000   7.50019  -9.21704 -46.69029   0.00000   0.00000   1.46753   0.53247 -63.97336     10.605
  120.000   2.00000   7.50019 -11.05559 -45.99991   0.00000   0.00000   1.55844   0.44156 -63.06553     10.198
  127.000   2.00000   7.50019 -13.17710 -46.07801   0.00000   0.00000   1.64935   0.35065 -62.13115      9.677
  133.000   2.00000   5.00013  -9.81655 -43.25319   0.00000   0.00000   1.72727   0.27273 -62.34062      6.629
  140.000   2.00000   5.00013 -11.41724 -43.67976   0.00000   0.00000   1.81818   0.18182 -61.88784      6.714
  147.000   2.00000   5.00013 -12.92266 -44.58229   0.00000   0.00000   1.90909   0.09091 -61.21114      7.076
  153.000   2.00000   5.00013 -14.08144 -43.37926   0.00000   0.00000   1.98701   0.01299 -60.53180      7.627
  160.000   2.00000   2.50006  -7.63030 -42.95232   0.00000   0.00000   2.07792  -0.07792 -61.33825      1.212
  167.000   2.00000   2.50006  -8.44841 -42.51486   0.00000   0.00000   2.16883  -0.16883 -61.44602      1.857
  173.000   2.00000   2.50006  -9.10746 -42.13436   0.00000   0.00000   2.24675  -0.24675 -61.24757      2.681
  180.000   2.00000   2.50006  -9.83043 -41.70529   0.00000   0.00000   2.33766  -0.33766 -60.85500      3.765
  187.000   2.00000   2.50006 -10.49139 -41.29138   0.00000   0.00000   2.42857  -0.42857 -60.36639      5.014
  193.000   2.00000   2.50006 -11.00598 -40.94775   0.00000   0.00000   2.50649  -0.50649 -59.87215      6.192
  200.000   2.00000   2.50006 -11.55584 -40.55891   0.00000   0.00000   2.59740  -0.59740 -59.33421      7.493
    0.000   2.13000   0.00000   0.00000 -77.29620   0.00000   0.00000   0.00000   2.13000 -59.33421      7.493
    7.000   2.12500   0.00000   0.00000 -73.42433   0.00000   0.00000   0.09091   2.03409 -59.33421      7.493
   13.000   2.12500   0.00000   0.00000 -70.17535   0.00000   0.00000   0.16883   1.95617 -59.33421      7.493
   20.000   2.12500   0.00000   0.00000 -66.59450   0.00000   0.00000   0.25974   1.86526 -59.33421      7.493
   27.000   2.12500   0.00000   0.00000 -63.41135   0.00000   0.00000   0.35065   1.77435 -59.33421      7.493
   33.000   2.12500   0.00000   0.00000 -61.07592   0.00000   0.00000   0.42857   1.69643 -59.33421      7.493
   40.000   2.12500   0.00000   0.00000 -58.78568   0.00000   0.00000   0.51948   1.60552 -59.33421      7.493
   47.000   2.12500   0.00000   0.00000 -56.87776   0.00000   0.00000   0.61039   1.51461 -59.33421      7.493
   53.000   2.12500   2.50006  16.91534 -55.47736   0.00000   0.00000   0.68831   1.43669 -68.31521     -1.239
   60.000   2.12500   2.50006  17.73421 -54.05355   0.00000   0.00000   0.77922   1.34578 -69.94796      0.379
   67.000   2.12500   2.50006  18.18228 -52.80524   0.00000   0.00000   0.87013   1.25487 -70.45847      2.238
   73.000   2.12500   2.50006  18.41176 -51.84552   0.00000   0.00000   0.94805   1.17695 -70.39944      3.609
   80.000   2.12500   2.50006  18.67649 -50.82950   0.00000   0.00000   1.03896   1.08604 -70.09995      4.793
   87.000   2.12500   2.50006  18.88383 -49.90517   0.00000   0.00000   1.12987   0.99513 -69.63594      5.940
   93.000   2.12500   5.00013  11.19960 -49.17377   0.00000   0.00000   1.20779   0.91721 -68.73268      8.968
  100.000   2.12500   5.00013  12.43392 -48.38060   0.00000   0.00000   1.29870   0.82630 -67.11188      6.741
  107.000   2.12500   7.50019   2.19139 -47.64302   0.00000   0.00000   1.38961   0.73539 -65.63313     12.772
  113.000   2.12500   5.00013  -7.36349 -47.04915   0.00000   0.00000   1.46753   0.65747 -65.02052     10.475
  120.000   2.12500   5.00013  -8.21561 -46.39547   0.00000   0.00000   1.55844   0.56656 -64.31357      9.792
  127.000   2.12500   5.00013  -9.58137 -45.77898   0.00000   0.00000   1.64935   0.47565 -63.56874      9.141
  133.000   2.12500   5.00013 -10.88311 -45.27652   0.00000   0.00000   1.72727   0.39773 -62.87995      8.621
  140.000   2.12500   5.00013 -12.40181 -44.71922   0.00000   0.00000   1.81818   0.30682 -62.13221      8.098
  147.000   2.12500   5.00013 -13.81666 -44.18990   0.00000   0.00000   1.90909   0.21591 -61.36057      7.804
  153.000   2.12500   2.50006  -6.99850 -43.75335   0.00000   0.00000   1.98701   0.13799 -62.09775      1.437
  160.000   2.12500   2.50006  -7.86283 -43.26304   0.00000   0.00000   2.07792   0.04708 -62.17136      1.556
  167.000   2.12500   2.50006  -8.68116 -42.79439   0.00000   0.00000   2.16883  -0.04383 -61.91498      1.836
  173.000   2.12500   2.50006  -9.34603 -42.40749   0.00000   0.00000   2.24675  -0.12175 -61.53623      2.294
  180.000   2.12500   2.50006 -10.06239 -41.97180   0.00000   0.00000   2.33766  -0.21266 -61.05552      3.175
  187.000   2.12500   2.50006 -10.72272 -41.55170   0.00000   0.00000   2.42857  -0.30357 -60.52486      4.284
  193.000   2.12500   2.50006 -11.24021 -41.20308   0.00000   0.00000   2.50649  -0.38149 -60.01136      5.348
  200.000   2.12500   2.50006 -11.78579 -40.80877   0.00000   0.00000   2.59740  -0.47240 -59.46580      6.664
    0.000   2.25000   0.00000   0.00000 -77.27773   0.00000   0.00000   0.00000   2.25000 -59.46580      6.664
    7.000   2.25000   0.00000   0.00000 -73.65410   0.00000   0.00000   0.09091   2.15909 -59.46580      6.664
   13.000   2.25000   0.00000   0.00000 -70.60169   0.00000   0.00000   0.16883   2.08117 -59.46580      6.664
   20.000   2.25000   0.00000   0.00000 -67.19735   0.00000   0.00000   0.25974   1.99026 -59.46580      6.664
   27.000   2.25000   0.00000   0.00000 -64.10192   0.00000   0.00000   0.35065   1.89935 -59.46580      6.664
   33.000   2.25000   0.00000   0.00000 -61.77703   0.00000   0.00000   0.42857   1.82143 -59.46580      6.664
   40.000   2.25000   0.00000   0.00000 -59.45739   0.00000   0.00000   0.51948   1.73052 -59.46580      6.664
   47.000   2.25000   0.00000   0.00000 -57.50461   0.00000   0.00000   0.61039   1.63961 -59.46580      6.664
   53.000   2.25000   2.50006  15.61060 -56.06504   0.00000   0.00000   0.68831   1.56169 -68.37176     -0.851
   60.000   2.25000   2.50006  17.22653 -54.59941   0.00000   0.00000   0.77922   1.47078 -69.95864     -0.389
   67.000   2.25000   2.50006  17.76933 -53.31456   0.00000   0.00000   0.87013   1.37987 -70.47687      1.421
   73.000   2.25000   2.50006  18.09443 -52.32748   0.00000   0.00000   0.94805   1.30195 -70.42770      3.027
   80.000   2.25000   2.50006  18.39019 -51.28356   0.00000   0.00000   1.03896   1.21104 -70.13637      4.297
   87.000   2.25000   2.50006  18.61825 -50.33497   0.00000   0.00000   1.12987   1.12013 -69.67980      5.488
   93.000   2.25000   2.50006  18.77912 -49.58518   0.00000   0.00000   1.20779   1.04221 -69.14175      6.511
  100.000   2.25000   5.00013   9.72153 -48.77290   0.00000   0.00000   1.29870   0.95130 -68.22583      9.748
  107.000   2.25000   5.00013  11.30278 -48.01832   0.00000   0.00000   1.38961   0.86039 -66.42330      7.394
  113.000   2.25000   5.00013  11.23990 -47.41131   0.00000   0.00000   1.46753   0.78247 -65.53004      6.637
  120.000   2.25000   2.50006  -3.11674 -46.74371   0.00000   0.00000   1.55844   0.69156 -65.62997      5.677
  127.000   2.25000   5.00013 -12.62706 -46.11470   0.00000   0.00000   1.64935   0.60065 -64.05295     11.745
  133.000   2.25000   5.00013 -13.09559 -45.60282   0.00000   0.00000   1.72727   0.52273 -63.09235     10.910
  140.000   2.25000   2.50006  -5.63422 -45.03410   0.00000   0.00000   1.81818   0.43182 -63.55844      2.996
  147.000   2.25000   2.50006  -6.53838 -44.49297   0.00000   0.00000   1.90909   0.34091 -63.49628      2.493
  153.000   2.25000   2.50006  -7.29309 -44.04900   0.00000   0.00000   1.98701   0.26299 -63.21342      2.243
  160.000   2.25000   2.50006  -8.15218 -43.55210   0.00000   0.00000   2.07792   0.17208 -62.77900      2.172
  167.000   2.25000   2.50006  -8.96609 -43.07589   0.00000   0.00000   2.16883   0.08117 -62.27015      2.250
  173.000   2.25000   2.50006  -9.61941 -42.68278   0.00000   0.00000   2.24675   0.00325 -61.76703      2.418
  180.000   2.25000   2.50006 -10.33884 -42.24032   0.00000   0.00000   2.33766  -0.08766 -61.22618      2.857
  187.000   2.25000   2.50006 -10.99462 -41.81390   0.00000   0.00000   2.42857  -0.17857 -60.66744      3.665
  193.000   2.25000   2.50006 -11.50737 -41.46021   0.00000   0.00000   2.50649  -0.25649 -60.14165      4.582
  200.000   2.25000   2.50006 -12.05032 -41.06034   0.00000   0.00000   2.59740  -0.34740 -59.59199      5.743
    0.000   2.38000   0.00000   0.00000 -77.26015   0.00000   0.00000   0.00000   2.38000 -59.59199      5.743
    7.000   2.37500   0.00000   0.00000 -73.85634   0.00000   0.00000   0.09091   2.28409 -59.59199      5.743
   13.000   2.37500   0.00000   0.00000 -70.97974   0.00000   0.00000   0.16883   2.20617 -59.59199      5.743
   20.000   2.37500   0.00000   0.00000 -67.74278   0.00000   0.00000   0.25974   2.11526 -59.59199      5.743
   27.000   2.37500   0.00000   0.00000 -64.74605   0.00000   0.00000   0.35065   2.02435 -59.59199      5.743
   33.000   2.37500   0.00000   0.00000 -62.44807   0.00000   0.00000   0.42857   1.94643 -59.59199      5.743
   40.000   2.37500   0.00000   0.00000 -60.11479   0.00000   0.00000   0.51948   1.85552 -59.59199      5.743
   47.000   2.37500   0.00000   0.00000 -58.12652   0.00000   0.00000   0.61039   1.76461 -59.59199      5.743
   53.000   2.37500   0.00000   0.00000 -56.65213   0.00000   0.00000   0.68831   1.68669 -59.59199      5.743
   60.000   2.37500   2.50006  16.59021 -55.14728   0.00000   0.00000   0.77922   1.59578 -68.42607     -0.997
   67.000   2.37500   2.50006  17.37077 -53.82706   0.00000   0.00000   0.87013   1.50487 -69.71715      0.786
   73.000   2.37500   2.50006  17.72080 -52.81308   0.00000   0.00000   0.94805   1.42695 -70.06501      2.338
   80.000   2.37500   2.50006  18.04915 -51.74145   0.00000   0.00000   1.03896   1.33604 -69.97620      3.602
   87.000   2.37500   2.50006  18.32050 -50.76859   0.00000   0.00000   1.12987   1.24513 -69.62389      4.950
   93.000   2.37500   2.50006  18.50550 -50.00033   0.00000   0.00000   1.20779   1.16721 -69.14102      6.049
  100.000   2.37500   2.50006  18.67529 -49.16880   0.00000   0.00000   1.29870   1.07630 -68.63755      6.830
  107.000   2.37500   5.00013   7.64608 -48.39707   0.00000   0.00000   1.38961   0.98539 -67.69425     10.962
  113.000   2.37500   5.00013  10.01525 -47.77677   0.00000   0.00000   1.46753   0.90747 -65.67180      8.316
  120.000   2.37500   2.50006  -4.00590 -47.09510   0.00000   0.00000   1.55844   0.81656 -65.73854      7.347
  127.000   2.37500   2.50006  -4.59910 -46.45332   0.00000   0.00000   1.64935   0.72565 -65.47382      6.432
  133.000   2.37500   2.50006  -5.24204 -45.93141   0.00000   0.00000   1.72727   0.64773 -65.08779      5.478
  140.000   2.37500   2.50006  -6.07879 -45.35192   0.00000   0.00000   1.81818   0.55682 -64.59998      4.535
  147.000   2.37500   2.50006  -6.93181 -44.80091   0.00000   0.00000   1.90909   0.46591 -64.06262      3.768
  153.000   2.37500   2.50006  -7.66922 -44.34909   0.00000   0.00000   1.98701   0.38799 -63.54314      3.335
  160.000   2.37500   2.50006  -8.50471 -43.84368   0.00000   0.00000   2.07792   0.29708 -62.99301      3.018
  167.000   2.37500   2.50006  -9.30015 -43.35959   0.00000   0.00000   2.16883   0.20617 -62.42809      2.865
  173.000   2.37500   2.50006  -9.95340 -42.96017   0.00000   0.00000   2.24675   0.12825 -61.89818      2.901
  180.000   2.37500   2.50006 -10.65871 -42.51083   0.00000   0.00000   2.33766   0.03734 -61.34605      3.038
  187.000   2.37500   2.50006 -11.31177 -42.07801   0.00000   0.00000   2.42857  -0.05357 -60.78369      3.415
  193.000   2.37500   2.50006 -11.81479 -41.71916   0.00000   0.00000   2.50649  -0.13149 -60.25779      4.038
  200.000   2.37500   2.50006 -12.34308 -41.31362   0.00000   0.00000   2.59740  -0.22240 -59.71020      5.073
    0.000   2.50000   0.00000   0.00000 -77.24579   0.00000   0.00000   0.00000   2.50000 -59.71020      5.073
    7.000   2.50000   0.00000   0.00000 -74.03567   0.00000   0.00000   0.09091   2.40909 -59.71020      5.073
   13.000   2.50000   0.00000   0.00000 -71.31685   0.00000   0.00000   0.16883   2.33117 -59.71020      5.073
   20.000   2.50000   0.00000   0.00000 -68.23665   0.00000   0.00000   0.25974   2.24026 -59.71020      5.073
   27.000   2.50000   0.00000   0.00000 -65.34411   0.00000   0.00000   0.35065   2.14935 -59.71020      5.073
   33.000   2.50000   0.00000   0.00000 -63.08595   0.00000   0.00000   0.42857   2.07143 -59.71020      5.073
   40.000   2.50000   0.00000   0.00000 -60.75395   0.00000   0.00000   0.51948   1.98052 -59.71020      5.073
   47.000   2.50000   0.00000   0.00000 -58.74036   0.00000   0.00000   0.61039   1.88961 -59.71020      5.073
   53.000   2.50000   0.00000   0.00000 -57.23630   0.00000   0.00000   0.68831   1.81169 -59.71020      5.073
   60.000   2.50000   2.50006  15.47994 -55.69558   0.00000   0.00000   0.77922   1.72078 -68.47800     -1.059
   67.000   2.50000   2.50006  16.86220 -54.34170   0.00000   0.00000   0.87013   1.62987 -69.73245      0.029
   73.000   2.50000   2.50006  17.34727 -53.30155   0.00000   0.00000   0.94805   1.55195 -70.08643      1.729
   80.000   2.50000   2.50006  17.72118 -52.20261   0.00000   0.00000   1.03896   1.46104 -70.00636      3.026
   87.000   2.50000   2.50006  17.99998 -51.20563   0.00000   0.00000   1.12987   1.37013 -69.66246      4.332
   93.000   2.50000   2.50006  18.20329 -50.41890   0.00000   0.00000   1.20779   1.29221 -69.18668      5.494
  100.000   2.50000   2.50006  18.39744 -49.56806   0.00000   0.00000   1.29870   1.20130 -68.68894      6.346
  107.000   2.50000   2.50006  18.58382 -48.77907   0.00000   0.00000   1.38961   1.11039 -68.13784      7.298
  113.000   2.50000   2.50006  18.75323 -48.14539   0.00000   0.00000   1.46753   1.03247 -67.56193      8.235
  120.000   2.50000   5.00013   8.64685 -47.44950   0.00000   0.00000   1.55844   0.94156 -66.63843      9.178
  127.000   2.50000   2.50006  -5.69051 -46.79483   0.00000   0.00000   1.64935   0.85065 -65.96292      8.130
  133.000   2.50000   2.50006  -6.05766 -46.26278   0.00000   0.00000   1.72727   0.77273 -65.37319      7.379
  140.000   2.50000   2.50006  -6.71696 -45.67239   0.00000   0.00000   1.81818   0.68182 -64.78520      6.322
  147.000   2.50000   2.50006  -7.48164 -45.11136   0.00000   0.00000   1.90909   0.59091 -64.19970      5.385
  153.000   2.50000   2.50006  -8.15959 -44.65159   0.00000   0.00000   1.98701   0.51299 -63.65843      4.713
  160.000   2.50000   2.50006  -8.94835 -44.13756   0.00000   0.00000   2.07792   0.42208 -63.09846      4.088
  167.000   2.50000   2.50006  -9.72217 -43.64547   0.00000   0.00000   2.16883   0.33117 -62.53118      3.738
  173.000   2.50000   2.50006 -10.35309 -43.23966   0.00000   0.00000   2.24675   0.25325 -62.00171      3.561
  180.000   2.50000   2.50006 -11.04803 -42.78333   0.00000   0.00000   2.33766   0.16234 -61.45116      3.554
  187.000   2.50000   2.50006 -11.67977 -42.34399   0.00000   0.00000   2.42857   0.07143 -60.89158      3.648
  193.000   2.50000   2.50006 -12.16936 -41.97990   0.00000   0.00000   2.50649  -0.00649 -60.36879      3.882
  200.000   2.50000   2.50006 -12.68342 -41.56862   0.00000   0.00000   2.59740  -0.09740 -59.82496      4.546
