    0.050   -70.154
    0.100   -69.909
    0.150   -69.665
    0.200   -69.422
    0.250   -69.181
    0.300   -68.941
    0.350   -68.702
    0.400   -68.464
    0.450   -68.227
    0.500   -67.992
    0.550   -67.758
    0.600   -67.525
    0.650   -67.293
    0.700   -67.062
    0.750   -66.833
    0.800   -66.604
    0.850   -66.377
    0.900   -66.151
    0.950   -65.926
    1.000   -65.703
    1.050   -65.480
    1.100   -65.259
    1.150   -65.038
    1.200   -64.819
    1.250   -64.601
    1.300   -64.384
    1.350   -64.168
    1.400   -63.953
    1.450   -63.739
    1.500   -63.527
    1.550   -63.315
    1.600   -63.105
    1.650   -62.895
    1.700   -62.687
    1.750   -62.480
    1.800   -62.273
    1.850   -62.068
    1.900   -61.864
    1.950   -61.661
    2.000   -61.459
    2.050   -61.258
    2.100   -61.058
    2.150   -60.859
    2.200   -60.662
    2.250   -60.465
    2.300   -60.269
    2.350   -60.074
    2.400   -59.880
    2.450   -59.687
    2.500   -59.496
    2.550   -59.305
    2.600   -59.115
    2.650   -58.926
    2.700   -58.739
    2.750   -58.552
    2.800   -58.366
    2.850   -58.181
    2.900   -57.997
    2.950   -57.814
    3.000   -57.632
    3.050   -57.452
    3.100   -57.272
    3.150   -57.093
    3.200   -56.915
    3.250   -56.737
    3.300   -56.561
    3.350   -56.386
    3.400   -56.212
    3.450   -56.039
    3.500   -55.866
    3.550   -55.695
    3.600   -55.524
    3.650   -55.355
    3.700   -55.186
    3.750   -55.019
    3.800   -54.852
    3.850   -54.686
    3.900   -54.522
    3.950   -54.358
    4.000   -54.195
    4.050   -54.033
    4.100   -53.872
    4.150   -53.711
    4.200   -53.552
    4.250   -53.394
    4.300   -53.236
    4.350   -53.080
    4.400   -52.924
    4.450   -52.770
    4.500   -52.616
    4.550   -52.463
    4.600   -52.311
    4.650   -52.160
    4.700   -52.010
    4.750   -51.861
    4.800   -51.713
    4.850   -51.566
    4.900   -51.420
    4.950   -51.274
    5.000   -51.130
    5.050   -50.986
    5.100   -50.843
    5.150   -50.702
    5.200   -50.561
    5.250   -50.421
    5.300   -50.282
    5.350   -50.144
    5.400   -50.007
    5.450   -49.871
    5.500   -49.735
    5.550   -49.601
    5.600   -49.468
    5.650   -49.335
    5.700   -49.204
    5.750   -49.073
    5.800   -48.943
    5.850   -48.815
    5.900   -70.613
    5.950   -70.785
    6.000   -70.921
    6.050   -71.027
    6.100   -71.105
    6.150   -71.159
    6.200   -71.191
    6.250   -71.204
    6.300   -71.199
    6.350   -71.179
    6.400   -71.145
    6.450   -71.098
    6.500   -71.039
    6.550   -70.970
    6.600   -70.891
    6.650   -70.803
    6.700   -70.707
    6.750   -70.604
    6.800   -70.493
    6.850   -70.377
    6.900   -70.254
    6.950   -70.126
    7.000   -69.993
    7.050   -69.856
    7.100   -69.714
    7.150   -69.568
    7.200   -69.419
    7.250   -69.266
    7.300   -69.110
    7.350   -68.951
    7.400   -68.789
    7.450   -68.625
    7.500   -68.458
    7.550   -68.289
    7.600   -68.118
    7.650   -67.946
    7.700   -67.772
    7.750   -67.596
    7.800   -67.419
    7.850   -67.240
    7.900   -67.061
    7.950   -66.880
    8.000   -66.698
    8.050   -66.516
    8.100   -66.333
    8.150   -66.149
    8.200   -65.964
    8.250   -65.779
    8.300   -65.593
    8.350   -65.407
    8.400   -65.221
    8.450   -65.034
    8.500   -64.848
    8.550   -64.661
    8.600   -64.474
    8.650   -64.287
    8.700   -64.100
    8.750   -63.913
    8.800   -63.726
    8.850   -63.539
    8.900   -63.352
    8.950   -63.166
    9.000   -62.980
    9.050   -62.794
    9.100   -62.608
    9.150   -62.423
    9.200   -62.238
    9.250   -62.053
    9.300   -61.869
    9.350   -61.686
    9.400   -61.502
    9.450   -61.320
    9.500   -61.137
    9.550   -60.955
    9.600   -60.774
    9.650   -60.593
    9.700   -60.413
    9.750   -60.234
    9.800   -60.054
    9.850   -59.876
    9.900   -59.698
    9.950   -59.521
   10.000   -59.344
   10.050   -59.169
   10.100   -58.993
   10.150   -58.819
   10.200   -58.645
   10.250   -58.471
   10.300   -58.299
   10.350   -58.127
   10.400   -57.956
   10.450   -57.785
   10.500   -57.616
   10.550   -57.447
   10.600   -57.278
   10.650   -57.111
   10.700   -56.944
   10.750   -56.778
   10.800   -56.613
   10.850   -56.448
   10.900   -56.284
   10.950   -56.121
   11.000   -55.959
   11.050   -55.798
   11.100   -55.637
   11.150   -55.477
   11.200   -55.318
   11.250   -55.159
   11.300   -55.002
   11.350   -54.845
   11.400   -54.689
   11.450   -54.534
   11.500   -54.379
   11.550   -54.226
   11.600   -54.073
   11.650   -53.921
   11.700   -53.770
   11.750   -53.619
   11.800   -53.470
   11.850   -53.321
   11.900   -53.173
   11.950   -53.026
   12.000   -52.879
   12.050   -52.734
   12.100   -52.589
   12.150   -52.445
   12.200   -52.302
   12.250   -52.160
   12.300   -52.018
   12.350   -51.878
   12.400   -51.738
   12.450   -51.599
   12.500   -51.461
   12.550   -51.323
   12.600   -51.187
   12.650   -51.051
   12.700   -50.917
   12.750   -50.783
   12.800   -50.649
   12.850   -50.517
   12.900   -50.386
   12.950   -50.255
   13.000   -50.125
   13.050   -49.997
   13.100   -49.868
   13.150   -49.741
   13.200   -49.615
   13.250   -49.489
   13.300   -49.365
   13.350   -49.241
   13.400   -70.613
   13.450   -70.785
   13.500   -70.921
   13.550   -71.027
   13.600   -71.105
   13.650   -71.159
   13.700   -71.191
   13.750   -71.204
   13.800   -71.199
   13.850   -71.179
   13.900   -71.145
   13.950   -71.098
   14.000   -71.039
   14.050   -70.970
   14.100   -70.891
   14.150   -70.803
   14.200   -70.707
   14.250   -70.604
   14.300   -70.493
   14.350   -70.377
   14.400   -70.254
   14.450   -70.126
   14.500   -69.993
   14.550   -69.856
   14.600   -69.714
   14.650   -69.568
   14.700   -69.419
   14.750   -69.266
   14.800   -69.110
   14.850   -68.951
   14.900   -68.789
   14.950   -68.625
   15.000   -68.458
   15.050   -68.289
   15.100   -68.118
   15.150   -67.946
   15.200   -67.772
   15.250   -67.596
   15.300   -67.419
   15.350   -67.240
   15.400   -67.061
   15.450   -66.880
   15.500   -66.698
   15.550   -66.516
   15.600   -66.333
   15.650   -66.149
   15.700   -65.964
   15.750   -65.779
   15.800   -65.593
   15.850   -65.407
   15.900   -65.221
   15.950   -65.034
   16.000   -64.848
   16.050   -64.661
   16.100   -64.474
   16.150   -64.287
   16.200   -64.100
   16.250   -63.913
   16.300   -63.726
   16.350   -63.539
   16.400   -63.352
   16.450   -63.166
   16.500   -62.980
   16.550   -62.794
   16.600   -62.608
   16.650   -62.423
   16.700   -62.238
   16.750   -62.053
   16.800   -61.869
   16.850   -61.686
   16.900   -61.502
   16.950   -61.320
   17.000   -61.137
   17.050   -60.955
   17.100   -60.774
   17.150   -60.593
   17.200   -60.413
   17.250   -60.234
   17.300   -60.054
   17.350   -59.876
   17.400   -59.698
   17.450   -59.521
   17.500   -59.344
   17.550   -59.169
   17.600   -58.993
   17.650   -58.819
   17.700   -58.645
   17.750   -58.471
   17.800   -58.299
   17.850   -58.127
   17.900   -57.956
   17.950   -57.785
   18.000   -57.616
   18.050   -57.447
   18.100   -57.278
   18.150   -57.111
   18.200   -56.944
   18.250   -56.778
   18.300   -56.613
   18.350   -56.448
   18.400   -56.284
   18.450   -56.121
   18.500   -55.959
   18.550   -55.798
   18.600   -55.637
   18.650   -55.477
   18.700   -55.318
   18.750   -55.159
   18.800   -55.002
   18.850   -54.845
   18.900   -54.689
   18.950   -54.534
   19.000   -54.379
   19.050   -54.226
   19.100   -54.073
   19.150   -53.921
   19.200   -53.770
   19.250   -53.619
   19.300   -53.470
   19.350   -53.321
   19.400   -53.173
   19.450   -53.026
   19.500   -52.879
   19.550   -52.734
   19.600   -52.589
   19.650   -52.445
   19.700   -52.302
   19.750   -52.160
   19.800   -52.018
   19.850   -51.878
   19.900   -51.738
   19.950   -51.599
   20.000   -51.461
   20.050   -51.323
   20.100   -51.187
   20.150   -51.051
   20.200   -50.917
   20.250   -50.783
   20.300   -50.649
   20.350   -50.517
   20.400   -50.386
   20.450   -50.255
   20.500   -50.125
   20.550   -49.997
   20.600   -49.868
   20.650   -49.741
   20.700   -49.615
   20.750   -49.489
   20.800   -49.365
   20.850   -49.241
   20.900   -70.613
   20.950   -70.785
   21.000   -70.921
   21.050   -71.027
   21.100   -71.105
   21.150   -71.159
   21.200   -71.191
   21.250   -71.204
   21.300   -71.199
   21.350   -71.179
   21.400   -71.145
   21.450   -71.098
   21.500   -71.039
   21.550   -70.970
   21.600   -70.891
   21.650   -70.803
   21.700   -70.707
   21.750   -70.604
   21.800   -70.493
   21.850   -70.377
   21.900   -70.254
   21.950   -70.126
   22.000   -69.993
   22.050   -69.856
   22.100   -69.714
   22.150   -69.568
   22.200   -69.419
   22.250   -69.266
   22.300   -69.110
   22.350   -68.951
   22.400   -68.789
   22.450   -68.625
   22.500   -68.458
   22.550   -68.289
   22.600   -68.118
   22.650   -67.946
   22.700   -67.772
   22.750   -67.596
   22.800   -67.419
   22.850   -67.240
   22.900   -67.061
   22.950   -66.880
   23.000   -66.698
   23.050   -66.516
   23.100   -66.333
   23.150   -66.149
   23.200   -65.964
   23.250   -65.779
   23.300   -65.593
   23.350   -65.407
   23.400   -65.221
   23.450   -65.034
   23.500   -64.848
   23.550   -64.661
   23.600   -64.474
   23.650   -64.287
   23.700   -64.100
   23.750   -63.913
   23.800   -63.726
   23.850   -63.539
   23.900   -63.352
   23.950   -63.166
   24.000   -62.980
   24.050   -62.794
   24.100   -62.608
   24.150   -62.423
   24.200   -62.238
   24.250   -62.053
   24.300   -61.869
   24.350   -61.686
   24.400   -61.502
   24.450   -61.320
   24.500   -61.137
   24.550   -60.955
   24.600   -60.774
   24.650   -60.593
   24.700   -60.413
   24.750   -60.234
   24.800   -60.054
   24.850   -59.876
   24.900   -59.698
   24.950   -59.521
   25.000   -59.344
   25.050   -59.169
   25.100   -58.993
   25.150   -58.819
   25.200   -58.645
   25.250   -58.471
   25.300   -58.299
   25.350   -58.127
   25.400   -57.956
   25.450   -57.785
   25.500   -57.616
   25.550   -57.447
   25.600   -57.278
   25.650   -57.111
   25.700   -56.944
   25.750   -56.778
   25.800   -56.613
   25.850   -56.448
   25.900   -56.284
   25.950   -56.121
   26.000   -55.959
   26.050   -55.798
   26.100   -55.637
   26.150   -55.477
   26.200   -55.318
   26.250   -55.159
   26.300   -55.002
   26.350   -54.845
   26.400   -54.689
   26.450   -54.534
   26.500   -54.379
   26.550   -54.226
   26.600   -54.073
   26.650   -53.921
   26.700   -53.770
   26.750   -53.619
   26.800   -53.470
   26.850   -53.321
   26.900   -53.173
   26.950   -53.026
   27.000   -52.879
   27.050   -52.734
   27.100   -52.589
   27.150   -52.445
   27.200   -52.302
   27.250   -52.160
   27.300   -52.018
   27.350   -51.878
   27.400   -51.738
   27.450   -51.599
   27.500   -51.461
   27.550   -51.323
   27.600   -51.187
   27.650   -51.051
   27.700   -50.917
   27.750   -50.783
   27.800   -50.649
   27.850   -50.517
   27.900   -50.386
   27.950   -50.255
   28.000   -50.125
   28.050   -49.997
   28.100   -49.868
   28.150   -49.741
   28.200   -49.615
   28.250   -49.489
   28.300   -49.365
   28.350   -49.241
   28.400   -70.613
   28.450   -70.785
   28.500   -70.921
   28.550   -71.027
   28.600   -71.105
   28.650   -71.159
   28.700   -71.191
   28.750   -71.204
   28.800   -71.199
   28.850   -71.179
   28.900   -71.145
   28.950   -71.098
   29.000   -71.039
   29.050   -70.970
   29.100   -70.891
   29.150   -70.803
   29.200   -70.707
   29.250   -70.604
   29.300   -70.493
   29.350   -70.377
   29.400   -70.254
   29.450   -70.126
   29.500   -69.993
   29.550   -69.856
   29.600   -69.714
   29.650   -69.568
   29.700   -69.419
   29.750   -69.266
   29.800   -69.110
   29.850   -68.951
   29.900   -68.789
   29.950   -68.625
   30.000   -68.458
   30.050   -68.289
   30.100   -68.118
   30.150   -67.946
   30.200   -67.772
   30.250   -67.596
   30.300   -67.419
   30.350   -67.240
   30.400   -67.061
   30.450   -66.880
   30.500   -66.698
   30.550   -66.516
   30.600   -66.333
   30.650   -66.149
   30.700   -65.964
   30.750   -65.779
   30.800   -65.593
   30.850   -65.407
   30.900   -65.221
   30.950   -65.034
   31.000   -64.848
   31.050   -64.661
   31.100   -64.474
   31.150   -64.287
   31.200   -64.100
   31.250   -63.913
   31.300   -63.726
   31.350   -63.539
   31.400   -63.352
   31.450   -63.166
   31.500   -62.980
   31.550   -62.794
   31.600   -62.608
   31.650   -62.423
   31.700   -62.238
   31.750   -62.053
   31.800   -61.869
   31.850   -61.686
   31.900   -61.502
   31.950   -61.320
   32.000   -61.137
   32.050   -60.955
   32.100   -60.774
   32.150   -60.593
   32.200   -60.413
   32.250   -60.234
   32.300   -60.054
   32.350   -59.876
   32.400   -59.698
   32.450   -59.521
   32.500   -59.344
   32.550   -59.169
   32.600   -58.993
   32.650   -58.819
   32.700   -58.645
   32.750   -58.471
   32.800   -58.299
   32.850   -58.127
   32.900   -57.956
   32.950   -57.785
   33.000   -57.616
   33.050   -57.447
   33.100   -57.278
   33.150   -57.111
   33.200   -56.944
   33.250   -56.778
   33.300   -56.613
   33.350   -56.448
   33.400   -56.284
   33.450   -56.121
   33.500   -55.959
   33.550   -55.798
   33.600   -55.637
   33.650   -55.477
   33.700   -55.318
   33.750   -55.159
   33.800   -55.002
   33.850   -54.845
   33.900   -54.689
   33.950   -54.534
   34.000   -54.379
   34.050   -54.226
   34.100   -54.073
   34.150   -53.921
   34.200   -53.770
   34.250   -53.619
   34.300   -53.470
   34.350   -53.321
   34.400   -53.173
   34.450   -53.026
   34.500   -52.879
   34.550   -52.734
   34.600   -52.589
   34.650   -52.445
   34.700   -52.302
   34.750   -52.160
   34.800   -52.018
   34.850   -51.878
   34.900   -51.738
   34.950   -51.599
   35.000   -51.461
   35.050   -51.323
   35.100   -51.187
   35.150   -51.051
   35.200   -50.917
   35.250   -50.783
   35.300   -50.649
   35.350   -50.517
   35.400   -50.386
   35.450   -50.255
   35.500   -50.125
   35.550   -49.997
   35.600   -49.868
   35.650   -49.741
   35.700   -49.615
   35.750   -49.489
   35.800   -49.365
   35.850   -49.241
   35.900   -70.613
   35.950   -70.785
   36.000   -70.921
   36.050   -71.027
   36.100   -71.105
   36.150   -71.159
   36.200   -71.191
   36.250   -71.204
   36.300   -71.199
   36.350   -71.179
   36.400   -71.145
   36.450   -71.098
   36.500   -71.039
   36.550   -70.970
   36.600   -70.891
   36.650   -70.803
   36.700   -70.707
   36.750   -70.604
   36.800   -70.493
   36.850   -70.377
   36.900   -70.254
   36.950   -70.126
   37.000   -69.993
   37.050   -69.856
   37.100   -69.714
   37.150   -69.568
   37.200   -69.419
   37.250   -69.266
   37.300   -69.110
   37.350   -68.951
   37.400   -68.789
   37.450   -68.625
   37.500   -68.458
   37.550   -68.289
   37.600   -68.118
   37.650   -67.946
   37.700   -67.772
   37.750   -67.596
   37.800   -67.419
   37.850   -67.240
   37.900   -67.061
   37.950   -66.880
   38.000   -66.698
   38.050   -66.516
   38.100   -66.333
   38.150   -66.149
   38.200   -65.964
   38.250   -65.779
   38.300   -65.593
   38.350   -65.407
   38.400   -65.221
   38.450   -65.034
   38.500   -64.848
   38.550   -64.661
   38.600   -64.474
   38.650   -64.287
   38.700   -64.100
   38.750   -63.913
   38.800   -63.726
   38.850   -63.539
   38.900   -63.352
   38.950   -63.166
   39.000   -62.980
   39.050   -62.794
   39.100   -62.608
   39.150   -62.423
   39.200   -62.238
   39.250   -62.053
   39.300   -61.869
   39.350   -61.686
   39.400   -61.502
   39.450   -61.320
   39.500   -61.137
   39.550   -60.955
   39.600   -60.774
   39.650   -60.593
   39.700   -60.413
   39.750   -60.234
   39.800   -60.054
   39.850   -59.876
   39.900   -59.698
   39.950   -59.521
