    0.050   -70.254
    0.100   -70.108
    0.150   -69.963
    0.200   -69.819
    0.250   -69.676
    0.300   -69.533
    0.350   -69.391
    0.400   -69.250
    0.450   -69.109
    0.500   -68.970
    0.550   -68.831
    0.600   -68.692
    0.650   -68.554
    0.700   -68.417
    0.750   -68.281
    0.800   -68.145
    0.850   -68.010
    0.900   -67.876
    0.950   -67.743
    1.000   -67.610
    1.050   -67.477
    1.100   -67.346
    1.150   -67.215
    1.200   -67.085
    1.250   -66.955
    1.300   -66.826
    1.350   -66.698
    1.400   -66.570
    1.450   -66.443
    1.500   -66.317
    1.550   -66.191
    1.600   -66.066
    1.650   -65.942
    1.700   -65.818
    1.750   -65.695
    1.800   -65.572
    1.850   -65.451
    1.900   -65.329
    1.950   -65.209
    2.000   -65.089
    2.050   -64.969
    2.100   -64.850
    2.150   -64.732
    2.200   -64.614
    2.250   -64.497
    2.300   -64.381
    2.350   -64.265
    2.400   -64.150
    2.450   -64.035
    2.500   -63.921
    2.550   -63.808
    2.600   -63.695
    2.650   -63.583
    2.700   -63.471
    2.750   -63.360
    2.800   -63.249
    2.850   -63.139
    2.900   -63.030
    2.950   -62.921
    3.000   -62.813
    3.050   -62.705
    3.100   -62.598
    3.150   -62.491
    3.200   -62.385
    3.250   -62.279
    3.300   -62.174
    3.350   -62.070
    3.400   -61.966
    3.450   -61.863
    3.500   -61.760
    3.550   -61.658
    3.600   -61.556
    3.650   -61.455
    3.700   -61.354
    3.750   -61.254
    3.800   -61.154
    3.850   -61.055
    3.900   -60.957
    3.950   -60.859
    4.000   -60.761
    4.050   -60.664
    4.100   -60.568
    4.150   -60.472
    4.200   -60.376
    4.250   -60.281
    4.300   -60.187
    4.350   -60.093
    4.400   -59.999
    4.450   -59.906
    4.500   -59.814
    4.550   -59.722
    4.600   -59.631
    4.650   -59.540
    4.700   -59.449
    4.750   -59.359
    4.800   -59.270
    4.850   -59.181
    4.900   -59.092
    4.950   -59.004
    5.000   -58.916
    5.050   -58.829
    5.100   -58.743
    5.150   -58.657
    5.200   -58.571
    5.250   -58.486
    5.300   -58.401
    5.350   -58.317
    5.400   -58.233
    5.450   -58.150
    5.500   -58.067
    5.550   -57.984
    5.600   -57.902
    5.650   -57.821
    5.700   -57.740
    5.750   -57.659
    5.800   -57.579
    5.850   -57.500
    5.900   -57.420
    5.950   -57.342
    6.000   -57.263
    6.050   -57.185
    6.100   -57.108
    6.150   -57.031
    6.200   -56.954
    6.250   -56.878
    6.300   -56.803
    6.350   -56.727
    6.400   -56.653
    6.450   -56.578
    6.500   -56.504
    6.550   -56.431
    6.600   -56.358
    6.650   -56.285
    6.700   -56.213
    6.750   -56.141
    6.800   -56.070
    6.850   -55.999
    6.900   -55.928
    6.950   -55.858
    7.000   -55.788
    7.050   -55.719
    7.100   -55.650
    7.150   -55.582
    7.200   -55.514
    7.250   -55.446
    7.300   -55.379
    7.350   -55.312
    7.400   -55.246
    7.450   -55.180
    7.500   -55.114
    7.550   -55.049
    7.600   -54.984
    7.650   -54.920
    7.700   -54.856
    7.750   -54.793
    7.800   -54.729
    7.850   -54.667
    7.900   -54.604
    7.950   -54.542
    8.000   -54.481
    8.050   -70.713
    8.100   -70.980
    8.150   -71.207
    8.200   -71.400
    8.250   -71.563
    8.300   -71.698
    8.350   -71.810
    8.400   -71.901
    8.450   -71.973
    8.500   -72.028
    8.550   -72.068
    8.600   -72.095
    8.650   -72.109
    8.700   -72.112
    8.750   -72.105
    8.800   -72.089
    8.850   -72.065
    8.900   -72.032
    8.950   -71.993
    9.000   -71.947
    9.050   -71.895
    9.100   -71.838
    9.150   -71.776
    9.200   -71.709
    9.250   -71.638
    9.300   -71.563
    9.350   -71.485
    9.400   -71.403
    9.450   -71.318
    9.500   -71.230
    9.550   -71.139
    9.600   -71.046
    9.650   -70.950
    9.700   -70.853
    9.750   -70.753
    9.800   -70.652
    9.850   -70.549
    9.900   -70.444
    9.950   -70.338
   10.000   -70.231
   10.050   -70.123
   10.100   -70.013
   10.150   -69.903
   10.200   -69.791
   10.250   -69.679
   10.300   -69.566
   10.350   -69.452
   10.400   -69.338
   10.450   -69.223
   10.500   -69.107
   10.550   -68.991
   10.600   -68.875
   10.650   -68.758
   10.700   -68.642
   10.750   -68.524
   10.800   -68.407
   10.850   -68.290
   10.900   -68.172
   10.950   -68.054
   11.000   -67.937
   11.050   -67.819
   11.100   -67.701
   11.150   -67.583
   11.200   -67.465
   11.250   -67.348
   11.300   -67.230
   11.350   -67.113
   11.400   -66.996
   11.450   -66.879
   11.500   -66.762
   11.550   -66.645
   11.600   -66.529
   11.650   -66.413
   11.700   -66.297
   11.750   -66.181
   11.800   -66.066
   11.850   -65.950
   11.900   -65.836
   11.950   -65.721
   12.000   -65.607
   12.050   -65.493
   12.100   -65.380
   12.150   -65.266
   12.200   -65.154
   12.250   -65.041
   12.300   -64.929
   12.350   -64.818
   12.400   -64.706
   12.450   -64.595
   12.500   -64.485
   12.550   -64.375
   12.600   -64.265
   12.650   -64.156
   12.700   -64.047
   12.750   -63.939
   12.800   -63.831
   12.850   -63.723
   12.900   -63.616
   12.950   -63.509
   13.000   -63.403
   13.050   -63.297
   13.100   -63.192
   13.150   -63.087
   13.200   -62.982
   13.250   -62.878
   13.300   -62.775
   13.350   -62.671
   13.400   -62.569
   13.450   -62.466
   13.500   -62.365
   13.550   -62.263
   13.600   -62.162
   13.650   -62.062
   13.700   -61.962
   13.750   -61.862
   13.800   -61.763
   13.850   -61.665
   13.900   -61.566
   13.950   -61.469
   14.000   -61.371
   14.050   -61.275
   14.100   -61.178
   14.150   -61.082
   14.200   -60.987
   14.250   -60.892
   14.300   -60.797
   14.350   -60.703
   14.400   -60.610
   14.450   -60.517
   14.500   -60.424
   14.550   -60.332
   14.600   -60.240
   14.650   -60.148
   14.700   -60.057
   14.750   -59.967
   14.800   -59.877
   14.850   -59.787
   14.900   -59.698
   14.950   -59.610
   15.000   -59.521
   15.050   -59.433
   15.100   -59.346
   15.150   -59.259
   15.200   -59.173
   15.250   -59.087
   15.300   -59.001
   15.350   -58.916
   15.400   -58.831
   15.450   -58.747
   15.500   -58.663
   15.550   -58.580
   15.600   -58.497
   15.650   -58.414
   15.700   -58.332
   15.750   -58.250
   15.800   -58.169
   15.850   -58.088
   15.900   -58.008
   15.950   -57.928
   16.000   -57.848
   16.050   -57.769
   16.100   -57.691
   16.150   -57.612
   16.200   -57.534
   16.250   -57.457
   16.300   -57.380
   16.350   -57.303
   16.400   -57.227
   16.450   -57.151
   16.500   -57.076
   16.550   -57.001
   16.600   -56.927
   16.650   -56.853
   16.700   -56.779
   16.750   -56.706
   16.800   -56.633
   16.850   -56.560
   16.900   -56.488
   16.950   -56.416
   17.000   -56.345
   17.050   -56.274
   17.100   -56.204
   17.150   -56.134
   17.200   -56.064
   17.250   -55.995
   17.300   -55.926
   17.350   -55.857
   17.400   -55.789
   17.450   -55.722
   17.500   -55.654
   17.550   -55.587
   17.600   -55.521
   17.650   -55.455
   17.700   -55.389
   17.750   -55.324
   17.800   -55.259
   17.850   -55.194
   17.900   -55.130
   17.950   -55.066
   18.000   -55.003
   18.050   -54.940
   18.100   -54.877
   18.150   -54.815
   18.200   -54.753
   18.250   -54.691
   18.300   -54.630
   18.350   -54.569
   18.400   -70.713
   18.450   -70.980
   18.500   -71.207
   18.550   -71.400
   18.600   -71.563
   18.650   -71.698
   18.700   -71.810
   18.750   -71.901
   18.800   -71.973
   18.850   -72.028
   18.900   -72.068
   18.950   -72.095
   19.000   -72.109
   19.050   -72.112
   19.100   -72.105
   19.150   -72.089
   19.200   -72.065
   19.250   -72.032
   19.300   -71.993
   19.350   -71.947
   19.400   -71.895
   19.450   -71.838
   19.500   -71.776
   19.550   -71.709
   19.600   -71.638
   19.650   -71.563
   19.700   -71.485
   19.750   -71.403
   19.800   -71.318
   19.850   -71.230
   19.900   -71.139
   19.950   -71.046
   20.000   -70.950
   20.050   -70.853
   20.100   -70.753
   20.150   -70.652
   20.200   -70.549
   20.250   -70.444
   20.300   -70.338
   20.350   -70.231
   20.400   -70.123
   20.450   -70.013
   20.500   -69.903
   20.550   -69.791
   20.600   -69.679
   20.650   -69.566
   20.700   -69.452
   20.750   -69.338
   20.800   -69.223
   20.850   -69.107
   20.900   -68.991
   20.950   -68.875
   21.000   -68.758
   21.050   -68.642
   21.100   -68.524
   21.150   -68.407
   21.200   -68.290
   21.250   -68.172
   21.300   -68.054
   21.350   -67.937
   21.400   -67.819
   21.450   -67.701
   21.500   -67.583
   21.550   -67.465
   21.600   -67.348
   21.650   -67.230
   21.700   -67.113
   21.750   -66.996
   21.800   -66.879
   21.850   -66.762
   21.900   -66.645
   21.950   -66.529
   22.000   -66.413
   22.050   -66.297
   22.100   -66.181
   22.150   -66.066
   22.200   -65.950
   22.250   -65.836
   22.300   -65.721
   22.350   -65.607
   22.400   -65.493
   22.450   -65.380
   22.500   -65.266
   22.550   -65.154
   22.600   -65.041
   22.650   -64.929
   22.700   -64.818
   22.750   -64.706
   22.800   -64.595
   22.850   -64.485
   22.900   -64.375
   22.950   -64.265
   23.000   -64.156
   23.050   -64.047
   23.100   -63.939
   23.150   -63.831
   23.200   -63.723
   23.250   -63.616
   23.300   -63.509
   23.350   -63.403
   23.400   -63.297
   23.450   -63.192
   23.500   -63.087
   23.550   -62.982
   23.600   -62.878
   23.650   -62.775
   23.700   -62.671
   23.750   -62.569
   23.800   -62.466
   23.850   -62.365
   23.900   -62.263
   23.950   -62.162
   24.000   -62.062
   24.050   -61.962
   24.100   -61.862
   24.150   -61.763
   24.200   -61.665
   24.250   -61.566
   24.300   -61.469
   24.350   -61.371
   24.400   -61.275
   24.450   -61.178
   24.500   -61.082
   24.550   -60.987
   24.600   -60.892
   24.650   -60.797
   24.700   -60.703
   24.750   -60.610
   24.800   -60.517
   24.850   -60.424
   24.900   -60.332
   24.950   -60.240
   25.000   -60.148
   25.050   -60.057
   25.100   -59.967
   25.150   -59.877
   25.200   -59.787
   25.250   -59.698
   25.300   -59.610
   25.350   -59.521
   25.400   -59.433
   25.450   -59.346
   25.500   -59.259
   25.550   -59.173
   25.600   -59.087
   25.650   -59.001
   25.700   -58.916
   25.750   -58.831
   25.800   -58.747
   25.850   -58.663
   25.900   -58.580
   25.950   -58.497
   26.000   -58.414
   26.050   -58.332
   26.100   -58.250
   26.150   -58.169
   26.200   -58.088
   26.250   -58.008
   26.300   -57.928
   26.350   -57.848
   26.400   -57.769
   26.450   -57.691
   26.500   -57.612
   26.550   -57.534
   26.600   -57.457
   26.650   -57.380
   26.700   -57.303
   26.750   -57.227
   26.800   -57.151
   26.850   -57.076
   26.900   -57.001
   26.950   -56.927
   27.000   -56.853
   27.050   -56.779
   27.100   -56.706
   27.150   -56.633
   27.200   -56.560
   27.250   -56.488
   27.300   -56.416
   27.350   -56.345
   27.400   -56.274
   27.450   -56.204
   27.500   -56.134
   27.550   -56.064
   27.600   -55.995
   27.650   -55.926
   27.700   -55.857
   27.750   -55.789
   27.800   -55.722
   27.850   -55.654
   27.900   -55.587
   27.950   -55.521
   28.000   -55.455
   28.050   -55.389
   28.100   -55.324
   28.150   -55.259
   28.200   -55.194
   28.250   -55.130
   28.300   -55.066
   28.350   -55.003
   28.400   -54.940
   28.450   -54.877
   28.500   -54.815
   28.550   -54.753
   28.600   -54.691
   28.650   -54.630
   28.700   -54.569
   28.750   -70.713
   28.800   -70.980
   28.850   -71.207
   28.900   -71.400
   28.950   -71.563
   29.000   -71.698
   29.050   -71.810
   29.100   -71.901
   29.150   -71.973
   29.200   -72.028
   29.250   -72.068
   29.300   -72.095
   29.350   -72.109
   29.400   -72.112
   29.450   -72.105
   29.500   -72.089
   29.550   -72.065
   29.600   -72.032
   29.650   -71.993
   29.700   -71.947
   29.750   -71.895
   29.800   -71.838
   29.850   -71.776
   29.900   -71.709
   29.950   -71.638
   30.000   -71.563
   30.050   -71.485
   30.100   -71.403
   30.150   -71.318
   30.200   -71.230
   30.250   -71.139
   30.300   -71.046
   30.350   -70.950
   30.400   -70.853
   30.450   -70.753
   30.500   -70.652
   30.550   -70.549
   30.600   -70.444
   30.650   -70.338
   30.700   -70.231
   30.750   -70.123
   30.800   -70.013
   30.850   -69.903
   30.900   -69.791
   30.950   -69.679
   31.000   -69.566
   31.050   -69.452
   31.100   -69.338
   31.150   -69.223
   31.200   -69.107
   31.250   -68.991
   31.300   -68.875
   31.350   -68.758
   31.400   -68.642
   31.450   -68.524
   31.500   -68.407
   31.550   -68.290
   31.600   -68.172
   31.650   -68.054
   31.700   -67.937
   31.750   -67.819
   31.800   -67.701
   31.850   -67.583
   31.900   -67.465
   31.950   -67.348
   32.000   -67.230
   32.050   -67.113
   32.100   -66.996
   32.150   -66.879
   32.200   -66.762
   32.250   -66.645
   32.300   -66.529
   32.350   -66.413
   32.400   -66.297
   32.450   -66.181
   32.500   -66.066
   32.550   -65.950
   32.600   -65.836
   32.650   -65.721
   32.700   -65.607
   32.750   -65.493
   32.800   -65.380
   32.850   -65.266
   32.900   -65.154
   32.950   -65.041
   33.000   -64.929
   33.050   -64.818
   33.100   -64.706
   33.150   -64.595
   33.200   -64.485
   33.250   -64.375
   33.300   -64.265
   33.350   -64.156
   33.400   -64.047
   33.450   -63.939
   33.500   -63.831
   33.550   -63.723
   33.600   -63.616
   33.650   -63.509
   33.700   -63.403
   33.750   -63.297
   33.800   -63.192
   33.850   -63.087
   33.900   -62.982
   33.950   -62.878
   34.000   -62.775
   34.050   -62.671
   34.100   -62.569
   34.150   -62.466
   34.200   -62.365
   34.250   -62.263
   34.300   -62.162
   34.350   -62.062
   34.400   -61.962
   34.450   -61.862
   34.500   -61.763
   34.550   -61.665
   34.600   -61.566
   34.650   -61.469
   34.700   -61.371
   34.750   -61.275
   34.800   -61.178
   34.850   -61.082
   34.900   -60.987
   34.950   -60.892
   35.000   -60.797
   35.050   -60.703
   35.100   -60.610
   35.150   -60.517
   35.200   -60.424
   35.250   -60.332
   35.300   -60.240
   35.350   -60.148
   35.400   -60.057
   35.450   -59.967
   35.500   -59.877
   35.550   -59.787
   35.600   -59.698
   35.650   -59.610
   35.700   -59.521
   35.750   -59.433
   35.800   -59.346
   35.850   -59.259
   35.900   -59.173
   35.950   -59.087
   36.000   -59.001
   36.050   -58.916
   36.100   -58.831
   36.150   -58.747
   36.200   -58.663
   36.250   -58.580
   36.300   -58.497
   36.350   -58.414
   36.400   -58.332
   36.450   -58.250
   36.500   -58.169
   36.550   -58.088
   36.600   -58.008
   36.650   -57.928
   36.700   -57.848
   36.750   -57.769
   36.800   -57.691
   36.850   -57.612
   36.900   -57.534
   36.950   -57.457
   37.000   -57.380
   37.050   -57.303
   37.100   -57.227
   37.150   -57.151
   37.200   -57.076
   37.250   -57.001
   37.300   -56.927
   37.350   -56.853
   37.400   -56.779
   37.450   -56.706
   37.500   -56.633
   37.550   -56.560
   37.600   -56.488
   37.650   -56.416
   37.700   -56.345
   37.750   -56.274
   37.800   -56.204
   37.850   -56.134
   37.900   -56.064
   37.950   -55.995
   38.000   -55.926
   38.050   -55.857
   38.100   -55.789
   38.150   -55.722
   38.200   -55.654
   38.250   -55.587
   38.300   -55.521
   38.350   -55.455
   38.400   -55.389
   38.450   -55.324
   38.500   -55.259
   38.550   -55.194
   38.600   -55.130
   38.650   -55.066
   38.700   -55.003
   38.750   -54.940
   38.800   -54.877
   38.850   -54.815
   38.900   -54.753
   38.950   -54.691
   39.000   -54.630
   39.050   -54.569
   39.100   -70.713
   39.150   -70.980
   39.200   -71.207
   39.250   -71.400
   39.300   -71.563
   39.350   -71.698
   39.400   -71.810
   39.450   -71.901
   39.500   -71.973
   39.550   -72.028
   39.600   -72.068
   39.650   -72.095
   39.700   -72.109
   39.750   -72.112
   39.800   -72.105
   39.850   -72.089
   39.900   -72.065
   39.950   -72.032
