 -65.7000    0.0000    0.0000  -60.0000    0.0000    0.0000
 -65.6000    0.0009    0.0049  -59.9000    0.0008    0.0063
 -65.5000    0.0010    0.0097  -59.8000    0.0009    0.0125
 -65.4000    0.0012    0.0146  -59.7000    0.0011    0.0188
 -65.3000    0.0015    0.0194  -59.6000    0.0013    0.0250
 -65.2000    0.0018    0.0243  -59.5000    0.0016    0.0313
 -65.1000    0.0021    0.0292  -59.4000    0.0019    0.0375
 -65.0000    0.0025    0.0340  -59.3000    0.0023    0.0438
 -64.9000    0.0030    0.0389  -59.2000    0.0027    0.0500
 -64.8000    0.0036    0.0438  -59.1000    0.0032    0.0563
 -64.7000    0.0043    0.0486  -59.0000    0.0039    0.0625
 -64.6000    0.0051    0.0535  -58.9000    0.0046    0.0688
 -64.5000    0.0061    0.0583  -58.8000    0.0055    0.0750
 -64.4000    0.0073    0.0632  -58.7000    0.0066    0.0813
 -64.3000    0.0087    0.0681  -58.6000    0.0079    0.0875
 -64.2000    0.0104    0.0729  -58.5000    0.0094    0.0938
 -64.1000    0.0125    0.0778  -58.4000    0.0112    0.1000
 -64.0000    0.0149    0.0826  -58.3000    0.0134    0.1063
 -63.9000    0.0178    0.0875  -58.2000    0.0160    0.1125
 -63.8000    0.0213    0.0924  -58.1000    0.0191    0.1188
 -63.7000    0.0254    0.0972  -58.0000    0.0229    0.1250
 -63.6000    0.0304    0.1021  -57.9000    0.0273    0.1313
 -63.5000    0.0363    0.1069  -57.8000    0.0327    0.1375
 -63.4000    0.0434    0.1118  -57.7000    0.0390    0.1438
 -63.3000    0.0518    0.1167  -57.6000    0.0467    0.1500
 -63.2000    0.0620    0.1215  -57.5000    0.0558    0.1563
 -63.1000    0.0741    0.1264  -57.4000    0.0667    0.1625
 -63.0000    0.0886    0.1313  -57.3000    0.0797    0.1688
 -62.9000    0.1060    0.1361  -57.2000    0.0954    0.1750
 -62.8000    0.1268    0.1410  -57.1000    0.1142    0.1813
 -62.7000    0.1968    0.1458  -57.0000    0.1771    0.1875
 -62.6000    0.2265    0.1507  -56.9000    0.2039    0.1938
 -62.5000    0.2620    0.1556  -56.8000    0.2358    0.2000
 -62.4000    0.3038    0.1604  -56.7000    0.2735    0.2063
 -62.3000    0.3529    0.1653  -56.6000    0.3176    0.2125
 -62.2000    0.4100    0.1701  -56.5000    0.3690    0.2188
 -62.1000    0.4760    0.1750  -56.4000    0.4284    0.2250
 -62.0000    0.5520    0.1799  -56.3000    0.4968    0.2313
 -61.9000    0.6392    0.1847  -56.2000    0.5753    0.2375
 -61.8000    0.7387    0.1896  -56.1000    0.6649    0.2438
 -61.7000    0.8517    0.1944  -56.0000    0.7666    0.2500
 -61.6000    0.9799    0.1993  -55.9000    0.8819    0.2563
 -61.5000    1.1250    0.2042  -55.8000    1.0125    0.2625
 -61.4000    1.2881    0.2090  -55.7000    1.1593    0.2688
 -61.3000    1.4702    0.2139  -55.6000    1.3232    0.2750
 -61.2000    1.6742    0.2188  -55.5000    1.5068    0.2813
 -61.1000    1.9028    0.2236  -55.4000    1.7125    0.2875
 -61.0000    2.1525    0.2285  -55.3000    1.9372    0.2938
 -60.9000    2.4324    0.2333  -55.2000    2.1892    0.3000
 -60.8000    2.7327    0.2382  -55.1000    2.4594    0.3063
 -60.7000    3.0629    0.2431  -55.0000    2.7566    0.3125
 -60.6000    3.4274    0.2479  -54.9000    3.0846    0.3188
 -60.5000    3.8128    0.2528  -54.8000    3.4315    0.3250
 -60.4000    4.2235    0.2576  -54.7000    3.8011    0.3313
 -60.3000    4.6573    0.2625  -54.6000    4.1915    0.3375
 -60.2000    5.0920    0.2674  -54.5000    4.5828    0.3438
 -60.1000    5.5820    0.2722  -54.4000    5.0238    0.3500
 -60.0000    6.0372    0.2771  -54.3000    5.4335    0.3563
 -59.9000    6.5242    0.2819  -54.2000    5.8717    0.3625
 -59.8000    7.0539    0.2868  -54.1000    6.3485    0.3688
 -59.7000    7.5062    0.2917  -54.0000    6.7556    0.3750
 -59.6000    7.9943    0.2965  -53.9000    7.1949    0.3813
 -59.5000    8.4767    0.3014  -53.8000    7.6291    0.3875
 -59.4000    8.9519    0.3063  -53.7000    8.0567    0.3938
 -59.3000    9.4189    0.3111  -53.6000    8.4770    0.4000
 -59.2000    9.8779    0.3160  -53.5000    8.8901    0.4063
 -59.1000   10.3298    0.3208  -53.4000    9.2968    0.4125
 -59.0000   10.7760    0.3257  -53.3000    9.6984    0.4188
 -58.9000   11.2186    0.3306  -53.2000   10.0967    0.4250
 -58.8000   11.6597    0.3354  -53.1000   10.4937    0.4313
 -58.7000   12.1755    0.3403  -53.0000   10.9579    0.4375
 -58.6000   12.5473    0.3451  -52.9000   11.2926    0.4438
 -58.5000   12.9987    0.3500  -52.8000   11.6988    0.4500
 -58.4000   13.5265    0.3549  -52.7000   12.1738    0.4563
 -58.3000   13.9271    0.3597  -52.6000   12.5343    0.4625
 -58.2000   14.4701    0.3646  -52.5000   13.0231    0.4688
 -58.1000   14.9600    0.3694  -52.4000   13.4640    0.4750
 -58.0000   15.4085    0.3743  -52.3000   13.8676    0.4813
 -57.9000   15.9814    0.3792  -52.2000   14.3833    0.4875
 -57.8000   16.5143    0.3840  -52.1000   14.8629    0.4938
 -57.7000   17.0196    0.3889  -52.0000   15.3176    0.5000
 -57.6000   17.5870    0.3938  -51.9000   15.8283    0.5063
 -57.5000   18.1693    0.3986  -51.8000   16.3524    0.5125
 -57.4000   18.7971    0.4035  -51.7000   16.9174    0.5188
 -57.3000   19.4042    0.4083  -51.6000   17.4638    0.5250
 -57.2000   20.0248    0.4132  -51.5000   18.0223    0.5313
 -57.1000   20.6372    0.4181  -51.4000   18.5735    0.5375
 -57.0000   21.2853    0.4229  -51.3000   19.1567    0.5438
 -56.9000   21.9441    0.4278  -51.2000   19.7497    0.5500
 -56.8000   22.6128    0.4326  -51.1000   20.3515    0.5563
 -56.7000   23.3014    0.4375  -51.0000   20.9713    0.5625
 -56.6000   23.9856    0.4424  -50.9000   21.5870    0.5688
 -56.5000   24.6775    0.4472  -50.8000   22.2097    0.5750
 -56.4000   25.3702    0.4521  -50.7000   22.8332    0.5813
 -56.3000   26.0764    0.4569  -50.6000   23.4688    0.5875
 -56.2000   26.7918    0.4618  -50.5000   24.1127    0.5938
 -56.1000   27.5074    0.4667  -50.4000   24.7566    0.6000
 -56.0000   28.2273    0.4715  -50.3000   25.4046    0.6063
 -55.9000   28.9493    0.4764  -50.2000   26.0543    0.6125
 -55.8000   29.6770    0.4813  -50.1000   26.7093    0.6188
 -55.7000   30.4088    0.4861  -50.0000   27.3679    0.6250
 -55.6000   31.1418    0.4910  -49.9000   28.0277    0.6313
 -55.5000   31.8773    0.4958  -49.8000   28.6895    0.6375
 -55.4000   32.6147    0.5007  -49.7000   29.3533    0.6438
 -55.3000   33.3540    0.5056  -49.6000   30.0186    0.6500
 -55.2000   34.0949    0.5104  -49.5000   30.6854    0.6563
 -55.1000   34.8372    0.5153  -49.4000   31.3534    0.6625
 -55.0000   35.5806    0.5201  -49.3000   32.0225    0.6688
 -54.9000   36.3250    0.5250  -49.2000   32.6925    0.6750
 -54.8000   37.0702    0.5299  -49.1000   33.3632    0.6813
 -54.7000   37.8161    0.5347  -49.0000   34.0345    0.6875
 -54.6000   38.5627    0.5396  -48.9000   34.7064    0.6938
 -54.5000   39.3096    0.5444  -48.8000   35.3787    0.7000
 -54.4000   40.0569    0.5493  -48.7000   36.0512    0.7063
 -54.3000   40.8044    0.5542  -48.6000   36.7240    0.7125
 -54.2000   41.5521    0.5590  -48.5000   37.3969    0.7188
 -54.1000   42.2997    0.5639  -48.4000   38.0698    0.7250
 -54.0000   43.0474    0.5688  -48.3000   38.7427    0.7313
 -53.9000   43.7949    0.5736  -48.2000   39.4154    0.7375
 -53.8000   44.5423    0.5785  -48.1000   40.0881    0.7438
 -53.7000   45.2894    0.5833  -48.0000   40.7605    0.7500
 -53.6000   46.0363    0.5882  -47.9000   41.4327    0.7563
 -53.5000   46.7828    0.5931  -47.8000   42.1045    0.7625
 -53.4000   47.5290    0.5979  -47.7000   42.7761    0.7688
 -53.3000   48.2747    0.6028  -47.6000   43.4472    0.7750
 -53.2000   49.0200    0.6076  -47.5000   44.1180    0.7813
 -53.1000   49.7648    0.6125  -47.4000   44.7883    0.7875
 -53.0000   50.5091    0.6174  -47.3000   45.4582    0.7938
 -52.9000   51.2528    0.6222  -47.2000   46.1276    0.8000
 -52.8000   51.9961    0.6271  -47.1000   46.7964    0.8063
 -52.7000   52.7387    0.6319  -47.0000   47.4648    0.8125
 -52.6000   53.4808    0.6368  -46.9000   48.1327    0.8188
 -52.5000   54.2222    0.6417  -46.8000   48.8000    0.8250
 -52.4000   54.9631    0.6465  -46.7000   49.4668    0.8313
 -52.3000   55.7033    0.6514  -46.6000   50.1330    0.8375
 -52.2000   56.4430    0.6563  -46.5000   50.7987    0.8438
 -52.1000   57.1820    0.6611  -46.4000   51.4638    0.8500
 -52.0000   57.9204    0.6660  -46.3000   52.1283    0.8563
 -51.9000   58.6582    0.6708  -46.2000   52.7923    0.8625
 -51.8000   59.3953    0.6757  -46.1000   53.4558    0.8688
 -51.7000   60.1318    0.6806  -46.0000   54.1187    0.8750
 -51.6000   60.8677    0.6854  -45.9000   54.7810    0.8813
 -51.5000   61.6030    0.6903  -45.8000   55.4427    0.8875
 -51.4000   62.3377    0.6951  -45.7000   56.1040    0.8938
 -51.3000   63.0718    0.7000  -45.6000   56.7646    0.9000
 -51.2000   63.8053    0.7049  -45.5000   57.4248    0.9063
 -51.1000   64.5382    0.7097  -45.4000   58.0844    0.9125
 -51.0000   65.2705    0.7146  -45.3000   58.7435    0.9188
 -50.9000   66.0022    0.7194  -45.2000   59.4020    0.9250
 -50.8000   66.7334    0.7243  -45.1000   60.0600    0.9313
 -50.7000   67.4640    0.7292  -45.0000   60.7176    0.9375
 -50.6000   68.1940    0.7340  -44.9000   61.3746    0.9438
 -50.5000   68.9235    0.7389  -44.8000   62.0312    0.9500
 -50.4000   69.6525    0.7438  -44.7000   62.6872    0.9563
 -50.3000   70.3809    0.7486  -44.6000   63.3428    0.9625
 -50.2000   71.1088    0.7535  -44.5000   63.9979    0.9688
 -50.1000   71.8362    0.7583  -44.4000   64.6526    0.9750
 -50.0000   72.5631    0.7632  -44.3000   65.3068    0.9813
 -49.9000   73.2895    0.7681  -44.2000   65.9605    0.9875
 -49.8000   74.0154    0.7729  -44.1000   66.6139    0.9938
 -49.7000   74.7408    0.7778  -44.0000   67.2667    1.0000
 -49.6000   75.4658    0.7826  -43.9000   67.9192    1.0063
 -49.5000   76.1903    0.7875  -43.8000   68.5713    1.0125
 -49.4000   76.9143    0.7924  -43.7000   69.2229    1.0188
 -49.3000   77.6380    0.7972  -43.6000   69.8742    1.0250
 -49.2000   78.3611    0.8021  -43.5000   70.5250    1.0313
 -49.1000   79.0839    0.8069  -43.4000   71.1755    1.0375
 -49.0000   79.8062    0.8118  -43.3000   71.8256    1.0438
 -48.9000   80.5281    0.8167  -43.2000   72.4753    1.0500
 -48.8000   81.2496    0.8215  -43.1000   73.1247    1.0563
 -48.7000   81.9708    0.8264  -43.0000   73.7737    1.0625
 -48.6000   82.6915    0.8313  -42.9000   74.4223    1.0688
 -48.5000   83.4118    0.8361  -42.8000   75.0707    1.0750
 -48.4000   84.1318    0.8410  -42.7000   75.7186    1.0813
 -48.3000   84.8514    0.8458  -42.6000   76.3663    1.0875
 -48.2000   85.5707    0.8507  -42.5000   77.0136    1.0938
 -48.1000   86.2896    0.8556  -42.4000   77.6606    1.1000
 -48.0000   87.0081    0.8604  -42.3000   78.3073    1.1063
 -47.9000   87.7264    0.8653  -42.2000   78.9537    1.1125
 -47.8000   88.4443    0.8701  -42.1000   79.5998    1.1188
 -47.7000   89.1618    0.8750  -42.0000   80.2456    1.1250
 -47.6000   89.8791    0.8799  -41.9000   80.8912    1.1313
 -47.5000   90.5960    0.8847  -41.8000   81.5364    1.1375
 -47.4000   91.3126    0.8896  -41.7000   82.1813    1.1438
 -47.3000   92.0289    0.8944  -41.6000   82.8260    1.1500
 -47.2000   92.7450    0.8993  -41.5000   83.4705    1.1563
 -47.1000   93.4607    0.9042  -41.4000   84.1146    1.1625
 -47.0000   94.1761    0.9090  -41.3000   84.7585    1.1688
 -46.9000   94.8913    0.9139  -41.2000   85.4022    1.1750
 -46.8000   95.6062    0.9188  -41.1000   86.0456    1.1813
 -46.7000   96.3208    0.9236  -41.0000   86.6888    1.1875
 -46.6000   97.0352    0.9285  -40.9000   87.3317    1.1938
 -46.5000   97.7493    0.9333  -40.8000   87.9744    1.2000
 -46.4000   98.4632    0.9382  -40.7000   88.6168    1.2063
 -46.3000   99.1768    0.9431  -40.6000   89.2591    1.2125
 -46.2000   99.8901    0.9479  -40.5000   89.9011    1.2188
 -46.1000  100.6032    0.9528  -40.4000   90.5429    1.2250
 -46.0000  101.3161    0.9576  -40.3000   91.1845    1.2313
 -45.9000  102.0288    0.9625  -40.2000   91.8259    1.2375
 -45.8000  102.7412    0.9674  -40.1000   92.4671    1.2438
 -45.7000  103.4534    0.9722  -40.0000   93.1081    1.2500
 -45.6000  104.1654    0.9771  -39.9000   93.7488    1.2563
 -45.5000  104.8771    0.9819  -39.8000   94.3894    1.2625
 -45.4000  105.5887    0.9868  -39.7000   95.0298    1.2688
 -45.3000  106.3000    0.9917  -39.6000   95.6700    1.2750
 -45.2000  107.0112    0.9965  -39.5000   96.3101    1.2813
 -45.1000  107.7221    1.0014  -39.4000   96.9499    1.2875
 -45.0000  108.4329    1.0063  -39.3000   97.5896    1.2938
 -44.9000  109.1434    1.0111  -39.2000   98.2291    1.3000
 -44.8000  109.8538    1.0160  -39.1000   98.8684    1.3063
 -44.7000  110.5640    1.0208  -39.0000   99.5076    1.3125
 -44.6000  111.2739    1.0257  -38.9000  100.1465    1.3188
 -44.5000  111.9837    1.0306  -38.8000  100.7854    1.3250
 -44.4000  112.6934    1.0354  -38.7000  101.4240    1.3313
 -44.3000  113.4028    1.0403  -38.6000  102.0626    1.3375
 -44.2000  114.1121    1.0451  -38.5000  102.7009    1.3438
 -44.1000  114.8212    1.0500  -38.4000  103.3391    1.3500
 -44.0000  115.5302    1.0549  -38.3000  103.9772    1.3563
 -43.9000  116.2390    1.0597  -38.2000  104.6151    1.3625
 -43.8000  116.9476    1.0646  -38.1000  105.2528    1.3688
 -43.7000  117.6561    1.0694  -38.0000  105.8905    1.3750
 -43.6000  118.3644    1.0743  -37.9000  106.5279    1.3813
 -43.5000  119.0725    1.0792  -37.8000  107.1653    1.3875
 -43.4000  119.7805    1.0840  -37.7000  107.8025    1.3938
 -43.3000  120.4884    1.0889  -37.6000  108.4396    1.4000
 -43.2000  121.1961    1.0938  -37.5000  109.0765    1.4063
 -43.1000  121.9037    1.0986  -37.4000  109.7133    1.4125
 -43.0000  122.6111    1.1035  -37.3000  110.3500    1.4188
 -42.9000  123.3184    1.1083  -37.2000  110.9866    1.4250
 -42.8000  124.0256    1.1132  -37.1000  111.6230    1.4313
 -42.7000  124.7326    1.1181  -37.0000  112.2594    1.4375
 -42.6000  125.4395    1.1229  -36.9000  112.8956    1.4438
 -42.5000  126.1463    1.1278  -36.8000  113.5316    1.4500
 -42.4000  126.8529    1.1326  -36.7000  114.1676    1.4563
 -42.3000  127.5594    1.1375  -36.6000  114.8035    1.4625
 -42.2000  128.2658    1.1424  -36.5000  115.4392    1.4688
 -42.1000  128.9720    1.1472  -36.4000  116.0748    1.4750
 -42.0000  129.6782    1.1521  -36.3000  116.7104    1.4813
 -41.9000  130.3842    1.1569  -36.2000  117.3458    1.4875
 -41.8000  131.0901    1.1618  -36.1000  117.9811    1.4938
 -41.7000  131.7959    1.1667  -36.0000  118.6163    1.5000
 -41.6000  132.5016    1.1715  -35.9000  119.2514    1.5063
 -41.5000  133.2071    1.1764  -35.8000  119.8864    1.5125
 -41.4000  133.9126    1.1813  -35.7000  120.5213    1.5188
 -41.3000  134.6179    1.1861  -35.6000  121.1562    1.5250
 -41.2000  135.3232    1.1910  -35.5000  121.7909    1.5313
 -41.1000  136.0283    1.1958  -35.4000  122.4255    1.5375
 -41.0000  136.7334    1.2007  -35.3000  123.0600    1.5438
 -40.9000  137.4383    1.2056  -35.2000  123.6945    1.5500
 -40.8000  138.1431    1.2104  -35.1000  124.3288    1.5563
 -40.7000  138.8478    1.2153  -35.0000  124.9631    1.5625
 -40.6000  139.5525    1.2201  -34.9000  125.5972    1.5688
 -40.5000  140.2570    1.2250  -34.8000  126.2313    1.5750
 -40.4000  140.9614    1.2299  -34.7000  126.8653    1.5813
 -40.3000  141.6658    1.2347  -34.6000  127.4992    1.5875
 -40.2000  142.3700    1.2396  -34.5000  128.1330    1.5938
 -40.1000  143.0742    1.2444  -34.4000  128.7668    1.6000
 -40.0000  143.7783    1.2493  -34.3000  129.4004    1.6063
 -39.9000  144.4823    1.2542  -34.2000  130.0340    1.6125
 -39.8000  145.1861    1.2590  -34.1000  130.6675    1.6188
 -39.7000  145.8900    1.2639  -34.0000  131.3010    1.6250
 -39.6000  146.5937    1.2688  -33.9000  131.9343    1.6313
 -39.5000  147.2973    1.2736  -33.8000  132.5676    1.6375
 -39.4000  148.0009    1.2785  -33.7000  133.2008    1.6438
 -39.3000  148.7044    1.2833  -33.6000  133.8339    1.6500
 -39.2000  149.4077    1.2882  -33.5000  134.4670    1.6563
 -39.1000  150.1111    1.2931  -33.4000  135.1000    1.6625
 -39.0000  150.8143    1.2979  -33.3000  135.7329    1.6688
 -38.9000  151.5175    1.3028  -33.2000  136.3657    1.6750
 -38.8000  152.2205    1.3076  -33.1000  136.9985    1.6813
 -38.7000  152.9236    1.3125  -33.0000  137.6312    1.6875
 -38.6000  153.6265    1.3174  -32.9000  138.2638    1.6938
 -38.5000  154.3293    1.3222  -32.8000  138.8964    1.7000
 -38.4000  155.0321    1.3271  -32.7000  139.5289    1.7063
 -38.3000  155.7348    1.3319  -32.6000  140.1614    1.7125
 -38.2000  156.4375    1.3368  -32.5000  140.7937    1.7188
 -38.1000  157.1401    1.3417  -32.4000  141.4261    1.7250
 -38.0000  157.8426    1.3465  -32.3000  142.0583    1.7313
 -37.9000  158.5450    1.3514  -32.2000  142.6905    1.7375
 -37.8000  159.2474    1.3563  -32.1000  143.3226    1.7438
 -37.7000  159.9497    1.3611  -32.0000  143.9547    1.7500
 -37.6000  160.6519    1.3660  -31.9000  144.5867    1.7563
 -37.5000  161.3541    1.3708  -31.8000  145.2187    1.7625
 -37.4000  162.0562    1.3757  -31.7000  145.8506    1.7688
 -37.3000  162.7583    1.3806  -31.6000  146.4824    1.7750
 -37.2000  163.4603    1.3854  -31.5000  147.1142    1.7813
 -37.1000  164.1622    1.3903  -31.4000  147.7460    1.7875
 -37.0000  164.8640    1.3951  -31.3000  148.3776    1.7938
 -36.9000  165.5659    1.4000  -31.2000  149.0093    1.8000
 -36.8000  166.2676    1.4049  -31.1000  149.6408    1.8063
 -36.7000  166.9693    1.4097  -31.0000  150.2724    1.8125
 -36.6000  167.6709    1.4146  -30.9000  150.9038    1.8188
 -36.5000  168.3725    1.4194  -30.8000  151.5352    1.8250
 -36.4000  169.0740    1.4243  -30.7000  152.1666    1.8313
 -36.3000  169.7755    1.4292  -30.6000  152.7979    1.8375
 -36.2000  170.4769    1.4340  -30.5000  153.4292    1.8438
 -36.1000  171.1782    1.4389  -30.4000  154.0604    1.8500
 -36.0000  171.8795    1.4438  -30.3000  154.6916    1.8563
 -35.9000  172.5808    1.4486  -30.2000  155.3227    1.8625
 -35.8000  173.2819    1.4535  -30.1000  155.9538    1.8688
 -35.7000  173.9831    1.4583  -30.0000  156.5848    1.8750
 -35.6000  174.6842    1.4632  -29.9000  157.2158    1.8813
 -35.5000  175.3852    1.4681  -29.8000  157.8467    1.8875
 -35.4000  176.0862    1.4729  -29.7000  158.4776    1.8938
 -35.3000  176.7871    1.4778  -29.6000  159.1084    1.9000
 -35.2000  177.4880    1.4826  -29.5000  159.7392    1.9063
 -35.1000  178.1889    1.4875  -29.4000  160.3700    1.9125
 -35.0000  178.8897    1.4924  -29.3000  161.0007    1.9188
 -34.9000  179.5904    1.4972  -29.2000  161.6314    1.9250
 -34.8000  180.2911    1.5021  -29.1000  162.2620    1.9313
 -34.7000  180.9917    1.5069  -29.0000  162.8926    1.9375
 -34.6000  181.6924    1.5118  -28.9000  163.5231    1.9438
 -34.5000  182.3929    1.5167  -28.8000  164.1536    1.9500
 -34.4000  183.0934    1.5215  -28.7000  164.7841    1.9563
 -34.3000  183.7939    1.5264  -28.6000  165.4145    1.9625
 -34.2000  184.4943    1.5313  -28.5000  166.0449    1.9688
 -34.1000  185.1947    1.5361  -28.4000  166.6752    1.9750
 -34.0000  185.8951    1.5410  -28.3000  167.3055    1.9813
 -33.9000  186.5954    1.5458  -28.2000  167.9358    1.9875
 -33.8000  187.2956    1.5507  -28.1000  168.5660    1.9938
 -33.7000  187.9958    1.5556  -28.0000  169.1962    2.0000
 -33.6000  188.6960    1.5604  -27.9000  169.8264    2.0063
 -33.5000  189.3961    1.5653  -27.8000  170.4565    2.0125
 -33.4000  190.0962    1.5701  -27.7000  171.0866    2.0188
 -33.3000  190.7963    1.5750  -27.6000  171.7167    2.0250
 -33.2000  191.4963    1.5799  -27.5000  172.3467    2.0313
 -33.1000  192.1963    1.5847  -27.4000  172.9766    2.0375
 -33.0000  192.8962    1.5896  -27.3000  173.6066    2.0438
 -32.9000  193.5961    1.5944  -27.2000  174.2365    2.0500
 -32.8000  194.2960    1.5993  -27.1000  174.8664    2.0563
 -32.7000  194.9958    1.6042  -27.0000  175.4962    2.0625
 -32.6000  195.6956    1.6090  -26.9000  176.1260    2.0688
 -32.5000  196.3953    1.6139  -26.8000  176.7558    2.0750
 -32.4000  197.0951    1.6188  -26.7000  177.3855    2.0813
 -32.3000  197.7947    1.6236  -26.6000  178.0153    2.0875
 -32.2000  198.4944    1.6285  -26.5000  178.6449    2.0938
 -32.1000  199.1940    1.6333  -26.4000  179.2746    2.1000
 -32.0000  199.8936    1.6382  -26.3000  179.9042    2.1063
 -31.9000  200.5931    1.6431  -26.2000  180.5338    2.1125
 -31.8000  201.2926    1.6479  -26.1000  181.1633    2.1188
 -31.7000  201.9921    1.6528  -26.0000  181.7929    2.1250
 -31.6000  202.6915    1.6576  -25.9000  182.4224    2.1313
 -31.5000  203.3909    1.6625  -25.8000  183.0518    2.1375
 -31.4000  204.0903    1.6674  -25.7000  183.6813    2.1438
 -31.3000  204.7896    1.6722  -25.6000  184.3107    2.1500
 -31.2000  205.4889    1.6771  -25.5000  184.9401    2.1563
 -31.1000  206.1882    1.6819  -25.4000  185.5694    2.1625
 -31.0000  206.8875    1.6868  -25.3000  186.1987    2.1688
 -30.9000  207.5867    1.6917  -25.2000  186.8280    2.1750
 -30.8000  208.2859    1.6965  -25.1000  187.4573    2.1813
 -30.7000  208.9850    1.7014  -25.0000  188.0865    2.1875
 -30.6000  209.6842    1.7063  -24.9000  188.7157    2.1938
 -30.5000  210.3833    1.7111  -24.8000  189.3449    2.2000
 -30.4000  211.0823    1.7160  -24.7000  189.9741    2.2063
 -30.3000  211.7814    1.7208  -24.6000  190.6032    2.2125
 -30.2000  212.4804    1.7257  -24.5000  191.2323    2.2188
 -30.1000  213.1793    1.7306  -24.4000  191.8614    2.2250
 -30.0000  213.8783    1.7354  -24.3000  192.4905    2.2313
 -29.9000  214.5772    1.7403  -24.2000  193.1195    2.2375
 -29.8000  215.2761    1.7451  -24.1000  193.7485    2.2438
 -29.7000  215.9750    1.7500  -24.0000  194.3775    2.2500
 -29.6000  216.6738    1.7549  -23.9000  195.0064    2.2563
 -29.5000  217.3726    1.7597  -23.8000  195.6354    2.2625
 -29.4000  218.0714    1.7646  -23.7000  196.2643    2.2688
 -29.3000  218.7702    1.7694  -23.6000  196.8931    2.2750
 -29.2000  219.4689    1.7743  -23.5000  197.5220    2.2813
 -29.1000  220.1676    1.7792  -23.4000  198.1508    2.2875
 -29.0000  220.8663    1.7840  -23.3000  198.7797    2.2938
 -28.9000  221.5649    1.7889  -23.2000  199.4084    2.3000
 -28.8000  222.2636    1.7938  -23.1000  200.0372    2.3063
 -28.7000  222.9622    1.7986  -23.0000  200.6660    2.3125
 -28.6000  223.6608    1.8035  -22.9000  201.2947    2.3188
 -28.5000  224.3593    1.8083  -22.8000  201.9234    2.3250
 -28.4000  225.0578    1.8132  -22.7000  202.5521    2.3313
 -28.3000  225.7563    1.8181  -22.6000  203.1807    2.3375
 -28.2000  226.4548    1.8229  -22.5000  203.8093    2.3438
 -28.1000  227.1533    1.8278  -22.4000  204.4380    2.3500
 -28.0000  227.8517    1.8326  -22.3000  205.0665    2.3563
 -27.9000  228.5501    1.8375  -22.2000  205.6951    2.3625
 -27.8000  229.2485    1.8424  -22.1000  206.3237    2.3688
 -27.7000  229.9469    1.8472  -22.0000  206.9522    2.3750
 -27.6000  230.6452    1.8521  -21.9000  207.5807    2.3813
 -27.5000  231.3435    1.8569  -21.8000  208.2092    2.3875
 -27.4000  232.0418    1.8618  -21.7000  208.8377    2.3938
 -27.3000  232.7401    1.8667  -21.6000  209.4661    2.4000
 -27.2000  233.4384    1.8715  -21.5000  210.0945    2.4063
 -27.1000  234.1366    1.8764  -21.4000  210.7229    2.4125
 -27.0000  234.8348    1.8813  -21.3000  211.3513    2.4188
 -26.9000  235.5330    1.8861  -21.2000  211.9797    2.4250
 -26.8000  236.2312    1.8910  -21.1000  212.6081    2.4313
 -26.7000  236.9293    1.8958  -21.0000  213.2364    2.4375
 -26.6000  237.6274    1.9007  -20.9000  213.8647    2.4438
 -26.5000  238.3255    1.9056  -20.8000  214.4930    2.4500
 -26.4000  239.0236    1.9104  -20.7000  215.1213    2.4563
 -26.3000  239.7217    1.9153  -20.6000  215.7495    2.4625
 -26.2000  240.4197    1.9201  -20.5000  216.3778    2.4688
 -26.1000  241.1178    1.9250  -20.4000  217.0060    2.4750
 -26.0000  241.8158    1.9299  -20.3000  217.6342    2.4813
 -25.9000  242.5138    1.9347  -20.2000  218.2624    2.4875
 -25.8000  243.2117    1.9396  -20.1000  218.8905    2.4938
 -25.7000  243.9097    1.9444  -20.0000  219.5187    2.5000
