   0.500      0.000      0.000    -65.381    -69.422      0.000      0.000      0.000    -70.400    200.000     0.0000     0.0000 
   1.000      0.000      0.000    -65.098    -68.492      0.000      0.000      0.000    -70.400    200.000     0.0000     0.0000 
   1.500      0.000      0.000    -64.843    -67.608      0.000      0.000      0.000    -70.400    200.000     0.0000     0.0000 
   2.000      0.000      0.000    -64.610    -66.768      0.000      0.000      0.000    -70.400    200.000     0.0000     0.0000 
   2.500      0.000      0.000    -64.396    -65.969      0.000      0.000      0.000    -70.400    200.000     0.0000     0.0000 
   3.000      0.000      0.000    -64.196    -65.211      0.001      0.000      0.000    -70.400    200.000     0.0000     0.0000 
   3.500      0.000      0.000    -64.008    -64.490      0.002      0.000      0.000    -70.400    200.000     0.0000     0.0000 
   4.000      0.000      0.000    -63.831    -63.806      0.003      0.000      0.000    -70.400    200.000     0.0000     0.0000 
   4.500      0.000      0.002    -63.663    -63.156      0.005      0.002      0.000    -70.400    200.000     0.0000     0.0000 
   5.000      0.000      0.013    -63.503    -62.540      0.008      0.013      0.000    -70.400    200.000     0.0000     0.0000 
   5.500      0.000      0.069    -63.350    -61.955      0.012      0.069      0.000    -70.400    200.000     0.0000     0.0000 
   6.000      0.000      0.287    -63.204    -61.401      0.018      0.287      0.000    -70.400    200.000     0.0000     0.0000 
   6.500      0.000      0.973    -63.063    -60.876      0.025      0.973      0.000    -70.400    200.000     0.0000     0.0000 
   7.000      0.000      2.796    -62.928    -60.378      0.035      2.796      0.000    -70.400    200.000     0.0000     0.0000 
   7.500      0.000      6.923    -62.799    -59.907      0.048      6.923      0.000    -70.400    200.000     0.0000     0.0000 
   8.000      0.000     14.767    -62.674    -59.462      0.065     14.767      0.000    -70.400    200.000     0.0000     0.0000 
   8.500      0.000     28.194    -62.554    -59.041      0.085     28.194      0.000    -70.400    200.000     0.0000     0.0000 
   9.000      0.000     47.905    -62.438    -58.643      0.110     47.905      0.000    -70.400    200.000     0.0000     0.0000 
   9.500      0.000     73.350    -62.326    -58.268      0.140     73.350      0.000    -70.400    200.000     0.0000     0.0000 
  10.000      0.000    102.425    -62.218    -57.914      0.175    102.425      0.000    -70.400    200.000     0.0000     0.0000 
  10.500      0.000    131.451    -62.115    -57.580      0.216    131.451      0.000    -70.400    200.000     0.0000     0.0000 
  11.000      0.000    156.893    -62.015    -57.266      0.264    156.893      0.000    -70.400    200.000     0.0000     0.0000 
  11.500      0.000    174.596    -61.918    -56.971      0.318    174.596      0.000    -70.400    200.000     0.0000     0.0000 
  12.000      0.000    182.561    -61.825    -56.693      0.379    182.561      0.000    -70.400    200.000     0.0000     0.0000 
  12.500      0.000    180.933    -61.736    -56.432      0.448    180.933      0.000    -70.400    200.000     0.0000     0.0000 
  13.000      0.000    170.678    -61.649    -56.188      0.525    170.678      0.000    -70.400    200.000     0.0000     0.0000 
  13.500      0.000    153.920    -61.566    -55.958      0.609    153.920      0.000    -70.400    200.000     0.0000     0.0000 
  14.000      0.000    133.057    -61.486    -55.744      0.701    133.057      0.000    -70.400    200.000     0.0000     0.0000 
  14.500      0.000    110.601    -61.408    -55.543      0.802    110.601      0.000    -70.400    200.000     0.0000     0.0000 
  15.000      0.000     88.744    -61.333    -55.356      0.911     88.744      0.000    -70.400    200.000     0.0000     0.0000 
  15.500      0.000     68.831    -61.262    -55.181      1.028     68.831      0.000    -70.400    200.000     0.0000     0.0000 
  16.000      0.000     51.790    -61.192    -55.018      1.153     51.790      0.000    -70.400    200.000     0.0000     0.0000 
  16.500      0.000     37.861    -61.125    -54.866      1.308     37.861      0.000    -70.400    200.000     0.0000     0.0000 
  17.000      0.000     26.930    -61.061    -54.724      1.466     26.930      0.000    -70.400    200.000     0.0000     0.0000 
  17.500      0.000     18.661    -60.999    -54.593      1.625     18.661      0.000    -70.400    200.000     0.0000     0.0000 
  18.000      0.000     12.626    -60.939    -54.471      1.791     12.626      0.000    -70.400    200.000     0.0000     0.0000 
  18.500      0.000      8.388    -60.882    -54.357      1.965      8.388      0.000    -70.400    200.000     0.0000     0.0000 
  19.000      0.000      5.588    -60.826    -54.252      2.149      5.588      0.000    -70.400    200.000     0.0000     0.0000 
  19.500      0.000      4.019    -60.773    -54.155      2.340      4.019      0.000    -70.400    200.000     0.0000     0.0000 
  20.000      0.000      3.659    -60.721    -54.065      2.540      3.659      0.000    -70.400    200.000     0.0000     0.0000 
  20.500      0.000      4.683    -60.672    -53.982      2.749      4.683      0.000    -70.400    200.000     0.0000     0.0000 
  21.000      0.000      7.426    -60.624    -53.905      2.966      7.426      0.000    -70.400    200.000     0.0000     0.0000 
  21.500      0.000     12.304    -60.578    -53.834      3.191     12.304      0.000    -70.400    200.000     0.0000     0.0000 
  22.000      0.000     19.683    -60.534    -53.768      3.424     19.683      0.000    -70.400    200.000     0.0000     0.0000 
  22.500      0.000     29.747    -60.491    -53.708      3.663     29.747      0.000    -70.400    200.000     0.0000     0.0000 
  23.000      0.000     42.380    -60.451    -53.652      3.908     42.380      0.000    -70.400    200.000     0.0000     0.0000 
  23.500      0.000     57.109    -60.411    -53.601      4.156     57.109      0.000    -70.400    200.000     0.0000     0.0000 
  24.000      0.000     73.133    -60.373    -53.554      4.409     73.133      0.000    -70.400    200.000     0.0000     0.0000 
  24.500      0.000     89.423    -60.337    -53.511      4.665     89.423      0.000    -70.400    200.000     0.0000     0.0000 
  25.000      0.000    104.847    -60.302    -53.471      4.924    104.847      0.000    -70.400    200.000     0.0000     0.0000 
  25.500      0.000    118.308    -60.268    -53.435      5.187    118.308      0.000    -70.400    200.000     0.0000     0.0000 
  26.000      0.000    128.838    -60.236    -53.401      5.454    128.838      0.000    -70.400    200.000     0.0000     0.0000 
  26.500      0.000    135.710    -60.205    -53.371      5.724    135.710      0.000    -70.400    200.000     0.0000     0.0000 
  27.000      0.000    138.522    -60.175    -53.343      5.995    138.522      0.000    -70.400    200.000     0.0000     0.0000 
  27.500      0.000    137.205    -60.146    -53.317      6.266    137.205      0.000    -70.400    200.000     0.0000     0.0000 
  28.000      0.000    132.071    -60.119    -53.293      6.537    132.071      0.000    -70.400    200.000     0.0000     0.0000 
  28.500      0.000    123.683    -60.092    -53.272      6.807    123.683      0.000    -70.400    200.000     0.0000     0.0000 
  29.000      0.000    112.838    -60.067    -53.252      7.077    112.838      0.000    -70.400    200.000     0.0000     0.0000 
  29.500      0.000    100.388    -60.042    -53.234      7.345    100.388      0.000    -70.400    200.000     0.0000     0.0000 
  30.000      0.000     87.200    -60.019    -53.218      7.614     87.200      0.000    -70.400    200.000     0.0000     0.0000 
  30.500      0.000     74.031    -59.996    -53.203      7.881     74.031      0.000    -70.400    200.000     0.0000     0.0000 
  31.000      0.000     61.508    -59.974    -53.189      8.149     61.508      0.000    -70.400    200.000     0.0000     0.0000 
  31.500      0.000     50.097    -59.954    -53.176      8.413     50.097      0.000    -70.400    200.000     0.0000     0.0000 
  32.000      0.000     40.097    -59.934    -53.165      8.677     40.097      0.000    -70.400    200.000     0.0000     0.0000 
  32.500      0.000     31.679    -59.914    -53.155      8.937     31.679      0.000    -70.400    200.000     0.0000     0.0000 
  33.000      0.000     24.912    -59.896    -53.145      9.194     24.912      0.000    -70.400    200.000     0.0000     0.0000 
  33.500      0.000     19.826    -59.878    -53.137      9.449     19.826      0.000    -70.400    200.000     0.0000     0.0000 
  34.000      0.000     16.456    -59.861    -53.129      9.699     16.456      0.000    -70.400    200.000     0.0000     0.0000 
  34.500      0.000     14.862    -59.845    -53.122      9.952     14.862      0.000    -70.400    200.000     0.0000     0.0000 
  35.000      0.000     15.125    -59.829    -53.115     10.200     15.125      0.000    -70.400    200.000     0.0000     0.0000 
  35.500      0.000     17.316    -59.814    -53.109     10.448     17.316      0.000    -70.400    200.000     0.0000     0.0000 
  36.000      0.000     21.470    -59.800    -53.104     10.693     21.470      0.000    -70.400    200.000     0.0000     0.0000 
  36.500      0.000     27.549    -59.786    -53.099     10.933     27.549      0.000    -70.400    200.000     0.0000     0.0000 
  37.000      0.000     35.409    -59.773    -53.094     11.171     35.409      0.000    -70.400    200.000     0.0000     0.0000 
  37.500      0.000     44.786    -59.760    -53.090     11.402     44.786      0.000    -70.400    200.000     0.0000     0.0000 
  38.000      0.000     55.281    -59.748    -53.087     11.634     55.281      0.000    -70.400    200.000     0.0000     0.0000 
  38.500      0.000     66.388    -59.736    -53.083     11.864     66.388      0.000    -70.400    200.000     0.0000     0.0000 
  39.000      0.000     77.533    -59.724    -53.080     12.090     77.533      0.000    -70.400    200.000     0.0000     0.0000 
  39.500      0.000     88.130    -59.713    -53.078     12.322     88.130      0.000    -70.400    200.000     0.0000     0.0000 
  40.000      0.000     97.626    -59.702    -53.075     12.550     97.626      0.000    -70.400    200.000     0.0000     0.0000 
  40.500      0.000    105.540    -59.692    -53.073     12.779    105.540      0.000    -70.400    200.000     0.0000     0.0000 
  41.000      0.000    111.472    -59.681    -53.071     13.006    111.472      0.000    -70.400    200.000     0.0000     0.0000 
  41.500      0.000    115.147    -59.671    -53.069     13.231    115.147      0.000    -70.400    200.000     0.0000     0.0000 
  42.000      0.000    116.403    -59.661    -53.067     13.468    116.403      0.000    -70.400    200.000     0.0000     0.0000 
  42.500      0.000    115.243    -59.652    -53.066     13.703    115.243      0.000    -70.400    200.000     0.0000     0.0000 
  43.000      0.000    111.801    -59.643    -53.065     13.943    111.801      0.000    -70.400    200.000     0.0000     0.0000 
  43.500      0.000    106.339    -59.634    -53.063     14.185    106.339      0.000    -70.400    200.000     0.0000     0.0000 
  44.000      0.000     99.240    -59.626    -53.062     14.419     99.240      0.000    -70.400    200.000     0.0000     0.0000 
  44.500      0.000     90.928    -59.618    -53.061     14.656     90.928      0.000    -70.400    200.000     0.0000     0.0000 
  45.000      0.000     81.863    -59.609    -53.060     14.890     81.863      0.000    -70.400    200.000     0.0000     0.0000 
  45.500      0.000     72.516    -59.601    -53.059     15.163     72.516      0.000    -70.400    200.000     0.0000     0.0000 
  46.000      0.000     63.313    -59.592    -53.058     15.473     63.313      0.000    -70.400    200.000     0.0000     0.0000 
  46.500      0.000     54.634    -59.583    -53.058     15.817     54.634      0.000    -70.400    200.000     0.0000     0.0000 
  47.000      0.000     46.791    -59.574    -53.057     16.191     46.791      0.000    -70.400    200.000     0.0000     0.0000 
  47.500      0.000     40.024    -59.565    -53.056     16.620     40.024      0.000    -70.400    200.000     0.0000     0.0000 
  48.000      0.000     34.516    -59.556    -53.055     17.105     34.516      0.000    -70.400    200.000     0.0000     0.0000 
  48.500      0.000     30.418    -59.548    -53.055     17.710     30.418      0.000    -70.400    200.000     0.0000     0.0000 
  49.000      0.000     27.853    -59.540    -53.054     17.702     27.853      0.000    -70.400    200.000     0.0000     0.0000 
  49.500      0.000     26.912    -59.532    -53.053     17.296     26.912      0.000    -70.400    200.000     0.0000     0.0000 
  50.000      0.000     27.637    -59.525    -53.053     17.037     27.637      0.000    -70.400    200.000     0.0000     0.0000 
  50.500      0.000     30.013    -59.518    -53.052     16.868     30.013      0.000    -70.400    200.000     0.0000     0.0000 
  51.000      0.000     33.955    -59.512    -53.052     16.738     33.955      0.000    -70.400    200.000     0.0000     0.0000 
  51.500      0.000     39.308    -59.506    -53.051     16.618     39.308      0.000    -70.400    200.000     0.0000     0.0000 
  52.000      0.000     45.843    -59.500    -53.050     16.501     45.843      0.000    -70.400    200.000     0.0000     0.0000 
  52.500      0.000     53.265    -59.494    -53.050     16.382     53.265      0.000    -70.400    200.000     0.0000     0.0000 
  53.000      0.000     61.223    -59.489    -53.049     16.261     61.223      0.000    -70.400    200.000     0.0000     0.0000 
  53.500      0.000     69.331    -59.484    -53.049     16.138     69.331      0.000    -70.400    200.000     0.0000     0.0000 
  54.000      0.000     77.199    -59.479    -53.049     16.013     77.199      0.000    -70.400    200.000     0.0000     0.0000 
  54.500      0.000     84.464    -59.474    -53.048     15.887     84.464      0.000    -70.400    200.000     0.0000     0.0000 
  55.000      0.000     90.805    -59.469    -53.048     15.759     90.805      0.000    -70.400    200.000     0.0000     0.0000 
  55.500      0.000     95.953    -59.465    -53.047     15.630     95.953      0.000    -70.400    200.000     0.0000     0.0000 
  56.000      0.000     99.698    -59.460    -53.047     15.500     99.698      0.000    -70.400    200.000     0.0000     0.0000 
  56.500      0.000    101.890    -59.456    -53.047     15.369    101.890      0.000    -70.400    200.000     0.0000     0.0000 
  57.000      0.000    102.459    -59.452    -53.046     15.237    102.459      0.000    -70.400    200.000     0.0000     0.0000 
  57.500      0.000    101.399    -59.448    -53.046     15.105    101.399      0.000    -70.400    200.000     0.0000     0.0000 
  58.000      0.000     98.799    -59.445    -53.046     14.973     98.799      0.000    -70.400    200.000     0.0000     0.0000 
  58.500      0.000     94.828    -59.441    -53.046     14.841     94.828      0.000    -70.400    200.000     0.0000     0.0000 
  59.000      0.000     89.701    -59.438    -53.045     14.708     89.701      0.000    -70.400    200.000     0.0000     0.0000 
  59.500      0.000     83.688    -59.435    -53.045     14.576     83.688      0.000    -70.400    200.000     0.0000     0.0000 
  60.000      0.000     77.098    -59.432    -53.045     14.445     77.098      0.000    -70.400    200.000     0.0000     0.0000 
  60.500      0.000     70.257    -59.429    -53.045     14.314     70.257      0.000    -70.400    200.000     0.0000     0.0000 
  61.000      0.000     63.478    -59.426    -53.045     14.184     63.478      0.000    -70.400    200.000     0.0000     0.0000 
  61.500      0.000     57.047    -59.423    -53.044     14.055     57.047      0.000    -70.400    200.000     0.0000     0.0000 
  62.000      0.000     51.212    -59.421    -53.044     13.928     51.212      0.000    -70.400    200.000     0.0000     0.0000 
  62.500      0.000     46.181    -59.419    -53.044     13.801     46.181      0.000    -70.400    200.000     0.0000     0.0000 
  63.000      0.000     42.129    -59.416    -53.044     13.676     42.129      0.000    -70.400    200.000     0.0000     0.0000 
  63.500      0.000     39.196    -59.414    -53.044     13.553     39.196      0.000    -70.400    200.000     0.0000     0.0000 
  64.000      0.000     37.488    -59.412    -53.044     13.431     37.488      0.000    -70.400    200.000     0.0000     0.0000 
  64.500      0.000     37.070    -59.410    -53.044     13.311     37.070      0.000    -70.400    200.000     0.0000     0.0000 
  65.000      0.000     37.953    -59.409    -53.043     13.193     37.953      0.000    -70.400    200.000     0.0000     0.0000 
  65.500      0.000     40.093    -59.407    -53.043     13.078     40.093      0.000    -70.400    200.000     0.0000     0.0000 
  66.000      0.000     43.386    -59.406    -53.043     12.964     43.386      0.000    -70.400    200.000     0.0000     0.0000 
  66.500      0.000     47.676    -59.404    -53.043     12.853     47.676      0.000    -70.400    200.000     0.0000     0.0000 
  67.000      0.000     52.757    -59.403    -53.043     12.745     52.757      0.000    -70.400    200.000     0.0000     0.0000 
  67.500      0.000     58.386    -59.402    -53.043     12.639     58.386      0.000    -70.400    200.000     0.0000     0.0000 
  68.000      0.000     64.292    -59.401    -53.043     12.536     64.292      0.000    -70.400    200.000     0.0000     0.0000 
  68.500      0.000     70.193    -59.400    -53.043     12.436     70.193      0.000    -70.400    200.000     0.0000     0.0000 
  69.000      0.000     75.819    -59.399    -53.043     12.338     75.819      0.000    -70.400    200.000     0.0000     0.0000 
  69.500      0.000     80.927    -59.398    -53.043     12.244     80.927      0.000    -70.400    200.000     0.0000     0.0000 
  70.000      0.000     85.310    -59.397    -53.043     12.153     85.310      0.000    -70.400    200.000     0.0000     0.0000 
  70.500      0.000     88.797    -59.397    -53.043     12.065     88.797      0.000    -70.400    200.000     0.0000     0.0000 
  71.000      0.000     91.260    -59.396    -53.043     11.980     91.260      0.000    -70.400    200.000     0.0000     0.0000 
  71.500      0.000     92.604    -59.396    -53.042     11.898     92.604      0.000    -70.400    200.000     0.0000     0.0000 
  72.000      0.000     92.788    -59.396    -53.042     11.820     92.788      0.000    -70.400    200.000     0.0000     0.0000 
  72.500      0.000     91.825    -59.396    -53.042     11.745     91.825      0.000    -70.400    200.000     0.0000     0.0000 
  73.000      0.000     89.773    -59.396    -53.042     11.674     89.773      0.000    -70.400    200.000     0.0000     0.0000 
  73.500      0.000     86.742    -59.396    -53.042     11.606     86.742      0.000    -70.400    200.000     0.0000     0.0000 
  74.000      0.000     82.891    -59.396    -53.042     11.542     82.891      0.000    -70.400    200.000     0.0000     0.0000 
  74.500      0.000     78.418    -59.396    -53.042     11.481     78.418      0.000    -70.400    200.000     0.0000     0.0000 
  75.000      0.000     73.548    -59.396    -53.042     11.423     73.548      0.000    -70.400    200.000     0.0000     0.0000 
  75.500      0.000     68.512    -59.396    -53.042     11.369     68.512      0.000    -70.400    200.000     0.0000     0.0000 
  76.000      0.000     63.535    -59.397    -53.042     11.319     63.535      0.000    -70.400    200.000     0.0000     0.0000 
  76.500      0.000     58.829    -59.397    -53.042     11.271     58.829      0.000    -70.400    200.000     0.0000     0.0000 
  77.000      0.000     54.584    -59.398    -53.042     11.228     54.584      0.000    -70.400    200.000     0.0000     0.0000 
  77.500      0.000     50.959    -59.398    -53.042     11.187     50.959      0.000    -70.400    200.000     0.0000     0.0000 
  78.000      0.000     48.089    -59.399    -53.042     11.150     48.089      0.000    -70.400    200.000     0.0000     0.0000 
  78.500      0.000     46.080    -59.400    -53.042     11.116     46.080      0.000    -70.400    200.000     0.0000     0.0000 
  79.000      0.000     45.009    -59.401    -53.042     11.086     45.009      0.000    -70.400    200.000     0.0000     0.0000 
  79.500      0.000     44.915    -59.402    -53.042     11.059     44.915      0.000    -70.400    200.000     0.0000     0.0000 
  80.000      0.000     45.793    -59.403    -53.042     11.034     45.793      0.000    -70.400    200.000     0.0000     0.0000 
  80.500      0.000     47.594    -59.404    -53.042     11.013     47.594      0.000    -70.400    200.000     0.0000     0.0000 
  81.000      0.000     50.225    -59.405    -53.042     10.995     50.225      0.000    -70.400    200.000     0.0000     0.0000 
  81.500      0.000     53.554    -59.406    -53.042     10.979     53.554      0.000    -70.400    200.000     0.0000     0.0000 
  82.000      0.000     57.418    -59.407    -53.042     10.967     57.418      0.000    -70.400    200.000     0.0000     0.0000 
  82.500      0.000     61.629    -59.408    -53.042     10.957     61.629      0.000    -70.400    200.000     0.0000     0.0000 
  83.000      0.000     65.985    -59.409    -53.042     10.950     65.985      0.000    -70.400    200.000     0.0000     0.0000 
  83.500      0.000     70.281    -59.411    -53.042     10.945     70.281      0.000    -70.400    200.000     0.0000     0.0000 
  84.000      0.000     74.328    -59.412    -53.042     10.943     74.328      0.000    -70.400    200.000     0.0000     0.0000 
  84.500      0.000     77.955    -59.414    -53.042     10.943     77.955      0.000    -70.400    200.000     0.0000     0.0000 
  85.000      0.000     81.023    -59.415    -53.042     10.945     81.023      0.000    -70.400    200.000     0.0000     0.0000 
  85.500      0.000     83.415    -59.417    -53.042     10.950     83.415      0.000    -70.400    200.000     0.0000     0.0000 
  86.000      0.000     85.047    -59.418    -53.042     10.956     85.047      0.000    -70.400    200.000     0.0000     0.0000 
  86.500      0.000     85.860    -59.420    -53.042     10.965     85.860      0.000    -70.400    200.000     0.0000     0.0000 
  87.000      0.000     85.825    -59.422    -53.042     10.975     85.825      0.000    -70.400    200.000     0.0000     0.0000 
  87.500      0.000     84.957    -59.423    -53.042     10.988     84.957      0.000    -70.400    200.000     0.0000     0.0000 
  88.000      0.000     83.308    -59.425    -53.042     11.002     83.308      0.000    -70.400    200.000     0.0000     0.0000 
  88.500      0.000     80.971    -59.427    -53.042     11.017     80.971      0.000    -70.400    200.000     0.0000     0.0000 
  89.000      0.000     78.060    -59.429    -53.042     11.035     78.060      0.000    -70.400    200.000     0.0000     0.0000 
  89.500      0.000     74.717    -59.431    -53.042     11.053     74.717      0.000    -70.400    200.000     0.0000     0.0000 
  90.000      0.000     71.104    -59.433    -53.042     11.073     71.104      0.000    -70.400    200.000     0.0000     0.0000 
  90.500      0.000     67.389    -59.434    -53.042     11.095     67.389      0.000    -70.400    200.000     0.0000     0.0000 
  91.000      0.000     63.740    -59.436    -53.042     11.117     63.740      0.000    -70.400    200.000     0.0000     0.0000 
  91.500      0.000     60.317    -59.438    -53.042     11.141     60.317      0.000    -70.400    200.000     0.0000     0.0000 
  92.000      0.000     57.258    -59.441    -53.042     11.166     57.258      0.000    -70.400    200.000     0.0000     0.0000 
  92.500      0.000     54.680    -59.443    -53.042     11.191     54.680      0.000    -70.400    200.000     0.0000     0.0000 
  93.000      0.000     52.681    -59.445    -53.042     11.218     52.681      0.000    -70.400    200.000     0.0000     0.0000 
  93.500      0.000     51.336    -59.447    -53.042     11.245     51.336      0.000    -70.400    200.000     0.0000     0.0000 
  94.000      0.000     50.698    -59.449    -53.042     11.273     50.698      0.000    -70.400    200.000     0.0000     0.0000 
  94.500      0.000     50.786    -59.451    -53.042     11.302     50.786      0.000    -70.400    200.000     0.0000     0.0000 
  95.000      0.000     51.588    -59.453    -53.042     11.333     51.588      0.000    -70.400    200.000     0.0000     0.0000 
  95.500      0.000     53.059    -59.455    -53.042     11.365     53.059      0.000    -70.400    200.000     0.0000     0.0000 
  96.000      0.000     55.123    -59.458    -53.042     11.399     55.123      0.000    -70.400    200.000     0.0000     0.0000 
  96.500      0.000     57.674    -59.460    -53.042     11.434     57.674      0.000    -70.400    200.000     0.0000     0.0000 
  97.000      0.000     60.588    -59.462    -53.042     11.470     60.588      0.000    -70.400    200.000     0.0000     0.0000 
  97.500      0.000     63.722    -59.464    -53.042     11.507     63.722      0.000    -70.400    200.000     0.0000     0.0000 
  98.000      0.000     66.926    -59.466    -53.042     11.544     66.926      0.000    -70.400    200.000     0.0000     0.0000 
  98.500      0.000     70.054    -59.468    -53.042     11.580     70.054      0.000    -70.400    200.000     0.0000     0.0000 
  99.000      0.000     72.969    -59.470    -53.042     11.616     72.969      0.000    -70.400    200.000     0.0000     0.0000 
  99.500      0.000     75.551    -59.473    -53.042     11.651     75.551      0.000    -70.400    200.000     0.0000     0.0000 
 100.000      0.000     77.705    -59.475    -53.042     11.684     77.705      0.000    -70.400    200.000     0.0000     0.0000 
