   0.500      0.000      0.147    -65.291    -58.533      0.000      0.147      0.000    -65.700    300.000 
   1.000      0.000      0.016    -64.897    -57.140      0.000      0.016      0.000    -65.700    300.000 
   1.500      0.000      0.002    -64.517    -55.818      0.000      0.002      0.000    -65.700    300.000 
   2.000      0.000      0.001    -64.149    -54.565      0.000      0.001      0.000    -65.700    300.000 
   2.500      0.000      0.010    -63.794    -53.377      0.000      0.010      0.000    -65.700    300.000 
   3.000      0.000      0.071    -63.451    -52.254      0.000      0.074      0.000    -65.700    300.000 
   3.500      0.000      0.419    -63.120    -51.192      0.000      0.435      0.000    -65.700    300.000 
   4.000      0.000      1.909    -62.801    -50.192      0.000      1.989      0.000    -65.700    300.000 
   4.500      0.000      6.317    -62.493    -49.251      0.000      6.610      0.000    -65.700    300.000 
   5.000      0.000     16.812    -62.195    -48.368      0.000     17.371      0.000    -65.700    300.000 
   5.500      0.000     36.338    -61.908    -47.543      0.000     37.280      0.000    -65.700    300.000 
   6.000      0.000     66.585    -61.631    -46.775      0.001     67.636      0.000    -65.700    300.000 
   6.500      0.000    105.411    -61.363    -46.062      0.003    105.346      0.000    -65.700    300.000 
   7.000      0.000    146.193    -61.106    -45.405      0.007    144.237      0.000    -65.700    300.000 
   7.500      0.000    181.604    -60.857    -44.801      0.016    176.249      0.000    -65.700    300.000 
   8.000      0.000    205.285    -60.617    -44.251      0.035    196.282      0.000    -65.700    300.000 
   8.500      0.000    212.049    -60.386    -43.753      0.075    201.474      0.000    -65.700    300.000 
   9.000      0.000    204.313    -60.163    -43.306      0.153    192.674      0.000    -65.700    300.000 
   9.500      0.000    184.461    -59.948    -42.908      0.323    174.328      0.000    -65.700    300.000 
  10.000      0.000    158.202    -59.741    -42.556      0.590    150.204      0.000    -65.700    300.000 
  10.500      0.000    129.815    -59.541    -42.250      1.012    124.507      0.000    -65.700    300.000 
  11.000      0.000    103.831    -59.349    -41.986      1.647     99.847      0.000    -65.700    300.000 
  11.500      0.000     82.482    -59.164    -41.761      2.554     78.194      0.000    -65.700    300.000 
  12.000      0.000     67.017    -58.985    -41.573      3.823     60.014      0.000    -65.700    300.000 
  12.500      0.000     57.647    -58.814    -41.419      5.463     45.458      0.000    -65.700    300.000 
  13.000      0.000     53.803    -58.648    -41.294      7.551     34.271      0.000    -65.700    300.000 
  13.500      0.000     54.787    -58.489    -41.196     10.111     26.108      0.000    -65.700    300.000 
  14.000      0.000     59.934    -58.336    -41.121     13.111     20.781      0.000    -65.700    300.000 
  14.500      0.000     68.400    -58.189    -41.066     16.543     18.201      0.000    -65.700    300.000 
  15.000      0.000     79.308    -58.048    -41.029     20.362     18.448      0.000    -65.700    300.000 
  15.500      0.000     91.706    -57.912    -41.006     24.494     21.711      0.000    -65.700    300.000 
  16.000      0.000    104.409    -57.781    -40.995     28.863     28.067      0.000    -65.700    300.000 
  16.500      0.000    116.181    -57.656    -40.994     33.389     37.398      0.000    -65.700    300.000 
  17.000      0.000    125.909    -57.536    -41.000     37.911     49.384      0.000    -65.700    300.000 
  17.500      0.000    132.767    -57.420    -41.011     42.285     63.491      0.000    -65.700    300.000 
  18.000      0.000    136.264    -57.309    -41.027     46.447     78.705      0.000    -65.700    300.000 
  18.500      0.000    136.223    -57.203    -41.045     50.352     93.813      0.000    -65.700    300.000 
  19.000      0.000    133.035    -57.101    -41.064     53.845    107.577      0.000    -65.700    300.000 
  19.500      0.000    127.405    -57.003    -41.084     56.857    118.891      0.000    -65.700    300.000 
  20.000      0.000    120.192    -56.909    -41.105     59.402    126.922      0.000    -65.700    300.000 
  20.500      0.000    112.345    -56.820    -41.125     61.466    131.199      0.000    -65.700    300.000 
  21.000      0.000    104.761    -56.734    -41.143     63.007    131.632      0.000    -65.700    300.000 
  21.500      0.000     98.141    -56.652    -41.161     63.990    128.484      0.000    -65.700    300.000 
  22.000      0.000     93.020    -56.573    -41.177     64.486    122.293      0.000    -65.700    300.000 
  22.500      0.000     89.726    -56.499    -41.192     64.470    113.776      0.000    -65.700    300.000 
  23.000      0.000     88.344    -56.427    -41.205     63.986    103.728      0.000    -65.700    300.000 
  23.500      0.000     88.790    -56.359    -41.217     63.092     92.939      0.000    -65.700    300.000 
  24.000      0.000     90.833    -56.293    -41.227     61.848     82.141      0.000    -65.700    300.000 
  24.500      0.000     94.089    -56.231    -41.236     60.308     71.972      0.000    -65.700    300.000 
  25.000      0.000     98.115    -56.172    -41.244     58.506     62.962      0.000    -65.700    300.000 
  25.500      0.000    102.451    -56.116    -41.250     56.470     55.529      0.000    -65.700    300.000 
  26.000      0.000    106.641    -56.062    -41.255     54.257     49.984      0.000    -65.700    300.000 
  26.500      0.000    110.297    -56.011    -41.260     51.921     46.531      0.000    -65.700    300.000 
  27.000      0.000    113.120    -55.963    -41.263     49.509     45.269      0.000    -65.700    300.000 
  27.500      0.000    114.924    -55.917    -41.266     47.045     46.183      0.000    -65.700    300.000 
  28.000      0.000    115.640    -55.873    -41.268     44.554     49.144      0.000    -65.700    300.000 
  28.500      0.000    115.293    -55.832    -41.270     42.057     53.907      0.000    -65.700    300.000 
  29.000      0.000    114.034    -55.793    -41.271     39.579     60.118      0.000    -65.700    300.000 
  29.500      0.000    112.091    -55.756    -41.272     37.150     67.342      0.000    -65.700    300.000 
  30.000      0.000    109.729    -55.721    -41.272     34.791     75.080      0.000    -65.700    300.000 
  30.500      0.000    107.229    -55.688    -41.272     32.511     82.807      0.000    -65.700    300.000 
  31.000      0.000    104.852    -55.657    -41.272     30.313     90.018      0.000    -65.700    300.000 
  31.500      0.000    102.815    -55.627    -41.272     28.206     96.259      0.000    -65.700    300.000 
  32.000      0.000    101.282    -55.600    -41.272     26.198    101.165      0.000    -65.700    300.000 
  32.500      0.000    100.350    -55.574    -41.272     24.294    104.477      0.000    -65.700    300.000 
  33.000      0.000    100.040    -55.549    -41.271     22.499    106.062      0.000    -65.700    300.000 
  33.500      0.000    100.320    -55.527    -41.271     20.814    105.912      0.000    -65.700    300.000 
  34.000      0.000    101.098    -55.505    -41.270     19.239    104.136      0.000    -65.700    300.000 
  34.500      0.000    102.241    -55.485    -41.270     17.771    100.943      0.000    -65.700    300.000 
  35.000      0.000    103.601    -55.467    -41.269     16.412     96.625      0.000    -65.700    300.000 
  35.500      0.000    105.021    -55.449    -41.269     15.165     91.520      0.000    -65.700    300.000 
  36.000      0.000    106.352    -55.433    -41.269     14.030     85.995      0.000    -65.700    300.000 
  36.500      0.000    107.474    -55.418    -41.268     13.000     80.421      0.000    -65.700    300.000 
  37.000      0.000    108.303    -55.404    -41.268     12.080     75.145      0.000    -65.700    300.000 
  37.500      0.000    108.790    -55.391    -41.268     11.272     70.477      0.000    -65.700    300.000 
  38.000      0.000    108.922    -55.379    -41.268     10.578     66.672      0.000    -65.700    300.000 
  38.500      0.000    108.722    -55.368    -41.267      9.996     63.919      0.000    -65.700    300.000 
  39.000      0.000    108.249    -55.358    -41.267      9.532     62.336      0.000    -65.700    300.000 
  39.500      0.000    107.577    -55.349    -41.267      9.187     61.961      0.000    -65.700    300.000 
  40.000      0.000    106.795    -55.340    -41.267      8.959     62.760      0.000    -65.700    300.000 
  40.500      0.000    105.992    -55.332    -41.267      8.854     64.626      0.000    -65.700    300.000 
  41.000      0.000    105.247    -55.325    -41.267      8.875     67.388      0.000    -65.700    300.000 
  41.500      0.000    104.626    -55.318    -41.267      9.017     70.829      0.000    -65.700    300.000 
  42.000      0.000    104.178    -55.312    -41.267      9.303     74.699      0.000    -65.700    300.000 
  42.500      0.000    103.927    -55.306    -41.267      9.979     78.731      0.000    -65.700    300.000 
  43.000      0.000    103.877    -55.301    -41.267     10.544     82.661      0.000    -65.700    300.000 
  43.500      0.000    104.013    -55.296    -41.267     10.879     86.245      0.000    -65.700    300.000 
  44.000      0.000    104.300    -55.291    -41.267     11.305     89.274      0.000    -65.700    300.000 
  44.500      0.000    104.695    -55.287    -41.267     11.836     91.584      0.000    -65.700    300.000 
  45.000      0.000    105.146    -55.283    -41.267     12.456     93.065      0.000    -65.700    300.000 
  45.500      0.000    105.603    -55.280    -41.267     13.143     93.665      0.000    -65.700    300.000 
  46.000      0.000    106.020    -55.277    -41.267     13.873     93.394      0.000    -65.700    300.000 
  46.500      0.000    106.361    -55.274    -41.267     14.630     92.314      0.000    -65.700    300.000 
  47.000      0.000    106.601    -55.272    -41.267     15.396     90.536      0.000    -65.700    300.000 
  47.500      0.000    106.727    -55.270    -41.267     16.150     88.210      0.000    -65.700    300.000 
  48.000      0.000    106.740    -55.267    -41.267     16.873     85.511      0.000    -65.700    300.000 
  48.500      0.000    106.650    -55.265    -41.267     17.558     82.630      0.000    -65.700    300.000 
  49.000      0.000    106.477    -55.264    -41.267     18.192     79.757      0.000    -65.700    300.000 
  49.500      0.000    106.248    -55.263    -41.267     18.764     77.072      0.000    -65.700    300.000 
  50.000      0.000    105.991    -55.262    -41.267     19.261     74.734      0.000    -65.700    300.000 
  50.500      0.000    105.734    -55.262    -41.267     19.683     72.872      0.000    -65.700    300.000 
  51.000      0.000    105.502    -55.261    -41.267     20.023     71.578      0.000    -65.700    300.000 
  51.500      0.000    105.314    -55.261    -41.267     20.278     70.904      0.000    -65.700    300.000 
  52.000      0.000    105.185    -55.261    -41.267     20.452     70.862      0.000    -65.700    300.000 
  52.500      0.000    105.121    -55.261    -41.267     20.549     71.421      0.000    -65.700    300.000 
  53.000      0.000    105.121    -55.261    -41.267     20.574     72.516      0.000    -65.700    300.000 
  53.500      0.000    105.179    -55.261    -41.267     20.529     74.050      0.000    -65.700    300.000 
  54.000      0.000    105.283    -55.261    -41.267     20.415     75.903      0.000    -65.700    300.000 
  54.500      0.000    105.417    -55.261    -41.267     20.241     77.942      0.000    -65.700    300.000 
  55.000      0.000    105.565    -55.261    -41.267     20.014     80.028      0.000    -65.700    300.000 
  55.500      0.000    105.711    -55.261    -41.267     19.741     82.029      0.000    -65.700    300.000 
  56.000      0.000    105.840    -55.260    -41.267     19.429     83.821      0.000    -65.700    300.000 
  56.500      0.000    105.943    -55.260    -41.267     19.080     85.303      0.000    -65.700    300.000 
  57.000      0.000    106.011    -55.260    -41.267     18.700     86.397      0.000    -65.700    300.000 
  57.500      0.000    106.042    -55.260    -41.267     18.295     87.055      0.000    -65.700    300.000 
  58.000      0.000    106.037    -55.261    -41.267     17.871     87.257      0.000    -65.700    300.000 
  58.500      0.000    106.000    -55.261    -41.267     17.434     87.015      0.000    -65.700    300.000 
  59.000      0.000    105.939    -55.261    -41.267     16.990     86.365      0.000    -65.700    300.000 
  59.500      0.000    105.861    -55.261    -41.267     16.540     85.371      0.000    -65.700    300.000 
  60.000      0.000    105.777    -55.261    -41.267     16.088     84.114      0.000    -65.700    300.000 
  60.500      0.000    105.695    -55.262    -41.267     15.636     82.685      0.000    -65.700    300.000 
  61.000      0.000    105.624    -55.262    -41.267     15.190     81.184      0.000    -65.700    300.000 
  61.500      0.000    105.567    -55.263    -41.267     14.753     79.710      0.000    -65.700    300.000 
  62.000      0.000    105.531    -55.263    -41.267     14.326     78.354      0.000    -65.700    300.000 
  62.500      0.000    105.516    -55.264    -41.267     13.912     77.195      0.000    -65.700    300.000 
  63.000      0.000    105.521    -55.265    -41.267     13.512     76.296      0.000    -65.700    300.000 
  63.500      0.000    105.544    -55.266    -41.267     13.128     75.701      0.000    -65.700    300.000 
  64.000      0.000    105.581    -55.267    -41.267     12.762     75.431      0.000    -65.700    300.000 
  64.500      0.000    105.626    -55.268    -41.267     12.414     75.486      0.000    -65.700    300.000 
  65.000      0.000    105.674    -55.268    -41.267     12.084     75.847      0.000    -65.700    300.000 
  65.500      0.000    105.720    -55.268    -41.267     11.773     76.474      0.000    -65.700    300.000 
  66.000      0.000    105.760    -55.267    -41.267     11.481     77.314      0.000    -65.700    300.000 
  66.500      0.000    105.791    -55.264    -41.267     11.208     78.304      0.000    -65.700    300.000 
  67.000      0.000    105.810    -55.258    -41.267     10.953     79.373      0.000    -65.700    300.000 
  67.500      0.000    105.817    -55.249    -41.267     10.717     80.449      0.000    -65.700    300.000 
  68.000      0.000    105.812    -55.235    -41.267     10.501     81.464      0.000    -65.700    300.000 
  68.500      0.000    105.798    -55.214    -41.267     10.305     82.358      0.000    -65.700    300.000 
  69.000      0.000    105.776    -55.184    -41.267     10.133     83.080      0.000    -65.700    300.000 
  69.500      0.000    105.750    -55.142    -41.267      9.990     83.594      0.000    -65.700    300.000 
  70.000      0.000    105.723    -55.088    -41.267      9.883     83.878      0.000    -65.700    300.000 
  70.500      0.000    105.697    -55.018    -41.267      9.827     83.927      0.000    -65.700    300.000 
  71.000      0.000    105.675    -54.931    -41.267      9.865     83.749      0.000    -65.700    300.000 
  71.500      0.000    105.659    -54.829    -41.267     10.095     83.367      0.000    -65.700    300.000 
  72.000      0.000    105.649    -54.715    -41.267     10.693     82.815      0.000    -65.700    300.000 
  72.500      0.000    105.645    -54.599    -41.267     11.905     82.138      0.000    -65.700    300.000 
  73.000      0.000    105.649    -54.488    -41.267     13.990     81.385      0.000    -65.700    300.000 
  73.500      0.000    105.657    -54.396    -41.267     17.076     80.607      0.000    -65.700    300.000 
  74.000      0.000    105.670    -54.330    -41.267     21.012     79.854      0.000    -65.700    300.000 
  74.500      0.000    105.685    -54.298    -41.267     25.359     79.172      0.000    -65.700    300.000 
  75.000      0.000    105.701    -54.301    -41.267     29.552     78.601      0.000    -65.700    300.000 
  75.500      0.000    105.715    -54.340    -41.267     33.101     78.172      0.000    -65.700    300.000 
  76.000      0.000    105.728    -54.412    -41.267     35.780     77.903      0.000    -65.700    300.000 
  76.500      0.000    105.736    -54.513    -41.267     37.507     77.804      0.000    -65.700    300.000 
  77.000      0.000    105.742    -54.639    -41.267     38.290     77.872      0.000    -65.700    300.000 
  77.500      0.000    105.743    -54.785    -41.267     38.308     78.094      0.000    -65.700    300.000 
  78.000      0.000    105.740    -54.945    -41.267     37.739     78.448      0.000    -65.700    300.000 
  78.500      0.000    105.735    -55.114    -41.267     36.738     78.905      0.000    -65.700    300.000 
  79.000      0.000    105.728    -55.290    -41.267     35.439     79.431      0.000    -65.700    300.000 
  79.500      0.000    105.719    -55.469    -41.267     33.953     79.988      0.000    -65.700    300.000 
  80.000      0.000    105.710    -55.647    -41.267     32.362     80.541      0.000    -65.700    300.000 
  80.500      0.000    105.702    -55.823    -41.267     30.729     81.054      0.000    -65.700    300.000 
  81.000      0.000    105.695    -55.995    -41.267     29.097     81.498      0.000    -65.700    300.000 
  81.500      0.000    105.691    -56.163    -41.267     27.497     81.847      0.000    -65.700    300.000 
  82.000      0.000    105.688    -56.324    -41.267     25.949     82.086      0.000    -65.700    300.000 
  82.500      0.000    105.688    -56.480    -41.267     24.465     82.204      0.000    -65.700    300.000 
  83.000      0.000    105.689    -56.629    -41.267     23.053     82.200      0.000    -65.700    300.000 
  83.500      0.000    105.692    -56.772    -41.267     21.717     82.081      0.000    -65.700    300.000 
  84.000      0.000    105.697    -56.908    -41.267     20.457     81.860      0.000    -65.700    300.000 
  84.500      0.000    105.702    -57.038    -41.267     19.273     81.557      0.000    -65.700    300.000 
  85.000      0.000    105.707    -57.163    -41.267     18.163     81.195      0.000    -65.700    300.000 
  85.500      0.000    105.711    -57.281    -41.267     17.126     80.800      0.000    -65.700    300.000 
  86.000      0.000    105.715    -57.393    -41.267     16.159     80.398      0.000    -65.700    300.000 
  86.500      0.000    105.717    -57.501    -41.267     15.259     80.015      0.000    -65.700    300.000 
  87.000      0.000    105.719    -57.603    -41.267     14.423     79.674      0.000    -65.700    300.000 
  87.500      0.000    105.719    -57.700    -41.267     13.649     79.395      0.000    -65.700    300.000 
  88.000      0.000    105.718    -57.793    -41.267     12.935     79.191      0.000    -65.700    300.000 
  88.500      0.000    105.716    -57.881    -41.267     12.278     79.073      0.000    -65.700    300.000 
  89.000      0.000    105.713    -57.964    -41.267     11.676     79.042      0.000    -65.700    300.000 
  89.500      0.000    105.711    -58.044    -41.267     11.128     79.097      0.000    -65.700    300.000 
  90.000      0.000    105.708    -58.120    -41.267     10.634     79.230      0.000    -65.700    300.000 
  90.500      0.000    105.705    -58.192    -41.267     10.191     79.427      0.000    -65.700    300.000 
  91.000      0.000    105.703    -58.261    -41.267      9.798     79.674      0.000    -65.700    300.000 
  91.500      0.000    105.702    -58.326    -41.267      9.450     79.952      0.000    -65.700    300.000 
  92.000      0.000    105.701    -58.389    -41.267      9.151     80.242      0.000    -65.700    300.000 
  92.500      0.000    105.701    -58.448    -41.267      8.901     80.525      0.000    -65.700    300.000 
  93.000      0.000    105.702    -58.504    -41.267      8.696     80.784      0.000    -65.700    300.000 
  93.500      0.000    105.703    -58.558    -41.267      8.530     81.003      0.000    -65.700    300.000 
  94.000      0.000    105.704    -58.609    -41.267      8.398     81.171      0.000    -65.700    300.000 
  94.500      0.000    105.706    -58.658    -41.267      8.299     81.280      0.000    -65.700    300.000 
  95.000      0.000    105.708    -58.705    -41.267      8.231     81.326      0.000    -65.700    300.000 
  95.500      0.000    105.709    -58.749    -41.267      8.192     81.309      0.000    -65.700    300.000 
  96.000      0.000    105.710    -58.791    -41.267      8.182     81.234      0.000    -65.700    300.000 
  96.500      0.000    105.711    -58.831    -41.267      8.198     81.109      0.000    -65.700    300.000 
  97.000      0.000    105.711    -58.869    -41.267      8.240     80.943      0.000    -65.700    300.000 
  97.500      0.000    105.711    -58.905    -41.267      8.304     80.750      0.000    -65.700    300.000 
  98.000      0.000    105.711    -58.939    -41.267      8.389     80.542      0.000    -65.700    300.000 
  98.500      0.000    105.710    -58.971    -41.267      8.493     80.335      0.000    -65.700    300.000 
  99.000      0.000    105.709    -59.002    -41.267      8.612     80.141      0.000    -65.700    300.000 
  99.500      0.000    105.708    -59.030    -41.267      8.746     79.971      0.000    -65.700    300.000 
 100.000      0.000    105.707    -59.056    -41.267      8.891     79.835      0.000    -65.700    300.000 
