-100.0000    -0.00000    -0.00000    -0.00000     1.00000    -1.42800    3.0000    1.0000    1.0000    3.0000    0.0000    0.0000    3.0000   -1.4280 
 -99.5000    -0.00000    -0.00000    -0.00000     1.00000    -1.40420    3.0000    1.0000    1.0000    3.0000    0.0000    0.0000    3.0000   -1.4042 
 -99.0000    -0.00000    -0.00000    -0.00000     1.00000    -1.38040    3.0000    1.0000    1.0000    3.0000    0.0000    0.0000    3.0000   -1.3804 
 -98.5000    -0.00000    -0.00000    -0.00000     1.00000    -1.35660    3.0000    1.0000    1.0000    3.0000    0.0000    0.0000    3.0000   -1.3566 
 -98.0000    -0.00000    -0.00000    -0.00000     1.00000    -1.33280    3.0000    1.0000    1.0000    3.0000    0.0000    0.0000    3.0000   -1.3328 
 -97.5000    -0.00000    -0.00000    -0.00000     1.00000    -1.30900    3.0000    1.0000    1.0000    3.0000    0.0000    0.0000    3.0000   -1.3090 
 -97.0000    -0.00000    -0.00000    -0.00000     1.00000    -1.28520    3.0000    1.0000    1.0000    3.0000    0.0000    0.0000    3.0000   -1.2852 
 -96.5000    -0.00000    -0.00000    -0.00000     1.00000    -1.26140    3.0000    1.0000    1.0000    3.0000    0.0000    0.0000    3.0000   -1.2614 
 -96.0000    -0.00000    -0.00000    -0.00000     1.00000    -1.23760    3.0000    1.0000    1.0000    3.0000    0.0000    0.0000    3.0000   -1.2376 
 -95.5000    -0.00000    -0.00000    -0.00000     1.00000    -1.21380    3.0000    1.0000    1.0000    3.0000    0.0000    0.0000    3.0000   -1.2138 
 -95.0000    -0.00000    -0.00000    -0.00000     1.00000    -1.19000    3.0000    1.0000    1.0000    3.0000    0.0000    0.0000    3.0000   -1.1900 
 -94.5000    -0.00000    -0.00000    -0.00000     1.00000    -1.16620    3.0000    1.0000    1.0000    3.0000    0.0000    0.0000    3.0000   -1.1662 
 -94.0000    -0.00000    -0.00000    -0.00000     1.00000    -1.14240    3.0000    1.0000    1.0000    3.0000    0.0000    0.0000    3.0000   -1.1424 
 -93.5000    -0.00000    -0.00000    -0.00000     1.00000    -1.11860    3.0000    1.0000    1.0000    3.0000    0.0000    0.0000    3.0000   -1.1186 
 -93.0000    -0.00000    -0.00000    -0.00000     1.00000    -1.09480    3.0000    1.0000    1.0000    3.0000    0.0000    0.0000    3.0000   -1.0948 
 -92.5000    -0.00000    -0.00000    -0.00000     1.00000    -1.07100    3.0000    1.0000    1.0000    3.0000    0.0000    0.0000    3.0000   -1.0710 
 -92.0000    -0.00000    -0.00000    -0.00000     1.00000    -1.04720    3.0000    1.0000    1.0000    3.0000    0.0000    0.0000    3.0000   -1.0472 
 -91.5000    -0.00000    -0.00000    -0.00000     1.00000    -1.02340    3.0000    1.0000    1.0000    3.0000    0.0000    0.0000    3.0000   -1.0234 
 -91.0000    -0.00000    -0.00000    -0.00000     1.00000    -0.99960    3.0000    1.0000    1.0000    3.0000    0.0000    0.0000    3.0000   -0.9996 
 -90.5000    -0.00000    -0.00000    -0.00000     1.00000    -0.97580    3.0000    1.0000    1.0000    3.0000    0.0000    0.0000    3.0000   -0.9758 
 -90.0000    -0.00000    -0.00000    -0.00000     1.00000    -0.95200    3.0000    1.0000    1.0000    3.0000    0.0000    0.0000    3.0000   -0.9520 
 -89.5000    -0.00000    -0.00000    -0.00000     1.00000    -0.92820    3.0000    1.0000    1.0000    3.0000    0.0000    0.0000    3.0000   -0.9282 
 -89.0000    -0.00000    -0.00000    -0.00000     1.00000    -0.90440    3.0000    1.0000    1.0000    3.0000    0.0000    0.0000    3.0000   -0.9044 
 -88.5000    -0.00000    -0.00000    -0.00000     1.00000    -0.88060    3.0000    1.0000    1.0000    3.0000    0.0000    0.0000    3.0000   -0.8806 
 -88.0000    -0.00000    -0.00000    -0.00000     1.00000    -0.85680    3.0000    1.0000    1.0000    3.0000    0.0000    0.0000    3.0000   -0.8568 
 -87.5000    -0.00000    -0.00000    -0.00000     1.00000    -0.83300    3.0000    1.0000    1.0000    3.0000    0.0000    0.0000    3.0000   -0.8330 
 -87.0000    -0.00000    -0.00000    -0.00000     1.00000    -0.80920    3.0000    1.0000    1.0000    3.0000    0.0000    0.0000    3.0000   -0.8092 
 -86.5000    -0.00000    -0.00000    -0.00000     1.00000    -0.78540    3.0000    1.0000    1.0000    3.0000    0.0000    0.0000    3.0000   -0.7854 
 -86.0000    -0.00000    -0.00000    -0.00000     1.00000    -0.76160    3.0000    1.0000    1.0000    3.0000    0.0000    0.0000    3.0000   -0.7616 
 -85.5000    -0.00000    -0.00000    -0.00000     1.00000    -0.73780    3.0000    1.0000    1.0000    3.0000    0.0000    0.0000    3.0000   -0.7378 
 -85.0000    -0.00000    -0.00000    -0.00000     1.00000    -0.71400    3.0000    1.0000    1.0000    3.0000    0.0000    0.0000    3.0000   -0.7140 
 -84.5000    -0.00000    -0.00000    -0.00000     1.00000    -0.69020    3.0000    1.0000    1.0000    3.0000    0.0000    0.0000    3.0000   -0.6902 
 -84.0000    -0.00000    -0.00000    -0.00000     1.00000    -0.66640    3.0000    1.0000    1.0000    3.0000    0.0000    0.0000    3.0000   -0.6664 
 -83.5000    -0.00000    -0.00000    -0.00000     1.00000    -0.64260    3.0000    1.0000    1.0000    3.0000    0.0000    0.0000    3.0000   -0.6426 
 -83.0000    -0.00000    -0.00000    -0.00000     1.00000    -0.61880    3.0000    1.0000    1.0000    3.0000    0.0000    0.0000    3.0000   -0.6188 
 -82.5000    -0.00000    -0.00000    -0.00000     1.00000    -0.59500    3.0000    1.0000    1.0000    3.0000    0.0000    0.0000    3.0000   -0.5950 
 -82.0000    -0.00000    -0.00000    -0.00000     1.00000    -0.57120    3.0000    1.0000    1.0000    3.0000    0.0000    0.0000    3.0000   -0.5712 
 -81.5000    -0.00000    -0.00000    -0.00000     1.00000    -0.54740    3.0000    1.0000    1.0000    3.0000    0.0000    0.0000    3.0000   -0.5474 
 -81.0000    -0.00000    -0.00000    -0.00000     1.00000    -0.52360    3.0000    1.0000    1.0000    2.9999    0.0000    0.0000    3.0000   -0.5236 
 -80.5000    -0.00000    -0.00000    -0.00000     1.00000    -0.49980    3.0000    1.0000    1.0000    2.9999    0.0000    0.0000    3.0000   -0.4998 
 -80.0000    -0.00000    -0.00000    -0.00000     1.00000    -0.47600    3.0000    1.0000    1.0000    2.9999    0.0000    0.0000    3.0000   -0.4760 
 -79.5000    -0.00000    -0.00000    -0.00000     1.00000    -0.45220    3.0000    1.0000    1.0000    2.9999    0.0000    0.0000    3.0000   -0.4522 
 -79.0000    -0.00000    -0.00000    -0.00000     1.00000    -0.42840    3.0000    1.0000    1.0000    2.9998    0.0000    0.0000    3.0000   -0.4284 
 -78.5000    -0.00000    -0.00000    -0.00000     1.00000    -0.40460    3.0000    1.0000    1.0000    2.9998    0.0000    0.0000    3.0000   -0.4046 
 -78.0000    -0.00000    -0.00000    -0.00000     1.00000    -0.38080    3.0000    1.0000    1.0000    2.9998    0.0000    0.0000    3.0000   -0.3808 
 -77.5000    -0.00000    -0.00000    -0.00000     1.00000    -0.35700    3.0000    1.0000    1.0000    2.9997    0.0000    0.0000    3.0000   -0.3570 
 -77.0000    -0.00000    -0.00000    -0.00000     1.00000    -0.33320    3.0000    1.0000    1.0000    2.9996    0.0000    0.0000    3.0000   -0.3332 
 -76.5000    -0.00000    -0.00000    -0.00000     1.00000    -0.30940    3.0000    1.0000    1.0000    2.9995    0.0000    0.0000    3.0000   -0.3094 
 -76.0000    -0.00000    -0.00000    -0.00000     1.00000    -0.28560    3.0000    1.0000    1.0000    2.9993    0.0000    0.0000    3.0000   -0.2856 
 -75.5000    -0.00000    -0.00000    -0.00000     1.00000    -0.26180    3.0000    1.0000    1.0000    2.9991    0.0000    0.0000    3.0000   -0.2618 
 -75.0000    -0.00000    -0.00000    -0.00000     1.00000    -0.23800    2.9999    1.0000    1.0000    2.9989    0.0000    0.0000    3.0000   -0.2380 
 -74.5000    -0.00000    -0.00000    -0.00000     1.00000    -0.21420    2.9999    1.0000    1.0000    2.9986    0.0000    0.0000    3.0000   -0.2142 
 -74.0000    -0.00000    -0.00000    -0.00000     1.00000    -0.19040    2.9999    1.0000    1.0000    2.9982    0.0000    0.0000    3.0000   -0.1904 
 -73.5000    -0.00000    -0.00000    -0.00000     1.00000    -0.16660    2.9999    1.0000    1.0000    2.9977    0.0000    0.0000    3.0000   -0.1666 
 -73.0000    -0.00000    -0.00000    -0.00000     1.00000    -0.14280    2.9998    1.0000    1.0000    2.9970    0.0000    0.0000    3.0000   -0.1428 
 -72.5000    -0.00000    -0.00000    -0.00000     1.00000    -0.11900    2.9998    1.0000    1.0000    2.9961    0.0000    0.0000    3.0000   -0.1190 
 -72.0000    -0.00000    -0.00000    -0.00000     1.00000    -0.09520    2.9998    1.0000    1.0000    2.9950    0.0000    0.0000    3.0000   -0.0952 
 -71.5000    -0.00000    -0.00000    -0.00000     1.00000    -0.07140    2.9997    1.0000    1.0000    2.9936    0.0000    0.0000    3.0000   -0.0714 
 -71.0000     0.00000     0.00000     0.00000     1.00000    -0.04760    2.9996    1.0000    1.0000    2.9918    0.0000    0.0000    3.0000   -0.0476 
 -70.5000     0.00000     0.00000     0.00000     1.00000    -0.02380    2.9995    1.0000    1.0000    2.9895    0.0000    0.0000    3.0000   -0.0238 
 -70.0000     0.00000     0.00000     0.00000     1.00000    -0.00000    2.9993    1.0000    1.0000    2.9865    0.0000    0.0000    3.0000   -0.0000 
 -69.5000     0.00000     0.00000     0.00000     1.00000     0.02380    2.9991    1.0000    0.9999    2.9827    0.0000    0.0000    3.0000    0.0238 
 -69.0000     0.00000     0.00000     0.00000     1.00000     0.04760    2.9989    1.0000    0.9999    2.9779    0.0000    0.0000    3.0000    0.0476 
 -68.5000     0.00000     0.00000     0.00000     1.00000     0.07140    2.9986    1.0000    0.9998    2.9716    0.0000    0.0000    3.0000    0.0714 
 -68.0000     0.00000     0.00000     0.00000     1.00000     0.09520    2.9982    1.0000    0.9997    2.9637    0.0000    0.0000    3.0000    0.0952 
 -67.5000     0.00000     0.00000     0.00000     1.00000     0.11900    2.9977    1.0000    0.9994    2.9535    0.0000    0.0000    3.0000    0.1190 
 -67.0000     0.00000     0.00000     0.00000     1.00000     0.14280    2.9970    1.0000    0.9991    2.9406    0.0000    0.0000    3.0000    0.1428 
 -66.5000     0.00000     0.00000     0.00000     1.00000     0.16659    2.9961    1.0000    0.9985    2.9241    0.0000    0.0000    3.0000    0.1666 
 -66.0000     0.00000     0.00000     0.00000     1.00000     0.19039    2.9950    1.0000    0.9975    2.9032    0.0000    0.0000    3.0000    0.1904 
 -65.5000     0.00000     0.00000     0.00000     1.00000     0.21418    2.9936    1.0000    0.9959    2.8769    0.0000    0.0000    3.0000    0.2142 
 -65.0000     0.00000     0.00000     0.00000     1.00000     0.23797    2.9918    1.0000    0.9933    2.8437    0.0000    0.0000    3.0000    0.2380 
 -64.5000     0.00000     0.00000     0.00000     1.00000     0.26175    2.9895    1.0000    0.9890    2.8023    0.0000    0.0000    3.0000    0.2618 
 -64.0000     0.00000     0.00000     0.00000     1.00000     0.28552    2.9865    1.0000    0.9820    2.7508    0.0000    0.0000    3.0000    0.2856 
 -63.5000     0.00000     0.00000     0.00000     1.00000     0.30927    2.9827    1.0000    0.9707    2.6874    0.0000    0.0000    3.0000    0.3094 
 -63.0000     0.00000     0.00000     0.00000     0.99999     0.33299    2.9779    1.0000    0.9526    2.6101    0.0000    0.0000    3.0000    0.3332 
 -62.5000     0.00000     0.00000     0.00001     0.99999     0.35665    2.9716    0.9999    0.9242    2.5172    0.0000    0.0000    3.0000    0.3570 
 -62.0000     0.00000     0.00001     0.00001     0.99998     0.38022    2.9637    0.9999    0.8809    2.4072    0.0000    0.0000    3.0000    0.3808 
 -61.5000     0.00000     0.00001     0.00002     0.99996     0.40363    2.9535    0.9998    0.8179    2.2793    0.0000    0.0000    3.0000    0.4046 
 -61.0000     0.00001     0.00002     0.00005     0.99993     0.42677    2.9406    0.9997    0.7318    2.1337    0.0000    0.0000    3.0000    0.4284 
 -60.5000     0.00001     0.00003     0.00009     0.99987     0.44946    2.9241    0.9994    0.6239    1.9720    0.0000    0.0001    3.0000    0.4522 
 -60.0000     0.00002     0.00005     0.00019     0.99975     0.47139    2.9032    0.9991    0.5025    1.7971    0.0000    0.0001    3.0000    0.4760 
 -59.5000     0.00003     0.00008     0.00042     0.99947     0.49203    2.8769    0.9985    0.3814    1.6133    0.0000    0.0002    3.0000    0.4998 
 -59.0000     0.00005     0.00014     0.00098     0.99883     0.51046    2.8437    0.9975    0.2743    1.4261    0.0000    0.0003    3.0000    0.5236 
 -58.5000     0.00008     0.00024     0.00240     0.99728     0.52516    2.8023    0.9959    0.1891    1.2412    0.0000    0.0006    3.0000    0.5474 
 -58.0000     0.00013     0.00040     0.00602     0.99345     0.53360    2.7508    0.9933    0.1270    1.0640    0.0000    0.0009    3.0000    0.5712 
 -57.5000     0.00022     0.00068     0.01513     0.98397     0.53175    2.6874    0.9890    0.0844    0.8992    0.0000    0.0015    3.0000    0.5950 
 -57.0000     0.00037     0.00114     0.03717     0.96131     0.51376    2.6101    0.9820    0.0565    0.7500    0.0000    0.0025    3.0000    0.6188 
 -56.5000     0.00061     0.00187     0.08633     0.91120     0.47322    2.5172    0.9707    0.0387    0.6183    0.0000    0.0041    3.0000    0.6426 
 -56.0000     0.00093     0.00292     0.18133     0.81482     0.40851    2.4072    0.9526    0.0276    0.5045    0.0000    0.0067    3.0000    0.6664 
 -55.5000     0.00129     0.00420     0.32913     0.66537     0.33131    2.2793    0.9242    0.0208    0.4081    0.0000    0.0111    3.0000    0.6902 
 -55.0000     0.00163     0.00554     0.50455     0.48828     0.26473    2.1337    0.8809    0.0166    0.3277    0.0000    0.0182    3.0000    0.7140 
 -54.5000     0.00187     0.00686     0.66415     0.32712     0.22406    1.9720    0.8179    0.0140    0.2615    0.0000    0.0299    3.0000    0.7378 
 -54.0000     0.00203     0.00831     0.78255     0.20711     0.20663    1.7971    0.7318    0.0124    0.2077    0.0000    0.0490    3.0000    0.7616 
 -53.5000     0.00214     0.01029     0.85974     0.12783     0.20223    1.6133    0.6239    0.0115    0.1643    0.0000    0.0799    3.0000    0.7854 
 -53.0000     0.00223     0.01333     0.90599     0.07844     0.20313    1.4261    0.5025    0.0109    0.1295    0.0000    0.1295    3.0000    0.8092 
 -52.5000     0.00232     0.01825     0.93104     0.04840     0.20596    1.2412    0.3814    0.0105    0.1018    0.0000    0.2077    3.0000    0.8330 
 -52.0000     0.00240     0.02627     0.94108     0.03025     0.21035    1.0640    0.2743    0.0103    0.0799    0.0000    0.3277    3.0000    0.8568 
 -51.5000     0.00247     0.03925     0.93899     0.01929     0.21763    0.8992    0.1891    0.0102    0.0626    0.0001    0.5045    3.0000    0.8806 
 -51.0000     0.00253     0.05971     0.92511     0.01265     0.23013    0.7500    0.1270    0.0101    0.0490    0.0001    0.7500    3.0000    0.9044 
 -50.5000     0.00255     0.09067     0.89818     0.00860     0.25051    0.6183    0.0844    0.0101    0.0383    0.0002    1.0640    3.0000    0.9282 
 -50.0000     0.00254     0.13471     0.85666     0.00609     0.28088    0.5045    0.0565    0.0100    0.0299    0.0003    1.4261    3.0000    0.9520 
 -49.5000     0.00249     0.19246     0.80055     0.00450     0.32132    0.4081    0.0387    0.0100    0.0233    0.0006    1.7971    3.0000    0.9758 
 -49.0000     0.00241     0.26129     0.73284     0.00346     0.36859    0.3277    0.0276    0.0100    0.0182    0.0009    2.1337    3.0000    0.9996 
 -48.5000     0.00233     0.33597     0.65895     0.00275     0.41620    0.2615    0.0208    0.0100    0.0142    0.0015    2.4072    3.0000    1.0234 
 -48.0000     0.00227     0.41161     0.58387     0.00225     0.45668    0.2077    0.0166    0.0100    0.0111    0.0025    2.6101    3.0000    1.0472 
 -47.5000     0.00227     0.48636     0.50951     0.00186     0.48417    0.1643    0.0140    0.0100    0.0086    0.0041    2.7508    3.0000    1.0710 
 -47.0000     0.00232     0.56125     0.43489     0.00154     0.49608    0.1295    0.0124    0.0100    0.0067    0.0067    2.8437    3.0000    1.0948 
 -46.5000     0.00244     0.63747     0.35885     0.00124     0.49349    0.1018    0.0115    0.0100    0.0052    0.0111    2.9032    3.0000    1.1186 
 -46.0000     0.00259     0.71354     0.28291     0.00097     0.48096    0.0799    0.0109    0.0100    0.0041    0.0182    2.9406    3.0000    1.1424 
 -45.5000     0.00276     0.78483     0.21170     0.00072     0.46530    0.0626    0.0105    0.0100    0.0032    0.0299    2.9637    3.0000    1.1662 
 -45.0000     0.00291     0.84599     0.15058     0.00051     0.45309    0.0490    0.0103    0.0100    0.0025    0.0490    2.9779    3.0000    1.1900 
 -44.5000     0.00304     0.89390     0.10271     0.00035     0.44841    0.0383    0.0102    0.0100    0.0019    0.0799    2.9865    3.0000    1.2138 
 -44.0000     0.00313     0.92859     0.06805     0.00023     0.45222    0.0299    0.0101    0.0100    0.0015    0.1295    2.9918    3.0000    1.2376 
 -43.5000     0.00320     0.95224     0.04441     0.00015     0.46348    0.0233    0.0101    0.0100    0.0012    0.2077    2.9950    3.0000    1.2614 
 -43.0000     0.00324     0.96770     0.02896     0.00010     0.48038    0.0182    0.0100    0.0100    0.0009    0.3277    2.9970    3.0000    1.2852 
 -42.5000     0.00327     0.97753     0.01914     0.00006     0.50118    0.0142    0.0100    0.0100    0.0007    0.5045    2.9982    3.0000    1.3090 
 -42.0000     0.00328     0.98366     0.01301     0.00004     0.52455    0.0111    0.0100    0.0100    0.0006    0.7500    2.9989    3.0000    1.3328 
 -41.5000     0.00329     0.98744     0.00923     0.00003     0.54955    0.0086    0.0100    0.0100    0.0004    1.0640    2.9993    3.0000    1.3566 
 -41.0000     0.00330     0.98976     0.00691     0.00002     0.57557    0.0067    0.0100    0.0100    0.0003    1.4261    2.9996    3.0000    1.3804 
 -40.5000     0.00331     0.99118     0.00550     0.00002     0.60221    0.0052    0.0100    0.0100    0.0003    1.7971    2.9998    3.0000    1.4042 
 -40.0000     0.00331     0.99204     0.00464     0.00002     0.62923    0.0041    0.0100    0.0100    0.0002    2.1337    2.9998    3.0000    1.4280 
 -39.5000     0.00331     0.99257     0.00411     0.00001     0.65648    0.0032    0.0100    0.0100    0.0002    2.4072    2.9999    3.0000    1.4518 
 -39.0000     0.00331     0.99288     0.00379     0.00001     0.68388    0.0025    0.0100    0.0100    0.0001    2.6101    2.9999    3.0000    1.4756 
 -38.5000     0.00331     0.99308     0.00360     0.00001     0.71135    0.0019    0.0100    0.0100    0.0001    2.7508    3.0000    3.0000    1.4994 
 -38.0000     0.00331     0.99320     0.00348     0.00001     0.73888    0.0015    0.0100    0.0100    0.0001    2.8437    3.0000    3.0000    1.5232 
 -37.5000     0.00331     0.99327     0.00341     0.00001     0.76644    0.0012    0.0100    0.0100    0.0001    2.9032    3.0000    3.0000    1.5470 
 -37.0000     0.00331     0.99331     0.00337     0.00001     0.79402    0.0009    0.0100    0.0100    0.0000    2.9406    3.0000    3.0000    1.5708 
 -36.5000     0.00331     0.99334     0.00334     0.00001     0.82161    0.0007    0.0100    0.0100    0.0000    2.9637    3.0000    3.0000    1.5946 
 -36.0000     0.00331     0.99335     0.00333     0.00001     0.84921    0.0006    0.0100    0.0100    0.0000    2.9779    3.0000    3.0000    1.6184 
 -35.5000     0.00331     0.99336     0.00332     0.00001     0.87681    0.0004    0.0100    0.0100    0.0000    2.9865    3.0000    3.0000    1.6422 
 -35.0000     0.00331     0.99337     0.00331     0.00001     0.90442    0.0003    0.0100    0.0100    0.0000    2.9918    3.0000    3.0000    1.6660 
 -34.5000     0.00331     0.99337     0.00331     0.00001     0.93202    0.0003    0.0100    0.0100    0.0000    2.9950    3.0000    3.0000    1.6898 
 -34.0000     0.00331     0.99337     0.00330     0.00001     0.95963    0.0002    0.0100    0.0100    0.0000    2.9970    3.0000    3.0000    1.7136 
 -33.5000     0.00331     0.99338     0.00330     0.00001     0.98724    0.0002    0.0100    0.0100    0.0000    2.9982    3.0000    3.0000    1.7374 
 -33.0000     0.00331     0.99338     0.00330     0.00001     1.01484    0.0001    0.0100    0.0100    0.0000    2.9989    3.0000    3.0000    1.7612 
 -32.5000     0.00331     0.99338     0.00330     0.00001     1.04245    0.0001    0.0100    0.0100    0.0000    2.9993    3.0000    3.0000    1.7850 
 -32.0000     0.00331     0.99338     0.00330     0.00001     1.07006    0.0001    0.0100    0.0100    0.0000    2.9996    3.0000    3.0000    1.8088 
 -31.5000     0.00331     0.99338     0.00330     0.00001     1.09767    0.0001    0.0100    0.0100    0.0000    2.9998    3.0000    3.0000    1.8326 
 -31.0000     0.00331     0.99338     0.00330     0.00001     1.12527    0.0000    0.0100    0.0100    0.0000    2.9998    3.0000    3.0000    1.8564 
 -30.5000     0.00331     0.99338     0.00330     0.00001     1.15288    0.0000    0.0100    0.0100    0.0000    2.9999    3.0000    3.0000    1.8802 
 -30.0000     0.00331     0.99338     0.00330     0.00001     1.18049    0.0000    0.0100    0.0100    0.0000    2.9999    3.0000    3.0000    1.9040 
 -29.5000     0.00331     0.99338     0.00330     0.00001     1.20810    0.0000    0.0100    0.0100    0.0000    3.0000    3.0000    3.0000    1.9278 
 -29.0000     0.00331     0.99338     0.00330     0.00001     1.23571    0.0000    0.0100    0.0100    0.0000    3.0000    3.0000    3.0000    1.9516 
 -28.5000     0.00331     0.99338     0.00330     0.00001     1.26331    0.0000    0.0100    0.0100    0.0000    3.0000    3.0000    3.0000    1.9754 
 -28.0000     0.00331     0.99338     0.00330     0.00001     1.29092    0.0000    0.0100    0.0100    0.0000    3.0000    3.0000    3.0000    1.9992 
 -27.5000     0.00331     0.99338     0.00330     0.00001     1.31853    0.0000    0.0100    0.0100    0.0000    3.0000    3.0000    3.0000    2.0230 
 -27.0000     0.00331     0.99338     0.00330     0.00001     1.34614    0.0000    0.0100    0.0100    0.0000    3.0000    3.0000    3.0000    2.0468 
 -26.5000     0.00331     0.99338     0.00330     0.00001     1.37375    0.0000    0.0100    0.0100    0.0000    3.0000    3.0000    3.0000    2.0706 
 -26.0000     0.00331     0.99338     0.00330     0.00001     1.40135    0.0000    0.0100    0.0100    0.0000    3.0000    3.0000    3.0000    2.0944 
 -25.5000     0.00331     0.99338     0.00330     0.00001     1.42896    0.0000    0.0100    0.0100    0.0000    3.0000    3.0000    3.0000    2.1182 
 -25.0000     0.00331     0.99338     0.00330     0.00001     1.45657    0.0000    0.0100    0.0100    0.0000    3.0000    3.0000    3.0000    2.1420 
 -24.5000     0.00331     0.99338     0.00330     0.00001     1.48418    0.0000    0.0100    0.0100    0.0000    3.0000    3.0000    3.0000    2.1658 
 -24.0000     0.00331     0.99338     0.00330     0.00001     1.51179    0.0000    0.0100    0.0100    0.0000    3.0000    3.0000    3.0000    2.1896 
 -23.5000     0.00331     0.99338     0.00330     0.00001     1.53939    0.0000    0.0100    0.0100    0.0000    3.0000    3.0000    3.0000    2.2134 
 -23.0000     0.00331     0.99338     0.00330     0.00001     1.56700    0.0000    0.0100    0.0100    0.0000    3.0000    3.0000    3.0000    2.2372 
 -22.5000     0.00331     0.99338     0.00330     0.00001     1.59461    0.0000    0.0100    0.0100    0.0000    3.0000    3.0000    3.0000    2.2610 
 -22.0000     0.00331     0.99338     0.00330     0.00001     1.62222    0.0000    0.0100    0.0100    0.0000    3.0000    3.0000    3.0000    2.2848 
 -21.5000     0.00331     0.99338     0.00330     0.00001     1.64983    0.0000    0.0100    0.0100    0.0000    3.0000    3.0000    3.0000    2.3086 
 -21.0000     0.00331     0.99338     0.00330     0.00001     1.67743    0.0000    0.0100    0.0100    0.0000    3.0000    3.0000    3.0000    2.3324 
 -20.5000     0.00331     0.99338     0.00330     0.00001     1.70504    0.0000    0.0100    0.0100    0.0000    3.0000    3.0000    3.0000    2.3562 
 -20.0000     0.00331     0.99338     0.00330     0.00001     1.73265    0.0000    0.0100    0.0100    0.0000    3.0000    3.0000    3.0000    2.3800 
 -19.5000     0.00331     0.99338     0.00330     0.00001     1.76026    0.0000    0.0100    0.0100    0.0000    3.0000    3.0000    3.0000    2.4038 
 -19.0000     0.00331     0.99338     0.00330     0.00001     1.78786    0.0000    0.0100    0.0100    0.0000    3.0000    3.0000    3.0000    2.4276 
 -18.5000     0.00331     0.99338     0.00330     0.00001     1.81547    0.0000    0.0100    0.0100    0.0000    3.0000    3.0000    3.0000    2.4514 
 -18.0000     0.00331     0.99338     0.00330     0.00001     1.84308    0.0000    0.0100    0.0100    0.0000    3.0000    3.0000    3.0000    2.4752 
 -17.5000     0.00331     0.99338     0.00330     0.00001     1.87069    0.0000    0.0100    0.0100    0.0000    3.0000    3.0000    3.0000    2.4990 
 -17.0000     0.00331     0.99338     0.00330     0.00001     1.89830    0.0000    0.0100    0.0100    0.0000    3.0000    3.0000    3.0000    2.5228 
 -16.5000     0.00331     0.99338     0.00330     0.00001     1.92590    0.0000    0.0100    0.0100    0.0000    3.0000    3.0000    3.0000    2.5466 
 -16.0000     0.00331     0.99338     0.00330     0.00001     1.95351    0.0000    0.0100    0.0100    0.0000    3.0000    3.0000    3.0000    2.5704 
 -15.5000     0.00331     0.99338     0.00330     0.00001     1.98112    0.0000    0.0100    0.0100    0.0000    3.0000    3.0000    3.0000    2.5942 
 -15.0000     0.00331     0.99338     0.00330     0.00001     2.00873    0.0000    0.0100    0.0100    0.0000    3.0000    3.0000    3.0000    2.6180 
 -14.5000     0.00331     0.99338     0.00330     0.00001     2.03634    0.0000    0.0100    0.0100    0.0000    3.0000    3.0000    3.0000    2.6418 
 -14.0000     0.00331     0.99338     0.00330     0.00001     2.06394    0.0000    0.0100    0.0100    0.0000    3.0000    3.0000    3.0000    2.6656 
 -13.5000     0.00331     0.99338     0.00330     0.00001     2.09155    0.0000    0.0100    0.0100    0.0000    3.0000    3.0000    3.0000    2.6894 
 -13.0000     0.00331     0.99338     0.00330     0.00001     2.11916    0.0000    0.0100    0.0100    0.0000    3.0000    3.0000    3.0000    2.7132 
 -12.5000     0.00331     0.99338     0.00330     0.00001     2.14677    0.0000    0.0100    0.0100    0.0000    3.0000    3.0000    3.0000    2.7370 
 -12.0000     0.00331     0.99338     0.00330     0.00001     2.17438    0.0000    0.0100    0.0100    0.0000    3.0000    3.0000    3.0000    2.7608 
 -11.5000     0.00331     0.99338     0.00330     0.00001     2.20198    0.0000    0.0100    0.0100    0.0000    3.0000    3.0000    3.0000    2.7846 
 -11.0000     0.00331     0.99338     0.00330     0.00001     2.22959    0.0000    0.0100    0.0100    0.0000    3.0000    3.0000    3.0000    2.8084 
 -10.5000     0.00331     0.99338     0.00330     0.00001     2.25720    0.0000    0.0100    0.0100    0.0000    3.0000    3.0000    3.0000    2.8322 
 -10.0000     0.00331     0.99338     0.00330     0.00001     2.28481    0.0000    0.0100    0.0100    0.0000    3.0000    3.0000    3.0000    2.8560 
  -9.5000     0.00331     0.99338     0.00330     0.00001     2.31242    0.0000    0.0100    0.0100    0.0000    3.0000    3.0000    3.0000    2.8798 
  -9.0000     0.00331     0.99338     0.00330     0.00001     2.34002    0.0000    0.0100    0.0100    0.0000    3.0000    3.0000    3.0000    2.9036 
  -8.5000     0.00331     0.99338     0.00330     0.00001     2.36763    0.0000    0.0100    0.0100    0.0000    3.0000    3.0000    3.0000    2.9274 
  -8.0000     0.00331     0.99338     0.00330     0.00001     2.39524    0.0000    0.0100    0.0100    0.0000    3.0000    3.0000    3.0000    2.9512 
  -7.5000     0.00331     0.99338     0.00330     0.00001     2.42285    0.0000    0.0100    0.0100    0.0000    3.0000    3.0000    3.0000    2.9750 
  -7.0000     0.00331     0.99338     0.00330     0.00001     2.45046    0.0000    0.0100    0.0100    0.0000    3.0000    3.0000    3.0000    2.9988 
  -6.5000     0.00331     0.99338     0.00330     0.00001     2.47806    0.0000    0.0100    0.0100    0.0000    3.0000    3.0000    3.0000    3.0226 
  -6.0000     0.00331     0.99338     0.00330     0.00001     2.50567    0.0000    0.0100    0.0100    0.0000    3.0000    3.0000    3.0000    3.0464 
  -5.5000     0.00331     0.99338     0.00330     0.00001     2.53328    0.0000    0.0100    0.0100    0.0000    3.0000    3.0000    3.0000    3.0702 
  -5.0000     0.00331     0.99338     0.00330     0.00001     2.56089    0.0000    0.0100    0.0100    0.0000    3.0000    3.0000    3.0000    3.0940 
  -4.5000     0.00331     0.99338     0.00330     0.00001     2.58850    0.0000    0.0100    0.0100    0.0000    3.0000    3.0000    3.0000    3.1178 
  -4.0000     0.00331     0.99338     0.00330     0.00001     2.61610    0.0000    0.0100    0.0100    0.0000    3.0000    3.0000    3.0000    3.1416 
  -3.5000     0.00331     0.99338     0.00330     0.00001     2.64371    0.0000    0.0100    0.0100    0.0000    3.0000    3.0000    3.0000    3.1654 
  -3.0000     0.00331     0.99338     0.00330     0.00001     2.67132    0.0000    0.0100    0.0100    0.0000    3.0000    3.0000    3.0000    3.1892 
  -2.5000     0.00331     0.99338     0.00330     0.00001     2.69893    0.0000    0.0100    0.0100    0.0000    3.0000    3.0000    3.0000    3.2130 
  -2.0000     0.00331     0.99338     0.00330     0.00001     2.72654    0.0000    0.0100    0.0100    0.0000    3.0000    3.0000    3.0000    3.2368 
  -1.5000     0.00331     0.99338     0.00330     0.00001     2.75414    0.0000    0.0100    0.0100    0.0000    3.0000    3.0000    3.0000    3.2606 
  -1.0000     0.00331     0.99338     0.00330     0.00001     2.78175    0.0000    0.0100    0.0100    0.0000    3.0000    3.0000    3.0000    3.2844 
  -0.5000     0.00331     0.99338     0.00330     0.00001     2.80936    0.0000    0.0100    0.0100    0.0000    3.0000    3.0000    3.0000    3.3082 
   0.0000     0.00331     0.99338     0.00330     0.00001     2.83697    0.0000    0.0100    0.0100    0.0000    3.0000    3.0000    3.0000    3.3320 
   0.5000     0.00331     0.99338     0.00330     0.00001     2.86457    0.0000    0.0100    0.0100    0.0000    3.0000    3.0000    3.0000    3.3558 
   1.0000     0.00331     0.99338     0.00330     0.00001     2.89218    0.0000    0.0100    0.0100    0.0000    3.0000    3.0000    3.0000    3.3796 
   1.5000     0.00331     0.99338     0.00330     0.00001     2.91979    0.0000    0.0100    0.0100    0.0000    3.0000    3.0000    3.0000    3.4034 
   2.0000     0.00331     0.99338     0.00330     0.00001     2.94740    0.0000    0.0100    0.0100    0.0000    3.0000    3.0000    3.0000    3.4272 
   2.5000     0.00331     0.99338     0.00330     0.00001     2.97501    0.0000    0.0100    0.0100    0.0000    3.0000    3.0000    3.0000    3.4510 
   3.0000     0.00331     0.99338     0.00330     0.00001     3.00261    0.0000    0.0100    0.0100    0.0000    3.0000    3.0000    3.0000    3.4748 
   3.5000     0.00331     0.99338     0.00330     0.00001     3.03022    0.0000    0.0100    0.0100    0.0000    3.0000    3.0000    3.0000    3.4986 
   4.0000     0.00331     0.99338     0.00330     0.00001     3.05783    0.0000    0.0100    0.0100    0.0000    3.0000    3.0000    3.0000    3.5224 
   4.5000     0.00331     0.99338     0.00330     0.00001     3.08544    0.0000    0.0100    0.0100    0.0000    3.0000    3.0000    3.0000    3.5462 
   5.0000     0.00331     0.99338     0.00330     0.00001     3.11305    0.0000    0.0100    0.0100    0.0000    3.0000    3.0000    3.0000    3.5700 
   5.5000     0.00331     0.99338     0.00330     0.00001     3.14065    0.0000    0.0100    0.0100    0.0000    3.0000    3.0000    3.0000    3.5938 
   6.0000     0.00331     0.99338     0.00330     0.00001     3.16826    0.0000    0.0100    0.0100    0.0000    3.0000    3.0000    3.0000    3.6176 
   6.5000     0.00331     0.99338     0.00330     0.00001     3.19587    0.0000    0.0100    0.0100    0.0000    3.0000    3.0000    3.0000    3.6414 
   7.0000     0.00331     0.99338     0.00330     0.00001     3.22348    0.0000    0.0100    0.0100    0.0000    3.0000    3.0000    3.0000    3.6652 
   7.5000     0.00331     0.99338     0.00330     0.00001     3.25109    0.0000    0.0100    0.0100    0.0000    3.0000    3.0000    3.0000    3.6890 
   8.0000     0.00331     0.99338     0.00330     0.00001     3.27869    0.0000    0.0100    0.0100    0.0000    3.0000    3.0000    3.0000    3.7128 
   8.5000     0.00331     0.99338     0.00330     0.00001     3.30630    0.0000    0.0100    0.0100    0.0000    3.0000    3.0000    3.0000    3.7366 
   9.0000     0.00331     0.99338     0.00330     0.00001     3.33391    0.0000    0.0100    0.0100    0.0000    3.0000    3.0000    3.0000    3.7604 
   9.5000     0.00331     0.99338     0.00330     0.00001     3.36152    0.0000    0.0100    0.0100    0.0000    3.0000    3.0000    3.0000    3.7842 
  10.0000     0.00331     0.99338     0.00330     0.00001     3.38913    0.0000    0.0100    0.0100    0.0000    3.0000    3.0000    3.0000    3.8080 
  10.5000     0.00331     0.99338     0.00330     0.00001     3.41673    0.0000    0.0100    0.0100    0.0000    3.0000    3.0000    3.0000    3.8318 
  11.0000     0.00331     0.99338     0.00330     0.00001     3.44434    0.0000    0.0100    0.0100    0.0000    3.0000    3.0000    3.0000    3.8556 
  11.5000     0.00331     0.99338     0.00330     0.00001     3.47195    0.0000    0.0100    0.0100    0.0000    3.0000    3.0000    3.0000    3.8794 
  12.0000     0.00331     0.99338     0.00330     0.00001     3.49956    0.0000    0.0100    0.0100    0.0000    3.0000    3.0000    3.0000    3.9032 
  12.5000     0.00331     0.99338     0.00330     0.00001     3.52717    0.0000    0.0100    0.0100    0.0000    3.0000    3.0000    3.0000    3.9270 
  13.0000     0.00331     0.99338     0.00330     0.00001     3.55477    0.0000    0.0100    0.0100    0.0000    3.0000    3.0000    3.0000    3.9508 
  13.5000     0.00331     0.99338     0.00330     0.00001     3.58238    0.0000    0.0100    0.0100    0.0000    3.0000    3.0000    3.0000    3.9746 
  14.0000     0.00331     0.99338     0.00330     0.00001     3.60999    0.0000    0.0100    0.0100    0.0000    3.0000    3.0000    3.0000    3.9984 
  14.5000     0.00331     0.99338     0.00330     0.00001     3.63760    0.0000    0.0100    0.0100    0.0000    3.0000    3.0000    3.0000    4.0222 
  15.0000     0.00331     0.99338     0.00330     0.00001     3.66521    0.0000    0.0100    0.0100    0.0000    3.0000    3.0000    3.0000    4.0460 
  15.5000     0.00331     0.99338     0.00330     0.00001     3.69281    0.0000    0.0100    0.0100    0.0000    3.0000    3.0000    3.0000    4.0698 
  16.0000     0.00331     0.99338     0.00330     0.00001     3.72042    0.0000    0.0100    0.0100    0.0000    3.0000    3.0000    3.0000    4.0936 
  16.5000     0.00331     0.99338     0.00330     0.00001     3.74803    0.0000    0.0100    0.0100    0.0000    3.0000    3.0000    3.0000    4.1174 
  17.0000     0.00331     0.99338     0.00330     0.00001     3.77564    0.0000    0.0100    0.0100    0.0000    3.0000    3.0000    3.0000    4.1412 
  17.5000     0.00331     0.99338     0.00330     0.00001     3.80325    0.0000    0.0100    0.0100    0.0000    3.0000    3.0000    3.0000    4.1650 
  18.0000     0.00331     0.99338     0.00330     0.00001     3.83085    0.0000    0.0100    0.0100    0.0000    3.0000    3.0000    3.0000    4.1888 
  18.5000     0.00331     0.99338     0.00330     0.00001     3.85846    0.0000    0.0100    0.0100    0.0000    3.0000    3.0000    3.0000    4.2126 
  19.0000     0.00331     0.99338     0.00330     0.00001     3.88607    0.0000    0.0100    0.0100    0.0000    3.0000    3.0000    3.0000    4.2364 
  19.5000     0.00331     0.99338     0.00330     0.00001     3.91368    0.0000    0.0100    0.0100    0.0000    3.0000    3.0000    3.0000    4.2602 
  20.0000     0.00331     0.99338     0.00330     0.00001     3.94128    0.0000    0.0100    0.0100    0.0000    3.0000    3.0000    3.0000    4.2840 
  20.5000     0.00331     0.99338     0.00330     0.00001     3.96889    0.0000    0.0100    0.0100    0.0000    3.0000    3.0000    3.0000    4.3078 
  21.0000     0.00331     0.99338     0.00330     0.00001     3.99650    0.0000    0.0100    0.0100    0.0000    3.0000    3.0000    3.0000    4.3316 
  21.5000     0.00331     0.99338     0.00330     0.00001     4.02411    0.0000    0.0100    0.0100    0.0000    3.0000    3.0000    3.0000    4.3554 
  22.0000     0.00331     0.99338     0.00330     0.00001     4.05172    0.0000    0.0100    0.0100    0.0000    3.0000    3.0000    3.0000    4.3792 
  22.5000     0.00331     0.99338     0.00330     0.00001     4.07932    0.0000    0.0100    0.0100    0.0000    3.0000    3.0000    3.0000    4.4030 
  23.0000     0.00331     0.99338     0.00330     0.00001     4.10693    0.0000    0.0100    0.0100    0.0000    3.0000    3.0000    3.0000    4.4268 
  23.5000     0.00331     0.99338     0.00330     0.00001     4.13454    0.0000    0.0100    0.0100    0.0000    3.0000    3.0000    3.0000    4.4506 
  24.0000     0.00331     0.99338     0.00330     0.00001     4.16215    0.0000    0.0100    0.0100    0.0000    3.0000    3.0000    3.0000    4.4744 
  24.5000     0.00331     0.99338     0.00330     0.00001     4.18976    0.0000    0.0100    0.0100    0.0000    3.0000    3.0000    3.0000    4.4982 
  25.0000     0.00331     0.99338     0.00330     0.00001     4.21736    0.0000    0.0100    0.0100    0.0000    3.0000    3.0000    3.0000    4.5220 
  25.5000     0.00331     0.99338     0.00330     0.00001     4.24497    0.0000    0.0100    0.0100    0.0000    3.0000    3.0000    3.0000    4.5458 
  26.0000     0.00331     0.99338     0.00330     0.00001     4.27258    0.0000    0.0100    0.0100    0.0000    3.0000    3.0000    3.0000    4.5696 
  26.5000     0.00331     0.99338     0.00330     0.00001     4.30019    0.0000    0.0100    0.0100    0.0000    3.0000    3.0000    3.0000    4.5934 
  27.0000     0.00331     0.99338     0.00330     0.00001     4.32780    0.0000    0.0100    0.0100    0.0000    3.0000    3.0000    3.0000    4.6172 
  27.5000     0.00331     0.99338     0.00330     0.00001     4.35540    0.0000    0.0100    0.0100    0.0000    3.0000    3.0000    3.0000    4.6410 
  28.0000     0.00331     0.99338     0.00330     0.00001     4.38301    0.0000    0.0100    0.0100    0.0000    3.0000    3.0000    3.0000    4.6648 
  28.5000     0.00331     0.99338     0.00330     0.00001     4.41062    0.0000    0.0100    0.0100    0.0000    3.0000    3.0000    3.0000    4.6886 
  29.0000     0.00331     0.99338     0.00330     0.00001     4.43823    0.0000    0.0100    0.0100    0.0000    3.0000    3.0000    3.0000    4.7124 
  29.5000     0.00331     0.99338     0.00330     0.00001     4.46584    0.0000    0.0100    0.0100    0.0000    3.0000    3.0000    3.0000    4.7362 
  30.0000     0.00331     0.99338     0.00330     0.00001     4.49344    0.0000    0.0100    0.0100    0.0000    3.0000    3.0000    3.0000    4.7600 
  30.5000     0.00331     0.99338     0.00330     0.00001     4.52105    0.0000    0.0100    0.0100    0.0000    3.0000    3.0000    3.0000    4.7838 
  31.0000     0.00331     0.99338     0.00330     0.00001     4.54866    0.0000    0.0100    0.0100    0.0000    3.0000    3.0000    3.0000    4.8076 
  31.5000     0.00331     0.99338     0.00330     0.00001     4.57627    0.0000    0.0100    0.0100    0.0000    3.0000    3.0000    3.0000    4.8314 
  32.0000     0.00331     0.99338     0.00330     0.00001     4.60388    0.0000    0.0100    0.0100    0.0000    3.0000    3.0000    3.0000    4.8552 
  32.5000     0.00331     0.99338     0.00330     0.00001     4.63148    0.0000    0.0100    0.0100    0.0000    3.0000    3.0000    3.0000    4.8790 
  33.0000     0.00331     0.99338     0.00330     0.00001     4.65909    0.0000    0.0100    0.0100    0.0000    3.0000    3.0000    3.0000    4.9028 
  33.5000     0.00331     0.99338     0.00330     0.00001     4.68670    0.0000    0.0100    0.0100    0.0000    3.0000    3.0000    3.0000    4.9266 
  34.0000     0.00331     0.99338     0.00330     0.00001     4.71431    0.0000    0.0100    0.0100    0.0000    3.0000    3.0000    3.0000    4.9504 
  34.5000     0.00331     0.99338     0.00330     0.00001     4.74192    0.0000    0.0100    0.0100    0.0000    3.0000    3.0000    3.0000    4.9742 
  35.0000     0.00331     0.99338     0.00330     0.00001     4.76952    0.0000    0.0100    0.0100    0.0000    3.0000    3.0000    3.0000    4.9980 
  35.5000     0.00331     0.99338     0.00330     0.00001     4.79713    0.0000    0.0100    0.0100    0.0000    3.0000    3.0000    3.0000    5.0218 
  36.0000     0.00331     0.99338     0.00330     0.00001     4.82474    0.0000    0.0100    0.0100    0.0000    3.0000    3.0000    3.0000    5.0456 
  36.5000     0.00331     0.99338     0.00330     0.00001     4.85235    0.0000    0.0100    0.0100    0.0000    3.0000    3.0000    3.0000    5.0694 
  37.0000     0.00331     0.99338     0.00330     0.00001     4.87995    0.0000    0.0100    0.0100    0.0000    3.0000    3.0000    3.0000    5.0932 
  37.5000     0.00331     0.99338     0.00330     0.00001     4.90756    0.0000    0.0100    0.0100    0.0000    3.0000    3.0000    3.0000    5.1170 
  38.0000     0.00331     0.99338     0.00330     0.00001     4.93517    0.0000    0.0100    0.0100    0.0000    3.0000    3.0000    3.0000    5.1408 
  38.5000     0.00331     0.99338     0.00330     0.00001     4.96278    0.0000    0.0100    0.0100    0.0000    3.0000    3.0000    3.0000    5.1646 
  39.0000     0.00331     0.99338     0.00330     0.00001     4.99039    0.0000    0.0100    0.0100    0.0000    3.0000    3.0000    3.0000    5.1884 
  39.5000     0.00331     0.99338     0.00330     0.00001     5.01799    0.0000    0.0100    0.0100    0.0000    3.0000    3.0000    3.0000    5.2122 
  40.0000     0.00331     0.99338     0.00330     0.00001     5.04560    0.0000    0.0100    0.0100    0.0000    3.0000    3.0000    3.0000    5.2360 
  40.5000     0.00331     0.99338     0.00330     0.00001     5.07321    0.0000    0.0100    0.0100    0.0000    3.0000    3.0000    3.0000    5.2598 
  41.0000     0.00331     0.99338     0.00330     0.00001     5.10082    0.0000    0.0100    0.0100    0.0000    3.0000    3.0000    3.0000    5.2836 
  41.5000     0.00331     0.99338     0.00330     0.00001     5.12843    0.0000    0.0100    0.0100    0.0000    3.0000    3.0000    3.0000    5.3074 
  42.0000     0.00331     0.99338     0.00330     0.00001     5.15603    0.0000    0.0100    0.0100    0.0000    3.0000    3.0000    3.0000    5.3312 
  42.5000     0.00331     0.99338     0.00330     0.00001     5.18364    0.0000    0.0100    0.0100    0.0000    3.0000    3.0000    3.0000    5.3550 
  43.0000     0.00331     0.99338     0.00330     0.00001     5.21125    0.0000    0.0100    0.0100    0.0000    3.0000    3.0000    3.0000    5.3788 
  43.5000     0.00331     0.99338     0.00330     0.00001     5.23886    0.0000    0.0100    0.0100    0.0000    3.0000    3.0000    3.0000    5.4026 
  44.0000     0.00331     0.99338     0.00330     0.00001     5.26647    0.0000    0.0100    0.0100    0.0000    3.0000    3.0000    3.0000    5.4264 
  44.5000     0.00331     0.99338     0.00330     0.00001     5.29407    0.0000    0.0100    0.0100    0.0000    3.0000    3.0000    3.0000    5.4502 
  45.0000     0.00331     0.99338     0.00330     0.00001     5.32168    0.0000    0.0100    0.0100    0.0000    3.0000    3.0000    3.0000    5.4740 
  45.5000     0.00331     0.99338     0.00330     0.00001     5.34929    0.0000    0.0100    0.0100    0.0000    3.0000    3.0000    3.0000    5.4978 
  46.0000     0.00331     0.99338     0.00330     0.00001     5.37690    0.0000    0.0100    0.0100    0.0000    3.0000    3.0000    3.0000    5.5216 
  46.5000     0.00331     0.99338     0.00330     0.00001     5.40451    0.0000    0.0100    0.0100    0.0000    3.0000    3.0000    3.0000    5.5454 
  47.0000     0.00331     0.99338     0.00330     0.00001     5.43211    0.0000    0.0100    0.0100    0.0000    3.0000    3.0000    3.0000    5.5692 
  47.5000     0.00331     0.99338     0.00330     0.00001     5.45972    0.0000    0.0100    0.0100    0.0000    3.0000    3.0000    3.0000    5.5930 
  48.0000     0.00331     0.99338     0.00330     0.00001     5.48733    0.0000    0.0100    0.0100    0.0000    3.0000    3.0000    3.0000    5.6168 
  48.5000     0.00331     0.99338     0.00330     0.00001     5.51494    0.0000    0.0100    0.0100    0.0000    3.0000    3.0000    3.0000    5.6406 
  49.0000     0.00331     0.99338     0.00330     0.00001     5.54255    0.0000    0.0100    0.0100    0.0000    3.0000    3.0000    3.0000    5.6644 
  49.5000     0.00331     0.99338     0.00330     0.00001     5.57015    0.0000    0.0100    0.0100    0.0000    3.0000    3.0000    3.0000    5.6882 
  50.0000     0.00331     0.99338     0.00330     0.00001     5.59776    0.0000    0.0100    0.0100    0.0000    3.0000    3.0000    3.0000    5.7120 
