    0.050     0.009
    0.100     0.009
    0.150     0.009
    0.200     0.009
    0.250     0.009
    0.300     0.009
    0.350     0.009
    0.400     0.009
    0.450     0.009
    0.500     0.009
    0.550     0.009
    0.600     0.009
    0.650     0.009
    0.700     0.009
    0.750     0.009
    0.800     0.009
    0.850     0.009
    0.900     0.009
    0.950     0.009
    1.000     0.009
    1.050     0.009
    1.100     0.009
    1.150     0.009
    1.200     0.009
    1.250     0.009
    1.300     0.009
    1.350     0.009
    1.400     0.009
    1.450     0.009
    1.500     0.009
    1.550     0.009
    1.600     0.009
    1.650     0.009
    1.700     0.009
    1.750     0.009
    1.800     0.009
    1.850     0.009
    1.900     0.009
    1.950     0.009
    2.000     0.009
    2.050     0.009
    2.100     0.009
    2.150     0.009
    2.200     0.009
    2.250     0.009
    2.300     0.009
    2.350     0.009
    2.400     0.009
    2.450     0.009
    2.500     0.009
    2.550     0.009
    2.600     0.009
    2.650     0.010
    2.700     0.010
    2.750     0.010
    2.800     0.010
    2.850     0.010
    2.900     0.010
    2.950     0.010
    3.000     0.010
    3.050     0.010
    3.100     0.010
    3.150     0.010
    3.200     0.010
    3.250     0.010
    3.300     0.010
    3.350     0.010
    3.400     0.010
    3.450     0.010
    3.500     0.010
    3.550     0.010
    3.600     0.010
    3.650     0.010
    3.700     0.010
    3.750     0.010
    3.800     0.010
    3.850     0.010
    3.900     0.010
    3.950     0.010
    4.000     0.010
    4.050     0.010
    4.100     0.010
    4.150     0.010
    4.200     0.010
    4.250     0.010
    4.300     0.010
    4.350     0.010
    4.400     0.010
    4.450     0.010
    4.500     0.010
    4.550     0.010
    4.600     0.010
    4.650     0.010
    4.700     0.010
    4.750     0.010
    4.800     0.010
    4.850     0.010
    4.900     0.010
    4.950     0.010
    5.000     0.010
    5.050     0.010
    5.100     0.010
    5.150     0.010
    5.200     0.010
    5.250     0.010
    5.300     0.010
    5.350     0.010
    5.400     0.010
    5.450     0.010
    5.500     0.010
    5.550     0.010
    5.600     0.010
    5.650     0.010
    5.700     0.010
    5.750     0.010
    5.800     0.010
    5.850     0.010
    5.900     0.010
    5.950     0.010
    6.000     0.010
    6.050     0.010
    6.100     0.010
    6.150     0.010
    6.200     0.010
    6.250     0.010
    6.300     0.010
    6.350     0.010
    6.400     0.010
    6.450     0.010
    6.500     0.010
    6.550     0.010
    6.600     0.010
    6.650     0.010
    6.700     0.010
    6.750     0.010
    6.800     0.010
    6.850     0.011
    6.900     0.011
    6.950     0.011
    7.000     0.011
    7.050     0.011
    7.100     0.011
    7.150     0.011
    7.200     0.011
    7.250     0.011
    7.300     0.011
    7.350     0.011
    7.400     0.011
    7.450     0.011
    7.500     0.011
    7.550     0.011
    7.600     0.011
    7.650     0.011
    7.700     0.011
    7.750     0.011
    7.800     0.011
    7.850     0.011
    7.900     0.011
    7.950     0.011
    8.000     0.011
    8.050     0.011
    8.100     0.011
    8.150     0.011
    8.200     0.011
    8.250     0.011
    8.300     0.011
    8.350     0.011
    8.400     0.011
    8.450     0.011
    8.500     0.011
    8.550     0.011
    8.600     0.011
    8.650     0.011
    8.700     0.011
    8.750     0.011
    8.800     0.011
    8.850     0.011
    8.900     0.011
    8.950     0.011
    9.000     0.011
    9.050     0.011
    9.100     0.011
    9.150     0.011
    9.200     0.012
    9.250     0.012
    9.300     0.012
    9.350     0.012
    9.400     0.012
    9.450     0.012
    9.500     0.012
    9.550     0.012
    9.600     0.012
    9.650     0.012
    9.700     0.012
    9.750     0.012
    9.800     0.012
    9.850     0.012
    9.900     0.012
    9.950     0.012
   10.000     0.012
   10.050     0.012
   10.100     0.012
   10.150     0.012
   10.200     0.012
   10.250     0.012
   10.300     0.012
   10.350     0.012
   10.400     0.012
   10.450     0.012
   10.500     0.012
   10.550     0.012
   10.600     0.012
   10.650     0.012
   10.700     0.012
   10.750     0.012
   10.800     0.012
   10.850     0.013
   10.900     0.013
   10.950     0.013
   11.000     0.013
   11.050     0.013
   11.100     0.013
   11.150     0.013
   11.200     0.013
   11.250     0.013
   11.300     0.013
   11.350     0.013
   11.400     0.014
   11.450     0.015
   11.500     0.016
   11.550     0.019
   11.600     0.022
   11.650     0.026
   11.700     0.031
   11.750     0.036
   11.800     0.042
   11.850     0.047
   11.900     0.053
   11.950     0.059
   12.000     0.064
   12.050     0.070
   12.100     0.076
   12.150     0.081
   12.200     0.087
   12.250     0.092
   12.300     0.098
   12.350     0.103
   12.400     0.109
   12.450     0.114
   12.500     0.120
   12.550     0.125
   12.600     0.130
   12.650     0.135
   12.700     0.140
   12.750     0.145
   12.800     0.150
   12.850     0.154
   12.900     0.158
   12.950     0.162
   13.000     0.166
   13.050     0.169
   13.100     0.172
   13.150     0.174
   13.200     0.176
   13.250     0.178
   13.300     0.179
   13.350     0.181
   13.400     0.182
   13.450     0.182
   13.500     0.183
   13.550     0.184
   13.600     0.184
   13.650     0.184
   13.700     0.185
   13.750     0.185
   13.800     0.185
   13.850     0.185
   13.900     0.186
   13.950     0.186
   14.000     0.186
   14.050     0.186
   14.100     0.186
   14.150     0.186
   14.200     0.186
   14.250     0.186
   14.300     0.186
   14.350     0.186
   14.400     0.186
   14.450     0.186
   14.500     0.186
   14.550     0.186
   14.600     0.186
   14.650     0.186
   14.700     0.186
   14.750     0.186
   14.800     0.186
   14.850     0.186
   14.900     0.186
   14.950     0.186
   15.000     0.186
   15.050     0.186
   15.100     0.186
   15.150     0.186
   15.200     0.186
   15.250     0.186
   15.300     0.186
   15.350     0.185
   15.400     0.185
   15.450     0.185
   15.500     0.185
   15.550     0.185
   15.600     0.185
   15.650     0.185
   15.700     0.185
   15.750     0.185
   15.800     0.185
   15.850     0.185
   15.900     0.185
   15.950     0.184
   16.000     0.184
   16.050     0.184
   16.100     0.184
   16.150     0.184
   16.200     0.184
   16.250     0.184
   16.300     0.184
   16.350     0.184
   16.400     0.184
   16.450     0.183
   16.500     0.183
   16.550     0.183
   16.600     0.183
   16.650     0.183
   16.700     0.183
   16.750     0.183
   16.800     0.183
   16.850     0.183
   16.900     0.182
   16.950     0.182
   17.000     0.182
   17.050     0.182
   17.100     0.182
   17.150     0.182
   17.200     0.182
   17.250     0.182
   17.300     0.181
   17.350     0.181
   17.400     0.181
   17.450     0.181
   17.500     0.181
   17.550     0.181
   17.600     0.181
   17.650     0.181
   17.700     0.180
   17.750     0.180
   17.800     0.180
   17.850     0.180
   17.900     0.180
   17.950     0.180
   18.000     0.180
   18.050     0.180
   18.100     0.179
   18.150     0.179
   18.200     0.179
   18.250     0.179
   18.300     0.179
   18.350     0.179
   18.400     0.179
   18.450     0.179
   18.500     0.178
   18.550     0.178
   18.600     0.178
   18.650     0.178
   18.700     0.178
   18.750     0.178
   18.800     0.178
   18.850     0.178
   18.900     0.177
   18.950     0.177
   19.000     0.177
   19.050     0.177
   19.100     0.177
   19.150     0.177
   19.200     0.177
   19.250     0.176
   19.300     0.176
   19.350     0.176
   19.400     0.176
   19.450     0.176
   19.500     0.176
   19.550     0.176
   19.600     0.176
   19.650     0.175
   19.700     0.175
   19.750     0.175
   19.800     0.175
   19.850     0.175
   19.900     0.175
   19.950     0.175
   20.000     0.175
   20.050     0.174
   20.100     0.174
   20.150     0.174
   20.200     0.174
   20.250     0.174
   20.300     0.174
   20.350     0.174
   20.400     0.174
   20.450     0.173
   20.500     0.173
   20.550     0.173
   20.600     0.173
   20.650     0.173
   20.700     0.173
   20.750     0.173
   20.800     0.173
   20.850     0.172
   20.900     0.172
   20.950     0.172
   21.000     0.172
   21.050     0.172
   21.100     0.172
   21.150     0.172
   21.200     0.172
   21.250     0.171
   21.300     0.171
   21.350     0.171
   21.400     0.171
   21.450     0.171
   21.500     0.171
   21.550     0.171
   21.600     0.171
   21.650     0.171
   21.700     0.170
   21.750     0.170
   21.800     0.170
   21.850     0.170
   21.900     0.170
   21.950     0.170
   22.000     0.170
   22.050     0.170
   22.100     0.169
   22.150     0.169
   22.200     0.169
   22.250     0.169
   22.300     0.169
   22.350     0.169
   22.400     0.169
   22.450     0.169
   22.500     0.169
   22.550     0.168
   22.600     0.168
   22.650     0.168
   22.700     0.168
   22.750     0.168
   22.800     0.168
   22.850     0.168
   22.900     0.168
   22.950     0.168
   23.000     0.167
   23.050     0.167
   23.100     0.167
   23.150     0.167
   23.200     0.167
   23.250     0.167
   23.300     0.167
   23.350     0.167
   23.400     0.167
   23.450     0.166
   23.500     0.166
   23.550     0.166
   23.600     0.166
   23.650     0.166
   23.700     0.166
   23.750     0.166
   23.800     0.166
   23.850     0.166
   23.900     0.165
   23.950     0.165
   24.000     0.165
   24.050     0.165
   24.100     0.165
   24.150     0.165
   24.200     0.165
   24.250     0.165
   24.300     0.165
   24.350     0.164
   24.400     0.164
   24.450     0.164
   24.500     0.164
   24.550     0.164
   24.600     0.164
   24.650     0.164
   24.700     0.164
   24.750     0.164
   24.800     0.164
   24.850     0.163
   24.900     0.163
   24.950     0.163
   25.000     0.163
   25.050     0.163
   25.100     0.163
   25.150     0.163
   25.200     0.163
   25.250     0.163
   25.300     0.163
   25.350     0.162
   25.400     0.162
   25.450     0.162
   25.500     0.162
   25.550     0.162
   25.600     0.162
   25.650     0.162
   25.700     0.162
   25.750     0.162
   25.800     0.162
   25.850     0.162
   25.900     0.161
   25.950     0.161
   26.000     0.161
   26.050     0.161
   26.100     0.161
   26.150     0.161
   26.200     0.161
   26.250     0.161
   26.300     0.161
   26.350     0.161
   26.400     0.160
   26.450     0.160
   26.500     0.160
   26.550     0.160
   26.600     0.160
   26.650     0.160
   26.700     0.160
   26.750     0.160
   26.800     0.160
   26.850     0.160
   26.900     0.160
   26.950     0.159
   27.000     0.159
   27.050     0.159
   27.100     0.159
   27.150     0.159
   27.200     0.159
   27.250     0.159
   27.300     0.159
   27.350     0.159
   27.400     0.159
   27.450     0.159
   27.500     0.159
   27.550     0.158
   27.600     0.158
   27.650     0.158
   27.700     0.158
   27.750     0.158
   27.800     0.158
   27.850     0.158
   27.900     0.158
   27.950     0.158
   28.000     0.158
   28.050     0.158
   28.100     0.157
   28.150     0.157
   28.200     0.157
   28.250     0.157
   28.300     0.157
   28.350     0.157
   28.400     0.157
   28.450     0.157
   28.500     0.157
   28.550     0.157
   28.600     0.157
   28.650     0.157
   28.700     0.156
   28.750     0.156
   28.800     0.156
   28.850     0.156
   28.900     0.156
   28.950     0.156
   29.000     0.156
   29.050     0.156
   29.100     0.156
   29.150     0.156
   29.200     0.156
   29.250     0.156
   29.300     0.156
   29.350     0.155
   29.400     0.155
   29.450     0.155
   29.500     0.155
   29.550     0.155
   29.600     0.155
   29.650     0.155
   29.700     0.155
   29.750     0.155
   29.800     0.155
   29.850     0.155
   29.900     0.155
   29.950     0.155
   30.000     0.154
   30.050     0.154
   30.100     0.154
   30.150     0.154
   30.200     0.154
   30.250     0.154
   30.300     0.154
   30.350     0.154
   30.400     0.154
   30.450     0.154
   30.500     0.154
   30.550     0.154
   30.600     0.154
   30.650     0.153
   30.700     0.153
   30.750     0.153
   30.800     0.153
   30.850     0.153
   30.900     0.153
   30.950     0.153
   31.000     0.153
   31.050     0.153
   31.100     0.153
   31.150     0.153
   31.200     0.153
   31.250     0.153
   31.300     0.153
   31.350     0.152
   31.400     0.152
   31.450     0.152
   31.500     0.152
   31.550     0.152
   31.600     0.152
   31.650     0.152
   31.700     0.152
   31.750     0.152
   31.800     0.152
   31.850     0.152
   31.900     0.152
   31.950     0.152
   32.000     0.152
   32.050     0.152
   32.100     0.151
   32.150     0.151
   32.200     0.151
   32.250     0.151
   32.300     0.151
   32.350     0.151
   32.400     0.151
   32.450     0.151
   32.500     0.151
   32.550     0.151
   32.600     0.151
   32.650     0.151
   32.700     0.151
   32.750     0.151
   32.800     0.151
   32.850     0.150
   32.900     0.150
   32.950     0.150
   33.000     0.150
   33.050     0.150
   33.100     0.150
   33.150     0.150
   33.200     0.150
   33.250     0.150
   33.300     0.150
   33.350     0.150
   33.400     0.150
   33.450     0.150
   33.500     0.150
   33.550     0.150
   33.600     0.149
   33.650     0.149
   33.700     0.149
   33.750     0.149
   33.800     0.149
   33.850     0.149
   33.900     0.149
   33.950     0.149
   34.000     0.149
   34.050     0.149
   34.100     0.149
   34.150     0.149
   34.200     0.149
   34.250     0.149
   34.300     0.149
   34.350     0.149
   34.400     0.149
   34.450     0.148
   34.500     0.148
   34.550     0.148
   34.600     0.148
   34.650     0.148
   34.700     0.148
   34.750     0.148
   34.800     0.148
   34.850     0.148
   34.900     0.148
   34.950     0.148
   35.000     0.148
   35.050     0.148
   35.100     0.148
   35.150     0.148
   35.200     0.148
   35.250     0.148
   35.300     0.147
   35.350     0.147
   35.400     0.147
   35.450     0.147
   35.500     0.147
   35.550     0.147
   35.600     0.147
   35.650     0.147
   35.700     0.147
   35.750     0.147
   35.800     0.147
   35.850     0.147
   35.900     0.147
   35.950     0.147
   36.000     0.147
   36.050     0.147
   36.100     0.147
   36.150     0.146
   36.200     0.146
   36.250     0.146
   36.300     0.146
   36.350     0.146
   36.400     0.146
   36.450     0.146
   36.500     0.146
   36.550     0.146
   36.600     0.146
   36.650     0.146
   36.700     0.146
   36.750     0.146
   36.800     0.146
   36.850     0.146
   36.900     0.146
   36.950     0.146
   37.000     0.146
   37.050     0.146
   37.100     0.145
   37.150     0.145
   37.200     0.145
   37.250     0.145
   37.300     0.145
   37.350     0.145
   37.400     0.145
   37.450     0.145
   37.500     0.145
   37.550     0.145
   37.600     0.145
   37.650     0.145
   37.700     0.145
   37.750     0.145
   37.800     0.145
   37.850     0.145
   37.900     0.145
   37.950     0.145
   38.000     0.145
   38.050     0.144
   38.100     0.144
   38.150     0.144
   38.200     0.144
   38.250     0.144
   38.300     0.144
   38.350     0.144
   38.400     0.144
   38.450     0.144
   38.500     0.144
   38.550     0.144
   38.600     0.144
   38.650     0.144
   38.700     0.144
   38.750     0.144
   38.800     0.144
   38.850     0.144
   38.900     0.144
   38.950     0.144
   39.000     0.144
   39.050     0.143
   39.100     0.143
   39.150     0.143
   39.200     0.143
   39.250     0.143
   39.300     0.143
   39.350     0.143
   39.400     0.143
   39.450     0.143
   39.500     0.143
   39.550     0.143
   39.600     0.143
   39.650     0.143
   39.700     0.143
   39.750     0.143
   39.800     0.143
   39.850     0.143
   39.900     0.143
   39.950     0.143
   40.000     0.143
   40.050     0.143
   40.100     0.142
   40.150     0.142
   40.200     0.142
   40.250     0.142
   40.300     0.142
   40.350     0.142
   40.400     0.142
   40.450     0.142
   40.500     0.142
   40.550     0.142
   40.600     0.142
   40.650     0.142
   40.700     0.142
   40.750     0.142
   40.800     0.142
   40.850     0.142
   40.900     0.142
   40.950     0.142
   41.000     0.142
   41.050     0.142
   41.100     0.142
   41.150     0.142
   41.200     0.141
   41.250     0.141
   41.300     0.141
   41.350     0.141
   41.400     0.141
   41.450     0.141
   41.500     0.141
   41.550     0.141
   41.600     0.141
   41.650     0.141
   41.700     0.141
   41.750     0.141
   41.800     0.141
   41.850     0.141
   41.900     0.141
   41.950     0.141
   42.000     0.141
   42.050     0.141
   42.100     0.141
   42.150     0.141
   42.200     0.141
   42.250     0.141
   42.300     0.141
   42.350     0.140
   42.400     0.140
   42.450     0.140
   42.500     0.140
   42.550     0.140
   42.600     0.140
   42.650     0.140
   42.700     0.140
   42.750     0.140
   42.800     0.140
   42.850     0.140
   42.900     0.140
   42.950     0.140
   43.000     0.140
   43.050     0.140
   43.100     0.140
   43.150     0.140
   43.200     0.140
   43.250     0.140
   43.300     0.140
   43.350     0.140
   43.400     0.140
   43.450     0.140
   43.500     0.140
   43.550     0.140
   43.600     0.139
   43.650     0.139
   43.700     0.139
   43.750     0.139
   43.800     0.139
   43.850     0.139
   43.900     0.139
   43.950     0.139
   44.000     0.139
   44.050     0.139
   44.100     0.139
   44.150     0.139
   44.200     0.139
   44.250     0.139
   44.300     0.139
   44.350     0.139
   44.400     0.139
   44.450     0.139
   44.500     0.139
   44.550     0.139
   44.600     0.139
   44.650     0.139
   44.700     0.139
   44.750     0.139
   44.800     0.139
   44.850     0.139
   44.900     0.138
   44.950     0.138
   45.000     0.138
   45.050     0.138
   45.100     0.138
   45.150     0.138
   45.200     0.138
   45.250     0.138
   45.300     0.138
   45.350     0.138
   45.400     0.138
   45.450     0.138
   45.500     0.138
   45.550     0.138
   45.600     0.138
   45.650     0.138
   45.700     0.138
   45.750     0.138
   45.800     0.138
   45.850     0.138
   45.900     0.138
   45.950     0.138
   46.000     0.138
   46.050     0.138
   46.100     0.138
   46.150     0.138
   46.200     0.138
   46.250     0.138
   46.300     0.137
   46.350     0.137
   46.400     0.137
   46.450     0.137
   46.500     0.137
   46.550     0.137
   46.600     0.137
   46.650     0.137
   46.700     0.137
   46.750     0.137
   46.800     0.137
   46.850     0.137
   46.900     0.137
   46.950     0.137
   47.000     0.137
   47.050     0.137
   47.100     0.137
   47.150     0.137
   47.200     0.137
   47.250     0.137
   47.300     0.137
   47.350     0.137
   47.400     0.137
   47.450     0.137
   47.500     0.137
   47.550     0.137
   47.600     0.137
   47.650     0.137
   47.700     0.137
   47.750     0.137
   47.800     0.136
   47.850     0.136
   47.900     0.136
   47.950     0.136
   48.000     0.136
   48.050     0.136
   48.100     0.136
   48.150     0.136
   48.200     0.136
   48.250     0.136
   48.300     0.136
   48.350     0.136
   48.400     0.136
   48.450     0.136
   48.500     0.136
   48.550     0.136
   48.600     0.136
   48.650     0.136
   48.700     0.136
   48.750     0.136
   48.800     0.136
   48.850     0.136
   48.900     0.136
   48.950     0.136
   49.000     0.136
   49.050     0.136
   49.100     0.136
   49.150     0.136
   49.200     0.136
   49.250     0.136
   49.300     0.136
   49.350     0.136
   49.400     0.136
   49.450     0.135
   49.500     0.135
   49.550     0.135
   49.600     0.135
   49.650     0.135
   49.700     0.135
   49.750     0.135
   49.800     0.135
   49.850     0.135
   49.900     0.135
   49.950     0.135
   50.000     0.135
   50.050     0.135
   50.100     0.135
   50.150     0.135
   50.200     0.135
   50.250     0.135
   50.300     0.135
   50.350     0.135
   50.400     0.135
   50.450     0.135
   50.500     0.135
   50.550     0.135
   50.600     0.135
   50.650     0.135
   50.700     0.135
   50.750     0.135
   50.800     0.135
   50.850     0.135
   50.900     0.135
   50.950     0.135
   51.000     0.135
   51.050     0.135
   51.100     0.135
   51.150     0.135
   51.200     0.135
   51.250     0.135
   51.300     0.135
   51.350     0.134
   51.400     0.134
   51.450     0.134
   51.500     0.134
   51.550     0.134
   51.600     0.134
   51.650     0.134
   51.700     0.134
   51.750     0.134
   51.800     0.134
   51.850     0.134
   51.900     0.134
   51.950     0.134
   52.000     0.134
   52.050     0.134
   52.100     0.134
   52.150     0.134
   52.200     0.134
   52.250     0.134
   52.300     0.134
   52.350     0.134
   52.400     0.134
   52.450     0.134
   52.500     0.134
   52.550     0.134
   52.600     0.134
   52.650     0.134
   52.700     0.134
   52.750     0.134
   52.800     0.134
   52.850     0.134
   52.900     0.134
   52.950     0.134
   53.000     0.134
   53.050     0.134
   53.100     0.134
   53.150     0.134
   53.200     0.134
   53.250     0.134
   53.300     0.134
   53.350     0.134
   53.400     0.134
   53.450     0.134
   53.500     0.134
   53.550     0.134
   53.600     0.134
   53.650     0.134
   53.700     0.134
   53.750     0.134
   53.800     0.134
   53.850     0.134
   53.900     0.134
   53.950     0.134
   54.000     0.134
   54.050     0.134
   54.100     0.134
   54.150     0.134
   54.200     0.134
   54.250     0.134
   54.300     0.134
   54.350     0.134
   54.400     0.134
   54.450     0.134
   54.500     0.134
   54.550     0.134
   54.600     0.134
   54.650     0.134
   54.700     0.134
   54.750     0.135
   54.800     0.137
   54.850     0.139
   54.900     0.142
   54.950     0.146
   55.000     0.150
   55.050     0.155
   55.100     0.160
   55.150     0.165
   55.200     0.169
   55.250     0.174
   55.300     0.179
   55.350     0.184
   55.400     0.189
   55.450     0.194
   55.500     0.199
   55.550     0.204
   55.600     0.209
   55.650     0.213
   55.700     0.218
   55.750     0.223
   55.800     0.227
   55.850     0.232
   55.900     0.236
   55.950     0.241
   56.000     0.245
   56.050     0.249
   56.100     0.253
   56.150     0.257
   56.200     0.260
   56.250     0.264
   56.300     0.267
   56.350     0.270
   56.400     0.272
   56.450     0.274
   56.500     0.276
   56.550     0.277
   56.600     0.279
   56.650     0.280
   56.700     0.281
   56.750     0.282
   56.800     0.282
   56.850     0.283
   56.900     0.283
   56.950     0.284
   57.000     0.284
   57.050     0.284
   57.100     0.285
   57.150     0.285
   57.200     0.285
   57.250     0.285
   57.300     0.285
   57.350     0.285
   57.400     0.285
   57.450     0.285
   57.500     0.285
   57.550     0.285
   57.600     0.285
   57.650     0.285
   57.700     0.285
   57.750     0.285
   57.800     0.285
   57.850     0.285
   57.900     0.285
   57.950     0.285
   58.000     0.285
   58.050     0.285
   58.100     0.285
   58.150     0.285
   58.200     0.285
   58.250     0.285
   58.300     0.285
   58.350     0.285
   58.400     0.285
   58.450     0.285
   58.500     0.285
   58.550     0.284
   58.600     0.284
   58.650     0.284
   58.700     0.284
   58.750     0.284
   58.800     0.284
   58.850     0.284
   58.900     0.284
   58.950     0.283
   59.000     0.283
   59.050     0.283
   59.100     0.283
   59.150     0.283
   59.200     0.283
   59.250     0.283
   59.300     0.282
   59.350     0.282
   59.400     0.282
   59.450     0.282
   59.500     0.282
   59.550     0.282
   59.600     0.281
   59.650     0.281
   59.700     0.281
   59.750     0.281
   59.800     0.281
   59.850     0.281
   59.900     0.280
   59.950     0.280
