    0.050     0.001
    0.100     0.001
    0.150     0.001
    0.200     0.001
    0.250     0.001
    0.300     0.001
    0.350     0.001
    0.400     0.001
    0.450     0.001
    0.500     0.001
    0.550     0.001
    0.600     0.001
    0.650     0.001
    0.700     0.001
    0.750     0.001
    0.800     0.001
    0.850     0.001
    0.900     0.001
    0.950     0.001
    1.000     0.001
    1.050     0.001
    1.100     0.001
    1.150     0.001
    1.200     0.001
    1.250     0.001
    1.300     0.001
    1.350     0.001
    1.400     0.001
    1.450     0.001
    1.500     0.001
    1.550     0.001
    1.600     0.001
    1.650     0.001
    1.700     0.001
    1.750     0.001
    1.800     0.001
    1.850     0.001
    1.900     0.001
    1.950     0.001
    2.000     0.001
    2.050     0.001
    2.100     0.001
    2.150     0.001
    2.200     0.001
    2.250     0.001
    2.300     0.001
    2.350     0.001
    2.400     0.001
    2.450     0.001
    2.500     0.001
    2.550     0.001
    2.600     0.001
    2.650     0.001
    2.700     0.001
    2.750     0.001
    2.800     0.001
    2.850     0.001
    2.900     0.001
    2.950     0.001
    3.000     0.001
    3.050     0.001
    3.100     0.001
    3.150     0.001
    3.200     0.001
    3.250     0.001
    3.300     0.001
    3.350     0.001
    3.400     0.001
    3.450     0.001
    3.500     0.001
    3.550     0.001
    3.600     0.001
    3.650     0.001
    3.700     0.001
    3.750     0.001
    3.800     0.001
    3.850     0.001
    3.900     0.001
    3.950     0.001
    4.000     0.001
    4.050     0.001
    4.100     0.001
    4.150     0.001
    4.200     0.001
    4.250     0.001
    4.300     0.001
    4.350     0.001
    4.400     0.002
    4.450     0.002
    4.500     0.002
    4.550     0.002
    4.600     0.002
    4.650     0.002
    4.700     0.002
    4.750     0.002
    4.800     0.002
    4.850     0.002
    4.900     0.002
    4.950     0.002
    5.000     0.002
    5.050     0.002
    5.100     0.002
    5.150     0.002
    5.200     0.002
    5.250     0.002
    5.300     0.002
    5.350     0.002
    5.400     0.002
    5.450     0.002
    5.500     0.002
    5.550     0.002
    5.600     0.002
    5.650     0.002
    5.700     0.002
    5.750     0.002
    5.800     0.002
    5.850     0.002
    5.900     0.002
    5.950     0.002
    6.000     0.002
    6.050     0.002
    6.100     0.002
    6.150     0.002
    6.200     0.002
    6.250     0.002
    6.300     0.002
    6.350     0.002
    6.400     0.002
    6.450     0.002
    6.500     0.002
    6.550     0.002
    6.600     0.002
    6.650     0.002
    6.700     0.002
    6.750     0.002
    6.800     0.002
    6.850     0.002
    6.900     0.002
    6.950     0.002
    7.000     0.002
    7.050     0.002
    7.100     0.002
    7.150     0.002
    7.200     0.002
    7.250     0.002
    7.300     0.002
    7.350     0.002
    7.400     0.002
    7.450     0.002
    7.500     0.002
    7.550     0.002
    7.600     0.002
    7.650     0.002
    7.700     0.002
    7.750     0.002
    7.800     0.002
    7.850     0.002
    7.900     0.002
    7.950     0.002
    8.000     0.002
    8.050     0.002
    8.100     0.002
    8.150     0.002
    8.200     0.002
    8.250     0.002
    8.300     0.002
    8.350     0.002
    8.400     0.002
    8.450     0.002
    8.500     0.002
    8.550     0.002
    8.600     0.002
    8.650     0.002
    8.700     0.002
    8.750     0.002
    8.800     0.002
    8.850     0.002
    8.900     0.002
    8.950     0.002
    9.000     0.002
    9.050     0.002
    9.100     0.002
    9.150     0.002
    9.200     0.002
    9.250     0.002
    9.300     0.002
    9.350     0.002
    9.400     0.003
    9.450     0.003
    9.500     0.003
    9.550     0.003
    9.600     0.003
    9.650     0.003
    9.700     0.003
    9.750     0.003
    9.800     0.003
    9.850     0.003
    9.900     0.003
    9.950     0.003
   10.000     0.003
   10.050     0.003
   10.100     0.003
   10.150     0.003
   10.200     0.003
   10.250     0.003
   10.300     0.003
   10.350     0.003
   10.400     0.003
   10.450     0.003
   10.500     0.003
   10.550     0.003
   10.600     0.003
   10.650     0.003
   10.700     0.003
   10.750     0.003
   10.800     0.003
   10.850     0.003
   10.900     0.003
   10.950     0.003
   11.000     0.003
   11.050     0.003
   11.100     0.003
   11.150     0.003
   11.200     0.003
   11.250     0.003
   11.300     0.003
   11.350     0.003
   11.400     0.004
   11.450     0.004
   11.500     0.005
   11.550     0.007
   11.600     0.010
   11.650     0.013
   11.700     0.019
   11.750     0.026
   11.800     0.035
   11.850     0.046
   11.900     0.058
   11.950     0.073
   12.000     0.088
   12.050     0.105
   12.100     0.122
   12.150     0.139
   12.200     0.157
   12.250     0.174
   12.300     0.190
   12.350     0.206
   12.400     0.220
   12.450     0.233
   12.500     0.245
   12.550     0.255
   12.600     0.264
   12.650     0.272
   12.700     0.278
   12.750     0.283
   12.800     0.286
   12.850     0.289
   12.900     0.291
   12.950     0.292
   13.000     0.292
   13.050     0.292
   13.100     0.291
   13.150     0.290
   13.200     0.288
   13.250     0.287
   13.300     0.284
   13.350     0.282
   13.400     0.279
   13.450     0.277
   13.500     0.274
   13.550     0.271
   13.600     0.268
   13.650     0.264
   13.700     0.261
   13.750     0.258
   13.800     0.254
   13.850     0.251
   13.900     0.247
   13.950     0.244
   14.000     0.240
   14.050     0.237
   14.100     0.233
   14.150     0.230
   14.200     0.226
   14.250     0.222
   14.300     0.219
   14.350     0.215
   14.400     0.212
   14.450     0.208
   14.500     0.205
   14.550     0.201
   14.600     0.198
   14.650     0.194
   14.700     0.191
   14.750     0.187
   14.800     0.184
   14.850     0.181
   14.900     0.177
   14.950     0.174
   15.000     0.171
   15.050     0.168
   15.100     0.165
   15.150     0.162
   15.200     0.158
   15.250     0.155
   15.300     0.153
   15.350     0.150
   15.400     0.147
   15.450     0.144
   15.500     0.141
   15.550     0.138
   15.600     0.136
   15.650     0.133
   15.700     0.130
   15.750     0.128
   15.800     0.125
   15.850     0.123
   15.900     0.120
   15.950     0.118
   16.000     0.116
   16.050     0.113
   16.100     0.111
   16.150     0.109
   16.200     0.107
   16.250     0.105
   16.300     0.102
   16.350     0.100
   16.400     0.098
   16.450     0.096
   16.500     0.094
   16.550     0.092
   16.600     0.091
   16.650     0.089
   16.700     0.087
   16.750     0.085
   16.800     0.083
   16.850     0.082
   16.900     0.080
   16.950     0.078
   17.000     0.077
   17.050     0.075
   17.100     0.074
   17.150     0.072
   17.200     0.071
   17.250     0.069
   17.300     0.068
   17.350     0.066
   17.400     0.065
   17.450     0.064
   17.500     0.062
   17.550     0.061
   17.600     0.060
   17.650     0.059
   17.700     0.057
   17.750     0.056
   17.800     0.055
   17.850     0.054
   17.900     0.053
   17.950     0.052
   18.000     0.051
   18.050     0.050
   18.100     0.049
   18.150     0.048
   18.200     0.047
   18.250     0.046
   18.300     0.045
   18.350     0.044
   18.400     0.043
   18.450     0.042
   18.500     0.041
   18.550     0.040
   18.600     0.040
   18.650     0.039
   18.700     0.038
   18.750     0.037
   18.800     0.036
   18.850     0.036
   18.900     0.035
   18.950     0.034
   19.000     0.033
   19.050     0.033
   19.100     0.032
   19.150     0.031
   19.200     0.031
   19.250     0.030
   19.300     0.030
   19.350     0.029
   19.400     0.028
   19.450     0.028
   19.500     0.027
   19.550     0.027
   19.600     0.026
   19.650     0.026
   19.700     0.025
   19.750     0.025
   19.800     0.024
   19.850     0.024
   19.900     0.023
   19.950     0.023
   20.000     0.022
   20.050     0.022
   20.100     0.021
   20.150     0.021
   20.200     0.020
   20.250     0.020
   20.300     0.020
   20.350     0.019
   20.400     0.019
   20.450     0.019
   20.500     0.018
   20.550     0.018
   20.600     0.017
   20.650     0.017
   20.700     0.017
   20.750     0.016
   20.800     0.016
   20.850     0.016
   20.900     0.016
   20.950     0.015
   21.000     0.015
   21.050     0.015
   21.100     0.014
   21.150     0.014
   21.200     0.014
   21.250     0.014
   21.300     0.013
   21.350     0.013
   21.400     0.013
   21.450     0.013
   21.500     0.012
   21.550     0.012
   21.600     0.012
   21.650     0.012
   21.700     0.011
   21.750     0.011
   21.800     0.011
   21.850     0.011
   21.900     0.011
   21.950     0.010
   22.000     0.010
   22.050     0.010
   22.100     0.010
   22.150     0.010
   22.200     0.009
   22.250     0.009
   22.300     0.009
   22.350     0.009
   22.400     0.009
   22.450     0.009
   22.500     0.008
   22.550     0.008
   22.600     0.008
   22.650     0.008
   22.700     0.008
   22.750     0.008
   22.800     0.008
   22.850     0.007
   22.900     0.007
   22.950     0.007
   23.000     0.007
   23.050     0.007
   23.100     0.007
   23.150     0.007
   23.200     0.007
   23.250     0.007
   23.300     0.006
   23.350     0.006
   23.400     0.006
   23.450     0.006
   23.500     0.006
   23.550     0.006
   23.600     0.006
   23.650     0.006
   23.700     0.006
   23.750     0.006
   23.800     0.005
   23.850     0.005
   23.900     0.005
   23.950     0.005
   24.000     0.005
   24.050     0.005
   24.100     0.005
   24.150     0.005
   24.200     0.005
   24.250     0.005
   24.300     0.005
   24.350     0.005
   24.400     0.005
   24.450     0.004
   24.500     0.004
   24.550     0.004
   24.600     0.004
   24.650     0.004
   24.700     0.004
   24.750     0.004
   24.800     0.004
   24.850     0.004
   24.900     0.004
   24.950     0.004
   25.000     0.004
   25.050     0.004
   25.100     0.004
   25.150     0.004
   25.200     0.004
   25.250     0.004
   25.300     0.004
   25.350     0.004
   25.400     0.003
   25.450     0.003
   25.500     0.003
   25.550     0.003
   25.600     0.003
   25.650     0.003
   25.700     0.003
   25.750     0.003
   25.800     0.003
   25.850     0.003
   25.900     0.003
   25.950     0.003
   26.000     0.003
   26.050     0.003
   26.100     0.003
   26.150     0.003
   26.200     0.003
   26.250     0.003
   26.300     0.003
   26.350     0.003
   26.400     0.003
   26.450     0.003
   26.500     0.003
   26.550     0.003
   26.600     0.003
   26.650     0.003
   26.700     0.003
   26.750     0.003
   26.800     0.003
   26.850     0.003
   26.900     0.003
   26.950     0.003
   27.000     0.003
   27.050     0.003
   27.100     0.003
   27.150     0.002
   27.200     0.002
   27.250     0.002
   27.300     0.002
   27.350     0.002
   27.400     0.002
   27.450     0.002
   27.500     0.002
   27.550     0.002
   27.600     0.002
   27.650     0.002
   27.700     0.002
   27.750     0.002
   27.800     0.002
   27.850     0.002
   27.900     0.002
   27.950     0.002
   28.000     0.002
   28.050     0.002
   28.100     0.002
   28.150     0.002
   28.200     0.002
   28.250     0.002
   28.300     0.002
   28.350     0.002
   28.400     0.002
   28.450     0.002
   28.500     0.002
   28.550     0.002
   28.600     0.002
   28.650     0.002
   28.700     0.002
   28.750     0.002
   28.800     0.002
   28.850     0.002
   28.900     0.002
   28.950     0.002
   29.000     0.002
   29.050     0.002
   29.100     0.002
   29.150     0.002
   29.200     0.002
   29.250     0.002
   29.300     0.002
   29.350     0.002
   29.400     0.002
   29.450     0.002
   29.500     0.002
   29.550     0.002
   29.600     0.002
   29.650     0.002
   29.700     0.002
   29.750     0.002
   29.800     0.002
   29.850     0.002
   29.900     0.002
   29.950     0.002
   30.000     0.002
   30.050     0.002
   30.100     0.002
   30.150     0.002
   30.200     0.002
   30.250     0.002
   30.300     0.002
   30.350     0.002
   30.400     0.002
   30.450     0.002
   30.500     0.002
   30.550     0.002
   30.600     0.002
   30.650     0.002
   30.700     0.002
   30.750     0.002
   30.800     0.002
   30.850     0.002
   30.900     0.002
   30.950     0.002
   31.000     0.002
   31.050     0.002
   31.100     0.002
   31.150     0.002
   31.200     0.002
   31.250     0.002
   31.300     0.002
   31.350     0.002
   31.400     0.002
   31.450     0.002
   31.500     0.002
   31.550     0.002
   31.600     0.002
   31.650     0.002
   31.700     0.002
   31.750     0.002
   31.800     0.002
   31.850     0.002
   31.900     0.002
   31.950     0.002
   32.000     0.002
   32.050     0.002
   32.100     0.002
   32.150     0.002
   32.200     0.002
   32.250     0.002
   32.300     0.002
   32.350     0.002
   32.400     0.002
   32.450     0.002
   32.500     0.002
   32.550     0.002
   32.600     0.002
   32.650     0.002
   32.700     0.002
   32.750     0.002
   32.800     0.002
   32.850     0.002
   32.900     0.002
   32.950     0.002
   33.000     0.002
   33.050     0.002
   33.100     0.002
   33.150     0.002
   33.200     0.002
   33.250     0.002
   33.300     0.002
   33.350     0.002
   33.400     0.002
   33.450     0.002
   33.500     0.002
   33.550     0.002
   33.600     0.002
   33.650     0.002
   33.700     0.002
   33.750     0.002
   33.800     0.002
   33.850     0.002
   33.900     0.002
   33.950     0.002
   34.000     0.002
   34.050     0.002
   34.100     0.002
   34.150     0.002
   34.200     0.002
   34.250     0.002
   34.300     0.002
   34.350     0.002
   34.400     0.002
   34.450     0.002
   34.500     0.002
   34.550     0.002
   34.600     0.002
   34.650     0.002
   34.700     0.002
   34.750     0.002
   34.800     0.002
   34.850     0.002
   34.900     0.002
   34.950     0.002
   35.000     0.002
   35.050     0.002
   35.100     0.002
   35.150     0.002
   35.200     0.002
   35.250     0.002
   35.300     0.002
   35.350     0.002
   35.400     0.002
   35.450     0.002
   35.500     0.002
   35.550     0.002
   35.600     0.002
   35.650     0.002
   35.700     0.002
   35.750     0.002
   35.800     0.002
   35.850     0.002
   35.900     0.002
   35.950     0.002
   36.000     0.002
   36.050     0.002
   36.100     0.002
   36.150     0.002
   36.200     0.002
   36.250     0.002
   36.300     0.002
   36.350     0.002
   36.400     0.002
   36.450     0.002
   36.500     0.002
   36.550     0.002
   36.600     0.002
   36.650     0.002
   36.700     0.002
   36.750     0.002
   36.800     0.002
   36.850     0.002
   36.900     0.002
   36.950     0.002
   37.000     0.002
   37.050     0.002
   37.100     0.002
   37.150     0.002
   37.200     0.002
   37.250     0.002
   37.300     0.002
   37.350     0.002
   37.400     0.002
   37.450     0.002
   37.500     0.002
   37.550     0.002
   37.600     0.002
   37.650     0.002
   37.700     0.002
   37.750     0.002
   37.800     0.002
   37.850     0.002
   37.900     0.002
   37.950     0.002
   38.000     0.002
   38.050     0.002
   38.100     0.002
   38.150     0.002
   38.200     0.002
   38.250     0.002
   38.300     0.002
   38.350     0.002
   38.400     0.002
   38.450     0.002
   38.500     0.002
   38.550     0.002
   38.600     0.002
   38.650     0.002
   38.700     0.002
   38.750     0.002
   38.800     0.002
   38.850     0.002
   38.900     0.002
   38.950     0.002
   39.000     0.002
   39.050     0.002
   39.100     0.002
   39.150     0.002
   39.200     0.002
   39.250     0.002
   39.300     0.002
   39.350     0.002
   39.400     0.002
   39.450     0.002
   39.500     0.002
   39.550     0.002
   39.600     0.002
   39.650     0.002
   39.700     0.002
   39.750     0.002
   39.800     0.002
   39.850     0.002
   39.900     0.002
   39.950     0.002
   40.000     0.002
   40.050     0.002
   40.100     0.002
   40.150     0.002
   40.200     0.002
   40.250     0.002
   40.300     0.002
   40.350     0.002
   40.400     0.002
   40.450     0.002
   40.500     0.002
   40.550     0.002
   40.600     0.002
   40.650     0.002
   40.700     0.002
   40.750     0.002
   40.800     0.002
   40.850     0.002
   40.900     0.002
   40.950     0.002
   41.000     0.002
   41.050     0.002
   41.100     0.002
   41.150     0.002
   41.200     0.002
   41.250     0.002
   41.300     0.002
   41.350     0.002
   41.400     0.002
   41.450     0.002
   41.500     0.002
   41.550     0.002
   41.600     0.002
   41.650     0.002
   41.700     0.002
   41.750     0.002
   41.800     0.002
   41.850     0.002
   41.900     0.002
   41.950     0.002
   42.000     0.002
   42.050     0.002
   42.100     0.002
   42.150     0.002
   42.200     0.002
   42.250     0.002
   42.300     0.002
   42.350     0.002
   42.400     0.002
   42.450     0.002
   42.500     0.002
   42.550     0.002
   42.600     0.002
   42.650     0.002
   42.700     0.002
   42.750     0.002
   42.800     0.002
   42.850     0.002
   42.900     0.002
   42.950     0.002
   43.000     0.002
   43.050     0.002
   43.100     0.002
   43.150     0.002
   43.200     0.002
   43.250     0.002
   43.300     0.002
   43.350     0.002
   43.400     0.002
   43.450     0.002
   43.500     0.002
   43.550     0.002
   43.600     0.002
   43.650     0.002
   43.700     0.002
   43.750     0.002
   43.800     0.002
   43.850     0.003
   43.900     0.003
   43.950     0.003
   44.000     0.003
   44.050     0.003
   44.100     0.003
   44.150     0.003
   44.200     0.003
   44.250     0.003
   44.300     0.003
   44.350     0.003
   44.400     0.003
   44.450     0.003
   44.500     0.003
   44.550     0.003
   44.600     0.003
   44.650     0.003
   44.700     0.003
   44.750     0.003
   44.800     0.003
   44.850     0.003
   44.900     0.003
   44.950     0.003
   45.000     0.003
   45.050     0.003
   45.100     0.003
   45.150     0.003
   45.200     0.003
   45.250     0.003
   45.300     0.003
   45.350     0.003
   45.400     0.003
   45.450     0.003
   45.500     0.003
   45.550     0.003
   45.600     0.003
   45.650     0.003
   45.700     0.003
   45.750     0.003
   45.800     0.003
   45.850     0.003
   45.900     0.003
   45.950     0.003
   46.000     0.003
   46.050     0.003
   46.100     0.003
   46.150     0.003
   46.200     0.003
   46.250     0.003
   46.300     0.003
   46.350     0.003
   46.400     0.003
   46.450     0.003
   46.500     0.003
   46.550     0.003
   46.600     0.003
   46.650     0.003
   46.700     0.003
   46.750     0.003
   46.800     0.003
   46.850     0.003
   46.900     0.003
   46.950     0.003
   47.000     0.003
   47.050     0.003
   47.100     0.003
   47.150     0.003
   47.200     0.003
   47.250     0.003
   47.300     0.003
   47.350     0.003
   47.400     0.003
   47.450     0.003
   47.500     0.003
   47.550     0.003
   47.600     0.003
   47.650     0.003
   47.700     0.003
   47.750     0.003
   47.800     0.003
   47.850     0.003
   47.900     0.003
   47.950     0.003
   48.000     0.003
   48.050     0.003
   48.100     0.003
   48.150     0.003
   48.200     0.003
   48.250     0.003
   48.300     0.003
   48.350     0.003
   48.400     0.003
   48.450     0.003
   48.500     0.003
   48.550     0.003
   48.600     0.003
   48.650     0.003
   48.700     0.003
   48.750     0.003
   48.800     0.003
   48.850     0.003
   48.900     0.003
   48.950     0.003
   49.000     0.003
   49.050     0.003
   49.100     0.003
   49.150     0.003
   49.200     0.003
   49.250     0.003
   49.300     0.003
   49.350     0.003
   49.400     0.003
   49.450     0.003
   49.500     0.003
   49.550     0.003
   49.600     0.003
   49.650     0.003
   49.700     0.003
   49.750     0.003
   49.800     0.003
   49.850     0.003
   49.900     0.003
   49.950     0.003
   50.000     0.003
   50.050     0.003
   50.100     0.003
   50.150     0.003
   50.200     0.003
   50.250     0.003
   50.300     0.003
   50.350     0.003
   50.400     0.003
   50.450     0.003
   50.500     0.003
   50.550     0.003
   50.600     0.003
   50.650     0.003
   50.700     0.003
   50.750     0.003
   50.800     0.003
   50.850     0.003
   50.900     0.003
   50.950     0.003
   51.000     0.003
   51.050     0.003
   51.100     0.003
   51.150     0.003
   51.200     0.003
   51.250     0.003
   51.300     0.003
   51.350     0.003
   51.400     0.003
   51.450     0.003
   51.500     0.003
   51.550     0.003
   51.600     0.003
   51.650     0.003
   51.700     0.003
   51.750     0.003
   51.800     0.003
   51.850     0.003
   51.900     0.003
   51.950     0.003
   52.000     0.003
   52.050     0.003
   52.100     0.003
   52.150     0.003
   52.200     0.003
   52.250     0.003
   52.300     0.003
   52.350     0.003
   52.400     0.003
   52.450     0.003
   52.500     0.003
   52.550     0.003
   52.600     0.003
   52.650     0.003
   52.700     0.003
   52.750     0.003
   52.800     0.003
   52.850     0.003
   52.900     0.003
   52.950     0.003
   53.000     0.003
   53.050     0.003
   53.100     0.003
   53.150     0.003
   53.200     0.003
   53.250     0.003
   53.300     0.003
   53.350     0.003
   53.400     0.003
   53.450     0.003
   53.500     0.003
   53.550     0.003
   53.600     0.003
   53.650     0.003
   53.700     0.003
   53.750     0.003
   53.800     0.003
   53.850     0.003
   53.900     0.003
   53.950     0.003
   54.000     0.003
   54.050     0.003
   54.100     0.003
   54.150     0.003
   54.200     0.003
   54.250     0.003
   54.300     0.003
   54.350     0.003
   54.400     0.003
   54.450     0.003
   54.500     0.004
   54.550     0.004
   54.600     0.004
   54.650     0.004
   54.700     0.004
   54.750     0.005
   54.800     0.005
   54.850     0.007
   54.900     0.009
   54.950     0.012
   55.000     0.017
   55.050     0.023
   55.100     0.031
   55.150     0.040
   55.200     0.051
   55.250     0.064
   55.300     0.078
   55.350     0.092
   55.400     0.108
   55.450     0.123
   55.500     0.139
   55.550     0.154
   55.600     0.169
   55.650     0.183
   55.700     0.196
   55.750     0.208
   55.800     0.219
   55.850     0.229
   55.900     0.237
   55.950     0.244
   56.000     0.250
   56.050     0.255
   56.100     0.259
   56.150     0.262
   56.200     0.264
   56.250     0.265
   56.300     0.266
   56.350     0.266
   56.400     0.266
   56.450     0.265
   56.500     0.264
   56.550     0.263
   56.600     0.261
   56.650     0.259
   56.700     0.257
   56.750     0.255
   56.800     0.253
   56.850     0.250
   56.900     0.247
   56.950     0.245
   57.000     0.242
   57.050     0.239
   57.100     0.236
   57.150     0.233
   57.200     0.230
   57.250     0.226
   57.300     0.223
   57.350     0.220
   57.400     0.217
   57.450     0.214
   57.500     0.211
   57.550     0.207
   57.600     0.204
   57.650     0.201
   57.700     0.198
   57.750     0.194
   57.800     0.191
   57.850     0.188
   57.900     0.185
   57.950     0.182
   58.000     0.179
   58.050     0.176
   58.100     0.172
   58.150     0.169
   58.200     0.166
   58.250     0.163
   58.300     0.160
   58.350     0.158
   58.400     0.155
   58.450     0.152
   58.500     0.149
   58.550     0.146
   58.600     0.143
   58.650     0.141
   58.700     0.138
   58.750     0.135
   58.800     0.133
   58.850     0.130
   58.900     0.128
   58.950     0.125
   59.000     0.123
   59.050     0.120
   59.100     0.118
   59.150     0.116
   59.200     0.114
   59.250     0.111
   59.300     0.109
   59.350     0.107
   59.400     0.105
   59.450     0.103
   59.500     0.101
   59.550     0.099
   59.600     0.097
   59.650     0.095
   59.700     0.093
   59.750     0.091
   59.800     0.089
   59.850     0.087
   59.900     0.085
   59.950     0.084
