    0.250 -6.5364E+0001
    0.500 -6.5033E+0001
    0.750 -6.4708E+0001
    1.000 -6.4389E+0001
    1.250 -6.4075E+0001
    1.500 -6.3767E+0001
    1.750 -6.3465E+0001
    2.000 -6.3168E+0001
    2.250 -6.2876E+0001
    2.500 -6.2589E+0001
    2.750 -6.2307E+0001
    3.000 -6.2030E+0001
    3.250 -6.1759E+0001
    3.500 -6.1492E+0001
    3.750 -6.1230E+0001
    4.000 -6.0972E+0001
    4.250 -6.0720E+0001
    4.500 -6.0472E+0001
    4.750 -6.0228E+0001
    5.000 -5.9989E+0001
    5.250 -5.9754E+0001
    5.500 -5.9524E+0001
    5.750 -5.9298E+0001
    6.000 -5.9076E+0001
    6.250 -5.8858E+0001
    6.500 -5.8644E+0001
    6.750 -5.8435E+0001
    7.000 -5.8229E+0001
    7.250 -5.8027E+0001
    7.500 -5.7829E+0001
    7.750 -5.7635E+0001
    8.000 -5.7444E+0001
    8.250 -5.7258E+0001
    8.500 -5.7074E+0001
    8.750 -5.6895E+0001
    9.000 -5.6719E+0001
    9.250 -5.6546E+0001
    9.500 -5.6377E+0001
    9.750 -5.6211E+0001
   10.000 -5.6049E+0001
   10.250 -5.5890E+0001
   10.500 -5.5734E+0001
   10.750 -5.5581E+0001
   11.000 -5.5431E+0001
   11.250 -5.5285E+0001
   11.500 -5.5141E+0001
   11.750 -5.5001E+0001
   12.000 -5.4864E+0001
   12.250 -5.4729E+0001
   12.500 -4.0000E+0001
   12.750 -4.0000E+0001
   13.000 -4.0000E+0001
   13.250 -4.0000E+0001
   13.500 -4.0000E+0001
   13.750 -4.0000E+0001
   14.000 -4.5582E+0001
   14.250 -4.9798E+0001
   14.500 -5.3008E+0001
   14.750 -5.5478E+0001
   15.000 -5.7400E+0001
   15.250 -5.8912E+0001
   15.500 -6.0112E+0001
   15.750 -6.1073E+0001
   16.000 -6.1847E+0001
   16.250 -6.2473E+0001
   16.500 -6.2981E+0001
   16.750 -6.3394E+0001
   17.000 -6.3729E+0001
   17.250 -6.4000E+0001
   17.500 -6.4217E+0001
   17.750 -6.4390E+0001
   18.000 -6.4526E+0001
   18.250 -6.4629E+0001
   18.500 -6.4706E+0001
   18.750 -6.4758E+0001
   19.000 -6.4791E+0001
   19.250 -6.4806E+0001
   19.500 -6.4805E+0001
   19.750 -6.4791E+0001
   20.000 -6.4766E+0001
   20.250 -6.4730E+0001
   20.500 -6.4685E+0001
   20.750 -6.4632E+0001
   21.000 -6.4572E+0001
   21.250 -6.4505E+0001
   21.500 -6.4434E+0001
   21.750 -6.4357E+0001
   22.000 -6.4276E+0001
   22.250 -6.4192E+0001
   22.500 -6.4104E+0001
   22.750 -6.4014E+0001
   23.000 -6.3921E+0001
   23.250 -6.3826E+0001
   23.500 -6.3729E+0001
   23.750 -6.3632E+0001
   24.000 -6.3533E+0001
   24.250 -6.3433E+0001
   24.500 -6.3332E+0001
   24.750 -6.3231E+0001
   25.000 -6.3130E+0001
   25.250 -6.3029E+0001
   25.500 -6.2927E+0001
   25.750 -6.2826E+0001
   26.000 -6.2725E+0001
   26.250 -6.2625E+0001
   26.500 -6.2525E+0001
   26.750 -6.2426E+0001
   27.000 -6.2328E+0001
   27.250 -6.2230E+0001
   27.500 -6.2133E+0001
   27.750 -6.2037E+0001
   28.000 -6.1943E+0001
   28.250 -6.1849E+0001
   28.500 -6.1756E+0001
   28.750 -6.1664E+0001
   29.000 -6.1574E+0001
   29.250 -6.1484E+0001
   29.500 -6.1396E+0001
   29.750 -6.1309E+0001
   30.000 -6.1223E+0001
   30.250 -6.1138E+0001
   30.500 -6.1055E+0001
   30.750 -6.0973E+0001
   31.000 -6.0892E+0001
   31.250 -6.0812E+0001
   31.500 -6.0733E+0001
   31.750 -6.0656E+0001
   32.000 -6.0580E+0001
   32.250 -6.0505E+0001
   32.500 -6.0432E+0001
   32.750 -6.0359E+0001
   33.000 -6.0288E+0001
   33.250 -6.0218E+0001
   33.500 -6.0149E+0001
   33.750 -6.0081E+0001
   34.000 -6.0015E+0001
   34.250 -5.9949E+0001
   34.500 -5.9885E+0001
   34.750 -5.9822E+0001
   35.000 -5.9760E+0001
   35.250 -5.9699E+0001
   35.500 -5.9639E+0001
   35.750 -5.9580E+0001
   36.000 -5.9522E+0001
   36.250 -5.9465E+0001
   36.500 -5.9409E+0001
   36.750 -5.9354E+0001
   37.000 -5.9300E+0001
   37.250 -5.9247E+0001
   37.500 -5.9195E+0001
   37.750 -5.9144E+0001
   38.000 -5.9094E+0001
   38.250 -5.9045E+0001
   38.500 -5.8996E+0001
   38.750 -5.8948E+0001
   39.000 -5.8902E+0001
   39.250 -5.8856E+0001
   39.500 -5.8811E+0001
   39.750 -5.8766E+0001
   40.000 -5.8723E+0001
   40.250 -5.8680E+0001
   40.500 -5.8638E+0001
   40.750 -5.8597E+0001
   41.000 -5.8556E+0001
   41.250 -5.8517E+0001
   41.500 -5.8477E+0001
   41.750 -5.8439E+0001
   42.000 -5.8401E+0001
   42.250 -5.8364E+0001
   42.500 -5.8328E+0001
   42.750 -5.8292E+0001
   43.000 -5.8257E+0001
   43.250 -5.8222E+0001
   43.500 -5.8188E+0001
   43.750 -5.8155E+0001
   44.000 -5.8122E+0001
   44.250 -5.8090E+0001
   44.500 -5.8058E+0001
   44.750 -5.8027E+0001
   45.000 -5.7997E+0001
   45.250 -5.7966E+0001
   45.500 -5.7937E+0001
   45.750 -5.7908E+0001
   46.000 -5.7879E+0001
   46.250 -5.7851E+0001
   46.500 -5.7824E+0001
   46.750 -5.7797E+0001
   47.000 -5.7770E+0001
   47.250 -5.7744E+0001
   47.500 -5.7718E+0001
   47.750 -5.7693E+0001
   48.000 -5.7668E+0001
   48.250 -5.7643E+0001
   48.500 -5.7619E+0001
   48.750 -5.7595E+0001
   49.000 -5.7572E+0001
   49.250 -5.7549E+0001
   49.500 -5.7527E+0001
   49.750 -5.7505E+0001
   50.000 -5.7483E+0001
   50.250 -5.7461E+0001
   50.500 -5.7440E+0001
   50.750 -5.7419E+0001
   51.000 -5.7399E+0001
   51.250 -5.7379E+0001
   51.500 -5.7359E+0001
   51.750 -5.7340E+0001
   52.000 -5.7320E+0001
   52.250 -5.7302E+0001
   52.500 -5.7283E+0001
   52.750 -5.7265E+0001
   53.000 -5.7247E+0001
   53.250 -5.7229E+0001
   53.500 -5.7212E+0001
   53.750 -5.7195E+0001
   54.000 -5.7178E+0001
   54.250 -5.7161E+0001
   54.500 -5.7145E+0001
   54.750 -5.7129E+0001
   55.000 -5.7113E+0001
   55.250 -5.7097E+0001
   55.500 -5.7082E+0001
   55.750 -5.7067E+0001
   56.000 -5.7052E+0001
   56.250 -5.7037E+0001
   56.500 -5.7023E+0001
   56.750 -5.7008E+0001
   57.000 -5.6994E+0001
   57.250 -5.6980E+0001
   57.500 -5.6967E+0001
   57.750 -4.0000E+0001
   58.000 -4.0000E+0001
   58.250 -4.0000E+0001
   58.500 -4.0000E+0001
   58.750 -4.0000E+0001
   59.000 -4.0000E+0001
   59.250 -4.6093E+0001
   59.500 -5.0646E+0001
   59.750 -5.4080E+0001
   60.000 -5.6704E+0001
   60.250 -5.8733E+0001
   60.500 -6.0322E+0001
   60.750 -6.1580E+0001
   61.000 -6.2585E+0001
   61.250 -6.3395E+0001
   61.500 -6.4051E+0001
   61.750 -6.4586E+0001
   62.000 -6.5024E+0001
   62.250 -6.5383E+0001
   62.500 -6.5677E+0001
   62.750 -6.5919E+0001
   63.000 -6.6116E+0001
   63.250 -6.6277E+0001
   63.500 -6.6407E+0001
   63.750 -6.6510E+0001
   64.000 -6.6591E+0001
   64.250 -6.6653E+0001
   64.500 -6.6698E+0001
   64.750 -6.6729E+0001
   65.000 -6.6748E+0001
   65.250 -6.6756E+0001
   65.500 -6.6754E+0001
   65.750 -6.6744E+0001
   66.000 -6.6726E+0001
   66.250 -6.6702E+0001
   66.500 -6.6673E+0001
   66.750 -6.6638E+0001
   67.000 -6.6599E+0001
   67.250 -6.6556E+0001
   67.500 -6.6509E+0001
   67.750 -6.6460E+0001
   68.000 -6.6408E+0001
   68.250 -6.6353E+0001
   68.500 -6.6296E+0001
   68.750 -6.6238E+0001
   69.000 -6.6178E+0001
   69.250 -6.6117E+0001
   69.500 -6.6054E+0001
   69.750 -6.5991E+0001
   70.000 -6.5926E+0001
   70.250 -6.5862E+0001
   70.500 -6.5796E+0001
   70.750 -6.5730E+0001
   71.000 -6.5664E+0001
   71.250 -6.5598E+0001
   71.500 -6.5531E+0001
   71.750 -6.5465E+0001
   72.000 -6.5398E+0001
   72.250 -6.5332E+0001
   72.500 -6.5265E+0001
   72.750 -6.5199E+0001
   73.000 -6.5134E+0001
   73.250 -6.5068E+0001
   73.500 -6.5003E+0001
   73.750 -6.4938E+0001
   74.000 -6.4874E+0001
   74.250 -6.4810E+0001
   74.500 -6.4746E+0001
   74.750 -6.4683E+0001
   75.000 -6.4621E+0001
   75.250 -6.4559E+0001
   75.500 -6.4497E+0001
   75.750 -6.4436E+0001
   76.000 -6.4376E+0001
   76.250 -6.4316E+0001
   76.500 -6.4256E+0001
   76.750 -6.4197E+0001
   77.000 -6.4139E+0001
   77.250 -6.4081E+0001
   77.500 -6.4024E+0001
   77.750 -6.3967E+0001
   78.000 -6.3911E+0001
   78.250 -6.3855E+0001
   78.500 -6.3800E+0001
   78.750 -6.3746E+0001
   79.000 -6.3692E+0001
   79.250 -6.3638E+0001
   79.500 -6.3585E+0001
   79.750 -6.3533E+0001
   80.000 -6.3481E+0001
   80.250 -6.3429E+0001
   80.500 -6.3378E+0001
   80.750 -6.3328E+0001
   81.000 -6.3278E+0001
   81.250 -6.3229E+0001
   81.500 -6.3180E+0001
   81.750 -6.3131E+0001
   82.000 -6.3083E+0001
   82.250 -6.3036E+0001
   82.500 -6.2988E+0001
   82.750 -6.2942E+0001
   83.000 -6.2895E+0001
   83.250 -6.2850E+0001
   83.500 -6.2804E+0001
   83.750 -6.2759E+0001
   84.000 -6.2715E+0001
   84.250 -6.2671E+0001
   84.500 -6.2627E+0001
   84.750 -6.2584E+0001
   85.000 -6.2541E+0001
   85.250 -6.2498E+0001
   85.500 -6.2456E+0001
   85.750 -6.2414E+0001
   86.000 -6.2373E+0001
   86.250 -6.2332E+0001
   86.500 -6.2291E+0001
   86.750 -6.2251E+0001
   87.000 -6.2211E+0001
   87.250 -6.2171E+0001
   87.500 -6.2132E+0001
   87.750 -6.2093E+0001
   88.000 -6.2054E+0001
   88.250 -6.2016E+0001
   88.500 -6.1978E+0001
   88.750 -6.1941E+0001
   89.000 -6.1903E+0001
   89.250 -6.1866E+0001
   89.500 -6.1829E+0001
   89.750 -6.1793E+0001
   90.000 -6.1757E+0001
   90.250 -6.1721E+0001
   90.500 -6.1686E+0001
   90.750 -6.1650E+0001
   91.000 -6.1615E+0001
   91.250 -6.1581E+0001
   91.500 -6.1546E+0001
   91.750 -6.1512E+0001
   92.000 -6.1478E+0001
   92.250 -6.1445E+0001
   92.500 -6.1411E+0001
   92.750 -6.1378E+0001
   93.000 -6.1345E+0001
   93.250 -6.1313E+0001
   93.500 -6.1281E+0001
   93.750 -6.1249E+0001
   94.000 -6.1217E+0001
   94.250 -6.1185E+0001
   94.500 -6.1154E+0001
   94.750 -6.1123E+0001
   95.000 -6.1092E+0001
   95.250 -6.1061E+0001
   95.500 -6.1031E+0001
   95.750 -6.1000E+0001
   96.000 -6.0970E+0001
   96.250 -6.0941E+0001
   96.500 -6.0911E+0001
   96.750 -6.0882E+0001
   97.000 -6.0853E+0001
   97.250 -6.0824E+0001
   97.500 -6.0795E+0001
   97.750 -6.0767E+0001
   98.000 -6.0738E+0001
   98.250 -6.0710E+0001
   98.500 -6.0682E+0001
   98.750 -6.0655E+0001
   99.000 -6.0627E+0001
   99.250 -6.0600E+0001
   99.500 -6.0573E+0001
   99.750 -6.0546E+0001
  100.000 -6.0519E+0001
  100.250 -6.0493E+0001
  100.500 -6.0466E+0001
  100.750 -6.0440E+0001
  101.000 -6.0414E+0001
  101.250 -6.0388E+0001
  101.500 -6.0363E+0001
  101.750 -6.0337E+0001
  102.000 -6.0312E+0001
  102.250 -6.0287E+0001
  102.500 -6.0262E+0001
  102.750 -6.0237E+0001
  103.000 -6.0213E+0001
  103.250 -6.0188E+0001
  103.500 -6.0164E+0001
  103.750 -6.0140E+0001
  104.000 -6.0116E+0001
  104.250 -6.0092E+0001
  104.500 -6.0069E+0001
  104.750 -6.0045E+0001
  105.000 -6.0022E+0001
  105.250 -5.9999E+0001
  105.500 -5.9976E+0001
  105.750 -5.9953E+0001
  106.000 -5.9931E+0001
  106.250 -5.9908E+0001
  106.500 -5.9886E+0001
  106.750 -5.9863E+0001
  107.000 -5.9841E+0001
  107.250 -5.9819E+0001
  107.500 -5.9798E+0001
  107.750 -5.9776E+0001
  108.000 -5.9755E+0001
  108.250 -5.9733E+0001
  108.500 -5.9712E+0001
  108.750 -5.9691E+0001
  109.000 -5.9670E+0001
  109.250 -5.9649E+0001
  109.500 -5.9629E+0001
  109.750 -5.9608E+0001
  110.000 -5.9588E+0001
  110.250 -5.9568E+0001
  110.500 -5.9548E+0001
  110.750 -5.9528E+0001
  111.000 -5.9508E+0001
  111.250 -5.9488E+0001
  111.500 -5.9468E+0001
  111.750 -5.9449E+0001
  112.000 -5.9430E+0001
  112.250 -5.9410E+0001
  112.500 -5.9391E+0001
  112.750 -5.9372E+0001
  113.000 -5.9354E+0001
  113.250 -5.9335E+0001
  113.500 -5.9316E+0001
  113.750 -5.9298E+0001
  114.000 -5.9279E+0001
  114.250 -5.9261E+0001
  114.500 -5.9243E+0001
  114.750 -5.9225E+0001
  115.000 -5.9207E+0001
  115.250 -5.9190E+0001
  115.500 -5.9172E+0001
  115.750 -5.9154E+0001
  116.000 -5.9137E+0001
  116.250 -5.9120E+0001
  116.500 -5.9102E+0001
  116.750 -5.9085E+0001
  117.000 -5.9068E+0001
  117.250 -5.9051E+0001
  117.500 -5.9035E+0001
  117.750 -5.9018E+0001
  118.000 -5.9002E+0001
  118.250 -5.8985E+0001
  118.500 -5.8969E+0001
  118.750 -5.8953E+0001
  119.000 -5.8936E+0001
  119.250 -5.8920E+0001
  119.500 -5.8904E+0001
  119.750 -5.8889E+0001
  120.000 -5.8873E+0001
  120.250 -5.8857E+0001
  120.500 -5.8842E+0001
  120.750 -5.8826E+0001
  121.000 -5.8811E+0001
  121.250 -5.8796E+0001
  121.500 -5.8781E+0001
  121.750 -5.8766E+0001
  122.000 -5.8751E+0001
  122.250 -5.8736E+0001
  122.500 -5.8721E+0001
  122.750 -5.8706E+0001
  123.000 -5.8692E+0001
  123.250 -5.8677E+0001
  123.500 -5.8663E+0001
  123.750 -5.8649E+0001
  124.000 -5.8635E+0001
  124.250 -5.8620E+0001
  124.500 -5.8606E+0001
  124.750 -5.8592E+0001
  125.000 -5.8579E+0001
  125.250 -5.8565E+0001
  125.500 -5.8551E+0001
  125.750 -5.8538E+0001
  126.000 -5.8524E+0001
  126.250 -5.8511E+0001
  126.500 -5.8497E+0001
  126.750 -5.8484E+0001
  127.000 -5.8471E+0001
  127.250 -5.8458E+0001
  127.500 -5.8445E+0001
  127.750 -5.8432E+0001
  128.000 -5.8419E+0001
  128.250 -5.8406E+0001
  128.500 -5.8394E+0001
  128.750 -5.8381E+0001
  129.000 -5.8369E+0001
  129.250 -5.8356E+0001
  129.500 -5.8344E+0001
  129.750 -5.8332E+0001
  130.000 -5.8319E+0001
  130.250 -5.8307E+0001
  130.500 -5.8295E+0001
  130.750 -5.8283E+0001
  131.000 -5.8271E+0001
  131.250 -5.8259E+0001
  131.500 -5.8248E+0001
  131.750 -5.8236E+0001
  132.000 -5.8224E+0001
  132.250 -5.8213E+0001
  132.500 -5.8201E+0001
  132.750 -5.8190E+0001
  133.000 -5.8179E+0001
  133.250 -5.8167E+0001
  133.500 -5.8156E+0001
  133.750 -5.8145E+0001
  134.000 -5.8134E+0001
  134.250 -5.8123E+0001
  134.500 -5.8112E+0001
  134.750 -5.8101E+0001
  135.000 -5.8091E+0001
  135.250 -5.8080E+0001
  135.500 -5.8069E+0001
  135.750 -5.8059E+0001
  136.000 -5.8048E+0001
  136.250 -5.8038E+0001
  136.500 -5.8027E+0001
  136.750 -5.8017E+0001
  137.000 -5.8007E+0001
  137.250 -5.7996E+0001
  137.500 -5.7986E+0001
  137.750 -5.7976E+0001
  138.000 -5.7966E+0001
  138.250 -5.7956E+0001
  138.500 -5.7946E+0001
  138.750 -5.7937E+0001
  139.000 -5.7927E+0001
  139.250 -5.7917E+0001
  139.500 -5.7908E+0001
  139.750 -5.7898E+0001
  140.000 -5.7888E+0001
  140.250 -5.7879E+0001
  140.500 -5.7870E+0001
  140.750 -5.7860E+0001
  141.000 -5.7851E+0001
  141.250 -5.7842E+0001
  141.500 -5.7833E+0001
  141.750 -5.7823E+0001
  142.000 -5.7814E+0001
  142.250 -5.7805E+0001
  142.500 -5.7796E+0001
  142.750 -5.7787E+0001
  143.000 -5.7779E+0001
  143.250 -5.7770E+0001
  143.500 -5.7761E+0001
  143.750 -5.7752E+0001
  144.000 -5.7744E+0001
  144.250 -5.7735E+0001
  144.500 -5.7727E+0001
  144.750 -5.7718E+0001
  145.000 -5.7710E+0001
  145.250 -5.7701E+0001
  145.500 -5.7693E+0001
  145.750 -5.7685E+0001
  146.000 -5.7677E+0001
  146.250 -5.7668E+0001
  146.500 -5.7660E+0001
  146.750 -5.7652E+0001
  147.000 -5.7644E+0001
  147.250 -5.7636E+0001
  147.500 -5.7628E+0001
  147.750 -5.7621E+0001
  148.000 -5.7613E+0001
  148.250 -5.7605E+0001
  148.500 -5.7597E+0001
  148.750 -5.7589E+0001
  149.000 -5.7582E+0001
  149.250 -5.7574E+0001
  149.500 -5.7567E+0001
  149.750 -5.7559E+0001
  150.000 -5.7552E+0001
  150.250 -5.7544E+0001
  150.500 -5.7537E+0001
  150.750 -5.7530E+0001
  151.000 -5.7522E+0001
  151.250 -5.7515E+0001
  151.500 -5.7508E+0001
  151.750 -5.7501E+0001
  152.000 -5.7494E+0001
  152.250 -5.7487E+0001
  152.500 -5.7480E+0001
  152.750 -5.7473E+0001
  153.000 -5.7466E+0001
  153.250 -5.7459E+0001
  153.500 -5.7452E+0001
  153.750 -5.7445E+0001
  154.000 -5.7438E+0001
  154.250 -5.7432E+0001
  154.500 -5.7425E+0001
  154.750 -5.7418E+0001
  155.000 -5.7412E+0001
  155.250 -5.7405E+0001
  155.500 -5.7399E+0001
  155.750 -5.7392E+0001
  156.000 -5.7386E+0001
  156.250 -5.7379E+0001
  156.500 -5.7373E+0001
  156.750 -5.7367E+0001
  157.000 -4.0000E+0001
  157.250 -4.0000E+0001
  157.500 -4.0000E+0001
  157.750 -4.0000E+0001
  158.000 -4.0000E+0001
  158.250 -4.0000E+0001
  158.500 -4.2663E+0001
  158.750 -4.8095E+0001
  159.000 -5.2161E+0001
  159.250 -5.5240E+0001
  159.500 -5.7600E+0001
  159.750 -5.9432E+0001
  160.000 -6.0871E+0001
  160.250 -6.2013E+0001
  160.500 -6.2927E+0001
  160.750 -6.3664E+0001
  161.000 -6.4261E+0001
  161.250 -6.4748E+0001
  161.500 -6.5146E+0001
  161.750 -6.5471E+0001
  162.000 -6.5737E+0001
  162.250 -6.5954E+0001
  162.500 -6.6131E+0001
  162.750 -6.6273E+0001
  163.000 -6.6387E+0001
  163.250 -6.6476E+0001
  163.500 -6.6545E+0001
  163.750 -6.6595E+0001
  164.000 -6.6630E+0001
  164.250 -6.6652E+0001
  164.500 -6.6663E+0001
  164.750 -6.6663E+0001
  165.000 -6.6655E+0001
  165.250 -6.6638E+0001
  165.500 -6.6616E+0001
  165.750 -6.6587E+0001
  166.000 -6.6553E+0001
  166.250 -6.6514E+0001
  166.500 -6.6472E+0001
  166.750 -6.6426E+0001
  167.000 -6.6376E+0001
  167.250 -6.6325E+0001
  167.500 -6.6270E+0001
  167.750 -6.6214E+0001
  168.000 -6.6156E+0001
  168.250 -6.6097E+0001
  168.500 -6.6036E+0001
  168.750 -6.5974E+0001
  169.000 -6.5911E+0001
  169.250 -6.5848E+0001
  169.500 -6.5784E+0001
  169.750 -6.5720E+0001
  170.000 -6.5655E+0001
  170.250 -6.5590E+0001
  170.500 -6.5525E+0001
  170.750 -6.5460E+0001
  171.000 -6.5395E+0001
  171.250 -6.5331E+0001
  171.500 -6.5266E+0001
  171.750 -6.5202E+0001
  172.000 -6.5138E+0001
  172.250 -6.5075E+0001
  172.500 -6.5011E+0001
  172.750 -6.4949E+0001
  173.000 -6.4887E+0001
  173.250 -6.4825E+0001
  173.500 -6.4764E+0001
  173.750 -6.4703E+0001
  174.000 -6.4643E+0001
  174.250 -6.4583E+0001
  174.500 -6.4525E+0001
  174.750 -6.4466E+0001
  175.000 -6.4408E+0001
  175.250 -6.4351E+0001
  175.500 -6.4295E+0001
  175.750 -6.4239E+0001
  176.000 -6.4184E+0001
  176.250 -6.4129E+0001
  176.500 -6.4075E+0001
  176.750 -6.4021E+0001
  177.000 -6.3968E+0001
  177.250 -6.3916E+0001
  177.500 -6.3864E+0001
  177.750 -6.3813E+0001
  178.000 -6.3763E+0001
  178.250 -6.3713E+0001
  178.500 -6.3663E+0001
  178.750 -6.3615E+0001
  179.000 -6.3566E+0001
  179.250 -6.3518E+0001
  179.500 -6.3471E+0001
  179.750 -6.3425E+0001
  180.000 -6.3378E+0001
  180.250 -6.3333E+0001
  180.500 -6.3288E+0001
  180.750 -6.3243E+0001
  181.000 -6.3199E+0001
  181.250 -6.3155E+0001
  181.500 -6.3112E+0001
  181.750 -6.3069E+0001
  182.000 -6.3027E+0001
  182.250 -6.2985E+0001
  182.500 -6.2944E+0001
  182.750 -6.2903E+0001
  183.000 -6.2862E+0001
  183.250 -6.2822E+0001
  183.500 -6.2782E+0001
  183.750 -6.2743E+0001
  184.000 -6.2704E+0001
  184.250 -6.2666E+0001
  184.500 -6.2627E+0001
  184.750 -6.2590E+0001
  185.000 -6.2552E+0001
  185.250 -6.2515E+0001
  185.500 -6.2479E+0001
  185.750 -6.2442E+0001
  186.000 -6.2406E+0001
  186.250 -6.2371E+0001
  186.500 -6.2335E+0001
  186.750 -6.2300E+0001
  187.000 -6.2266E+0001
  187.250 -6.2231E+0001
  187.500 -6.2197E+0001
  187.750 -6.2164E+0001
  188.000 -6.2130E+0001
  188.250 -6.2097E+0001
  188.500 -6.2064E+0001
  188.750 -6.2032E+0001
  189.000 -6.1999E+0001
  189.250 -6.1967E+0001
  189.500 -6.1936E+0001
  189.750 -6.1904E+0001
  190.000 -6.1873E+0001
  190.250 -6.1842E+0001
  190.500 -6.1811E+0001
  190.750 -6.1781E+0001
  191.000 -6.1751E+0001
  191.250 -6.1721E+0001
  191.500 -6.1691E+0001
  191.750 -6.1662E+0001
  192.000 -6.1633E+0001
  192.250 -6.1604E+0001
  192.500 -6.1575E+0001
  192.750 -6.1546E+0001
  193.000 -6.1518E+0001
  193.250 -6.1490E+0001
  193.500 -6.1462E+0001
  193.750 -6.1435E+0001
  194.000 -6.1407E+0001
  194.250 -6.1380E+0001
  194.500 -6.1353E+0001
  194.750 -6.1326E+0001
  195.000 -6.1299E+0001
  195.250 -6.1273E+0001
  195.500 -6.1247E+0001
  195.750 -6.1221E+0001
  196.000 -6.1195E+0001
  196.250 -6.1169E+0001
  196.500 -6.1144E+0001
  196.750 -6.1119E+0001
  197.000 -6.1094E+0001
  197.250 -6.1069E+0001
  197.500 -6.1044E+0001
  197.750 -6.1019E+0001
  198.000 -6.0995E+0001
  198.250 -6.0971E+0001
  198.500 -6.0947E+0001
  198.750 -6.0923E+0001
  199.000 -6.0899E+0001
  199.250 -6.0876E+0001
  199.500 -6.0852E+0001
  199.750 -6.0829E+0001
  200.000 -6.0806E+0001
  200.250 -6.0783E+0001
  200.500 -6.0760E+0001
  200.750 -6.0738E+0001
  201.000 -6.0715E+0001
  201.250 -6.0693E+0001
  201.500 -6.0671E+0001
  201.750 -6.0649E+0001
  202.000 -6.0627E+0001
  202.250 -6.0605E+0001
  202.500 -6.0584E+0001
  202.750 -6.0562E+0001
  203.000 -6.0541E+0001
  203.250 -6.0520E+0001
  203.500 -6.0499E+0001
  203.750 -6.0478E+0001
  204.000 -6.0457E+0001
  204.250 -6.0437E+0001
  204.500 -6.0416E+0001
  204.750 -6.0396E+0001
  205.000 -6.0376E+0001
  205.250 -6.0356E+0001
  205.500 -6.0336E+0001
  205.750 -6.0316E+0001
  206.000 -6.0296E+0001
  206.250 -6.0277E+0001
  206.500 -6.0257E+0001
  206.750 -6.0238E+0001
  207.000 -6.0219E+0001
  207.250 -6.0200E+0001
  207.500 -6.0181E+0001
  207.750 -6.0162E+0001
  208.000 -6.0143E+0001
  208.250 -6.0124E+0001
  208.500 -6.0106E+0001
  208.750 -6.0088E+0001
  209.000 -6.0069E+0001
  209.250 -6.0051E+0001
  209.500 -6.0033E+0001
  209.750 -6.0015E+0001
  210.000 -5.9998E+0001
  210.250 -5.9980E+0001
  210.500 -5.9962E+0001
  210.750 -5.9945E+0001
  211.000 -5.9928E+0001
  211.250 -5.9910E+0001
  211.500 -5.9893E+0001
  211.750 -5.9876E+0001
  212.000 -5.9859E+0001
  212.250 -5.9842E+0001
  212.500 -5.9826E+0001
  212.750 -5.9809E+0001
  213.000 -5.9792E+0001
  213.250 -5.9776E+0001
  213.500 -5.9760E+0001
  213.750 -5.9743E+0001
  214.000 -5.9727E+0001
  214.250 -5.9711E+0001
  214.500 -5.9695E+0001
  214.750 -5.9680E+0001
  215.000 -5.9664E+0001
  215.250 -5.9648E+0001
  215.500 -5.9633E+0001
  215.750 -5.9617E+0001
  216.000 -5.9602E+0001
  216.250 -5.9586E+0001
  216.500 -5.9571E+0001
  216.750 -5.9556E+0001
  217.000 -5.9541E+0001
  217.250 -5.9526E+0001
  217.500 -5.9511E+0001
  217.750 -5.9497E+0001
  218.000 -5.9482E+0001
  218.250 -5.9467E+0001
  218.500 -5.9453E+0001
  218.750 -5.9439E+0001
  219.000 -5.9424E+0001
  219.250 -5.9410E+0001
  219.500 -5.9396E+0001
  219.750 -5.9382E+0001
  220.000 -5.9368E+0001
  220.250 -5.9354E+0001
  220.500 -5.9340E+0001
  220.750 -5.9326E+0001
  221.000 -5.9313E+0001
  221.250 -5.9299E+0001
  221.500 -5.9286E+0001
  221.750 -5.9272E+0001
  222.000 -5.9259E+0001
  222.250 -5.9246E+0001
  222.500 -5.9233E+0001
  222.750 -5.9219E+0001
  223.000 -5.9206E+0001
  223.250 -5.9193E+0001
  223.500 -5.9181E+0001
  223.750 -5.9168E+0001
  224.000 -5.9155E+0001
  224.250 -5.9142E+0001
  224.500 -5.9130E+0001
  224.750 -5.9117E+0001
  225.000 -5.9105E+0001
  225.250 -5.9093E+0001
  225.500 -5.9080E+0001
  225.750 -5.9068E+0001
  226.000 -5.9056E+0001
  226.250 -5.9044E+0001
  226.500 -5.9032E+0001
  226.750 -5.9020E+0001
  227.000 -5.9008E+0001
  227.250 -5.8996E+0001
  227.500 -5.8984E+0001
  227.750 -5.8973E+0001
  228.000 -5.8961E+0001
  228.250 -5.8950E+0001
  228.500 -5.8938E+0001
  228.750 -5.8927E+0001
  229.000 -5.8915E+0001
  229.250 -5.8904E+0001
  229.500 -5.8893E+0001
  229.750 -5.8882E+0001
  230.000 -5.8871E+0001
  230.250 -5.8860E+0001
  230.500 -5.8849E+0001
  230.750 -5.8838E+0001
  231.000 -5.8827E+0001
  231.250 -5.8816E+0001
  231.500 -5.8805E+0001
  231.750 -5.8795E+0001
  232.000 -5.8784E+0001
  232.250 -5.8774E+0001
  232.500 -5.8763E+0001
  232.750 -5.8753E+0001
  233.000 -5.8742E+0001
  233.250 -5.8732E+0001
  233.500 -5.8722E+0001
  233.750 -5.8712E+0001
  234.000 -5.8701E+0001
  234.250 -5.8691E+0001
  234.500 -5.8681E+0001
  234.750 -5.8671E+0001
  235.000 -5.8662E+0001
  235.250 -5.8652E+0001
  235.500 -5.8642E+0001
  235.750 -5.8632E+0001
  236.000 -5.8622E+0001
  236.250 -5.8613E+0001
  236.500 -5.8603E+0001
  236.750 -5.8594E+0001
  237.000 -5.8584E+0001
  237.250 -5.8575E+0001
  237.500 -5.8565E+0001
  237.750 -5.8556E+0001
  238.000 -5.8547E+0001
  238.250 -5.8538E+0001
  238.500 -5.8529E+0001
  238.750 -5.8519E+0001
  239.000 -5.8510E+0001
  239.250 -5.8501E+0001
  239.500 -5.8492E+0001
  239.750 -5.8484E+0001
  240.000 -5.8475E+0001
  240.250 -5.8466E+0001
  240.500 -5.8457E+0001
  240.750 -5.8448E+0001
  241.000 -5.8440E+0001
  241.250 -5.8431E+0001
  241.500 -5.8422E+0001
  241.750 -5.8414E+0001
  242.000 -5.8405E+0001
  242.250 -5.8397E+0001
  242.500 -5.8389E+0001
  242.750 -5.8380E+0001
  243.000 -5.8372E+0001
  243.250 -5.8364E+0001
  243.500 -5.8356E+0001
  243.750 -5.8347E+0001
  244.000 -5.8339E+0001
  244.250 -5.8331E+0001
  244.500 -5.8323E+0001
  244.750 -5.8315E+0001
  245.000 -5.8307E+0001
  245.250 -5.8299E+0001
  245.500 -5.8292E+0001
  245.750 -5.8284E+0001
  246.000 -5.8276E+0001
  246.250 -5.8268E+0001
  246.500 -5.8261E+0001
  246.750 -5.8253E+0001
  247.000 -5.8245E+0001
  247.250 -5.8238E+0001
  247.500 -5.8230E+0001
  247.750 -5.8223E+0001
  248.000 -5.8215E+0001
  248.250 -5.8208E+0001
  248.500 -5.8201E+0001
  248.750 -5.8193E+0001
  249.000 -5.8186E+0001
  249.250 -5.8179E+0001
  249.500 -5.8171E+0001
  249.750 -5.8164E+0001
  250.000 -5.8157E+0001
  250.250 -5.8150E+0001
  250.500 -5.8143E+0001
  250.750 -5.8136E+0001
  251.000 -5.8129E+0001
  251.250 -5.8122E+0001
  251.500 -5.8115E+0001
  251.750 -5.8108E+0001
  252.000 -5.8102E+0001
  252.250 -5.8095E+0001
  252.500 -5.8088E+0001
  252.750 -5.8081E+0001
  253.000 -5.8075E+0001
  253.250 -5.8068E+0001
  253.500 -5.8061E+0001
  253.750 -5.8055E+0001
  254.000 -5.8048E+0001
  254.250 -5.8042E+0001
  254.500 -5.8035E+0001
  254.750 -5.8029E+0001
  255.000 -5.8022E+0001
  255.250 -5.8016E+0001
  255.500 -5.8010E+0001
  255.750 -5.8003E+0001
  256.000 -5.7997E+0001
  256.250 -5.7991E+0001
  256.500 -5.7985E+0001
  256.750 -5.7979E+0001
  257.000 -5.7972E+0001
  257.250 -5.7966E+0001
  257.500 -5.7960E+0001
  257.750 -5.7954E+0001
  258.000 -5.7948E+0001
  258.250 -5.7942E+0001
  258.500 -5.7936E+0001
  258.750 -5.7930E+0001
  259.000 -5.7924E+0001
  259.250 -5.7919E+0001
  259.500 -5.7913E+0001
  259.750 -5.7907E+0001
  260.000 -5.7901E+0001
  260.250 -5.7895E+0001
  260.500 -5.7890E+0001
  260.750 -5.7884E+0001
  261.000 -5.7878E+0001
  261.250 -5.7873E+0001
  261.500 -5.7867E+0001
  261.750 -5.7862E+0001
  262.000 -5.7856E+0001
  262.250 -5.7851E+0001
  262.500 -5.7845E+0001
  262.750 -5.7840E+0001
  263.000 -5.7834E+0001
  263.250 -5.7829E+0001
  263.500 -5.7824E+0001
  263.750 -5.7818E+0001
  264.000 -5.7813E+0001
  264.250 -5.7808E+0001
  264.500 -5.7802E+0001
  264.750 -5.7797E+0001
  265.000 -5.7792E+0001
  265.250 -5.7787E+0001
  265.500 -5.7782E+0001
  265.750 -5.7777E+0001
  266.000 -5.7772E+0001
  266.250 -5.7767E+0001
  266.500 -5.7761E+0001
  266.750 -5.7756E+0001
  267.000 -5.7751E+0001
  267.250 -5.7747E+0001
  267.500 -5.7742E+0001
  267.750 -5.7737E+0001
  268.000 -5.7732E+0001
  268.250 -5.7727E+0001
  268.500 -5.7722E+0001
  268.750 -5.7717E+0001
  269.000 -5.7713E+0001
  269.250 -5.7708E+0001
  269.500 -5.7703E+0001
  269.750 -5.7698E+0001
  270.000 -5.7694E+0001
  270.250 -5.7689E+0001
  270.500 -5.7684E+0001
  270.750 -5.7680E+0001
  271.000 -5.7675E+0001
  271.250 -5.7671E+0001
  271.500 -5.7666E+0001
  271.750 -5.7662E+0001
  272.000 -5.7657E+0001
  272.250 -5.7653E+0001
  272.500 -5.7648E+0001
  272.750 -5.7644E+0001
  273.000 -5.7639E+0001
  273.250 -5.7635E+0001
  273.500 -5.7631E+0001
  273.750 -5.7626E+0001
  274.000 -5.7622E+0001
  274.250 -5.7618E+0001
  274.500 -5.7613E+0001
  274.750 -5.7609E+0001
  275.000 -5.7605E+0001
  275.250 -5.7601E+0001
  275.500 -5.7597E+0001
  275.750 -5.7592E+0001
  276.000 -5.7588E+0001
  276.250 -5.7584E+0001
  276.500 -5.7580E+0001
  276.750 -5.7576E+0001
  277.000 -5.7572E+0001
  277.250 -5.7568E+0001
  277.500 -5.7564E+0001
  277.750 -5.7560E+0001
  278.000 -5.7556E+0001
  278.250 -5.7552E+0001
  278.500 -4.0000E+0001
  278.750 -4.0000E+0001
  279.000 -4.0000E+0001
  279.250 -4.0000E+0001
  279.500 -4.0000E+0001
  279.750 -4.0000E+0001
  280.000 -4.6102E+0001
  280.250 -5.0653E+0001
  280.500 -5.4079E+0001
  280.750 -5.6691E+0001
  281.000 -5.8707E+0001
  281.250 -6.0282E+0001
  281.500 -6.1525E+0001
  281.750 -6.2516E+0001
  282.000 -6.3312E+0001
  282.250 -6.3955E+0001
  282.500 -6.4477E+0001
  282.750 -6.4902E+0001
  283.000 -6.5249E+0001
  283.250 -6.5532E+0001
  283.500 -6.5762E+0001
  283.750 -6.5949E+0001
  284.000 -6.6099E+0001
  284.250 -6.6219E+0001
  284.500 -6.6313E+0001
  284.750 -6.6384E+0001
  285.000 -6.6437E+0001
  285.250 -6.6474E+0001
  285.500 -6.6497E+0001
  285.750 -6.6508E+0001
  286.000 -6.6509E+0001
  286.250 -6.6500E+0001
  286.500 -6.6483E+0001
  286.750 -6.6460E+0001
  287.000 -6.6430E+0001
  287.250 -6.6395E+0001
  287.500 -6.6355E+0001
  287.750 -6.6311E+0001
  288.000 -6.6264E+0001
  288.250 -6.6214E+0001
  288.500 -6.6161E+0001
  288.750 -6.6106E+0001
  289.000 -6.6048E+0001
  289.250 -6.5989E+0001
  289.500 -6.5929E+0001
  289.750 -6.5867E+0001
  290.000 -6.5805E+0001
  290.250 -6.5742E+0001
  290.500 -6.5678E+0001
  290.750 -6.5613E+0001
  291.000 -6.5549E+0001
  291.250 -6.5484E+0001
  291.500 -6.5419E+0001
  291.750 -6.5354E+0001
  292.000 -6.5289E+0001
  292.250 -6.5225E+0001
  292.500 -6.5161E+0001
  292.750 -6.5097E+0001
  293.000 -6.5033E+0001
  293.250 -6.4970E+0001
  293.500 -6.4908E+0001
  293.750 -6.4846E+0001
  294.000 -6.4784E+0001
  294.250 -6.4723E+0001
  294.500 -6.4663E+0001
  294.750 -6.4603E+0001
  295.000 -6.4544E+0001
  295.250 -6.4486E+0001
  295.500 -6.4428E+0001
  295.750 -6.4371E+0001
  296.000 -6.4315E+0001
  296.250 -6.4259E+0001
  296.500 -6.4204E+0001
  296.750 -6.4150E+0001
  297.000 -6.4096E+0001
  297.250 -6.4043E+0001
  297.500 -6.3991E+0001
  297.750 -6.3940E+0001
  298.000 -6.3889E+0001
  298.250 -6.3838E+0001
  298.500 -6.3789E+0001
  298.750 -6.3740E+0001
  299.000 -6.3692E+0001
  299.250 -6.3644E+0001
  299.500 -6.3597E+0001
  299.750 -6.3551E+0001
  300.000 -6.3505E+0001
  300.250 -6.3460E+0001
  300.500 -6.3415E+0001
  300.750 -6.3371E+0001
  301.000 -6.3328E+0001
  301.250 -6.3285E+0001
  301.500 -6.3242E+0001
  301.750 -6.3200E+0001
  302.000 -6.3159E+0001
  302.250 -6.3118E+0001
  302.500 -6.3078E+0001
  302.750 -6.3038E+0001
  303.000 -6.2999E+0001
  303.250 -6.2960E+0001
  303.500 -6.2921E+0001
  303.750 -6.2883E+0001
  304.000 -6.2846E+0001
  304.250 -6.2809E+0001
  304.500 -6.2772E+0001
  304.750 -6.2736E+0001
  305.000 -6.2700E+0001
  305.250 -6.2665E+0001
  305.500 -6.2630E+0001
  305.750 -6.2595E+0001
  306.000 -6.2561E+0001
  306.250 -6.2527E+0001
  306.500 -6.2493E+0001
  306.750 -6.2460E+0001
  307.000 -6.2427E+0001
  307.250 -6.2395E+0001
  307.500 -6.2363E+0001
  307.750 -6.2331E+0001
  308.000 -6.2299E+0001
  308.250 -6.2268E+0001
  308.500 -6.2237E+0001
  308.750 -6.2207E+0001
  309.000 -6.2176E+0001
  309.250 -6.2146E+0001
  309.500 -6.2117E+0001
  309.750 -6.2087E+0001
  310.000 -6.2058E+0001
  310.250 -6.2029E+0001
  310.500 -6.2000E+0001
  310.750 -6.1972E+0001
  311.000 -6.1944E+0001
  311.250 -6.1916E+0001
  311.500 -6.1889E+0001
  311.750 -6.1861E+0001
  312.000 -6.1834E+0001
  312.250 -6.1807E+0001
  312.500 -6.1781E+0001
  312.750 -6.1754E+0001
  313.000 -6.1728E+0001
  313.250 -6.1702E+0001
  313.500 -6.1676E+0001
  313.750 -6.1651E+0001
  314.000 -6.1625E+0001
  314.250 -6.1600E+0001
  314.500 -6.1575E+0001
  314.750 -6.1551E+0001
  315.000 -6.1526E+0001
  315.250 -6.1502E+0001
  315.500 -6.1478E+0001
  315.750 -6.1454E+0001
  316.000 -6.1430E+0001
  316.250 -6.1406E+0001
  316.500 -6.1383E+0001
  316.750 -6.1360E+0001
  317.000 -6.1336E+0001
  317.250 -6.1314E+0001
  317.500 -6.1291E+0001
  317.750 -6.1268E+0001
  318.000 -6.1246E+0001
  318.250 -6.1224E+0001
  318.500 -6.1202E+0001
  318.750 -6.1180E+0001
  319.000 -6.1158E+0001
  319.250 -6.1136E+0001
  319.500 -6.1115E+0001
  319.750 -6.1094E+0001
  320.000 -6.1073E+0001
  320.250 -6.1052E+0001
  320.500 -6.1031E+0001
  320.750 -6.1010E+0001
  321.000 -6.0989E+0001
  321.250 -6.0969E+0001
  321.500 -6.0949E+0001
  321.750 -6.0929E+0001
  322.000 -6.0909E+0001
  322.250 -6.0889E+0001
  322.500 -6.0869E+0001
  322.750 -6.0849E+0001
  323.000 -6.0830E+0001
  323.250 -6.0811E+0001
  323.500 -6.0791E+0001
  323.750 -6.0772E+0001
  324.000 -6.0753E+0001
  324.250 -6.0735E+0001
  324.500 -6.0716E+0001
  324.750 -6.0697E+0001
  325.000 -6.0679E+0001
  325.250 -6.0660E+0001
  325.500 -6.0642E+0001
  325.750 -6.0624E+0001
  326.000 -6.0606E+0001
  326.250 -6.0588E+0001
  326.500 -6.0570E+0001
  326.750 -6.0553E+0001
  327.000 -6.0535E+0001
  327.250 -6.0518E+0001
  327.500 -6.0500E+0001
  327.750 -6.0483E+0001
  328.000 -6.0466E+0001
  328.250 -6.0449E+0001
  328.500 -6.0432E+0001
  328.750 -6.0415E+0001
  329.000 -6.0398E+0001
  329.250 -6.0382E+0001
  329.500 -6.0365E+0001
  329.750 -6.0349E+0001
  330.000 -6.0333E+0001
  330.250 -6.0316E+0001
  330.500 -6.0300E+0001
  330.750 -6.0284E+0001
  331.000 -6.0268E+0001
  331.250 -6.0253E+0001
  331.500 -6.0237E+0001
  331.750 -6.0221E+0001
  332.000 -6.0206E+0001
  332.250 -6.0190E+0001
  332.500 -6.0175E+0001
  332.750 -6.0160E+0001
  333.000 -6.0144E+0001
  333.250 -6.0129E+0001
  333.500 -6.0114E+0001
  333.750 -6.0099E+0001
  334.000 -6.0084E+0001
  334.250 -6.0070E+0001
  334.500 -6.0055E+0001
  334.750 -6.0041E+0001
  335.000 -6.0026E+0001
  335.250 -6.0012E+0001
  335.500 -5.9997E+0001
  335.750 -5.9983E+0001
  336.000 -5.9969E+0001
  336.250 -5.9955E+0001
  336.500 -5.9941E+0001
  336.750 -5.9927E+0001
  337.000 -5.9913E+0001
  337.250 -5.9899E+0001
  337.500 -5.9886E+0001
  337.750 -5.9872E+0001
  338.000 -5.9859E+0001
  338.250 -5.9845E+0001
  338.500 -5.9832E+0001
  338.750 -5.9818E+0001
  339.000 -5.9805E+0001
  339.250 -5.9792E+0001
  339.500 -5.9779E+0001
  339.750 -5.9766E+0001
  340.000 -5.9753E+0001
  340.250 -5.9740E+0001
  340.500 -5.9727E+0001
  340.750 -5.9715E+0001
  341.000 -5.9702E+0001
  341.250 -5.9690E+0001
  341.500 -5.9677E+0001
  341.750 -5.9665E+0001
  342.000 -5.9652E+0001
  342.250 -5.9640E+0001
  342.500 -5.9628E+0001
  342.750 -5.9616E+0001
  343.000 -5.9603E+0001
  343.250 -5.9591E+0001
  343.500 -5.9579E+0001
  343.750 -5.9568E+0001
  344.000 -5.9556E+0001
  344.250 -5.9544E+0001
  344.500 -5.9532E+0001
  344.750 -5.9521E+0001
  345.000 -5.9509E+0001
  345.250 -5.9498E+0001
  345.500 -5.9486E+0001
  345.750 -5.9475E+0001
  346.000 -5.9463E+0001
  346.250 -5.9452E+0001
  346.500 -5.9441E+0001
  346.750 -5.9430E+0001
  347.000 -5.9419E+0001
  347.250 -5.9408E+0001
  347.500 -5.9397E+0001
  347.750 -5.9386E+0001
  348.000 -5.9375E+0001
  348.250 -5.9364E+0001
  348.500 -5.9354E+0001
  348.750 -5.9343E+0001
  349.000 -5.9332E+0001
  349.250 -5.9322E+0001
  349.500 -5.9311E+0001
  349.750 -5.9301E+0001
  350.000 -5.9290E+0001
  350.250 -5.9280E+0001
  350.500 -5.9270E+0001
  350.750 -5.9260E+0001
  351.000 -5.9249E+0001
  351.250 -5.9239E+0001
  351.500 -5.9229E+0001
  351.750 -5.9219E+0001
  352.000 -5.9209E+0001
  352.250 -5.9199E+0001
  352.500 -5.9190E+0001
  352.750 -5.9180E+0001
  353.000 -5.9170E+0001
  353.250 -5.9160E+0001
  353.500 -5.9151E+0001
  353.750 -5.9141E+0001
  354.000 -5.9132E+0001
  354.250 -5.9122E+0001
  354.500 -5.9113E+0001
  354.750 -5.9103E+0001
  355.000 -5.9094E+0001
  355.250 -5.9085E+0001
  355.500 -5.9075E+0001
  355.750 -5.9066E+0001
  356.000 -5.9057E+0001
  356.250 -5.9048E+0001
  356.500 -5.9039E+0001
  356.750 -5.9030E+0001
  357.000 -5.9021E+0001
  357.250 -5.9012E+0001
  357.500 -5.9003E+0001
  357.750 -5.8994E+0001
  358.000 -5.8985E+0001
  358.250 -5.8977E+0001
  358.500 -5.8968E+0001
  358.750 -5.8959E+0001
  359.000 -5.8951E+0001
  359.250 -5.8942E+0001
  359.500 -5.8934E+0001
  359.750 -5.8925E+0001
  360.000 -5.8917E+0001
  360.250 -5.8908E+0001
  360.500 -5.8900E+0001
  360.750 -5.8892E+0001
  361.000 -5.8884E+0001
  361.250 -5.8875E+0001
  361.500 -5.8867E+0001
  361.750 -5.8859E+0001
  362.000 -5.8851E+0001
  362.250 -5.8843E+0001
  362.500 -5.8835E+0001
  362.750 -5.8827E+0001
  363.000 -5.8819E+0001
  363.250 -5.8811E+0001
  363.500 -5.8803E+0001
  363.750 -5.8796E+0001
  364.000 -5.8788E+0001
  364.250 -5.8780E+0001
  364.500 -5.8772E+0001
  364.750 -5.8765E+0001
  365.000 -5.8757E+0001
  365.250 -5.8750E+0001
  365.500 -5.8742E+0001
  365.750 -5.8734E+0001
  366.000 -5.8727E+0001
  366.250 -5.8720E+0001
  366.500 -5.8712E+0001
  366.750 -5.8705E+0001
  367.000 -5.8698E+0001
  367.250 -5.8690E+0001
  367.500 -5.8683E+0001
  367.750 -5.8676E+0001
  368.000 -5.8669E+0001
  368.250 -5.8662E+0001
  368.500 -5.8654E+0001
  368.750 -5.8647E+0001
  369.000 -5.8640E+0001
  369.250 -5.8633E+0001
  369.500 -5.8626E+0001
  369.750 -5.8619E+0001
  370.000 -5.8613E+0001
  370.250 -5.8606E+0001
  370.500 -5.8599E+0001
  370.750 -5.8592E+0001
  371.000 -5.8585E+0001
  371.250 -5.8579E+0001
  371.500 -5.8572E+0001
  371.750 -5.8565E+0001
  372.000 -5.8559E+0001
  372.250 -5.8552E+0001
  372.500 -5.8546E+0001
  372.750 -5.8539E+0001
  373.000 -5.8533E+0001
  373.250 -5.8526E+0001
  373.500 -5.8520E+0001
  373.750 -5.8513E+0001
  374.000 -5.8507E+0001
  374.250 -5.8501E+0001
  374.500 -5.8494E+0001
  374.750 -5.8488E+0001
  375.000 -5.8482E+0001
  375.250 -5.8475E+0001
  375.500 -5.8469E+0001
  375.750 -5.8463E+0001
  376.000 -5.8457E+0001
  376.250 -5.8451E+0001
  376.500 -5.8445E+0001
  376.750 -5.8439E+0001
  377.000 -5.8433E+0001
  377.250 -5.8427E+0001
  377.500 -5.8421E+0001
  377.750 -5.8415E+0001
  378.000 -5.8409E+0001
  378.250 -5.8403E+0001
  378.500 -5.8397E+0001
  378.750 -5.8392E+0001
  379.000 -5.8386E+0001
  379.250 -5.8380E+0001
  379.500 -5.8374E+0001
  379.750 -5.8369E+0001
  380.000 -5.8363E+0001
  380.250 -5.8357E+0001
  380.500 -5.8352E+0001
  380.750 -5.8346E+0001
  381.000 -5.8340E+0001
  381.250 -5.8335E+0001
  381.500 -5.8329E+0001
  381.750 -5.8324E+0001
  382.000 -5.8318E+0001
  382.250 -5.8313E+0001
  382.500 -5.8308E+0001
  382.750 -5.8302E+0001
  383.000 -5.8297E+0001
  383.250 -5.8292E+0001
  383.500 -5.8286E+0001
  383.750 -5.8281E+0001
  384.000 -5.8276E+0001
  384.250 -5.8270E+0001
  384.500 -5.8265E+0001
  384.750 -5.8260E+0001
  385.000 -5.8255E+0001
  385.250 -5.8250E+0001
  385.500 -5.8245E+0001
  385.750 -5.8240E+0001
  386.000 -5.8234E+0001
  386.250 -5.8229E+0001
  386.500 -5.8224E+0001
  386.750 -5.8219E+0001
  387.000 -5.8214E+0001
  387.250 -5.8209E+0001
  387.500 -5.8205E+0001
  387.750 -5.8200E+0001
  388.000 -5.8195E+0001
  388.250 -5.8190E+0001
  388.500 -5.8185E+0001
  388.750 -5.8180E+0001
  389.000 -5.8175E+0001
  389.250 -5.8171E+0001
  389.500 -5.8166E+0001
  389.750 -5.8161E+0001
  390.000 -5.8156E+0001
  390.250 -5.8152E+0001
  390.500 -5.8147E+0001
  390.750 -5.8143E+0001
  391.000 -5.8138E+0001
  391.250 -5.8133E+0001
  391.500 -5.8129E+0001
  391.750 -5.8124E+0001
  392.000 -5.8120E+0001
  392.250 -5.8115E+0001
  392.500 -5.8111E+0001
  392.750 -5.8106E+0001
  393.000 -5.8102E+0001
  393.250 -5.8097E+0001
  393.500 -5.8093E+0001
  393.750 -5.8088E+0001
  394.000 -5.8084E+0001
  394.250 -5.8080E+0001
  394.500 -5.8075E+0001
  394.750 -5.8071E+0001
  395.000 -5.8067E+0001
  395.250 -5.8063E+0001
  395.500 -5.8058E+0001
  395.750 -5.8054E+0001
  396.000 -5.8050E+0001
  396.250 -5.8046E+0001
  396.500 -5.8041E+0001
  396.750 -5.8037E+0001
  397.000 -5.8033E+0001
  397.250 -5.8029E+0001
  397.500 -5.8025E+0001
  397.750 -5.8021E+0001
  398.000 -5.8017E+0001
  398.250 -5.8013E+0001
  398.500 -5.8009E+0001
  398.750 -5.8005E+0001
  399.000 -5.8001E+0001
  399.250 -5.7997E+0001
  399.500 -5.7993E+0001
  399.750 -5.7989E+0001
  400.000 -5.7985E+0001
  400.250 -5.7981E+0001
  400.500 -5.7977E+0001
  400.750 -5.7973E+0001
  401.000 -5.7969E+0001
  401.250 -5.7966E+0001
  401.500 -5.7962E+0001
  401.750 -5.7958E+0001
  402.000 -5.7954E+0001
  402.250 -5.7950E+0001
  402.500 -5.7947E+0001
  402.750 -5.7943E+0001
  403.000 -5.7939E+0001
  403.250 -5.7935E+0001
  403.500 -5.7932E+0001
  403.750 -5.7928E+0001
  404.000 -5.7924E+0001
  404.250 -5.7921E+0001
  404.500 -5.7917E+0001
  404.750 -5.7914E+0001
  405.000 -5.7910E+0001
  405.250 -5.7906E+0001
  405.500 -5.7903E+0001
  405.750 -5.7899E+0001
  406.000 -5.7896E+0001
  406.250 -5.7892E+0001
  406.500 -5.7889E+0001
  406.750 -5.7885E+0001
  407.000 -5.7882E+0001
  407.250 -5.7878E+0001
  407.500 -5.7875E+0001
  407.750 -5.7871E+0001
  408.000 -5.7868E+0001
  408.250 -5.7865E+0001
  408.500 -5.7861E+0001
  408.750 -5.7858E+0001
  409.000 -5.7855E+0001
  409.250 -5.7851E+0001
  409.500 -5.7848E+0001
  409.750 -5.7845E+0001
  410.000 -5.7841E+0001
  410.250 -5.7838E+0001
  410.500 -5.7835E+0001
  410.750 -5.7832E+0001
  411.000 -5.7828E+0001
  411.250 -5.7825E+0001
  411.500 -5.7822E+0001
  411.750 -5.7819E+0001
  412.000 -5.7816E+0001
  412.250 -5.7812E+0001
  412.500 -5.7809E+0001
  412.750 -5.7806E+0001
  413.000 -5.7803E+0001
  413.250 -5.7800E+0001
  413.500 -5.7797E+0001
  413.750 -5.7794E+0001
  414.000 -5.7791E+0001
  414.250 -5.7788E+0001
  414.500 -5.7784E+0001
  414.750 -5.7781E+0001
  415.000 -5.7778E+0001
  415.250 -5.7775E+0001
  415.500 -5.7772E+0001
  415.750 -5.7769E+0001
  416.000 -5.7766E+0001
  416.250 -5.7764E+0001
  416.500 -5.7761E+0001
  416.750 -5.7758E+0001
  417.000 -5.7755E+0001
  417.250 -5.7752E+0001
  417.500 -5.7749E+0001
  417.750 -5.7746E+0001
  418.000 -5.7743E+0001
  418.250 -5.7740E+0001
  418.500 -5.7737E+0001
  418.750 -5.7735E+0001
  419.000 -5.7732E+0001
  419.250 -5.7729E+0001
  419.500 -5.7726E+0001
  419.750 -5.7723E+0001
  420.000 -5.7721E+0001
  420.250 -5.7718E+0001
  420.500 -5.7715E+0001
  420.750 -5.7712E+0001
  421.000 -5.7710E+0001
  421.250 -5.7707E+0001
  421.500 -5.7704E+0001
  421.750 -5.7702E+0001
  422.000 -5.7699E+0001
  422.250 -5.7696E+0001
  422.500 -5.7694E+0001
  422.750 -5.7691E+0001
  423.000 -4.0000E+0001
  423.250 -4.0000E+0001
  423.500 -4.0000E+0001
  423.750 -4.0000E+0001
  424.000 -4.0000E+0001
  424.250 -4.0000E+0001
  424.500 -4.2655E+0001
  424.750 -4.8067E+0001
  425.000 -5.2115E+0001
  425.250 -5.5176E+0001
  425.500 -5.7520E+0001
  425.750 -5.9338E+0001
  426.000 -6.0763E+0001
  426.250 -6.1892E+0001
  426.500 -6.2794E+0001
  426.750 -6.3519E+0001
  427.000 -6.4106E+0001
  427.250 -6.4582E+0001
  427.500 -6.4970E+0001
  427.750 -6.5285E+0001
  428.000 -6.5542E+0001
  428.250 -6.5750E+0001
  428.500 -6.5918E+0001
  428.750 -6.6052E+0001
  429.000 -6.6158E+0001
  429.250 -6.6239E+0001
  429.500 -6.6300E+0001
  429.750 -6.6343E+0001
  430.000 -6.6371E+0001
  430.250 -6.6386E+0001
  430.500 -6.6389E+0001
  430.750 -6.6383E+0001
  431.000 -6.6369E+0001
  431.250 -6.6347E+0001
  431.500 -6.6318E+0001
  431.750 -6.6284E+0001
  432.000 -6.6245E+0001
  432.250 -6.6201E+0001
  432.500 -6.6154E+0001
  432.750 -6.6104E+0001
  433.000 -6.6050E+0001
  433.250 -6.5995E+0001
  433.500 -6.5937E+0001
  433.750 -6.5878E+0001
  434.000 -6.5817E+0001
  434.250 -6.5755E+0001
  434.500 -6.5692E+0001
  434.750 -6.5628E+0001
  435.000 -6.5564E+0001
  435.250 -6.5499E+0001
  435.500 -6.5434E+0001
  435.750 -6.5369E+0001
  436.000 -6.5304E+0001
  436.250 -6.5239E+0001
  436.500 -6.5174E+0001
  436.750 -6.5110E+0001
  437.000 -6.5046E+0001
  437.250 -6.4982E+0001
  437.500 -6.4918E+0001
  437.750 -6.4855E+0001
  438.000 -6.4793E+0001
  438.250 -6.4732E+0001
  438.500 -6.4670E+0001
  438.750 -6.4610E+0001
  439.000 -6.4550E+0001
  439.250 -6.4491E+0001
  439.500 -6.4433E+0001
  439.750 -6.4376E+0001
  440.000 -6.4319E+0001
  440.250 -6.4263E+0001
  440.500 -6.4207E+0001
  440.750 -6.4153E+0001
  441.000 -6.4099E+0001
  441.250 -6.4046E+0001
  441.500 -6.3993E+0001
  441.750 -6.3942E+0001
  442.000 -6.3891E+0001
  442.250 -6.3841E+0001
  442.500 -6.3792E+0001
  442.750 -6.3743E+0001
  443.000 -6.3695E+0001
  443.250 -6.3648E+0001
  443.500 -6.3601E+0001
  443.750 -6.3555E+0001
  444.000 -6.3510E+0001
  444.250 -6.3465E+0001
  444.500 -6.3421E+0001
  444.750 -6.3378E+0001
  445.000 -6.3335E+0001
  445.250 -6.3293E+0001
  445.500 -6.3251E+0001
  445.750 -6.3210E+0001
  446.000 -6.3170E+0001
  446.250 -6.3130E+0001
  446.500 -6.3091E+0001
  446.750 -6.3052E+0001
  447.000 -6.3014E+0001
  447.250 -6.2976E+0001
  447.500 -6.2939E+0001
  447.750 -6.2902E+0001
  448.000 -6.2866E+0001
  448.250 -6.2830E+0001
  448.500 -6.2795E+0001
  448.750 -6.2760E+0001
  449.000 -6.2725E+0001
  449.250 -6.2691E+0001
  449.500 -6.2658E+0001
  449.750 -6.2625E+0001
  450.000 -6.2592E+0001
  450.250 -6.2559E+0001
  450.500 -6.2527E+0001
  450.750 -6.2496E+0001
  451.000 -6.2464E+0001
  451.250 -6.2433E+0001
  451.500 -6.2403E+0001
  451.750 -6.2372E+0001
  452.000 -6.2343E+0001
  452.250 -6.2313E+0001
  452.500 -6.2284E+0001
  452.750 -6.2255E+0001
  453.000 -6.2226E+0001
  453.250 -6.2198E+0001
  453.500 -6.2170E+0001
  453.750 -6.2142E+0001
  454.000 -6.2114E+0001
  454.250 -6.2087E+0001
  454.500 -6.2060E+0001
  454.750 -6.2034E+0001
  455.000 -6.2007E+0001
  455.250 -6.1981E+0001
  455.500 -6.1955E+0001
  455.750 -6.1929E+0001
  456.000 -6.1904E+0001
  456.250 -6.1879E+0001
  456.500 -6.1854E+0001
  456.750 -6.1829E+0001
  457.000 -6.1805E+0001
  457.250 -6.1780E+0001
  457.500 -6.1756E+0001
  457.750 -6.1732E+0001
  458.000 -6.1709E+0001
  458.250 -6.1685E+0001
  458.500 -6.1662E+0001
  458.750 -6.1639E+0001
  459.000 -6.1616E+0001
  459.250 -6.1593E+0001
  459.500 -6.1571E+0001
  459.750 -6.1549E+0001
  460.000 -6.1527E+0001
  460.250 -6.1505E+0001
  460.500 -6.1483E+0001
  460.750 -6.1461E+0001
  461.000 -6.1440E+0001
  461.250 -6.1419E+0001
  461.500 -6.1397E+0001
  461.750 -6.1377E+0001
  462.000 -6.1356E+0001
  462.250 -6.1335E+0001
  462.500 -6.1315E+0001
  462.750 -6.1294E+0001
  463.000 -6.1274E+0001
  463.250 -6.1254E+0001
  463.500 -6.1234E+0001
  463.750 -6.1215E+0001
  464.000 -6.1195E+0001
  464.250 -6.1175E+0001
  464.500 -6.1156E+0001
  464.750 -6.1137E+0001
  465.000 -6.1118E+0001
  465.250 -6.1099E+0001
  465.500 -6.1080E+0001
  465.750 -6.1062E+0001
  466.000 -6.1043E+0001
  466.250 -6.1025E+0001
  466.500 -6.1006E+0001
  466.750 -6.0988E+0001
  467.000 -6.0970E+0001
  467.250 -6.0952E+0001
  467.500 -6.0935E+0001
  467.750 -6.0917E+0001
  468.000 -6.0899E+0001
  468.250 -6.0882E+0001
  468.500 -6.0865E+0001
  468.750 -6.0847E+0001
  469.000 -6.0830E+0001
  469.250 -6.0813E+0001
  469.500 -6.0796E+0001
  469.750 -6.0780E+0001
  470.000 -6.0763E+0001
  470.250 -6.0746E+0001
  470.500 -6.0730E+0001
  470.750 -6.0713E+0001
  471.000 -6.0697E+0001
  471.250 -6.0681E+0001
  471.500 -6.0665E+0001
  471.750 -6.0649E+0001
  472.000 -6.0633E+0001
  472.250 -6.0617E+0001
  472.500 -6.0602E+0001
  472.750 -6.0586E+0001
  473.000 -6.0571E+0001
  473.250 -6.0555E+0001
  473.500 -6.0540E+0001
  473.750 -6.0525E+0001
  474.000 -6.0510E+0001
  474.250 -6.0495E+0001
  474.500 -6.0480E+0001
  474.750 -6.0465E+0001
  475.000 -6.0450E+0001
  475.250 -6.0435E+0001
  475.500 -6.0421E+0001
  475.750 -6.0406E+0001
  476.000 -6.0392E+0001
  476.250 -6.0378E+0001
  476.500 -6.0363E+0001
  476.750 -6.0349E+0001
  477.000 -6.0335E+0001
  477.250 -6.0321E+0001
  477.500 -6.0307E+0001
  477.750 -6.0293E+0001
  478.000 -6.0280E+0001
  478.250 -6.0266E+0001
  478.500 -6.0252E+0001
  478.750 -6.0239E+0001
  479.000 -6.0225E+0001
  479.250 -6.0212E+0001
  479.500 -6.0199E+0001
  479.750 -6.0185E+0001
  480.000 -6.0172E+0001
  480.250 -6.0159E+0001
  480.500 -6.0146E+0001
  480.750 -6.0133E+0001
  481.000 -6.0120E+0001
  481.250 -6.0108E+0001
  481.500 -6.0095E+0001
  481.750 -6.0082E+0001
  482.000 -6.0070E+0001
  482.250 -6.0057E+0001
  482.500 -6.0045E+0001
  482.750 -6.0032E+0001
  483.000 -6.0020E+0001
  483.250 -6.0008E+0001
  483.500 -5.9996E+0001
  483.750 -5.9983E+0001
  484.000 -5.9971E+0001
  484.250 -5.9959E+0001
  484.500 -5.9947E+0001
  484.750 -5.9936E+0001
  485.000 -5.9924E+0001
  485.250 -5.9912E+0001
  485.500 -5.9900E+0001
  485.750 -5.9889E+0001
  486.000 -5.9877E+0001
  486.250 -5.9866E+0001
  486.500 -5.9854E+0001
  486.750 -5.9843E+0001
  487.000 -5.9832E+0001
  487.250 -5.9821E+0001
  487.500 -5.9809E+0001
  487.750 -5.9798E+0001
  488.000 -5.9787E+0001
  488.250 -5.9776E+0001
  488.500 -5.9765E+0001
  488.750 -5.9754E+0001
  489.000 -5.9744E+0001
  489.250 -5.9733E+0001
  489.500 -5.9722E+0001
  489.750 -5.9711E+0001
  490.000 -5.9701E+0001
  490.250 -5.9690E+0001
  490.500 -5.9680E+0001
  490.750 -5.9669E+0001
  491.000 -5.9659E+0001
  491.250 -5.9649E+0001
  491.500 -5.9638E+0001
  491.750 -5.9628E+0001
  492.000 -5.9618E+0001
  492.250 -5.9608E+0001
  492.500 -5.9598E+0001
  492.750 -5.9588E+0001
  493.000 -5.9578E+0001
  493.250 -5.9568E+0001
  493.500 -5.9558E+0001
  493.750 -5.9548E+0001
  494.000 -5.9538E+0001
  494.250 -5.9529E+0001
  494.500 -5.9519E+0001
  494.750 -5.9509E+0001
  495.000 -5.9500E+0001
  495.250 -5.9490E+0001
  495.500 -5.9481E+0001
  495.750 -5.9472E+0001
  496.000 -5.9462E+0001
  496.250 -5.9453E+0001
  496.500 -5.9444E+0001
  496.750 -5.9434E+0001
  497.000 -5.9425E+0001
  497.250 -5.9416E+0001
  497.500 -5.9407E+0001
  497.750 -5.9398E+0001
  498.000 -5.9389E+0001
  498.250 -5.9380E+0001
  498.500 -5.9371E+0001
  498.750 -5.9362E+0001
  499.000 -5.9353E+0001
  499.250 -5.9345E+0001
  499.500 -5.9336E+0001
  499.750 -5.9327E+0001
  500.000 -5.9318E+0001
  500.250 -5.9644E+0001
  500.500 -5.9958E+0001
  500.750 -6.0262E+0001
  501.000 -6.0554E+0001
  501.250 -6.0837E+0001
  501.500 -6.1110E+0001
  501.750 -6.1372E+0001
  502.000 -6.1626E+0001
  502.250 -6.1871E+0001
  502.500 -6.2107E+0001
  502.750 -6.2335E+0001
  503.000 -6.2554E+0001
  503.250 -6.2766E+0001
  503.500 -6.2971E+0001
  503.750 -6.3168E+0001
  504.000 -6.3358E+0001
  504.250 -6.3541E+0001
  504.500 -6.3718E+0001
  504.750 -6.3888E+0001
  505.000 -6.4052E+0001
  505.250 -6.4211E+0001
  505.500 -6.4363E+0001
  505.750 -6.4511E+0001
  506.000 -6.4653E+0001
  506.250 -6.4790E+0001
  506.500 -6.4921E+0001
  506.750 -6.5049E+0001
  507.000 -6.5171E+0001
  507.250 -6.5289E+0001
  507.500 -6.5403E+0001
  507.750 -6.5513E+0001
  508.000 -6.5619E+0001
  508.250 -6.5721E+0001
  508.500 -6.5819E+0001
  508.750 -6.5913E+0001
  509.000 -6.6005E+0001
  509.250 -6.6092E+0001
  509.500 -6.6177E+0001
  509.750 -6.6258E+0001
  510.000 -6.6337E+0001
  510.250 -6.6413E+0001
  510.500 -6.6485E+0001
  510.750 -6.6555E+0001
  511.000 -6.6623E+0001
  511.250 -6.6688E+0001
  511.500 -6.6750E+0001
  511.750 -6.6810E+0001
  512.000 -6.6868E+0001
  512.250 -6.6924E+0001
  512.500 -6.6978E+0001
  512.750 -6.7029E+0001
  513.000 -6.7079E+0001
  513.250 -6.7126E+0001
  513.500 -6.7172E+0001
  513.750 -6.7216E+0001
  514.000 -6.7259E+0001
  514.250 -6.7299E+0001
  514.500 -6.7339E+0001
  514.750 -6.7376E+0001
  515.000 -6.7412E+0001
  515.250 -6.7447E+0001
  515.500 -6.7480E+0001
  515.750 -6.7512E+0001
  516.000 -6.7543E+0001
  516.250 -6.7572E+0001
  516.500 -6.7600E+0001
  516.750 -6.7627E+0001
  517.000 -6.7653E+0001
  517.250 -6.7678E+0001
  517.500 -6.7702E+0001
  517.750 -6.7725E+0001
  518.000 -6.7747E+0001
  518.250 -6.7768E+0001
  518.500 -6.7788E+0001
  518.750 -6.7807E+0001
  519.000 -6.7825E+0001
  519.250 -6.7842E+0001
  519.500 -6.7859E+0001
  519.750 -6.7875E+0001
  520.000 -6.7890E+0001
  520.250 -6.7905E+0001
  520.500 -6.7918E+0001
  520.750 -6.7931E+0001
  521.000 -6.7944E+0001
  521.250 -6.7956E+0001
  521.500 -6.7967E+0001
  521.750 -6.7978E+0001
  522.000 -6.7988E+0001
  522.250 -6.7998E+0001
  522.500 -6.8007E+0001
  522.750 -6.8015E+0001
  523.000 -6.8023E+0001
  523.250 -6.8031E+0001
  523.500 -6.8038E+0001
  523.750 -6.8045E+0001
  524.000 -6.8052E+0001
  524.250 -6.8058E+0001
  524.500 -6.8063E+0001
  524.750 -6.8068E+0001
  525.000 -6.8073E+0001
  525.250 -6.8078E+0001
  525.500 -6.8082E+0001
  525.750 -6.8086E+0001
  526.000 -6.8090E+0001
  526.250 -6.8093E+0001
  526.500 -6.8096E+0001
  526.750 -6.8099E+0001
  527.000 -6.8101E+0001
  527.250 -6.8103E+0001
  527.500 -6.8105E+0001
  527.750 -6.8107E+0001
  528.000 -6.8108E+0001
  528.250 -6.8110E+0001
  528.500 -6.8111E+0001
  528.750 -6.8112E+0001
  529.000 -6.8112E+0001
  529.250 -6.8113E+0001
  529.500 -6.8113E+0001
  529.750 -6.8113E+0001
  530.000 -6.8113E+0001
  530.250 -6.8113E+0001
  530.500 -6.8113E+0001
  530.750 -6.8112E+0001
  531.000 -6.8111E+0001
  531.250 -6.8111E+0001
  531.500 -6.8110E+0001
  531.750 -6.8109E+0001
  532.000 -6.8107E+0001
  532.250 -6.8106E+0001
  532.500 -6.8105E+0001
  532.750 -6.8103E+0001
  533.000 -6.8102E+0001
  533.250 -6.8100E+0001
  533.500 -6.8098E+0001
  533.750 -6.8096E+0001
  534.000 -6.8094E+0001
  534.250 -6.8092E+0001
  534.500 -6.8090E+0001
  534.750 -6.8088E+0001
  535.000 -6.8086E+0001
  535.250 -6.8083E+0001
  535.500 -6.8081E+0001
  535.750 -6.8078E+0001
  536.000 -6.8076E+0001
  536.250 -6.8073E+0001
  536.500 -6.8071E+0001
  536.750 -6.8068E+0001
  537.000 -6.8065E+0001
  537.250 -6.8062E+0001
  537.500 -6.8059E+0001
  537.750 -6.8056E+0001
  538.000 -6.8054E+0001
  538.250 -6.8051E+0001
  538.500 -6.8048E+0001
  538.750 -6.8045E+0001
  539.000 -6.8041E+0001
  539.250 -6.8038E+0001
  539.500 -6.8035E+0001
  539.750 -6.8032E+0001
  540.000 -6.8029E+0001
  540.250 -6.8026E+0001
  540.500 -6.8022E+0001
  540.750 -6.8019E+0001
  541.000 -6.8016E+0001
  541.250 -6.8013E+0001
  541.500 -6.8009E+0001
  541.750 -6.8006E+0001
  542.000 -6.8003E+0001
  542.250 -6.7999E+0001
  542.500 -6.7996E+0001
  542.750 -6.7992E+0001
  543.000 -6.7989E+0001
  543.250 -6.7986E+0001
  543.500 -6.7982E+0001
  543.750 -6.7979E+0001
  544.000 -6.7975E+0001
  544.250 -6.7972E+0001
  544.500 -6.7969E+0001
  544.750 -6.7965E+0001
  545.000 -6.7962E+0001
  545.250 -6.7958E+0001
  545.500 -6.7955E+0001
  545.750 -6.7951E+0001
  546.000 -6.7948E+0001
  546.250 -6.7945E+0001
  546.500 -6.7941E+0001
  546.750 -6.7938E+0001
  547.000 -6.7934E+0001
  547.250 -6.7931E+0001
  547.500 -6.7927E+0001
  547.750 -6.7924E+0001
  548.000 -6.7921E+0001
  548.250 -6.7917E+0001
  548.500 -6.7914E+0001
  548.750 -6.7910E+0001
  549.000 -6.7907E+0001
  549.250 -6.7904E+0001
  549.500 -6.7900E+0001
  549.750 -6.7897E+0001
  550.000 -6.7894E+0001
  550.250 -6.7890E+0001
  550.500 -6.7887E+0001
  550.750 -6.7884E+0001
  551.000 -6.7880E+0001
  551.250 -6.7877E+0001
  551.500 -6.7874E+0001
  551.750 -6.7870E+0001
  552.000 -6.7867E+0001
  552.250 -6.7864E+0001
  552.500 -6.7860E+0001
  552.750 -6.7857E+0001
  553.000 -6.7854E+0001
  553.250 -6.7851E+0001
  553.500 -6.7848E+0001
  553.750 -6.7844E+0001
  554.000 -6.7841E+0001
  554.250 -6.7838E+0001
  554.500 -6.7835E+0001
  554.750 -6.7832E+0001
  555.000 -6.7828E+0001
  555.250 -6.7825E+0001
  555.500 -6.7822E+0001
  555.750 -6.7819E+0001
  556.000 -6.7816E+0001
  556.250 -6.7813E+0001
  556.500 -6.7810E+0001
  556.750 -6.7807E+0001
  557.000 -6.7804E+0001
  557.250 -6.7801E+0001
  557.500 -6.7798E+0001
  557.750 -6.7795E+0001
  558.000 -6.7792E+0001
  558.250 -6.7789E+0001
  558.500 -6.7786E+0001
  558.750 -6.7783E+0001
  559.000 -6.7780E+0001
  559.250 -6.7777E+0001
  559.500 -6.7774E+0001
  559.750 -6.7771E+0001
  560.000 -6.7768E+0001
  560.250 -6.7765E+0001
  560.500 -6.7762E+0001
  560.750 -6.7759E+0001
  561.000 -6.7756E+0001
  561.250 -6.7754E+0001
  561.500 -6.7751E+0001
  561.750 -6.7748E+0001
  562.000 -6.7745E+0001
  562.250 -6.7742E+0001
  562.500 -6.7740E+0001
  562.750 -6.7737E+0001
  563.000 -6.7734E+0001
  563.250 -6.7731E+0001
  563.500 -6.7729E+0001
  563.750 -6.7726E+0001
  564.000 -6.7723E+0001
  564.250 -6.7720E+0001
  564.500 -6.7718E+0001
  564.750 -6.7715E+0001
  565.000 -6.7712E+0001
  565.250 -6.7710E+0001
  565.500 -6.7707E+0001
  565.750 -6.7705E+0001
  566.000 -6.7702E+0001
  566.250 -6.7699E+0001
  566.500 -6.7697E+0001
  566.750 -6.7694E+0001
  567.000 -6.7692E+0001
  567.250 -6.7689E+0001
  567.500 -6.7687E+0001
  567.750 -6.7684E+0001
  568.000 -6.7682E+0001
  568.250 -6.7679E+0001
  568.500 -6.7677E+0001
  568.750 -6.7674E+0001
  569.000 -6.7672E+0001
  569.250 -6.7669E+0001
  569.500 -6.7667E+0001
  569.750 -6.7664E+0001
  570.000 -6.7662E+0001
  570.250 -6.7660E+0001
  570.500 -6.7657E+0001
  570.750 -6.7655E+0001
  571.000 -6.7652E+0001
  571.250 -6.7650E+0001
  571.500 -6.7648E+0001
  571.750 -6.7645E+0001
  572.000 -6.7643E+0001
  572.250 -6.7641E+0001
  572.500 -6.7638E+0001
  572.750 -6.7636E+0001
  573.000 -6.7634E+0001
  573.250 -6.7632E+0001
  573.500 -6.7629E+0001
  573.750 -6.7627E+0001
  574.000 -6.7625E+0001
  574.250 -6.7623E+0001
  574.500 -6.7620E+0001
  574.750 -6.7618E+0001
  575.000 -6.7616E+0001
  575.250 -6.7614E+0001
  575.500 -6.7611E+0001
  575.750 -6.7609E+0001
  576.000 -6.7607E+0001
  576.250 -6.7605E+0001
  576.500 -6.7603E+0001
  576.750 -6.7601E+0001
  577.000 -6.7599E+0001
  577.250 -6.7596E+0001
  577.500 -6.7594E+0001
  577.750 -6.7592E+0001
  578.000 -6.7590E+0001
  578.250 -6.7588E+0001
  578.500 -6.7586E+0001
  578.750 -6.7584E+0001
  579.000 -6.7582E+0001
  579.250 -6.7580E+0001
  579.500 -6.7578E+0001
  579.750 -6.7576E+0001
  580.000 -6.7574E+0001
  580.250 -6.7572E+0001
  580.500 -6.7570E+0001
  580.750 -6.7568E+0001
  581.000 -6.7566E+0001
  581.250 -6.7564E+0001
  581.500 -6.7562E+0001
  581.750 -6.7560E+0001
  582.000 -6.7558E+0001
  582.250 -6.7556E+0001
  582.500 -6.7554E+0001
  582.750 -6.7552E+0001
  583.000 -6.7550E+0001
  583.250 -6.7548E+0001
  583.500 -6.7546E+0001
  583.750 -6.7544E+0001
  584.000 -6.7542E+0001
  584.250 -6.7541E+0001
  584.500 -6.7539E+0001
  584.750 -6.7537E+0001
  585.000 -6.7535E+0001
  585.250 -6.7533E+0001
  585.500 -6.7531E+0001
  585.750 -6.7529E+0001
  586.000 -6.7528E+0001
  586.250 -6.7526E+0001
  586.500 -6.7524E+0001
  586.750 -6.7522E+0001
  587.000 -6.7520E+0001
  587.250 -6.7518E+0001
  587.500 -6.7517E+0001
  587.750 -6.7515E+0001
  588.000 -6.7513E+0001
  588.250 -6.7511E+0001
  588.500 -6.7510E+0001
  588.750 -6.7508E+0001
  589.000 -6.7506E+0001
  589.250 -6.7504E+0001
  589.500 -6.7503E+0001
  589.750 -6.7501E+0001
  590.000 -6.7499E+0001
  590.250 -6.7497E+0001
  590.500 -6.7496E+0001
  590.750 -6.7494E+0001
  591.000 -6.7492E+0001
  591.250 -6.7491E+0001
  591.500 -6.7489E+0001
  591.750 -6.7487E+0001
  592.000 -6.7486E+0001
  592.250 -6.7484E+0001
  592.500 -6.7482E+0001
  592.750 -6.7481E+0001
  593.000 -6.7479E+0001
  593.250 -6.7477E+0001
  593.500 -6.7476E+0001
  593.750 -6.7474E+0001
  594.000 -6.7472E+0001
  594.250 -6.7471E+0001
  594.500 -6.7469E+0001
  594.750 -6.7467E+0001
  595.000 -6.7466E+0001
  595.250 -6.7464E+0001
  595.500 -6.7463E+0001
  595.750 -6.7461E+0001
  596.000 -6.7459E+0001
  596.250 -6.7458E+0001
  596.500 -6.7456E+0001
  596.750 -6.7455E+0001
  597.000 -6.7453E+0001
  597.250 -6.7452E+0001
  597.500 -6.7450E+0001
  597.750 -6.7448E+0001
  598.000 -6.7447E+0001
  598.250 -6.7445E+0001
  598.500 -6.7444E+0001
  598.750 -6.7442E+0001
  599.000 -6.7441E+0001
  599.250 -6.7439E+0001
  599.500 -6.7438E+0001
  599.750 -6.7436E+0001
