    0.250 -6.5027E+0001
    0.500 -6.4366E+0001
    0.750 -6.3716E+0001
    1.000 -6.3078E+0001
    1.250 -6.2451E+0001
    1.500 -6.1835E+0001
    1.750 -6.1230E+0001
    2.000 -6.0636E+0001
    2.250 -6.0052E+0001
    2.500 -5.9479E+0001
    2.750 -5.8916E+0001
    3.000 -5.8363E+0001
    3.250 -5.7821E+0001
    3.500 -5.7288E+0001
    3.750 -5.6765E+0001
    4.000 -5.6252E+0001
    4.250 -5.5749E+0001
    4.500 -5.5255E+0001
    4.750 -5.4771E+0001
    5.000 -5.4296E+0001
    5.250 -5.3830E+0001
    5.500 -5.3373E+0001
    5.750 -5.2926E+0001
    6.000 -5.2487E+0001
    6.250 -5.2058E+0001
    6.500 -4.0000E+0001
    6.750 -4.0000E+0001
    7.000 -4.0000E+0001
    7.250 -4.0000E+0001
    7.500 -4.0000E+0001
    7.750 -4.0000E+0001
    8.000 -4.5266E+0001
    8.250 -4.9225E+0001
    8.500 -5.2219E+0001
    8.750 -5.4501E+0001
    9.000 -5.6255E+0001
    9.250 -5.7612E+0001
    9.500 -5.8666E+0001
    9.750 -5.9487E+0001
   10.000 -6.0125E+0001
   10.250 -6.0620E+0001
   10.500 -6.0999E+0001
   10.750 -6.1284E+0001
   11.000 -6.1492E+0001
   11.250 -6.1638E+0001
   11.500 -6.1730E+0001
   11.750 -6.1778E+0001
   12.000 -6.1788E+0001
   12.250 -6.1766E+0001
   12.500 -6.1717E+0001
   12.750 -6.1644E+0001
   13.000 -6.1550E+0001
   13.250 -6.1439E+0001
   13.500 -6.1312E+0001
   13.750 -6.1172E+0001
   14.000 -6.1019E+0001
   14.250 -6.0857E+0001
   14.500 -6.0686E+0001
   14.750 -6.0507E+0001
   15.000 -6.0321E+0001
   15.250 -6.0130E+0001
   15.500 -5.9934E+0001
   15.750 -5.9734E+0001
   16.000 -5.9531E+0001
   16.250 -5.9326E+0001
   16.500 -5.9118E+0001
   16.750 -5.8909E+0001
   17.000 -5.8698E+0001
   17.250 -5.8488E+0001
   17.500 -5.8277E+0001
   17.750 -5.8066E+0001
   18.000 -5.7856E+0001
   18.250 -5.7648E+0001
   18.500 -5.7440E+0001
   18.750 -5.7234E+0001
   19.000 -5.7029E+0001
   19.250 -5.6827E+0001
   19.500 -5.6627E+0001
   19.750 -5.6429E+0001
   20.000 -5.6234E+0001
   20.250 -5.6041E+0001
   20.500 -5.5852E+0001
   20.750 -5.5665E+0001
   21.000 -5.5481E+0001
   21.250 -5.5300E+0001
   21.500 -5.5122E+0001
   21.750 -5.4948E+0001
   22.000 -5.4777E+0001
   22.250 -5.4609E+0001
   22.500 -5.4445E+0001
   22.750 -4.0000E+0001
   23.000 -4.0000E+0001
   23.250 -4.0000E+0001
   23.500 -4.0000E+0001
   23.750 -4.0000E+0001
   24.000 -4.0000E+0001
   24.250 -4.3785E+0001
   24.500 -4.8760E+0001
   24.750 -5.2467E+0001
   25.000 -5.5257E+0001
   25.250 -5.7381E+0001
   25.500 -5.9013E+0001
   25.750 -6.0279E+0001
   26.000 -6.1267E+0001
   26.250 -6.2043E+0001
   26.500 -6.2652E+0001
   26.750 -6.3131E+0001
   27.000 -6.3507E+0001
   27.250 -6.3798E+0001
   27.500 -6.4022E+0001
   27.750 -6.4189E+0001
   28.000 -6.4311E+0001
   28.250 -6.4393E+0001
   28.500 -6.4444E+0001
   28.750 -6.4467E+0001
   29.000 -6.4467E+0001
   29.250 -6.4448E+0001
   29.500 -6.4411E+0001
   29.750 -6.4360E+0001
   30.000 -6.4296E+0001
   30.250 -6.4222E+0001
   30.500 -6.4138E+0001
   30.750 -6.4046E+0001
   31.000 -6.3947E+0001
   31.250 -6.3843E+0001
   31.500 -6.3733E+0001
   31.750 -6.3619E+0001
   32.000 -6.3501E+0001
   32.250 -6.3380E+0001
   32.500 -6.3257E+0001
   32.750 -6.3132E+0001
   33.000 -6.3005E+0001
   33.250 -6.2877E+0001
   33.500 -6.2749E+0001
   33.750 -6.2619E+0001
   34.000 -6.2490E+0001
   34.250 -6.2361E+0001
   34.500 -6.2232E+0001
   34.750 -6.2103E+0001
   35.000 -6.1975E+0001
   35.250 -6.1848E+0001
   35.500 -6.1722E+0001
   35.750 -6.1597E+0001
   36.000 -6.1473E+0001
   36.250 -6.1351E+0001
   36.500 -6.1230E+0001
   36.750 -6.1111E+0001
   37.000 -6.0993E+0001
   37.250 -6.0876E+0001
   37.500 -6.0762E+0001
   37.750 -6.0649E+0001
   38.000 -6.0538E+0001
   38.250 -6.0428E+0001
   38.500 -6.0321E+0001
   38.750 -6.0215E+0001
   39.000 -6.0111E+0001
   39.250 -6.0008E+0001
   39.500 -5.9908E+0001
   39.750 -5.9809E+0001
   40.000 -5.9712E+0001
   40.250 -5.9617E+0001
   40.500 -5.9523E+0001
   40.750 -5.9431E+0001
   41.000 -5.9341E+0001
   41.250 -5.9252E+0001
   41.500 -5.9166E+0001
   41.750 -5.9080E+0001
   42.000 -5.8997E+0001
   42.250 -5.8915E+0001
   42.500 -5.8834E+0001
   42.750 -5.8755E+0001
   43.000 -5.8677E+0001
   43.250 -5.8601E+0001
   43.500 -5.8527E+0001
   43.750 -5.8453E+0001
   44.000 -5.8381E+0001
   44.250 -5.8311E+0001
   44.500 -5.8241E+0001
   44.750 -5.8173E+0001
   45.000 -5.8106E+0001
   45.250 -5.8041E+0001
   45.500 -5.7977E+0001
   45.750 -5.7913E+0001
   46.000 -5.7851E+0001
   46.250 -5.7790E+0001
   46.500 -5.7730E+0001
   46.750 -5.7672E+0001
   47.000 -5.7614E+0001
   47.250 -5.7557E+0001
   47.500 -5.7501E+0001
   47.750 -5.7446E+0001
   48.000 -5.7392E+0001
   48.250 -5.7339E+0001
   48.500 -5.7287E+0001
   48.750 -5.7236E+0001
   49.000 -5.7186E+0001
   49.250 -5.7136E+0001
   49.500 -5.7087E+0001
   49.750 -5.7039E+0001
   50.000 -5.6992E+0001
   50.250 -5.6946E+0001
   50.500 -5.6900E+0001
   50.750 -5.6855E+0001
   51.000 -5.6811E+0001
   51.250 -5.6767E+0001
   51.500 -5.6724E+0001
   51.750 -5.6682E+0001
   52.000 -5.6640E+0001
   52.250 -5.6599E+0001
   52.500 -5.6559E+0001
   52.750 -5.6519E+0001
   53.000 -5.6480E+0001
   53.250 -5.6441E+0001
   53.500 -5.6403E+0001
   53.750 -5.6365E+0001
   54.000 -5.6328E+0001
   54.250 -5.6292E+0001
   54.500 -5.6255E+0001
   54.750 -4.0000E+0001
   55.000 -4.0000E+0001
   55.250 -4.0000E+0001
   55.500 -4.0000E+0001
   55.750 -4.0000E+0001
   56.000 -4.0000E+0001
   56.250 -4.6389E+0001
   56.500 -5.1082E+0001
   56.750 -5.4562E+0001
   57.000 -5.7173E+0001
   57.250 -5.9157E+0001
   57.500 -6.0679E+0001
   57.750 -6.1859E+0001
   58.000 -6.2780E+0001
   58.250 -6.3503E+0001
   58.500 -6.4071E+0001
   58.750 -6.4519E+0001
   59.000 -6.4871E+0001
   59.250 -6.5146E+0001
   59.500 -6.5358E+0001
   59.750 -6.5520E+0001
   60.000 -6.5639E+0001
   60.250 -6.5724E+0001
   60.500 -6.5780E+0001
   60.750 -6.5812E+0001
   61.000 -6.5823E+0001
   61.250 -6.5817E+0001
   61.500 -6.5796E+0001
   61.750 -6.5761E+0001
   62.000 -6.5717E+0001
   62.250 -6.5662E+0001
   62.500 -6.5600E+0001
   62.750 -6.5530E+0001
   63.000 -6.5455E+0001
   63.250 -6.5374E+0001
   63.500 -6.5290E+0001
   63.750 -6.5201E+0001
   64.000 -6.5109E+0001
   64.250 -6.5015E+0001
   64.500 -6.4918E+0001
   64.750 -6.4820E+0001
   65.000 -6.4720E+0001
   65.250 -6.4619E+0001
   65.500 -6.4517E+0001
   65.750 -6.4415E+0001
   66.000 -6.4312E+0001
   66.250 -6.4210E+0001
   66.500 -6.4107E+0001
   66.750 -6.4004E+0001
   67.000 -6.3902E+0001
   67.250 -6.3800E+0001
   67.500 -6.3699E+0001
   67.750 -6.3599E+0001
   68.000 -6.3499E+0001
   68.250 -6.3401E+0001
   68.500 -6.3303E+0001
   68.750 -6.3206E+0001
   69.000 -6.3110E+0001
   69.250 -6.3016E+0001
   69.500 -6.2922E+0001
   69.750 -6.2829E+0001
   70.000 -6.2738E+0001
   70.250 -6.2648E+0001
   70.500 -6.2559E+0001
   70.750 -6.2471E+0001
   71.000 -6.2384E+0001
   71.250 -6.2299E+0001
   71.500 -6.2214E+0001
   71.750 -6.2131E+0001
   72.000 -6.2049E+0001
   72.250 -6.1968E+0001
   72.500 -6.1888E+0001
   72.750 -6.1810E+0001
   73.000 -6.1732E+0001
   73.250 -6.1656E+0001
   73.500 -6.1581E+0001
   73.750 -6.1506E+0001
   74.000 -6.1433E+0001
   74.250 -6.1361E+0001
   74.500 -6.1289E+0001
   74.750 -6.1219E+0001
   75.000 -6.1150E+0001
   75.250 -6.1081E+0001
   75.500 -6.1014E+0001
   75.750 -6.0947E+0001
   76.000 -6.0882E+0001
   76.250 -6.0817E+0001
   76.500 -6.0753E+0001
   76.750 -6.0690E+0001
   77.000 -6.0627E+0001
   77.250 -6.0566E+0001
   77.500 -6.0505E+0001
   77.750 -6.0445E+0001
   78.000 -6.0386E+0001
   78.250 -6.0327E+0001
   78.500 -6.0269E+0001
   78.750 -6.0212E+0001
   79.000 -6.0155E+0001
   79.250 -6.0099E+0001
   79.500 -6.0044E+0001
   79.750 -5.9989E+0001
   80.000 -5.9935E+0001
   80.250 -5.9882E+0001
   80.500 -5.9829E+0001
   80.750 -5.9777E+0001
   81.000 -5.9725E+0001
   81.250 -5.9674E+0001
   81.500 -5.9623E+0001
   81.750 -5.9573E+0001
   82.000 -5.9524E+0001
   82.250 -5.9474E+0001
   82.500 -5.9426E+0001
   82.750 -5.9378E+0001
   83.000 -5.9330E+0001
   83.250 -5.9283E+0001
   83.500 -5.9236E+0001
   83.750 -5.9190E+0001
   84.000 -5.9144E+0001
   84.250 -5.9098E+0001
   84.500 -5.9053E+0001
   84.750 -5.9009E+0001
   85.000 -5.8965E+0001
   85.250 -5.8921E+0001
   85.500 -5.8877E+0001
   85.750 -5.8834E+0001
   86.000 -5.8792E+0001
   86.250 -5.8749E+0001
   86.500 -5.8707E+0001
   86.750 -5.8666E+0001
   87.000 -5.8624E+0001
   87.250 -5.8583E+0001
   87.500 -5.8543E+0001
   87.750 -5.8503E+0001
   88.000 -5.8463E+0001
   88.250 -5.8423E+0001
   88.500 -5.8384E+0001
   88.750 -5.8345E+0001
   89.000 -5.8306E+0001
   89.250 -5.8268E+0001
   89.500 -5.8230E+0001
   89.750 -5.8192E+0001
   90.000 -5.8155E+0001
   90.250 -5.8118E+0001
   90.500 -5.8081E+0001
   90.750 -5.8044E+0001
   91.000 -5.8008E+0001
   91.250 -5.7972E+0001
   91.500 -5.7936E+0001
   91.750 -5.7900E+0001
   92.000 -5.7865E+0001
   92.250 -5.7830E+0001
   92.500 -5.7795E+0001
   92.750 -5.7761E+0001
   93.000 -5.7727E+0001
   93.250 -5.7693E+0001
   93.500 -5.7659E+0001
   93.750 -5.7626E+0001
   94.000 -5.7592E+0001
   94.250 -5.7559E+0001
   94.500 -5.7527E+0001
   94.750 -5.7494E+0001
   95.000 -5.7462E+0001
   95.250 -5.7430E+0001
   95.500 -5.7398E+0001
   95.750 -5.7366E+0001
   96.000 -5.7335E+0001
   96.250 -5.7304E+0001
   96.500 -5.7273E+0001
   96.750 -5.7242E+0001
   97.000 -5.7211E+0001
   97.250 -5.7181E+0001
   97.500 -5.7151E+0001
   97.750 -5.7121E+0001
   98.000 -5.7091E+0001
   98.250 -5.7062E+0001
   98.500 -5.7032E+0001
   98.750 -5.7003E+0001
   99.000 -5.6974E+0001
   99.250 -5.6946E+0001
   99.500 -5.6917E+0001
   99.750 -5.6889E+0001
  100.000 -5.6861E+0001
  100.250 -5.6833E+0001
  100.500 -5.6805E+0001
  100.750 -5.6778E+0001
  101.000 -5.6750E+0001
  101.250 -5.6723E+0001
  101.500 -5.6696E+0001
  101.750 -5.6669E+0001
  102.000 -5.6643E+0001
  102.250 -5.6616E+0001
  102.500 -5.6590E+0001
  102.750 -5.6564E+0001
  103.000 -5.6538E+0001
  103.250 -4.0000E+0001
  103.500 -4.0000E+0001
  103.750 -4.0000E+0001
  104.000 -4.0000E+0001
  104.250 -4.0000E+0001
  104.500 -4.0000E+0001
  104.750 -4.4097E+0001
  105.000 -4.9430E+0001
  105.250 -5.3361E+0001
  105.500 -5.6292E+0001
  105.750 -5.8503E+0001
  106.000 -6.0191E+0001
  106.250 -6.1493E+0001
  106.500 -6.2504E+0001
  106.750 -6.3295E+0001
  107.000 -6.3915E+0001
  107.250 -6.4403E+0001
  107.500 -6.4786E+0001
  107.750 -6.5085E+0001
  108.000 -6.5316E+0001
  108.250 -6.5493E+0001
  108.500 -6.5625E+0001
  108.750 -6.5720E+0001
  109.000 -6.5784E+0001
  109.250 -6.5823E+0001
  109.500 -6.5840E+0001
  109.750 -6.5838E+0001
  110.000 -6.5821E+0001
  110.250 -6.5791E+0001
  110.500 -6.5749E+0001
  110.750 -6.5698E+0001
  111.000 -6.5638E+0001
  111.250 -6.5572E+0001
  111.500 -6.5499E+0001
  111.750 -6.5421E+0001
  112.000 -6.5338E+0001
  112.250 -6.5252E+0001
  112.500 -6.5162E+0001
  112.750 -6.5070E+0001
  113.000 -6.4976E+0001
  113.250 -6.4880E+0001
  113.500 -6.4783E+0001
  113.750 -6.4684E+0001
  114.000 -6.4585E+0001
  114.250 -6.4486E+0001
  114.500 -6.4386E+0001
  114.750 -6.4286E+0001
  115.000 -6.4186E+0001
  115.250 -6.4086E+0001
  115.500 -6.3987E+0001
  115.750 -6.3888E+0001
  116.000 -6.3790E+0001
  116.250 -6.3693E+0001
  116.500 -6.3597E+0001
  116.750 -6.3501E+0001
  117.000 -6.3407E+0001
  117.250 -6.3313E+0001
  117.500 -6.3221E+0001
  117.750 -6.3129E+0001
  118.000 -6.3039E+0001
  118.250 -6.2950E+0001
  118.500 -6.2862E+0001
  118.750 -6.2776E+0001
  119.000 -6.2690E+0001
  119.250 -6.2606E+0001
  119.500 -6.2523E+0001
  119.750 -6.2441E+0001
  120.000 -6.2361E+0001
  120.250 -6.2281E+0001
  120.500 -6.2203E+0001
  120.750 -6.2126E+0001
  121.000 -6.2050E+0001
  121.250 -6.1975E+0001
  121.500 -6.1901E+0001
  121.750 -6.1828E+0001
  122.000 -6.1757E+0001
  122.250 -6.1686E+0001
  122.500 -6.1617E+0001
  122.750 -6.1548E+0001
  123.000 -6.1480E+0001
  123.250 -6.1414E+0001
  123.500 -6.1348E+0001
  123.750 -6.1283E+0001
  124.000 -6.1220E+0001
  124.250 -6.1157E+0001
  124.500 -6.1094E+0001
  124.750 -6.1033E+0001
  125.000 -6.0973E+0001
  125.250 -6.0913E+0001
  125.500 -6.0854E+0001
  125.750 -6.0796E+0001
  126.000 -6.0739E+0001
  126.250 -6.0682E+0001
  126.500 -6.0626E+0001
  126.750 -6.0571E+0001
  127.000 -6.0516E+0001
  127.250 -6.0462E+0001
  127.500 -6.0409E+0001
  127.750 -6.0357E+0001
  128.000 -6.0305E+0001
  128.250 -6.0253E+0001
  128.500 -6.0202E+0001
  128.750 -6.0152E+0001
  129.000 -6.0102E+0001
  129.250 -6.0053E+0001
  129.500 -6.0004E+0001
  129.750 -5.9956E+0001
  130.000 -5.9908E+0001
  130.250 -5.9861E+0001
  130.500 -5.9814E+0001
  130.750 -5.9768E+0001
  131.000 -5.9722E+0001
  131.250 -5.9677E+0001
  131.500 -5.9632E+0001
  131.750 -5.9588E+0001
  132.000 -5.9544E+0001
  132.250 -5.9500E+0001
  132.500 -5.9457E+0001
  132.750 -5.9414E+0001
  133.000 -5.9372E+0001
  133.250 -5.9330E+0001
  133.500 -5.9288E+0001
  133.750 -5.9247E+0001
  134.000 -5.9206E+0001
  134.250 -5.9165E+0001
  134.500 -5.9125E+0001
  134.750 -5.9085E+0001
  135.000 -5.9045E+0001
  135.250 -5.9006E+0001
  135.500 -5.8967E+0001
  135.750 -5.8928E+0001
  136.000 -5.8890E+0001
  136.250 -5.8852E+0001
  136.500 -5.8814E+0001
  136.750 -5.8777E+0001
  137.000 -5.8740E+0001
  137.250 -5.8703E+0001
  137.500 -5.8666E+0001
  137.750 -5.8630E+0001
  138.000 -5.8594E+0001
  138.250 -5.8558E+0001
  138.500 -5.8523E+0001
  138.750 -5.8487E+0001
  139.000 -5.8452E+0001
  139.250 -5.8418E+0001
  139.500 -5.8383E+0001
  139.750 -5.8349E+0001
  140.000 -5.8315E+0001
  140.250 -5.8281E+0001
  140.500 -5.8248E+0001
  140.750 -5.8215E+0001
  141.000 -5.8182E+0001
  141.250 -5.8149E+0001
  141.500 -5.8116E+0001
  141.750 -5.8084E+0001
  142.000 -5.8052E+0001
  142.250 -5.8020E+0001
  142.500 -5.7988E+0001
  142.750 -5.7957E+0001
  143.000 -5.7926E+0001
  143.250 -5.7895E+0001
  143.500 -5.7864E+0001
  143.750 -5.7833E+0001
  144.000 -5.7803E+0001
  144.250 -5.7773E+0001
  144.500 -5.7743E+0001
  144.750 -5.7713E+0001
  145.000 -5.7683E+0001
  145.250 -5.7654E+0001
  145.500 -5.7625E+0001
  145.750 -5.7596E+0001
  146.000 -5.7567E+0001
  146.250 -5.7538E+0001
  146.500 -5.7510E+0001
  146.750 -5.7481E+0001
  147.000 -5.7453E+0001
  147.250 -5.7425E+0001
  147.500 -5.7398E+0001
  147.750 -5.7370E+0001
  148.000 -5.7343E+0001
  148.250 -5.7316E+0001
  148.500 -5.7289E+0001
  148.750 -5.7262E+0001
  149.000 -5.7235E+0001
  149.250 -5.7209E+0001
  149.500 -5.7182E+0001
  149.750 -5.7156E+0001
  150.000 -5.7130E+0001
  150.250 -5.7104E+0001
  150.500 -5.7079E+0001
  150.750 -5.7053E+0001
  151.000 -5.7028E+0001
  151.250 -5.7003E+0001
  151.500 -5.6977E+0001
  151.750 -5.6953E+0001
  152.000 -5.6928E+0001
  152.250 -5.6903E+0001
  152.500 -5.6879E+0001
  152.750 -5.6855E+0001
  153.000 -5.6831E+0001
  153.250 -5.6807E+0001
  153.500 -5.6783E+0001
  153.750 -5.6759E+0001
  154.000 -5.6736E+0001
  154.250 -5.6712E+0001
  154.500 -5.6689E+0001
  154.750 -5.6666E+0001
  155.000 -5.6643E+0001
  155.250 -5.6620E+0001
  155.500 -4.0000E+0001
  155.750 -4.0000E+0001
  156.000 -4.0000E+0001
  156.250 -4.0000E+0001
  156.500 -4.0000E+0001
  156.750 -4.1455E+0001
  157.000 -4.7504E+0001
  157.250 -5.1942E+0001
  157.500 -5.5231E+0001
  157.750 -5.7698E+0001
  158.000 -5.9572E+0001
  158.250 -6.1009E+0001
  158.500 -6.2121E+0001
  158.750 -6.2987E+0001
  159.000 -6.3665E+0001
  159.250 -6.4196E+0001
  159.500 -6.4613E+0001
  159.750 -6.4939E+0001
  160.000 -6.5191E+0001
  160.250 -6.5384E+0001
  160.500 -6.5530E+0001
  160.750 -6.5635E+0001
  161.000 -6.5708E+0001
  161.250 -6.5753E+0001
  161.500 -6.5775E+0001
  161.750 -6.5778E+0001
  162.000 -6.5764E+0001
  162.250 -6.5737E+0001
  162.500 -6.5698E+0001
  162.750 -6.5648E+0001
  163.000 -6.5590E+0001
  163.250 -6.5525E+0001
  163.500 -6.5453E+0001
  163.750 -6.5376E+0001
  164.000 -6.5295E+0001
  164.250 -6.5210E+0001
  164.500 -6.5121E+0001
  164.750 -6.5030E+0001
  165.000 -6.4937E+0001
  165.250 -6.4842E+0001
  165.500 -6.4745E+0001
  165.750 -6.4648E+0001
  166.000 -6.4549E+0001
  166.250 -6.4451E+0001
  166.500 -6.4352E+0001
  166.750 -6.4253E+0001
  167.000 -6.4155E+0001
  167.250 -6.4056E+0001
  167.500 -6.3959E+0001
  167.750 -6.3861E+0001
  168.000 -6.3765E+0001
  168.250 -6.3670E+0001
  168.500 -6.3575E+0001
  168.750 -6.3481E+0001
  169.000 -6.3389E+0001
  169.250 -6.3297E+0001
  169.500 -6.3207E+0001
  169.750 -6.3118E+0001
  170.000 -6.3030E+0001
  170.250 -6.2943E+0001
  170.500 -6.2857E+0001
  170.750 -6.2773E+0001
  171.000 -6.2690E+0001
  171.250 -6.2608E+0001
  171.500 -6.2528E+0001
  171.750 -6.2449E+0001
  172.000 -6.2371E+0001
  172.250 -6.2294E+0001
  172.500 -6.2218E+0001
  172.750 -6.2144E+0001
  173.000 -6.2070E+0001
  173.250 -6.1998E+0001
  173.500 -6.1927E+0001
  173.750 -6.1858E+0001
  174.000 -6.1789E+0001
  174.250 -6.1721E+0001
  174.500 -6.1655E+0001
  174.750 -6.1589E+0001
  175.000 -6.1524E+0001
  175.250 -6.1461E+0001
  175.500 -6.1398E+0001
  175.750 -6.1336E+0001
  176.000 -6.1275E+0001
  176.250 -6.1215E+0001
  176.500 -6.1156E+0001
  176.750 -6.1098E+0001
  177.000 -6.1040E+0001
  177.250 -6.0984E+0001
  177.500 -6.0928E+0001
  177.750 -6.0873E+0001
  178.000 -6.0818E+0001
  178.250 -6.0765E+0001
  178.500 -6.0712E+0001
  178.750 -6.0660E+0001
  179.000 -6.0608E+0001
  179.250 -6.0557E+0001
  179.500 -6.0507E+0001
  179.750 -6.0457E+0001
  180.000 -6.0408E+0001
  180.250 -6.0359E+0001
  180.500 -6.0311E+0001
  180.750 -6.0264E+0001
  181.000 -6.0217E+0001
  181.250 -6.0170E+0001
  181.500 -6.0124E+0001
  181.750 -6.0079E+0001
  182.000 -6.0034E+0001
  182.250 -5.9990E+0001
  182.500 -5.9946E+0001
  182.750 -5.9902E+0001
  183.000 -5.9859E+0001
  183.250 -5.9816E+0001
  183.500 -5.9774E+0001
  183.750 -5.9732E+0001
  184.000 -5.9691E+0001
  184.250 -5.9650E+0001
  184.500 -5.9609E+0001
  184.750 -5.9569E+0001
  185.000 -5.9529E+0001
  185.250 -5.9490E+0001
  185.500 -5.9450E+0001
  185.750 -5.9412E+0001
  186.000 -5.9373E+0001
  186.250 -5.9335E+0001
  186.500 -5.9297E+0001
  186.750 -5.9260E+0001
  187.000 -5.9222E+0001
  187.250 -5.9185E+0001
  187.500 -5.9149E+0001
  187.750 -5.9112E+0001
  188.000 -5.9076E+0001
  188.250 -5.9041E+0001
  188.500 -5.9005E+0001
  188.750 -5.8970E+0001
  189.000 -5.8935E+0001
  189.250 -5.8900E+0001
  189.500 -5.8866E+0001
  189.750 -5.8832E+0001
  190.000 -5.8798E+0001
  190.250 -5.8764E+0001
  190.500 -5.8731E+0001
  190.750 -5.8698E+0001
  191.000 -5.8665E+0001
  191.250 -5.8632E+0001
  191.500 -5.8600E+0001
  191.750 -5.8568E+0001
  192.000 -5.8536E+0001
  192.250 -5.8504E+0001
  192.500 -5.8473E+0001
  192.750 -5.8441E+0001
  193.000 -5.8410E+0001
  193.250 -5.8379E+0001
  193.500 -5.8349E+0001
  193.750 -5.8318E+0001
  194.000 -5.8288E+0001
  194.250 -5.8258E+0001
  194.500 -5.8228E+0001
  194.750 -5.8198E+0001
  195.000 -5.8169E+0001
  195.250 -5.8139E+0001
  195.500 -5.8110E+0001
  195.750 -5.8082E+0001
  196.000 -5.8053E+0001
  196.250 -5.8024E+0001
  196.500 -5.7996E+0001
  196.750 -5.7968E+0001
  197.000 -5.7940E+0001
  197.250 -5.7912E+0001
  197.500 -5.7884E+0001
  197.750 -5.7857E+0001
  198.000 -5.7830E+0001
  198.250 -5.7803E+0001
  198.500 -5.7776E+0001
  198.750 -5.7749E+0001
  199.000 -5.7722E+0001
  199.250 -5.7696E+0001
  199.500 -5.7670E+0001
  199.750 -5.7644E+0001
  200.000 -5.7618E+0001
  200.250 -5.7592E+0001
  200.500 -5.7566E+0001
  200.750 -5.7541E+0001
  201.000 -5.7515E+0001
  201.250 -5.7490E+0001
  201.500 -5.7465E+0001
  201.750 -5.7440E+0001
  202.000 -5.7416E+0001
  202.250 -5.7391E+0001
  202.500 -5.7367E+0001
  202.750 -5.7343E+0001
  203.000 -5.7318E+0001
  203.250 -5.7294E+0001
  203.500 -5.7271E+0001
  203.750 -5.7247E+0001
  204.000 -5.7223E+0001
  204.250 -5.7200E+0001
  204.500 -5.7177E+0001
  204.750 -5.7154E+0001
  205.000 -5.7131E+0001
  205.250 -5.7108E+0001
  205.500 -5.7085E+0001
  205.750 -5.7063E+0001
  206.000 -5.7040E+0001
  206.250 -5.7018E+0001
  206.500 -5.6996E+0001
  206.750 -5.6974E+0001
  207.000 -5.6952E+0001
  207.250 -5.6930E+0001
  207.500 -5.6909E+0001
  207.750 -5.6887E+0001
  208.000 -5.6866E+0001
  208.250 -5.6844E+0001
  208.500 -5.6823E+0001
  208.750 -5.6802E+0001
  209.000 -5.6781E+0001
  209.250 -5.6761E+0001
  209.500 -5.6740E+0001
  209.750 -5.6720E+0001
  210.000 -5.6699E+0001
  210.250 -4.0000E+0001
  210.500 -4.0000E+0001
  210.750 -4.0000E+0001
  211.000 -4.0000E+0001
  211.250 -4.0000E+0001
  211.500 -4.1457E+0001
  211.750 -4.7512E+0001
  212.000 -5.1950E+0001
  212.250 -5.5237E+0001
  212.500 -5.7701E+0001
  212.750 -5.9570E+0001
  213.000 -6.1002E+0001
  213.250 -6.2109E+0001
  213.500 -6.2970E+0001
  213.750 -6.3643E+0001
  214.000 -6.4170E+0001
  214.250 -6.4583E+0001
  214.500 -6.4904E+0001
  214.750 -6.5153E+0001
  215.000 -6.5343E+0001
  215.250 -6.5484E+0001
  215.500 -6.5587E+0001
  215.750 -6.5656E+0001
  216.000 -6.5699E+0001
  216.250 -6.5719E+0001
  216.500 -6.5719E+0001
  216.750 -6.5704E+0001
  217.000 -6.5674E+0001
  217.250 -6.5633E+0001
  217.500 -6.5583E+0001
  217.750 -6.5523E+0001
  218.000 -6.5457E+0001
  218.250 -6.5384E+0001
  218.500 -6.5307E+0001
  218.750 -6.5225E+0001
  219.000 -6.5139E+0001
  219.250 -6.5050E+0001
  219.500 -6.4959E+0001
  219.750 -6.4865E+0001
  220.000 -6.4770E+0001
  220.250 -6.4674E+0001
  220.500 -6.4577E+0001
  220.750 -6.4480E+0001
  221.000 -6.4382E+0001
  221.250 -6.4284E+0001
  221.500 -6.4186E+0001
  221.750 -6.4089E+0001
  222.000 -6.3992E+0001
  222.250 -6.3895E+0001
  222.500 -6.3800E+0001
  222.750 -6.3705E+0001
  223.000 -6.3611E+0001
  223.250 -6.3518E+0001
  223.500 -6.3426E+0001
  223.750 -6.3335E+0001
  224.000 -6.3246E+0001
  224.250 -6.3158E+0001
  224.500 -6.3071E+0001
  224.750 -6.2985E+0001
  225.000 -6.2900E+0001
  225.250 -6.2817E+0001
  225.500 -6.2735E+0001
  225.750 -6.2655E+0001
  226.000 -6.2575E+0001
  226.250 -6.2497E+0001
  226.500 -6.2421E+0001
  226.750 -6.2345E+0001
  227.000 -6.2271E+0001
  227.250 -6.2198E+0001
  227.500 -6.2126E+0001
  227.750 -6.2056E+0001
  228.000 -6.1986E+0001
  228.250 -6.1918E+0001
  228.500 -6.1851E+0001
  228.750 -6.1785E+0001
  229.000 -6.1720E+0001
  229.250 -6.1656E+0001
  229.500 -6.1593E+0001
  229.750 -6.1532E+0001
  230.000 -6.1471E+0001
  230.250 -6.1411E+0001
  230.500 -6.1352E+0001
  230.750 -6.1294E+0001
  231.000 -6.1236E+0001
  231.250 -6.1180E+0001
  231.500 -6.1125E+0001
  231.750 -6.1070E+0001
  232.000 -6.1016E+0001
  232.250 -6.0963E+0001
  232.500 -6.0910E+0001
  232.750 -6.0859E+0001
  233.000 -6.0808E+0001
  233.250 -6.0757E+0001
  233.500 -6.0708E+0001
  233.750 -6.0659E+0001
  234.000 -6.0611E+0001
  234.250 -6.0563E+0001
  234.500 -6.0516E+0001
  234.750 -6.0469E+0001
  235.000 -6.0423E+0001
  235.250 -6.0378E+0001
  235.500 -6.0333E+0001
  235.750 -6.0288E+0001
  236.000 -6.0244E+0001
  236.250 -6.0201E+0001
  236.500 -6.0158E+0001
  236.750 -6.0116E+0001
  237.000 -6.0074E+0001
  237.250 -6.0032E+0001
  237.500 -5.9991E+0001
  237.750 -5.9950E+0001
  238.000 -5.9910E+0001
  238.250 -5.9870E+0001
  238.500 -5.9831E+0001
  238.750 -5.9792E+0001
  239.000 -5.9753E+0001
  239.250 -5.9715E+0001
  239.500 -5.9676E+0001
  239.750 -5.9639E+0001
  240.000 -5.9602E+0001
  240.250 -5.9565E+0001
  240.500 -5.9528E+0001
  240.750 -5.9491E+0001
  241.000 -5.9455E+0001
  241.250 -5.9420E+0001
  241.500 -5.9384E+0001
  241.750 -5.9349E+0001
  242.000 -5.9314E+0001
  242.250 -5.9280E+0001
  242.500 -5.9245E+0001
  242.750 -5.9211E+0001
  243.000 -5.9178E+0001
  243.250 -5.9144E+0001
  243.500 -5.9111E+0001
  243.750 -5.9078E+0001
  244.000 -5.9045E+0001
  244.250 -5.9013E+0001
  244.500 -5.8981E+0001
  244.750 -5.8949E+0001
  245.000 -5.8917E+0001
  245.250 -5.8885E+0001
  245.500 -5.8854E+0001
  245.750 -5.8823E+0001
  246.000 -5.8792E+0001
  246.250 -5.8761E+0001
  246.500 -5.8731E+0001
  246.750 -5.8701E+0001
  247.000 -5.8671E+0001
  247.250 -5.8641E+0001
  247.500 -5.8611E+0001
  247.750 -5.8582E+0001
  248.000 -5.8553E+0001
  248.250 -5.8524E+0001
  248.500 -5.8495E+0001
  248.750 -5.8466E+0001
  249.000 -5.8438E+0001
  249.250 -5.8409E+0001
  249.500 -5.8381E+0001
  249.750 -5.8353E+0001
  250.000 -5.8326E+0001
  250.250 -5.8298E+0001
  250.500 -5.8271E+0001
  250.750 -5.8243E+0001
  251.000 -5.8216E+0001
  251.250 -5.8190E+0001
  251.500 -5.8163E+0001
  251.750 -5.8136E+0001
  252.000 -5.8110E+0001
  252.250 -5.8084E+0001
  252.500 -5.8058E+0001
  252.750 -5.8032E+0001
  253.000 -5.8006E+0001
  253.250 -5.7980E+0001
  253.500 -5.7955E+0001
  253.750 -5.7930E+0001
  254.000 -5.7905E+0001
  254.250 -5.7880E+0001
  254.500 -5.7855E+0001
  254.750 -5.7830E+0001
  255.000 -5.7806E+0001
  255.250 -5.7781E+0001
  255.500 -5.7757E+0001
  255.750 -5.7733E+0001
  256.000 -5.7709E+0001
  256.250 -5.7685E+0001
  256.500 -5.7662E+0001
  256.750 -5.7638E+0001
  257.000 -5.7615E+0001
  257.250 -5.7592E+0001
  257.500 -5.7569E+0001
  257.750 -5.7546E+0001
  258.000 -5.7523E+0001
  258.250 -5.7500E+0001
  258.500 -5.7477E+0001
  258.750 -5.7455E+0001
  259.000 -5.7433E+0001
  259.250 -5.7411E+0001
  259.500 -5.7388E+0001
  259.750 -5.7367E+0001
  260.000 -5.7345E+0001
  260.250 -5.7323E+0001
  260.500 -5.7302E+0001
  260.750 -5.7280E+0001
  261.000 -5.7259E+0001
  261.250 -5.7238E+0001
  261.500 -5.7217E+0001
  261.750 -5.7196E+0001
  262.000 -5.7175E+0001
  262.250 -5.7154E+0001
  262.500 -5.7134E+0001
  262.750 -5.7113E+0001
  263.000 -5.7093E+0001
  263.250 -5.7073E+0001
  263.500 -5.7052E+0001
  263.750 -5.7032E+0001
  264.000 -5.7013E+0001
  264.250 -5.6993E+0001
  264.500 -5.6973E+0001
  264.750 -5.6954E+0001
  265.000 -5.6934E+0001
  265.250 -5.6915E+0001
  265.500 -5.6896E+0001
  265.750 -5.6876E+0001
  266.000 -5.6857E+0001
  266.250 -5.6839E+0001
  266.500 -5.6820E+0001
  266.750 -5.6801E+0001
  267.000 -5.6782E+0001
  267.250 -4.0000E+0001
  267.500 -4.0000E+0001
  267.750 -4.0000E+0001
  268.000 -4.0000E+0001
  268.250 -4.0000E+0001
  268.500 -4.0000E+0001
  268.750 -4.2828E+0001
  269.000 -4.8518E+0001
  269.250 -5.2694E+0001
  269.500 -5.5791E+0001
  269.750 -5.8117E+0001
  270.000 -5.9883E+0001
  270.250 -6.1238E+0001
  270.500 -6.2286E+0001
  270.750 -6.3101E+0001
  271.000 -6.3738E+0001
  271.250 -6.4236E+0001
  271.500 -6.4625E+0001
  271.750 -6.4927E+0001
  272.000 -6.5160E+0001
  272.250 -6.5336E+0001
  272.500 -6.5467E+0001
  272.750 -6.5560E+0001
  273.000 -6.5621E+0001
  273.250 -6.5656E+0001
  273.500 -6.5670E+0001
  273.750 -6.5665E+0001
  274.000 -6.5645E+0001
  274.250 -6.5612E+0001
  274.500 -6.5568E+0001
  274.750 -6.5514E+0001
  275.000 -6.5452E+0001
  275.250 -6.5383E+0001
  275.500 -6.5309E+0001
  275.750 -6.5229E+0001
  276.000 -6.5146E+0001
  276.250 -6.5059E+0001
  276.500 -6.4970E+0001
  276.750 -6.4878E+0001
  277.000 -6.4784E+0001
  277.250 -6.4689E+0001
  277.500 -6.4593E+0001
  277.750 -6.4497E+0001
  278.000 -6.4399E+0001
  278.250 -6.4302E+0001
  278.500 -6.4205E+0001
  278.750 -6.4108E+0001
  279.000 -6.4012E+0001
  279.250 -6.3916E+0001
  279.500 -6.3821E+0001
  279.750 -6.3726E+0001
  280.000 -6.3633E+0001
  280.250 -6.3541E+0001
  280.500 -6.3450E+0001
  280.750 -6.3360E+0001
  281.000 -6.3271E+0001
  281.250 -6.3183E+0001
  281.500 -6.3097E+0001
  281.750 -6.3012E+0001
  282.000 -6.2928E+0001
  282.250 -6.2846E+0001
  282.500 -6.2765E+0001
  282.750 -6.2685E+0001
  283.000 -6.2607E+0001
  283.250 -6.2530E+0001
  283.500 -6.2454E+0001
  283.750 -6.2380E+0001
  284.000 -6.2307E+0001
  284.250 -6.2235E+0001
  284.500 -6.2165E+0001
  284.750 -6.2095E+0001
  285.000 -6.2027E+0001
  285.250 -6.1960E+0001
  285.500 -6.1895E+0001
  285.750 -6.1830E+0001
  286.000 -6.1766E+0001
  286.250 -6.1704E+0001
  286.500 -6.1643E+0001
  286.750 -6.1582E+0001
  287.000 -6.1523E+0001
  287.250 -6.1464E+0001
  287.500 -6.1407E+0001
  287.750 -6.1350E+0001
  288.000 -6.1295E+0001
  288.250 -6.1240E+0001
  288.500 -6.1186E+0001
  288.750 -6.1133E+0001
  289.000 -6.1081E+0001
  289.250 -6.1029E+0001
  289.500 -6.0979E+0001
  289.750 -6.0929E+0001
  290.000 -6.0879E+0001
  290.250 -6.0831E+0001
  290.500 -6.0783E+0001
  290.750 -6.0735E+0001
  291.000 -6.0689E+0001
  291.250 -6.0643E+0001
  291.500 -6.0597E+0001
  291.750 -6.0552E+0001
  292.000 -6.0508E+0001
  292.250 -6.0464E+0001
  292.500 -6.0421E+0001
  292.750 -6.0378E+0001
  293.000 -6.0336E+0001
  293.250 -6.0294E+0001
  293.500 -6.0253E+0001
  293.750 -6.0212E+0001
  294.000 -6.0172E+0001
  294.250 -6.0132E+0001
  294.500 -6.0093E+0001
  294.750 -6.0053E+0001
  295.000 -6.0015E+0001
  295.250 -5.9977E+0001
  295.500 -5.9939E+0001
  295.750 -5.9901E+0001
  296.000 -5.9864E+0001
  296.250 -5.9827E+0001
  296.500 -5.9791E+0001
  296.750 -5.9755E+0001
  297.000 -5.9719E+0001
  297.250 -5.9683E+0001
  297.500 -5.9648E+0001
  297.750 -5.9613E+0001
  298.000 -5.9579E+0001
  298.250 -5.9545E+0001
  298.500 -5.9511E+0001
  298.750 -5.9477E+0001
  299.000 -5.9444E+0001
  299.250 -5.9411E+0001
  299.500 -5.9378E+0001
  299.750 -5.9345E+0001
  300.000 -5.9313E+0001
  300.250 -5.9281E+0001
  300.500 -5.9249E+0001
  300.750 -5.9218E+0001
  301.000 -5.9186E+0001
  301.250 -5.9155E+0001
  301.500 -5.9124E+0001
  301.750 -5.9094E+0001
  302.000 -5.9063E+0001
  302.250 -5.9033E+0001
  302.500 -5.9003E+0001
  302.750 -5.8973E+0001
  303.000 -5.8944E+0001
  303.250 -5.8914E+0001
  303.500 -5.8885E+0001
  303.750 -5.8856E+0001
  304.000 -5.8827E+0001
  304.250 -5.8799E+0001
  304.500 -5.8771E+0001
  304.750 -5.8742E+0001
  305.000 -5.8714E+0001
  305.250 -5.8687E+0001
  305.500 -5.8659E+0001
  305.750 -5.8631E+0001
  306.000 -5.8604E+0001
  306.250 -5.8577E+0001
  306.500 -5.8550E+0001
  306.750 -5.8523E+0001
  307.000 -5.8497E+0001
  307.250 -5.8470E+0001
  307.500 -5.8444E+0001
  307.750 -5.8418E+0001
  308.000 -5.8392E+0001
  308.250 -5.8366E+0001
  308.500 -5.8341E+0001
  308.750 -5.8315E+0001
  309.000 -5.8290E+0001
  309.250 -5.8265E+0001
  309.500 -5.8240E+0001
  309.750 -5.8215E+0001
  310.000 -5.8190E+0001
  310.250 -5.8166E+0001
  310.500 -5.8141E+0001
  310.750 -5.8117E+0001
  311.000 -5.8093E+0001
  311.250 -5.8069E+0001
  311.500 -5.8045E+0001
  311.750 -5.8021E+0001
  312.000 -5.7998E+0001
  312.250 -5.7974E+0001
  312.500 -5.7951E+0001
  312.750 -5.7928E+0001
  313.000 -5.7905E+0001
  313.250 -5.7882E+0001
  313.500 -5.7859E+0001
  313.750 -5.7837E+0001
  314.000 -5.7814E+0001
  314.250 -5.7792E+0001
  314.500 -5.7770E+0001
  314.750 -5.7747E+0001
  315.000 -5.7725E+0001
  315.250 -5.7704E+0001
  315.500 -5.7682E+0001
  315.750 -5.7660E+0001
  316.000 -5.7639E+0001
  316.250 -5.7617E+0001
  316.500 -5.7596E+0001
  316.750 -5.7575E+0001
  317.000 -5.7554E+0001
  317.250 -5.7533E+0001
  317.500 -5.7512E+0001
  317.750 -5.7492E+0001
  318.000 -5.7471E+0001
  318.250 -5.7451E+0001
  318.500 -5.7430E+0001
  318.750 -5.7410E+0001
  319.000 -5.7390E+0001
  319.250 -5.7370E+0001
  319.500 -5.7350E+0001
  319.750 -5.7330E+0001
  320.000 -5.7311E+0001
  320.250 -5.7291E+0001
  320.500 -5.7272E+0001
  320.750 -5.7252E+0001
  321.000 -5.7233E+0001
  321.250 -5.7214E+0001
  321.500 -5.7195E+0001
  321.750 -5.7176E+0001
  322.000 -5.7157E+0001
  322.250 -5.7139E+0001
  322.500 -5.7120E+0001
  322.750 -5.7101E+0001
  323.000 -5.7083E+0001
  323.250 -5.7065E+0001
  323.500 -5.7047E+0001
  323.750 -5.7028E+0001
  324.000 -5.7010E+0001
  324.250 -5.6993E+0001
  324.500 -5.6975E+0001
  324.750 -5.6957E+0001
  325.000 -5.6939E+0001
  325.250 -5.6922E+0001
  325.500 -5.6904E+0001
  325.750 -5.6887E+0001
  326.000 -5.6870E+0001
  326.250 -5.6853E+0001
  326.500 -5.6836E+0001
  326.750 -4.0000E+0001
  327.000 -4.0000E+0001
  327.250 -4.0000E+0001
  327.500 -4.0000E+0001
  327.750 -4.0000E+0001
  328.000 -4.0000E+0001
  328.250 -4.2830E+0001
  328.500 -4.8523E+0001
  328.750 -5.2697E+0001
  329.000 -5.5792E+0001
  329.250 -5.8115E+0001
  329.500 -5.9877E+0001
  329.750 -6.1229E+0001
  330.000 -6.2273E+0001
  330.250 -6.3085E+0001
  330.500 -6.3718E+0001
  330.750 -6.4213E+0001
  331.000 -6.4599E+0001
  331.250 -6.4898E+0001
  331.500 -6.5128E+0001
  331.750 -6.5302E+0001
  332.000 -6.5430E+0001
  332.250 -6.5521E+0001
  332.500 -6.5580E+0001
  332.750 -6.5614E+0001
  333.000 -6.5626E+0001
  333.250 -6.5619E+0001
  333.500 -6.5598E+0001
  333.750 -6.5563E+0001
  334.000 -6.5518E+0001
  334.250 -6.5463E+0001
  334.500 -6.5400E+0001
  334.750 -6.5331E+0001
  335.000 -6.5255E+0001
  335.250 -6.5176E+0001
  335.500 -6.5092E+0001
  335.750 -6.5005E+0001
  336.000 -6.4915E+0001
  336.250 -6.4823E+0001
  336.500 -6.4729E+0001
  336.750 -6.4635E+0001
  337.000 -6.4539E+0001
  337.250 -6.4442E+0001
  337.500 -6.4346E+0001
  337.750 -6.4249E+0001
  338.000 -6.4152E+0001
  338.250 -6.4056E+0001
  338.500 -6.3961E+0001
  338.750 -6.3866E+0001
  339.000 -6.3771E+0001
  339.250 -6.3678E+0001
  339.500 -6.3586E+0001
  339.750 -6.3495E+0001
  340.000 -6.3405E+0001
  340.250 -6.3316E+0001
  340.500 -6.3228E+0001
  340.750 -6.3142E+0001
  341.000 -6.3057E+0001
  341.250 -6.2974E+0001
  341.500 -6.2892E+0001
  341.750 -6.2811E+0001
  342.000 -6.2732E+0001
  342.250 -6.2654E+0001
  342.500 -6.2577E+0001
  342.750 -6.2502E+0001
  343.000 -6.2428E+0001
  343.250 -6.2355E+0001
  343.500 -6.2284E+0001
  343.750 -6.2214E+0001
  344.000 -6.2145E+0001
  344.250 -6.2078E+0001
  344.500 -6.2011E+0001
  344.750 -6.1946E+0001
  345.000 -6.1882E+0001
  345.250 -6.1820E+0001
  345.500 -6.1758E+0001
  345.750 -6.1697E+0001
  346.000 -6.1638E+0001
  346.250 -6.1579E+0001
  346.500 -6.1522E+0001
  346.750 -6.1465E+0001
  347.000 -6.1410E+0001
  347.250 -6.1355E+0001
  347.500 -6.1301E+0001
  347.750 -6.1248E+0001
  348.000 -6.1196E+0001
  348.250 -6.1145E+0001
  348.500 -6.1095E+0001
  348.750 -6.1045E+0001
  349.000 -6.0996E+0001
  349.250 -6.0948E+0001
  349.500 -6.0900E+0001
  349.750 -6.0854E+0001
  350.000 -6.0808E+0001
  350.250 -6.0762E+0001
  350.500 -6.0717E+0001
  350.750 -6.0673E+0001
  351.000 -6.0629E+0001
  351.250 -6.0586E+0001
  351.500 -6.0543E+0001
  351.750 -6.0501E+0001
  352.000 -6.0460E+0001
  352.250 -6.0419E+0001
  352.500 -6.0378E+0001
  352.750 -6.0338E+0001
  353.000 -6.0299E+0001
  353.250 -6.0260E+0001
  353.500 -6.0221E+0001
  353.750 -6.0183E+0001
  354.000 -6.0145E+0001
  354.250 -6.0107E+0001
  354.500 -6.0070E+0001
  354.750 -6.0034E+0001
  355.000 -5.9997E+0001
  355.250 -5.9961E+0001
  355.500 -5.9926E+0001
  355.750 -5.9890E+0001
  356.000 -5.9855E+0001
  356.250 -5.9821E+0001
  356.500 -5.9787E+0001
  356.750 -5.9753E+0001
  357.000 -5.9719E+0001
  357.250 -5.9686E+0001
  357.500 -5.9653E+0001
  357.750 -5.9620E+0001
  358.000 -5.9587E+0001
  358.250 -5.9555E+0001
  358.500 -5.9523E+0001
  358.750 -5.9491E+0001
  359.000 -5.9460E+0001
  359.250 -5.9429E+0001
  359.500 -5.9398E+0001
  359.750 -5.9367E+0001
  360.000 -5.9337E+0001
  360.250 -5.9306E+0001
  360.500 -5.9276E+0001
  360.750 -5.9246E+0001
  361.000 -5.9217E+0001
  361.250 -5.9188E+0001
  361.500 -5.9158E+0001
  361.750 -5.9129E+0001
  362.000 -5.9101E+0001
  362.250 -5.9072E+0001
  362.500 -5.9044E+0001
  362.750 -5.9016E+0001
  363.000 -5.8988E+0001
  363.250 -5.8960E+0001
  363.500 -5.8932E+0001
  363.750 -5.8905E+0001
  364.000 -5.8878E+0001
  364.250 -5.8851E+0001
  364.500 -5.8824E+0001
  364.750 -5.8797E+0001
  365.000 -5.8771E+0001
  365.250 -5.8744E+0001
  365.500 -5.8718E+0001
  365.750 -5.8692E+0001
  366.000 -5.8666E+0001
  366.250 -5.8641E+0001
  366.500 -5.8615E+0001
  366.750 -5.8590E+0001
  367.000 -5.8565E+0001
  367.250 -5.8539E+0001
  367.500 -5.8515E+0001
  367.750 -5.8490E+0001
  368.000 -5.8465E+0001
  368.250 -5.8441E+0001
  368.500 -5.8416E+0001
  368.750 -5.8392E+0001
  369.000 -5.8368E+0001
  369.250 -5.8344E+0001
  369.500 -5.8321E+0001
  369.750 -5.8297E+0001
  370.000 -5.8274E+0001
  370.250 -5.8250E+0001
  370.500 -5.8227E+0001
  370.750 -5.8204E+0001
  371.000 -5.8181E+0001
  371.250 -5.8158E+0001
  371.500 -5.8136E+0001
  371.750 -5.8113E+0001
  372.000 -5.8091E+0001
  372.250 -5.8068E+0001
  372.500 -5.8046E+0001
  372.750 -5.8024E+0001
  373.000 -5.8002E+0001
  373.250 -5.7980E+0001
  373.500 -5.7959E+0001
  373.750 -5.7937E+0001
  374.000 -5.7916E+0001
  374.250 -5.7894E+0001
  374.500 -5.7873E+0001
  374.750 -5.7852E+0001
  375.000 -5.7831E+0001
  375.250 -5.7810E+0001
  375.500 -5.7790E+0001
  375.750 -5.7769E+0001
  376.000 -5.7749E+0001
  376.250 -5.7728E+0001
  376.500 -5.7708E+0001
  376.750 -5.7688E+0001
  377.000 -5.7668E+0001
  377.250 -5.7648E+0001
  377.500 -5.7628E+0001
  377.750 -5.7608E+0001
  378.000 -5.7589E+0001
  378.250 -5.7569E+0001
  378.500 -5.7550E+0001
  378.750 -5.7530E+0001
  379.000 -5.7511E+0001
  379.250 -5.7492E+0001
  379.500 -5.7473E+0001
  379.750 -5.7454E+0001
  380.000 -5.7435E+0001
  380.250 -5.7417E+0001
  380.500 -5.7398E+0001
  380.750 -5.7380E+0001
  381.000 -5.7361E+0001
  381.250 -5.7343E+0001
  381.500 -5.7325E+0001
  381.750 -5.7307E+0001
  382.000 -5.7289E+0001
  382.250 -5.7271E+0001
  382.500 -5.7253E+0001
  382.750 -5.7235E+0001
  383.000 -5.7217E+0001
  383.250 -5.7200E+0001
  383.500 -5.7183E+0001
  383.750 -5.7165E+0001
  384.000 -5.7148E+0001
  384.250 -5.7131E+0001
  384.500 -5.7114E+0001
  384.750 -5.7097E+0001
  385.000 -5.7080E+0001
  385.250 -5.7063E+0001
  385.500 -5.7046E+0001
  385.750 -5.7030E+0001
  386.000 -5.7013E+0001
  386.250 -5.6997E+0001
  386.500 -5.6980E+0001
  386.750 -5.6964E+0001
  387.000 -5.6948E+0001
  387.250 -5.6932E+0001
  387.500 -5.6916E+0001
  387.750 -5.6900E+0001
  388.000 -5.6884E+0001
  388.250 -5.6868E+0001
  388.500 -4.0000E+0001
  388.750 -4.0000E+0001
  389.000 -4.0000E+0001
  389.250 -4.0000E+0001
  389.500 -4.0000E+0001
  389.750 -4.1461E+0001
  390.000 -4.7525E+0001
  390.250 -5.1963E+0001
  390.500 -5.5244E+0001
  390.750 -5.7699E+0001
  391.000 -5.9557E+0001
  391.250 -6.0978E+0001
  391.500 -6.2074E+0001
  391.750 -6.2924E+0001
  392.000 -6.3587E+0001
  392.250 -6.4104E+0001
  392.500 -6.4507E+0001
  392.750 -6.4820E+0001
  393.000 -6.5060E+0001
  393.250 -6.5242E+0001
  393.500 -6.5377E+0001
  393.750 -6.5472E+0001
  394.000 -6.5536E+0001
  394.250 -6.5573E+0001
  394.500 -6.5587E+0001
  394.750 -6.5583E+0001
  395.000 -6.5563E+0001
  395.250 -6.5530E+0001
  395.500 -6.5485E+0001
  395.750 -6.5431E+0001
  396.000 -6.5369E+0001
  396.250 -6.5300E+0001
  396.500 -6.5226E+0001
  396.750 -6.5146E+0001
  397.000 -6.5063E+0001
  397.250 -6.4976E+0001
  397.500 -6.4887E+0001
  397.750 -6.4795E+0001
  398.000 -6.4702E+0001
  398.250 -6.4607E+0001
  398.500 -6.4512E+0001
  398.750 -6.4416E+0001
  399.000 -6.4319E+0001
  399.250 -6.4223E+0001
  399.500 -6.4127E+0001
  399.750 -6.4031E+0001
  400.000 -6.3936E+0001
  400.250 -6.3842E+0001
  400.500 -6.3748E+0001
  400.750 -6.3655E+0001
  401.000 -6.3564E+0001
  401.250 -6.3473E+0001
  401.500 -6.3384E+0001
  401.750 -6.3296E+0001
  402.000 -6.3209E+0001
  402.250 -6.3124E+0001
  402.500 -6.3040E+0001
  402.750 -6.2957E+0001
  403.000 -6.2876E+0001
  403.250 -6.2796E+0001
  403.500 -6.2718E+0001
  403.750 -6.2641E+0001
  404.000 -6.2566E+0001
  404.250 -6.2491E+0001
  404.500 -6.2419E+0001
  404.750 -6.2347E+0001
  405.000 -6.2277E+0001
  405.250 -6.2208E+0001
  405.500 -6.2141E+0001
  405.750 -6.2074E+0001
  406.000 -6.2009E+0001
  406.250 -6.1946E+0001
  406.500 -6.1883E+0001
  406.750 -6.1821E+0001
  407.000 -6.1761E+0001
  407.250 -6.1702E+0001
  407.500 -6.1644E+0001
  407.750 -6.1586E+0001
  408.000 -6.1530E+0001
  408.250 -6.1475E+0001
  408.500 -6.1421E+0001
  408.750 -6.1368E+0001
  409.000 -6.1315E+0001
  409.250 -6.1264E+0001
  409.500 -6.1213E+0001
  409.750 -6.1163E+0001
  410.000 -6.1114E+0001
  410.250 -6.1066E+0001
  410.500 -6.1018E+0001
  410.750 -6.0971E+0001
  411.000 -6.0925E+0001
  411.250 -6.0880E+0001
  411.500 -6.0835E+0001
  411.750 -6.0791E+0001
  412.000 -6.0747E+0001
  412.250 -6.0704E+0001
  412.500 -6.0662E+0001
  412.750 -6.0620E+0001
  413.000 -6.0579E+0001
  413.250 -6.0538E+0001
  413.500 -6.0498E+0001
  413.750 -6.0458E+0001
  414.000 -6.0419E+0001
  414.250 -6.0380E+0001
  414.500 -6.0342E+0001
  414.750 -6.0304E+0001
  415.000 -6.0266E+0001
  415.250 -6.0229E+0001
  415.500 -6.0193E+0001
  415.750 -6.0156E+0001
  416.000 -6.0120E+0001
  416.250 -6.0085E+0001
  416.500 -6.0050E+0001
  416.750 -6.0015E+0001
  417.000 -5.9981E+0001
  417.250 -5.9947E+0001
  417.500 -5.9913E+0001
  417.750 -5.9879E+0001
  418.000 -5.9846E+0001
  418.250 -5.9814E+0001
  418.500 -5.9781E+0001
  418.750 -5.9749E+0001
  419.000 -5.9717E+0001
  419.250 -5.9685E+0001
  419.500 -5.9654E+0001
  419.750 -5.9623E+0001
  420.000 -5.9592E+0001
  420.250 -5.9561E+0001
  420.500 -5.9531E+0001
  420.750 -5.9501E+0001
  421.000 -5.9471E+0001
  421.250 -5.9441E+0001
  421.500 -5.9412E+0001
  421.750 -5.9382E+0001
  422.000 -5.9353E+0001
  422.250 -5.9325E+0001
  422.500 -5.9296E+0001
  422.750 -5.9268E+0001
  423.000 -5.9239E+0001
  423.250 -5.9211E+0001
  423.500 -5.9184E+0001
  423.750 -5.9156E+0001
  424.000 -5.9129E+0001
  424.250 -5.9102E+0001
  424.500 -5.9075E+0001
  424.750 -5.9048E+0001
  425.000 -5.9021E+0001
  425.250 -5.8995E+0001
  425.500 -5.8968E+0001
  425.750 -5.8942E+0001
  426.000 -5.8916E+0001
  426.250 -5.8890E+0001
  426.500 -5.8865E+0001
  426.750 -5.8839E+0001
  427.000 -5.8814E+0001
  427.250 -5.8789E+0001
  427.500 -5.8764E+0001
  427.750 -5.8739E+0001
  428.000 -5.8714E+0001
  428.250 -5.8690E+0001
  428.500 -5.8665E+0001
  428.750 -5.8641E+0001
  429.000 -5.8617E+0001
  429.250 -5.8593E+0001
  429.500 -5.8569E+0001
  429.750 -5.8546E+0001
  430.000 -5.8522E+0001
  430.250 -5.8499E+0001
  430.500 -5.8475E+0001
  430.750 -5.8452E+0001
  431.000 -5.8429E+0001
  431.250 -5.8406E+0001
  431.500 -5.8384E+0001
  431.750 -5.8361E+0001
  432.000 -5.8339E+0001
  432.250 -5.8316E+0001
  432.500 -5.8294E+0001
  432.750 -5.8272E+0001
  433.000 -5.8250E+0001
  433.250 -5.8228E+0001
  433.500 -5.8207E+0001
  433.750 -5.8185E+0001
  434.000 -5.8163E+0001
  434.250 -5.8142E+0001
  434.500 -5.8121E+0001
  434.750 -5.8100E+0001
  435.000 -5.8079E+0001
  435.250 -5.8058E+0001
  435.500 -5.8037E+0001
  435.750 -5.8016E+0001
  436.000 -5.7996E+0001
  436.250 -5.7975E+0001
  436.500 -5.7955E+0001
  436.750 -5.7935E+0001
  437.000 -5.7915E+0001
  437.250 -5.7895E+0001
  437.500 -5.7875E+0001
  437.750 -5.7855E+0001
  438.000 -5.7835E+0001
  438.250 -5.7816E+0001
  438.500 -5.7796E+0001
  438.750 -5.7777E+0001
  439.000 -5.7758E+0001
  439.250 -5.7739E+0001
  439.500 -5.7720E+0001
  439.750 -5.7701E+0001
  440.000 -5.7682E+0001
  440.250 -5.7663E+0001
  440.500 -5.7644E+0001
  440.750 -5.7626E+0001
  441.000 -5.7607E+0001
  441.250 -5.7589E+0001
  441.500 -5.7571E+0001
  441.750 -5.7552E+0001
  442.000 -5.7534E+0001
  442.250 -5.7516E+0001
  442.500 -5.7498E+0001
  442.750 -5.7481E+0001
  443.000 -5.7463E+0001
  443.250 -5.7445E+0001
  443.500 -5.7428E+0001
  443.750 -5.7410E+0001
  444.000 -5.7393E+0001
  444.250 -5.7376E+0001
  444.500 -5.7359E+0001
  444.750 -5.7342E+0001
  445.000 -5.7325E+0001
  445.250 -5.7308E+0001
  445.500 -5.7291E+0001
  445.750 -5.7274E+0001
  446.000 -5.7257E+0001
  446.250 -5.7241E+0001
  446.500 -5.7224E+0001
  446.750 -5.7208E+0001
  447.000 -5.7192E+0001
  447.250 -5.7176E+0001
  447.500 -5.7159E+0001
  447.750 -5.7143E+0001
  448.000 -5.7127E+0001
  448.250 -5.7111E+0001
  448.500 -5.7096E+0001
  448.750 -5.7080E+0001
  449.000 -5.7064E+0001
  449.250 -5.7049E+0001
  449.500 -5.7033E+0001
  449.750 -5.7018E+0001
  450.000 -5.7002E+0001
  450.250 -5.6987E+0001
  450.500 -5.6972E+0001
  450.750 -5.6957E+0001
  451.000 -5.6942E+0001
  451.250 -5.6927E+0001
  451.500 -5.6912E+0001
  451.750 -4.0000E+0001
  452.000 -4.0000E+0001
  452.250 -4.0000E+0001
  452.500 -4.0000E+0001
  452.750 -4.0000E+0001
  453.000 -4.0000E+0001
  453.250 -4.6463E+0001
  453.500 -5.1183E+0001
  453.750 -5.4664E+0001
  454.000 -5.7260E+0001
  454.250 -5.9221E+0001
  454.500 -6.0716E+0001
  454.750 -6.1867E+0001
  455.000 -6.2759E+0001
  455.250 -6.3453E+0001
  455.500 -6.3994E+0001
  455.750 -6.4416E+0001
  456.000 -6.4743E+0001
  456.250 -6.4995E+0001
  456.500 -6.5186E+0001
  456.750 -6.5328E+0001
  457.000 -6.5429E+0001
  457.250 -6.5497E+0001
  457.500 -6.5538E+0001
  457.750 -6.5555E+0001
  458.000 -6.5553E+0001
  458.250 -6.5535E+0001
  458.500 -6.5504E+0001
  458.750 -6.5461E+0001
  459.000 -6.5408E+0001
  459.250 -6.5346E+0001
  459.500 -6.5278E+0001
  459.750 -6.5204E+0001
  460.000 -6.5125E+0001
  460.250 -6.5042E+0001
  460.500 -6.4956E+0001
  460.750 -6.4867E+0001
  461.000 -6.4775E+0001
  461.250 -6.4682E+0001
  461.500 -6.4588E+0001
  461.750 -6.4493E+0001
  462.000 -6.4397E+0001
  462.250 -6.4301E+0001
  462.500 -6.4205E+0001
  462.750 -6.4109E+0001
  463.000 -6.4014E+0001
  463.250 -6.3919E+0001
  463.500 -6.3825E+0001
  463.750 -6.3732E+0001
  464.000 -6.3640E+0001
  464.250 -6.3549E+0001
  464.500 -6.3459E+0001
  464.750 -6.3370E+0001
  465.000 -6.3283E+0001
  465.250 -6.3197E+0001
  465.500 -6.3112E+0001
  465.750 -6.3029E+0001
  466.000 -6.2947E+0001
  466.250 -6.2866E+0001
  466.500 -6.2787E+0001
  466.750 -6.2710E+0001
  467.000 -6.2634E+0001
  467.250 -6.2559E+0001
  467.500 -6.2485E+0001
  467.750 -6.2414E+0001
  468.000 -6.2343E+0001
  468.250 -6.2274E+0001
  468.500 -6.2206E+0001
  468.750 -6.2139E+0001
  469.000 -6.2074E+0001
  469.250 -6.2010E+0001
  469.500 -6.1947E+0001
  469.750 -6.1885E+0001
  470.000 -6.1825E+0001
  470.250 -6.1766E+0001
  470.500 -6.1707E+0001
  470.750 -6.1650E+0001
  471.000 -6.1594E+0001
  471.250 -6.1539E+0001
  471.500 -6.1485E+0001
  471.750 -6.1431E+0001
  472.000 -6.1379E+0001
  472.250 -6.1328E+0001
  472.500 -6.1277E+0001
  472.750 -6.1228E+0001
  473.000 -6.1179E+0001
  473.250 -6.1131E+0001
  473.500 -6.1084E+0001
  473.750 -6.1037E+0001
  474.000 -6.0991E+0001
  474.250 -6.0946E+0001
  474.500 -6.0902E+0001
  474.750 -6.0858E+0001
  475.000 -6.0815E+0001
  475.250 -6.0772E+0001
  475.500 -6.0730E+0001
  475.750 -6.0689E+0001
  476.000 -6.0648E+0001
  476.250 -6.0608E+0001
  476.500 -6.0568E+0001
  476.750 -6.0529E+0001
  477.000 -6.0490E+0001
  477.250 -6.0452E+0001
  477.500 -6.0414E+0001
  477.750 -6.0377E+0001
  478.000 -6.0340E+0001
  478.250 -6.0304E+0001
  478.500 -6.0268E+0001
  478.750 -6.0232E+0001
  479.000 -6.0197E+0001
  479.250 -6.0162E+0001
  479.500 -6.0127E+0001
  479.750 -6.0093E+0001
  480.000 -6.0059E+0001
  480.250 -6.0026E+0001
  480.500 -5.9993E+0001
  480.750 -5.9960E+0001
  481.000 -5.9928E+0001
  481.250 -5.9895E+0001
  481.500 -5.9863E+0001
  481.750 -5.9832E+0001
  482.000 -5.9800E+0001
  482.250 -5.9769E+0001
  482.500 -5.9739E+0001
  482.750 -5.9708E+0001
  483.000 -5.9678E+0001
  483.250 -5.9648E+0001
  483.500 -5.9618E+0001
  483.750 -5.9588E+0001
  484.000 -5.9559E+0001
  484.250 -5.9530E+0001
  484.500 -5.9501E+0001
  484.750 -5.9473E+0001
  485.000 -5.9444E+0001
  485.250 -5.9416E+0001
  485.500 -5.9388E+0001
  485.750 -5.9360E+0001
  486.000 -5.9333E+0001
  486.250 -5.9305E+0001
  486.500 -5.9278E+0001
  486.750 -5.9251E+0001
  487.000 -5.9224E+0001
  487.250 -5.9198E+0001
  487.500 -5.9171E+0001
  487.750 -5.9145E+0001
  488.000 -5.9119E+0001
  488.250 -5.9093E+0001
  488.500 -5.9067E+0001
  488.750 -5.9042E+0001
  489.000 -5.9016E+0001
  489.250 -5.8991E+0001
  489.500 -5.8966E+0001
  489.750 -5.8941E+0001
  490.000 -5.8916E+0001
  490.250 -5.8892E+0001
  490.500 -5.8867E+0001
  490.750 -5.8843E+0001
  491.000 -5.8819E+0001
  491.250 -5.8795E+0001
  491.500 -5.8771E+0001
  491.750 -5.8747E+0001
  492.000 -5.8724E+0001
  492.250 -5.8700E+0001
  492.500 -5.8677E+0001
  492.750 -5.8654E+0001
  493.000 -5.8631E+0001
  493.250 -5.8608E+0001
  493.500 -5.8585E+0001
  493.750 -5.8562E+0001
  494.000 -5.8540E+0001
  494.250 -5.8517E+0001
  494.500 -5.8495E+0001
  494.750 -5.8473E+0001
  495.000 -5.8451E+0001
  495.250 -5.8429E+0001
  495.500 -5.8407E+0001
  495.750 -5.8386E+0001
  496.000 -5.8364E+0001
  496.250 -5.8343E+0001
  496.500 -5.8322E+0001
  496.750 -5.8300E+0001
  497.000 -5.8279E+0001
  497.250 -5.8258E+0001
  497.500 -5.8238E+0001
  497.750 -5.8217E+0001
  498.000 -5.8196E+0001
  498.250 -5.8176E+0001
  498.500 -5.8156E+0001
  498.750 -5.8135E+0001
  499.000 -5.8115E+0001
  499.250 -5.8095E+0001
  499.500 -5.8075E+0001
  499.750 -5.8055E+0001
  500.000 -5.8036E+0001
  500.250 -5.8680E+0001
  500.500 -5.9291E+0001
  500.750 -5.9869E+0001
  501.000 -6.0418E+0001
  501.250 -6.0937E+0001
  501.500 -6.1430E+0001
  501.750 -6.1896E+0001
  502.000 -6.2338E+0001
  502.250 -6.2756E+0001
  502.500 -6.3152E+0001
  502.750 -6.3527E+0001
  503.000 -6.3882E+0001
  503.250 -6.4218E+0001
  503.500 -6.4536E+0001
  503.750 -6.4837E+0001
  504.000 -6.5122E+0001
  504.250 -6.5392E+0001
  504.500 -6.5647E+0001
  504.750 -6.5889E+0001
  505.000 -6.6117E+0001
  505.250 -6.6333E+0001
  505.500 -6.6537E+0001
  505.750 -6.6730E+0001
  506.000 -6.6913E+0001
  506.250 -6.7085E+0001
  506.500 -6.7248E+0001
  506.750 -6.7403E+0001
  507.000 -6.7548E+0001
  507.250 -6.7685E+0001
  507.500 -6.7815E+0001
  507.750 -6.7938E+0001
  508.000 -6.8053E+0001
  508.250 -6.8162E+0001
  508.500 -6.8265E+0001
  508.750 -6.8362E+0001
  509.000 -6.8453E+0001
  509.250 -6.8539E+0001
  509.500 -6.8620E+0001
  509.750 -6.8697E+0001
  510.000 -6.8768E+0001
  510.250 -6.8836E+0001
  510.500 -6.8899E+0001
  510.750 -6.8958E+0001
  511.000 -6.9014E+0001
  511.250 -6.9066E+0001
  511.500 -6.9115E+0001
  511.750 -6.9161E+0001
  512.000 -6.9204E+0001
  512.250 -6.9244E+0001
  512.500 -6.9281E+0001
  512.750 -6.9316E+0001
  513.000 -6.9348E+0001
  513.250 -6.9378E+0001
  513.500 -6.9406E+0001
  513.750 -6.9432E+0001
  514.000 -6.9456E+0001
  514.250 -6.9478E+0001
  514.500 -6.9498E+0001
  514.750 -6.9517E+0001
  515.000 -6.9534E+0001
  515.250 -6.9549E+0001
  515.500 -6.9563E+0001
  515.750 -6.9576E+0001
  516.000 -6.9587E+0001
  516.250 -6.9597E+0001
  516.500 -6.9606E+0001
  516.750 -6.9614E+0001
  517.000 -6.9621E+0001
  517.250 -6.9627E+0001
  517.500 -6.9632E+0001
  517.750 -6.9636E+0001
  518.000 -6.9639E+0001
  518.250 -6.9642E+0001
  518.500 -6.9643E+0001
  518.750 -6.9644E+0001
  519.000 -6.9645E+0001
  519.250 -6.9644E+0001
  519.500 -6.9643E+0001
  519.750 -6.9642E+0001
  520.000 -6.9640E+0001
  520.250 -6.9637E+0001
  520.500 -6.9634E+0001
  520.750 -6.9631E+0001
  521.000 -6.9627E+0001
  521.250 -6.9622E+0001
  521.500 -6.9618E+0001
  521.750 -6.9613E+0001
  522.000 -6.9607E+0001
  522.250 -6.9602E+0001
  522.500 -6.9595E+0001
  522.750 -6.9589E+0001
  523.000 -6.9583E+0001
  523.250 -6.9576E+0001
  523.500 -6.9569E+0001
  523.750 -6.9562E+0001
  524.000 -6.9554E+0001
  524.250 -6.9546E+0001
  524.500 -6.9539E+0001
  524.750 -6.9531E+0001
  525.000 -6.9522E+0001
  525.250 -6.9514E+0001
  525.500 -6.9506E+0001
  525.750 -6.9497E+0001
  526.000 -6.9489E+0001
  526.250 -6.9480E+0001
  526.500 -6.9471E+0001
  526.750 -6.9462E+0001
  527.000 -6.9453E+0001
  527.250 -6.9444E+0001
  527.500 -6.9435E+0001
  527.750 -6.9425E+0001
  528.000 -6.9416E+0001
  528.250 -6.9407E+0001
  528.500 -6.9397E+0001
  528.750 -6.9388E+0001
  529.000 -6.9379E+0001
  529.250 -6.9369E+0001
  529.500 -6.9360E+0001
  529.750 -6.9350E+0001
  530.000 -6.9341E+0001
  530.250 -6.9331E+0001
  530.500 -6.9322E+0001
  530.750 -6.9312E+0001
  531.000 -6.9303E+0001
  531.250 -6.9293E+0001
  531.500 -6.9284E+0001
  531.750 -6.9274E+0001
  532.000 -6.9265E+0001
  532.250 -6.9255E+0001
  532.500 -6.9246E+0001
  532.750 -6.9236E+0001
  533.000 -6.9227E+0001
  533.250 -6.9218E+0001
  533.500 -6.9208E+0001
  533.750 -6.9199E+0001
  534.000 -6.9190E+0001
  534.250 -6.9180E+0001
  534.500 -6.9171E+0001
  534.750 -6.9162E+0001
  535.000 -6.9153E+0001
  535.250 -6.9144E+0001
  535.500 -6.9135E+0001
  535.750 -6.9126E+0001
  536.000 -6.9117E+0001
  536.250 -6.9108E+0001
  536.500 -6.9099E+0001
  536.750 -6.9090E+0001
  537.000 -6.9081E+0001
  537.250 -6.9072E+0001
  537.500 -6.9064E+0001
  537.750 -6.9055E+0001
  538.000 -6.9046E+0001
  538.250 -6.9038E+0001
  538.500 -6.9029E+0001
  538.750 -6.9021E+0001
  539.000 -6.9012E+0001
  539.250 -6.9004E+0001
  539.500 -6.8995E+0001
  539.750 -6.8987E+0001
  540.000 -6.8979E+0001
  540.250 -6.8971E+0001
  540.500 -6.8963E+0001
  540.750 -6.8954E+0001
  541.000 -6.8946E+0001
  541.250 -6.8938E+0001
  541.500 -6.8930E+0001
  541.750 -6.8923E+0001
  542.000 -6.8915E+0001
  542.250 -6.8907E+0001
  542.500 -6.8899E+0001
  542.750 -6.8892E+0001
  543.000 -6.8884E+0001
  543.250 -6.8876E+0001
  543.500 -6.8869E+0001
  543.750 -6.8861E+0001
  544.000 -6.8854E+0001
  544.250 -6.8846E+0001
  544.500 -6.8839E+0001
  544.750 -6.8832E+0001
  545.000 -6.8825E+0001
  545.250 -6.8817E+0001
  545.500 -6.8810E+0001
  545.750 -6.8803E+0001
  546.000 -6.8796E+0001
  546.250 -6.8789E+0001
  546.500 -6.8782E+0001
  546.750 -6.8775E+0001
  547.000 -6.8769E+0001
  547.250 -6.8762E+0001
  547.500 -6.8755E+0001
  547.750 -6.8748E+0001
  548.000 -6.8742E+0001
  548.250 -6.8735E+0001
  548.500 -6.8729E+0001
  548.750 -6.8722E+0001
  549.000 -6.8716E+0001
  549.250 -6.8709E+0001
  549.500 -6.8703E+0001
  549.750 -6.8696E+0001
  550.000 -6.8690E+0001
  550.250 -6.8684E+0001
  550.500 -6.8678E+0001
  550.750 -6.8672E+0001
  551.000 -6.8666E+0001
  551.250 -6.8660E+0001
  551.500 -6.8653E+0001
  551.750 -6.8648E+0001
  552.000 -6.8642E+0001
  552.250 -6.8636E+0001
  552.500 -6.8630E+0001
  552.750 -6.8624E+0001
  553.000 -6.8618E+0001
  553.250 -6.8613E+0001
  553.500 -6.8607E+0001
  553.750 -6.8601E+0001
  554.000 -6.8596E+0001
  554.250 -6.8590E+0001
  554.500 -6.8585E+0001
  554.750 -6.8579E+0001
  555.000 -6.8574E+0001
  555.250 -6.8568E+0001
  555.500 -6.8563E+0001
  555.750 -6.8558E+0001
  556.000 -6.8552E+0001
  556.250 -6.8547E+0001
  556.500 -6.8542E+0001
  556.750 -6.8537E+0001
  557.000 -6.8532E+0001
  557.250 -6.8527E+0001
  557.500 -6.8521E+0001
  557.750 -6.8516E+0001
  558.000 -6.8511E+0001
  558.250 -6.8507E+0001
  558.500 -6.8502E+0001
  558.750 -6.8497E+0001
  559.000 -6.8492E+0001
  559.250 -6.8487E+0001
  559.500 -6.8482E+0001
  559.750 -6.8478E+0001
  560.000 -6.8473E+0001
  560.250 -6.8468E+0001
  560.500 -6.8464E+0001
  560.750 -6.8459E+0001
  561.000 -6.8454E+0001
  561.250 -6.8450E+0001
  561.500 -6.8445E+0001
  561.750 -6.8441E+0001
  562.000 -6.8436E+0001
  562.250 -6.8432E+0001
  562.500 -6.8427E+0001
  562.750 -6.8423E+0001
  563.000 -6.8419E+0001
  563.250 -6.8414E+0001
  563.500 -6.8410E+0001
  563.750 -6.8406E+0001
  564.000 -6.8402E+0001
  564.250 -6.8398E+0001
  564.500 -6.8393E+0001
  564.750 -6.8389E+0001
  565.000 -6.8385E+0001
  565.250 -6.8381E+0001
  565.500 -6.8377E+0001
  565.750 -6.8373E+0001
  566.000 -6.8369E+0001
  566.250 -6.8365E+0001
  566.500 -6.8361E+0001
  566.750 -6.8357E+0001
  567.000 -6.8353E+0001
  567.250 -6.8349E+0001
  567.500 -6.8346E+0001
  567.750 -6.8342E+0001
  568.000 -6.8338E+0001
  568.250 -6.8334E+0001
  568.500 -6.8331E+0001
  568.750 -6.8327E+0001
  569.000 -6.8323E+0001
  569.250 -6.8319E+0001
  569.500 -6.8316E+0001
  569.750 -6.8312E+0001
  570.000 -6.8309E+0001
  570.250 -6.8305E+0001
  570.500 -6.8302E+0001
  570.750 -6.8298E+0001
  571.000 -6.8295E+0001
  571.250 -6.8291E+0001
  571.500 -6.8288E+0001
  571.750 -6.8284E+0001
  572.000 -6.8281E+0001
  572.250 -6.8277E+0001
  572.500 -6.8274E+0001
  572.750 -6.8271E+0001
  573.000 -6.8267E+0001
  573.250 -6.8264E+0001
  573.500 -6.8261E+0001
  573.750 -6.8257E+0001
  574.000 -6.8254E+0001
  574.250 -6.8251E+0001
  574.500 -6.8248E+0001
  574.750 -6.8245E+0001
  575.000 -6.8241E+0001
  575.250 -6.8238E+0001
  575.500 -6.8235E+0001
  575.750 -6.8232E+0001
  576.000 -6.8229E+0001
  576.250 -6.8226E+0001
  576.500 -6.8223E+0001
  576.750 -6.8220E+0001
  577.000 -6.8217E+0001
  577.250 -6.8214E+0001
  577.500 -6.8211E+0001
  577.750 -6.8208E+0001
  578.000 -6.8205E+0001
  578.250 -6.8202E+0001
  578.500 -6.8199E+0001
  578.750 -6.8196E+0001
  579.000 -6.8193E+0001
  579.250 -6.8190E+0001
  579.500 -6.8188E+0001
  579.750 -6.8185E+0001
  580.000 -6.8182E+0001
  580.250 -6.8179E+0001
  580.500 -6.8176E+0001
  580.750 -6.8174E+0001
  581.000 -6.8171E+0001
  581.250 -6.8168E+0001
  581.500 -6.8165E+0001
  581.750 -6.8163E+0001
  582.000 -6.8160E+0001
  582.250 -6.8157E+0001
  582.500 -6.8155E+0001
  582.750 -6.8152E+0001
  583.000 -6.8149E+0001
  583.250 -6.8147E+0001
  583.500 -6.8144E+0001
  583.750 -6.8142E+0001
  584.000 -6.8139E+0001
  584.250 -6.8137E+0001
  584.500 -6.8134E+0001
  584.750 -6.8131E+0001
  585.000 -6.8129E+0001
  585.250 -6.8126E+0001
  585.500 -6.8124E+0001
  585.750 -6.8121E+0001
  586.000 -6.8119E+0001
  586.250 -6.8117E+0001
  586.500 -6.8114E+0001
  586.750 -6.8112E+0001
  587.000 -6.8109E+0001
  587.250 -6.8107E+0001
  587.500 -6.8105E+0001
  587.750 -6.8102E+0001
  588.000 -6.8100E+0001
  588.250 -6.8097E+0001
  588.500 -6.8095E+0001
  588.750 -6.8093E+0001
  589.000 -6.8090E+0001
  589.250 -6.8088E+0001
  589.500 -6.8086E+0001
  589.750 -6.8084E+0001
  590.000 -6.8081E+0001
  590.250 -6.8079E+0001
  590.500 -6.8077E+0001
  590.750 -6.8075E+0001
  591.000 -6.8072E+0001
  591.250 -6.8070E+0001
  591.500 -6.8068E+0001
  591.750 -6.8066E+0001
  592.000 -6.8064E+0001
  592.250 -6.8061E+0001
  592.500 -6.8059E+0001
  592.750 -6.8057E+0001
  593.000 -6.8055E+0001
  593.250 -6.8053E+0001
  593.500 -6.8051E+0001
  593.750 -6.8049E+0001
  594.000 -6.8047E+0001
  594.250 -6.8044E+0001
  594.500 -6.8042E+0001
  594.750 -6.8040E+0001
  595.000 -6.8038E+0001
  595.250 -6.8036E+0001
  595.500 -6.8034E+0001
  595.750 -6.8032E+0001
  596.000 -6.8030E+0001
  596.250 -6.8028E+0001
  596.500 -6.8026E+0001
  596.750 -6.8024E+0001
  597.000 -6.8022E+0001
  597.250 -6.8020E+0001
  597.500 -6.8018E+0001
  597.750 -6.8016E+0001
  598.000 -6.8014E+0001
  598.250 -6.8012E+0001
  598.500 -6.8010E+0001
  598.750 -6.8008E+0001
  599.000 -6.8006E+0001
  599.250 -6.8005E+0001
  599.500 -6.8003E+0001
  599.750 -6.8001E+0001
