    0.050   -65.632
    0.100   -65.564
    0.150   -65.497
    0.200   -65.430
    0.250   -65.363
    0.300   -65.296
    0.350   -65.230
    0.400   -65.163
    0.450   -65.097
    0.500   -65.032
    0.550   -64.966
    0.600   -64.901
    0.650   -64.836
    0.700   -64.771
    0.750   -64.706
    0.800   -64.642
    0.850   -64.577
    0.900   -64.514
    0.950   -64.450
    1.000   -64.386
    1.050   -64.323
    1.100   -64.260
    1.150   -64.197
    1.200   -64.134
    1.250   -64.072
    1.300   -64.010
    1.350   -63.948
    1.400   -63.886
    1.450   -63.824
    1.500   -63.763
    1.550   -63.702
    1.600   -63.641
    1.650   -63.580
    1.700   -63.520
    1.750   -63.460
    1.800   -63.400
    1.850   -63.340
    1.900   -63.280
    1.950   -63.221
    2.000   -63.161
    2.050   -63.102
    2.100   -63.044
    2.150   -62.985
    2.200   -62.927
    2.250   -62.868
    2.300   -62.810
    2.350   -62.753
    2.400   -62.695
    2.450   -62.638
    2.500   -62.580
    2.550   -62.523
    2.600   -62.467
    2.650   -62.410
    2.700   -62.354
    2.750   -62.297
    2.800   -62.241
    2.850   -62.186
    2.900   -62.130
    2.950   -62.075
    3.000   -62.019
    3.050   -61.964
    3.100   -61.910
    3.150   -61.855
    3.200   -61.800
    3.250   -61.746
    3.300   -61.692
    3.350   -61.638
    3.400   -61.585
    3.450   -61.531
    3.500   -61.478
    3.550   -61.425
    3.600   -61.372
    3.650   -61.319
    3.700   -61.266
    3.750   -61.214
    3.800   -61.162
    3.850   -61.110
    3.900   -61.058
    3.950   -61.006
    4.000   -60.954
    4.050   -60.903
    4.100   -60.852
    4.150   -60.801
    4.200   -60.750
    4.250   -60.700
    4.300   -60.649
    4.350   -60.599
    4.400   -60.549
    4.450   -60.499
    4.500   -60.449
    4.550   -60.399
    4.600   -60.350
    4.650   -60.301
    4.700   -60.252
    4.750   -60.203
    4.800   -60.154
    4.850   -60.105
    4.900   -60.057
    4.950   -60.008
    5.000   -59.960
    5.050   -59.912
    5.100   -59.864
    5.150   -59.817
    5.200   -59.769
    5.250   -59.722
    5.300   -59.675
    5.350   -59.627
    5.400   -59.580
    5.450   -59.534
    5.500   -59.487
    5.550   -59.441
    5.600   -59.394
    5.650   -59.348
    5.700   -59.302
    5.750   -59.256
    5.800   -59.210
    5.850   -59.164
    5.900   -59.119
    5.950   -59.073
    6.000   -59.028
    6.050   -58.983
    6.100   -58.938
    6.150   -58.893
    6.200   -58.848
    6.250   -58.803
    6.300   -58.759
    6.350   -58.714
    6.400   -58.670
    6.450   -58.626
    6.500   -58.582
    6.550   -58.537
    6.600   -58.493
    6.650   -58.450
    6.700   -58.406
    6.750   -58.362
    6.800   -58.318
    6.850   -58.275
    6.900   -58.231
    6.950   -58.188
    7.000   -58.145
    7.050   -58.101
    7.100   -58.058
    7.150   -58.015
    7.200   -57.972
    7.250   -57.929
    7.300   -57.886
    7.350   -57.843
    7.400   -57.800
    7.450   -57.757
    7.500   -57.714
    7.550   -57.671
    7.600   -57.628
    7.650   -57.585
    7.700   -57.542
    7.750   -57.499
    7.800   -57.457
    7.850   -57.414
    7.900   -57.370
    7.950   -57.327
    8.000   -57.284
    8.050   -57.241
    8.100   -57.198
    8.150   -57.154
    8.200   -57.111
    8.250   -57.067
    8.300   -57.023
    8.350   -56.979
    8.400   -56.935
    8.450   -56.891
    8.500   -56.846
    8.550   -56.802
    8.600   -56.757
    8.650   -56.712
    8.700   -56.666
    8.750   -56.621
    8.800   -56.575
    8.850   -56.528
    8.900   -56.481
    8.950   -56.434
    9.000   -56.387
    9.050   -56.339
    9.100   -56.290
    9.150   -56.241
    9.200   -56.192
    9.250   -56.141
    9.300   -56.090
    9.350   -56.039
    9.400   -55.986
    9.450   -55.933
    9.500   -55.879
    9.550   -55.823
    9.600   -55.767
    9.650   -55.709
    9.700   -55.651
    9.750   -55.591
    9.800   -55.529
    9.850   -55.465
    9.900   -55.400
    9.950   -55.333
   10.000   -55.263
   10.050   -55.191
   10.100   -55.117
   10.150   -55.039
   10.200   -54.957
   10.250   -54.872
   10.300   -54.782
   10.350   -54.688
   10.400   -54.587
   10.450   -54.480
   10.500   -54.365
   10.550   -54.240
   10.600   -54.104
   10.650   -53.955
   10.700   -53.789
   10.750   -53.601
   10.800   -53.386
   10.850   -53.134
   10.900   -52.832
   10.950   -52.455
   11.000   -51.962
   11.050   -51.268
   11.100   -50.185
   11.150   -48.238
   11.200   -44.741
   11.250   -40.011
   11.300   -34.623
   11.350   -29.039
   11.400   -23.585
   11.450   -18.453
   11.500   -13.743
   11.550    -9.498
   11.600    -5.721
   11.650    -2.397
   11.700     0.497
   11.750     2.988
   11.800     5.102
   11.850     6.862
   11.900     8.289
   11.950     9.398
   12.000    10.206
   12.050    10.724
   12.100    10.965
   12.150    10.939
   12.200    10.658
   12.250    10.133
   12.300     9.378
   12.350     8.407
   12.400     7.234
   12.450     5.876
   12.500     4.352
   12.550     2.680
   12.600     0.881
   12.650    -1.025
   12.700    -3.016
   12.750    -5.072
   12.800    -7.172
   12.850    -9.296
   12.900   -11.427
   12.950   -13.548
   13.000   -15.645
   13.050   -17.704
   13.100   -19.716
   13.150   -21.671
   13.200   -23.564
   13.250   -25.391
   13.300   -27.147
   13.350   -28.831
   13.400   -30.443
   13.450   -31.982
   13.500   -33.451
   13.550   -34.849
   13.600   -36.179
   13.650   -37.444
   13.700   -38.645
   13.750   -39.786
   13.800   -40.870
   13.850   -41.902
   13.900   -42.886
   13.950   -43.824
   14.000   -44.719
   14.050   -45.573
   14.100   -46.387
   14.150   -47.162
   14.200   -47.902
   14.250   -48.607
   14.300   -49.279
   14.350   -49.920
   14.400   -50.531
   14.450   -51.115
   14.500   -51.671
   14.550   -52.203
   14.600   -52.710
   14.650   -53.193
   14.700   -53.655
   14.750   -54.095
   14.800   -54.514
   14.850   -54.914
   14.900   -55.296
   14.950   -55.659
   15.000   -56.006
   15.050   -56.336
   15.100   -56.651
   15.150   -56.951
   15.200   -57.237
   15.250   -57.511
   15.300   -57.771
   15.350   -58.020
   15.400   -58.257
   15.450   -58.484
   15.500   -58.700
   15.550   -58.906
   15.600   -59.104
   15.650   -59.292
   15.700   -59.472
   15.750   -59.644
   15.800   -59.809
   15.850   -59.966
   15.900   -60.116
   15.950   -60.260
   16.000   -60.397
   16.050   -60.528
   16.100   -60.654
   16.150   -60.774
   16.200   -60.889
   16.250   -60.998
   16.300   -61.103
   16.350   -61.203
   16.400   -61.299
   16.450   -61.391
   16.500   -61.478
   16.550   -61.562
   16.600   -61.641
   16.650   -61.718
   16.700   -61.790
   16.750   -61.860
   16.800   -61.926
   16.850   -61.989
   16.900   -62.049
   16.950   -62.106
   17.000   -62.161
   17.050   -62.212
   17.100   -62.262
   17.150   -62.308
   17.200   -62.353
   17.250   -62.395
   17.300   -62.435
   17.350   -62.473
   17.400   -62.508
   17.450   -62.542
   17.500   -62.574
   17.550   -62.604
   17.600   -62.632
   17.650   -62.658
   17.700   -62.683
   17.750   -62.706
   17.800   -62.727
   17.850   -62.747
   17.900   -62.765
   17.950   -62.782
   18.000   -62.798
   18.050   -62.812
   18.100   -62.825
   18.150   -62.836
   18.200   -62.847
   18.250   -62.856
   18.300   -62.864
   18.350   -62.871
   18.400   -62.877
   18.450   -62.881
   18.500   -62.885
   18.550   -62.888
   18.600   -62.889
   18.650   -62.890
   18.700   -62.890
   18.750   -62.889
   18.800   -62.886
   18.850   -62.884
   18.900   -62.880
   18.950   -62.875
   19.000   -62.870
   19.050   -62.864
   19.100   -62.857
   19.150   -62.850
   19.200   -62.841
   19.250   -62.832
   19.300   -62.823
   19.350   -62.812
   19.400   -62.801
   19.450   -62.790
   19.500   -62.778
   19.550   -62.765
   19.600   -62.751
   19.650   -62.738
   19.700   -62.723
   19.750   -62.708
   19.800   -62.692
   19.850   -62.676
   19.900   -62.660
   19.950   -62.643
   20.000   -62.625
   20.050   -62.607
   20.100   -62.589
   20.150   -62.570
   20.200   -62.550
   20.250   -62.531
   20.300   -62.510
   20.350   -62.490
   20.400   -62.469
   20.450   -62.447
   20.500   -62.426
   20.550   -62.404
   20.600   -62.381
   20.650   -62.358
   20.700   -62.335
   20.750   -62.312
   20.800   -62.288
   20.850   -62.263
   20.900   -62.239
   20.950   -62.214
   21.000   -62.189
   21.050   -62.164
   21.100   -62.138
   21.150   -62.112
   21.200   -62.086
   21.250   -62.059
   21.300   -62.033
   21.350   -62.006
   21.400   -61.979
   21.450   -61.951
   21.500   -61.923
   21.550   -61.895
   21.600   -61.867
   21.650   -61.839
   21.700   -61.810
   21.750   -61.781
   21.800   -61.752
   21.850   -61.723
   21.900   -61.694
   21.950   -61.664
   22.000   -61.635
   22.050   -61.605
   22.100   -61.575
   22.150   -61.544
   22.200   -61.514
   22.250   -61.483
   22.300   -61.452
   22.350   -61.422
   22.400   -61.390
   22.450   -61.359
   22.500   -61.328
   22.550   -61.296
   22.600   -61.265
   22.650   -61.233
   22.700   -61.201
   22.750   -61.169
   22.800   -61.137
   22.850   -61.105
   22.900   -61.073
   22.950   -61.040
   23.000   -61.008
   23.050   -60.975
   23.100   -60.942
   23.150   -60.909
   23.200   -60.876
   23.250   -60.843
   23.300   -60.810
   23.350   -60.777
   23.400   -60.744
   23.450   -60.710
   23.500   -60.677
   23.550   -60.643
   23.600   -60.610
   23.650   -60.576
   23.700   -60.543
   23.750   -60.509
   23.800   -60.475
   23.850   -60.441
   23.900   -60.407
   23.950   -60.373
   24.000   -60.339
   24.050   -60.305
   24.100   -60.271
   24.150   -60.237
   24.200   -60.202
   24.250   -60.168
   24.300   -60.134
   24.350   -60.099
   24.400   -60.065
   24.450   -60.031
   24.500   -59.996
   24.550   -59.962
   24.600   -59.927
   24.650   -59.893
   24.700   -59.858
   24.750   -59.824
   24.800   -59.789
   24.850   -59.754
   24.900   -59.720
   24.950   -59.685
   25.000   -59.650
   25.050   -59.616
   25.100   -59.581
   25.150   -59.546
   25.200   -59.511
   25.250   -59.477
   25.300   -59.442
   25.350   -59.407
   25.400   -59.372
   25.450   -59.337
   25.500   -59.303
   25.550   -59.268
   25.600   -59.233
   25.650   -59.198
   25.700   -59.163
   25.750   -59.128
   25.800   -59.093
   25.850   -59.059
   25.900   -59.024
   25.950   -58.989
   26.000   -58.954
   26.050   -58.919
   26.100   -58.884
   26.150   -58.849
   26.200   -58.814
   26.250   -58.780
   26.300   -58.745
   26.350   -58.710
   26.400   -58.675
   26.450   -58.640
   26.500   -58.605
   26.550   -58.570
   26.600   -58.535
   26.650   -58.500
   26.700   -58.465
   26.750   -58.430
   26.800   -58.395
   26.850   -58.361
   26.900   -58.326
   26.950   -58.291
   27.000   -58.256
   27.050   -58.221
   27.100   -58.186
   27.150   -58.150
   27.200   -58.115
   27.250   -58.080
   27.300   -58.045
   27.350   -58.010
   27.400   -57.975
   27.450   -57.940
   27.500   -57.904
   27.550   -57.869
   27.600   -57.834
   27.650   -57.798
   27.700   -57.763
   27.750   -57.728
   27.800   -57.692
   27.850   -57.657
   27.900   -57.621
   27.950   -57.585
   28.000   -57.549
   28.050   -57.514
   28.100   -57.478
   28.150   -57.442
   28.200   -57.406
   28.250   -57.370
   28.300   -57.333
   28.350   -57.297
   28.400   -57.260
   28.450   -57.224
   28.500   -57.187
   28.550   -57.150
   28.600   -57.113
   28.650   -57.076
   28.700   -57.039
   28.750   -57.001
   28.800   -56.964
   28.850   -56.926
   28.900   -56.888
   28.950   -56.849
   29.000   -56.811
   29.050   -56.772
   29.100   -56.733
   29.150   -56.694
   29.200   -56.654
   29.250   -56.614
   29.300   -56.574
   29.350   -56.534
   29.400   -56.493
   29.450   -56.452
   29.500   -56.410
   29.550   -56.368
   29.600   -56.325
   29.650   -56.282
   29.700   -56.239
   29.750   -56.195
   29.800   -56.150
   29.850   -56.104
   29.900   -56.058
   29.950   -56.012
   30.000   -55.964
   30.050   -55.916
   30.100   -55.867
   30.150   -55.816
   30.200   -55.765
   30.250   -55.713
   30.300   -55.659
   30.350   -55.604
   30.400   -55.548
   30.450   -55.490
   30.500   -55.431
   30.550   -55.369
   30.600   -55.306
   30.650   -55.240
   30.700   -55.172
   30.750   -55.102
   30.800   -55.028
   30.850   -54.951
   30.900   -54.870
   30.950   -54.785
   31.000   -54.695
   31.050   -54.600
   31.100   -54.498
   31.150   -54.389
   31.200   -54.271
   31.250   -54.143
   31.300   -54.002
   31.350   -53.846
   31.400   -53.670
   31.450   -53.470
   31.500   -53.238
   31.550   -52.962
   31.600   -52.624
   31.650   -52.191
   31.700   -51.602
   31.750   -50.729
   31.800   -49.256
   31.850   -46.498
   31.900   -42.249
   31.950   -37.125
   32.000   -31.602
   32.050   -26.078
   32.100   -20.804
   32.150   -15.918
   32.200   -11.488
   32.250    -7.534
   32.300    -4.051
   32.350    -1.021
   32.400     1.580
   32.450     3.778
   32.500     5.597
   32.550     7.058
   32.600     8.183
   32.650     8.988
   32.700     9.490
   32.750     9.706
   32.800     9.649
   32.850     9.337
   32.900     8.783
   32.950     8.006
   33.000     7.020
   33.050     5.846
   33.100     4.500
   33.150     3.003
   33.200     1.373
   33.250    -0.368
   33.300    -2.201
   33.350    -4.106
   33.400    -6.065
   33.450    -8.058
   33.500   -10.068
   33.550   -12.080
   33.600   -14.080
   33.650   -16.056
   33.700   -17.996
   33.750   -19.892
   33.800   -21.737
   33.850   -23.526
   33.900   -25.254
   33.950   -26.919
   34.000   -28.520
   34.050   -30.055
   34.100   -31.525
   34.150   -32.931
   34.200   -34.273
   34.250   -35.553
   34.300   -36.773
   34.350   -37.935
   34.400   -39.041
   34.450   -40.094
   34.500   -41.098
   34.550   -42.056
   34.600   -42.971
   34.650   -43.847
   34.700   -44.684
   34.750   -45.485
   34.800   -46.250
   34.850   -46.982
   34.900   -47.681
   34.950   -48.348
   35.000   -48.987
   35.050   -49.596
   35.100   -50.179
   35.150   -50.737
   35.200   -51.270
   35.250   -51.780
   35.300   -52.268
   35.350   -52.734
   35.400   -53.180
   35.450   -53.606
   35.500   -54.014
   35.550   -54.403
   35.600   -54.775
   35.650   -55.130
   35.700   -55.470
   35.750   -55.794
   35.800   -56.104
   35.850   -56.400
   35.900   -56.683
   35.950   -56.954
   36.000   -57.213
   36.050   -57.460
   36.100   -57.697
   36.150   -57.923
   36.200   -58.140
   36.250   -58.347
   36.300   -58.546
   36.350   -58.736
   36.400   -58.918
   36.450   -59.092
   36.500   -59.258
   36.550   -59.418
   36.600   -59.571
   36.650   -59.718
   36.700   -59.858
   36.750   -59.993
   36.800   -60.122
   36.850   -60.246
   36.900   -60.364
   36.950   -60.477
   37.000   -60.586
   37.050   -60.690
   37.100   -60.790
   37.150   -60.886
   37.200   -60.977
   37.250   -61.065
   37.300   -61.149
   37.350   -61.229
   37.400   -61.306
   37.450   -61.380
   37.500   -61.450
   37.550   -61.517
   37.600   -61.582
   37.650   -61.643
   37.700   -61.702
   37.750   -61.758
   37.800   -61.811
   37.850   -61.862
   37.900   -61.911
   37.950   -61.957
   38.000   -62.001
   38.050   -62.043
   38.100   -62.083
   38.150   -62.121
   38.200   -62.156
   38.250   -62.190
   38.300   -62.222
   38.350   -62.253
   38.400   -62.281
   38.450   -62.308
   38.500   -62.334
   38.550   -62.357
   38.600   -62.379
   38.650   -62.400
   38.700   -62.420
   38.750   -62.437
   38.800   -62.454
   38.850   -62.469
   38.900   -62.483
   38.950   -62.496
   39.000   -62.508
   39.050   -62.518
   39.100   -62.527
   39.150   -62.535
   39.200   -62.542
   39.250   -62.548
   39.300   -62.553
   39.350   -62.557
   39.400   -62.561
   39.450   -62.563
   39.500   -62.564
   39.550   -62.564
   39.600   -62.564
   39.650   -62.562
   39.700   -62.560
   39.750   -62.557
   39.800   -62.553
   39.850   -62.549
   39.900   -62.543
   39.950   -62.537
   40.000   -62.531
   40.050   -62.523
   40.100   -62.515
   40.150   -62.506
   40.200   -62.497
   40.250   -62.487
   40.300   -62.476
   40.350   -62.465
   40.400   -62.453
   40.450   -62.441
   40.500   -62.428
   40.550   -62.414
   40.600   -62.400
   40.650   -62.386
   40.700   -62.371
   40.750   -62.355
   40.800   -62.339
   40.850   -62.323
   40.900   -62.306
   40.950   -62.289
   41.000   -62.271
   41.050   -62.253
   41.100   -62.234
   41.150   -62.215
   41.200   -62.195
   41.250   -62.175
   41.300   -62.155
   41.350   -62.135
   41.400   -62.114
   41.450   -62.092
   41.500   -62.071
   41.550   -62.049
   41.600   -62.026
   41.650   -62.003
   41.700   -61.980
   41.750   -61.957
   41.800   -61.933
   41.850   -61.910
   41.900   -61.885
   41.950   -61.861
   42.000   -61.836
   42.050   -61.811
   42.100   -61.786
   42.150   -61.760
   42.200   -61.734
   42.250   -61.708
   42.300   -61.682
   42.350   -61.655
   42.400   -61.629
   42.450   -61.602
   42.500   -61.574
   42.550   -61.547
   42.600   -61.519
   42.650   -61.491
   42.700   -61.463
   42.750   -61.435
   42.800   -61.407
   42.850   -61.378
   42.900   -61.349
   42.950   -61.320
   43.000   -61.291
   43.050   -61.262
   43.100   -61.232
   43.150   -61.203
   43.200   -61.173
   43.250   -61.143
   43.300   -61.113
   43.350   -61.082
   43.400   -61.052
   43.450   -61.022
   43.500   -60.991
   43.550   -60.960
   43.600   -60.929
   43.650   -60.898
   43.700   -60.867
   43.750   -60.836
   43.800   -60.804
   43.850   -60.773
   43.900   -60.741
   43.950   -60.710
   44.000   -60.678
   44.050   -60.646
   44.100   -60.614
   44.150   -60.582
   44.200   -60.550
   44.250   -60.517
   44.300   -60.485
   44.350   -60.453
   44.400   -60.420
   44.450   -60.388
   44.500   -60.355
   44.550   -60.322
   44.600   -60.289
   44.650   -60.257
   44.700   -60.224
   44.750   -60.191
   44.800   -60.158
   44.850   -60.125
   44.900   -60.091
   44.950   -60.058
   45.000   -60.025
   45.050   -59.992
   45.100   -59.958
   45.150   -59.925
   45.200   -59.892
   45.250   -59.858
   45.300   -59.825
   45.350   -59.791
   45.400   -59.757
   45.450   -59.724
   45.500   -59.690
   45.550   -59.656
   45.600   -59.623
   45.650   -59.589
   45.700   -59.555
   45.750   -59.521
   45.800   -59.488
   45.850   -59.454
   45.900   -59.420
   45.950   -59.386
   46.000   -59.352
   46.050   -59.318
   46.100   -59.284
   46.150   -59.250
   46.200   -59.216
   46.250   -59.182
   46.300   -59.148
   46.350   -59.114
   46.400   -59.080
   46.450   -59.046
   46.500   -59.012
   46.550   -58.978
   46.600   -58.944
   46.650   -58.909
   46.700   -58.875
   46.750   -58.841
   46.800   -58.807
   46.850   -58.773
   46.900   -58.739
   46.950   -58.704
   47.000   -58.670
   47.050   -58.636
   47.100   -58.602
   47.150   -58.567
   47.200   -58.533
   47.250   -58.499
   47.300   -58.465
   47.350   -58.430
   47.400   -58.396
   47.450   -58.362
   47.500   -58.327
   47.550   -58.293
   47.600   -58.258
   47.650   -58.224
   47.700   -58.189
   47.750   -58.155
   47.800   -58.120
   47.850   -58.086
   47.900   -58.051
   47.950   -58.017
   48.000   -57.982
   48.050   -57.947
   48.100   -57.913
   48.150   -57.878
   48.200   -57.843
   48.250   -57.808
   48.300   -57.773
   48.350   -57.738
   48.400   -57.703
   48.450   -57.668
   48.500   -57.633
   48.550   -57.598
   48.600   -57.563
   48.650   -57.527
   48.700   -57.492
   48.750   -57.456
   48.800   -57.421
   48.850   -57.385
   48.900   -57.349
   48.950   -57.313
   49.000   -57.277
   49.050   -57.241
   49.100   -57.205
   49.150   -57.169
   49.200   -57.132
   49.250   -57.095
   49.300   -57.059
   49.350   -57.022
   49.400   -56.984
   49.450   -56.947
   49.500   -56.909
   49.550   -56.872
   49.600   -56.834
   49.650   -56.795
   49.700   -56.757
   49.750   -56.718
   49.800   -56.679
   49.850   -56.640
   49.900   -56.600
   49.950   -56.560
   50.000   -56.520
   50.050   -56.479
   50.100   -56.438
   50.150   -56.397
   50.200   -56.355
   50.250   -56.312
   50.300   -56.270
   50.350   -56.226
   50.400   -56.182
   50.450   -56.138
   50.500   -56.092
   50.550   -56.046
   50.600   -56.000
   50.650   -55.952
   50.700   -55.904
   50.750   -55.855
   50.800   -55.805
   50.850   -55.753
   50.900   -55.701
   50.950   -55.648
   51.000   -55.593
   51.050   -55.536
   51.100   -55.478
   51.150   -55.419
   51.200   -55.357
   51.250   -55.294
   51.300   -55.228
   51.350   -55.160
   51.400   -55.089
   51.450   -55.015
   51.500   -54.938
   51.550   -54.857
   51.600   -54.771
   51.650   -54.681
   51.700   -54.584
   51.750   -54.482
   51.800   -54.372
   51.850   -54.252
   51.900   -54.123
   51.950   -53.980
   52.000   -53.821
   52.050   -53.643
   52.100   -53.439
   52.150   -53.202
   52.200   -52.918
   52.250   -52.569
   52.300   -52.119
   52.350   -51.501
   52.400   -50.570
   52.450   -48.966
   52.500   -45.977
   52.550   -41.571
   52.600   -36.364
   52.650   -30.822
   52.700   -25.323
   52.750   -20.098
   52.800   -15.274
   52.850   -10.911
   52.900    -7.025
   52.950    -3.608
   53.000    -0.640
   53.050     1.903
   53.100     4.047
   53.150     5.815
   53.200     7.229
   53.250     8.310
   53.300     9.076
   53.350     9.543
   53.400     9.726
   53.450     9.642
   53.500     9.305
   53.550     8.732
   53.600     7.938
   53.650     6.941
   53.700     5.759
   53.750     4.409
   53.800     2.912
   53.850     1.286
   53.900    -0.449
   53.950    -2.273
   54.000    -4.166
   54.050    -6.111
   54.100    -8.089
   54.150   -10.084
   54.200   -12.080
   54.250   -14.063
   54.300   -16.021
   54.350   -17.945
   54.400   -19.826
   54.450   -21.656
   54.500   -23.431
   54.550   -25.146
   54.600   -26.800
   54.650   -28.389
   54.700   -29.915
   54.750   -31.376
   54.800   -32.774
   54.850   -34.109
   54.900   -35.383
   54.950   -36.598
   55.000   -37.755
   55.050   -38.857
   55.100   -39.907
   55.150   -40.908
   55.200   -41.863
   55.250   -42.775
   55.300   -43.649
   55.350   -44.484
   55.400   -45.284
   55.450   -46.048
   55.500   -46.779
   55.550   -47.477
   55.600   -48.145
   55.650   -48.784
   55.700   -49.394
   55.750   -49.978
   55.800   -50.536
   55.850   -51.070
   55.900   -51.581
   55.950   -52.069
   56.000   -52.537
   56.050   -52.984
   56.100   -53.412
   56.150   -53.821
   56.200   -54.212
   56.250   -54.586
   56.300   -54.943
   56.350   -55.284
   56.400   -55.611
   56.450   -55.923
   56.500   -56.221
   56.550   -56.506
   56.600   -56.779
   56.650   -57.040
   56.700   -57.289
   56.750   -57.528
   56.800   -57.756
   56.850   -57.975
   56.900   -58.184
   56.950   -58.385
   57.000   -58.577
   57.050   -58.761
   57.100   -58.937
   57.150   -59.106
   57.200   -59.267
   57.250   -59.422
   57.300   -59.571
   57.350   -59.713
   57.400   -59.850
   57.450   -59.980
   57.500   -60.106
   57.550   -60.226
   57.600   -60.341
   57.650   -60.451
   57.700   -60.557
   57.750   -60.659
   57.800   -60.756
   57.850   -60.849
   57.900   -60.938
   57.950   -61.024
   58.000   -61.106
   58.050   -61.184
   58.100   -61.259
   58.150   -61.331
   58.200   -61.400
   58.250   -61.465
   58.300   -61.528
   58.350   -61.588
   58.400   -61.646
   58.450   -61.701
   58.500   -61.753
   58.550   -61.803
   58.600   -61.850
   58.650   -61.896
   58.700   -61.939
   58.750   -61.980
   58.800   -62.019
   58.850   -62.056
   58.900   -62.091
   58.950   -62.124
   59.000   -62.155
   59.050   -62.185
   59.100   -62.213
   59.150   -62.240
   59.200   -62.264
   59.250   -62.288
   59.300   -62.309
   59.350   -62.330
   59.400   -62.349
   59.450   -62.366
   59.500   -62.382
   59.550   -62.397
   59.600   -62.411
   59.650   -62.424
   59.700   -62.435
   59.750   -62.445
   59.800   -62.454
   59.850   -62.462
   59.900   -62.469
   59.950   -62.475
   60.000   -62.480
   60.050   -62.484
   60.100   -62.486
   60.150   -62.488
   60.200   -62.490
   60.250   -62.490
   60.300   -62.489
   60.350   -62.488
   60.400   -62.486
   60.450   -62.482
   60.500   -62.479
   60.550   -62.474
   60.600   -62.469
   60.650   -62.463
   60.700   -62.456
   60.750   -62.449
   60.800   -62.441
   60.850   -62.432
   60.900   -62.423
   60.950   -62.413
   61.000   -62.402
   61.050   -62.391
   61.100   -62.379
   61.150   -62.367
   61.200   -62.354
   61.250   -62.341
   61.300   -62.327
   61.350   -62.312
   61.400   -62.297
   61.450   -62.282
   61.500   -62.266
   61.550   -62.250
   61.600   -62.233
   61.650   -62.216
   61.700   -62.198
   61.750   -62.180
   61.800   -62.161
   61.850   -62.142
   61.900   -62.123
   61.950   -62.103
   62.000   -62.083
   62.050   -62.063
   62.100   -62.042
   62.150   -62.021
   62.200   -61.999
   62.250   -61.977
   62.300   -61.955
   62.350   -61.932
   62.400   -61.909
   62.450   -61.886
   62.500   -61.863
   62.550   -61.839
   62.600   -61.815
   62.650   -61.791
   62.700   -61.766
   62.750   -61.741
   62.800   -61.716
   62.850   -61.691
   62.900   -61.665
   62.950   -61.639
   63.000   -61.613
   63.050   -61.587
   63.100   -61.560
   63.150   -61.533
   63.200   -61.506
   63.250   -61.479
   63.300   -61.451
   63.350   -61.424
   63.400   -61.396
   63.450   -61.368
   63.500   -61.339
   63.550   -61.311
   63.600   -61.282
   63.650   -61.254
   63.700   -61.225
   63.750   -61.195
   63.800   -61.166
   63.850   -61.137
   63.900   -61.107
   63.950   -61.077
   64.000   -61.047
   64.050   -61.017
   64.100   -60.987
   64.150   -60.957
   64.200   -60.926
   64.250   -60.896
   64.300   -60.865
   64.350   -60.834
   64.400   -60.803
   64.450   -60.772
   64.500   -60.741
   64.550   -60.710
   64.600   -60.678
   64.650   -60.647
   64.700   -60.615
   64.750   -60.583
   64.800   -60.552
   64.850   -60.520
   64.900   -60.488
   64.950   -60.456
   65.000   -60.424
   65.050   -60.391
   65.100   -60.359
   65.150   -60.327
   65.200   -60.294
   65.250   -60.262
   65.300   -60.229
   65.350   -60.196
   65.400   -60.164
   65.450   -60.131
   65.500   -60.098
   65.550   -60.065
   65.600   -60.032
   65.650   -59.999
   65.700   -59.966
   65.750   -59.933
   65.800   -59.900
   65.850   -59.867
   65.900   -59.833
   65.950   -59.800
   66.000   -59.767
   66.050   -59.733
   66.100   -59.700
   66.150   -59.667
   66.200   -59.633
   66.250   -59.600
   66.300   -59.566
   66.350   -59.532
   66.400   -59.499
   66.450   -59.465
   66.500   -59.432
   66.550   -59.398
   66.600   -59.364
   66.650   -59.330
   66.700   -59.297
   66.750   -59.263
   66.800   -59.229
   66.850   -59.195
   66.900   -59.161
   66.950   -59.128
   67.000   -59.094
   67.050   -59.060
   67.100   -59.026
   67.150   -58.992
   67.200   -58.958
   67.250   -58.924
   67.300   -58.890
   67.350   -58.856
   67.400   -58.822
   67.450   -58.788
   67.500   -58.754
   67.550   -58.720
   67.600   -58.686
   67.650   -58.652
   67.700   -58.618
   67.750   -58.584
   67.800   -58.549
   67.850   -58.515
   67.900   -58.481
   67.950   -58.447
   68.000   -58.413
   68.050   -58.379
   68.100   -58.344
   68.150   -58.310
   68.200   -58.276
   68.250   -58.241
   68.300   -58.207
   68.350   -58.173
   68.400   -58.138
   68.450   -58.104
   68.500   -58.070
   68.550   -58.035
   68.600   -58.001
   68.650   -57.966
   68.700   -57.931
   68.750   -57.897
   68.800   -57.862
   68.850   -57.827
   68.900   -57.793
   68.950   -57.758
   69.000   -57.723
   69.050   -57.688
   69.100   -57.653
   69.150   -57.618
   69.200   -57.583
   69.250   -57.548
   69.300   -57.512
   69.350   -57.477
   69.400   -57.442
   69.450   -57.406
   69.500   -57.370
   69.550   -57.335
   69.600   -57.299
   69.650   -57.263
   69.700   -57.227
   69.750   -57.190
   69.800   -57.154
   69.850   -57.118
   69.900   -57.081
   69.950   -57.044
   70.000   -57.007
   70.050   -56.970
   70.100   -56.933
   70.150   -56.895
   70.200   -56.857
   70.250   -56.819
   70.300   -56.781
   70.350   -56.742
   70.400   -56.704
   70.450   -56.665
   70.500   -56.625
   70.550   -56.586
   70.600   -56.546
   70.650   -56.505
   70.700   -56.464
   70.750   -56.423
   70.800   -56.382
   70.850   -56.340
   70.900   -56.297
   70.950   -56.254
   71.000   -56.211
   71.050   -56.166
   71.100   -56.122
   71.150   -56.076
   71.200   -56.030
   71.250   -55.983
   71.300   -55.936
   71.350   -55.887
   71.400   -55.838
   71.450   -55.787
   71.500   -55.736
   71.550   -55.683
   71.600   -55.629
   71.650   -55.574
   71.700   -55.517
   71.750   -55.459
   71.800   -55.398
   71.850   -55.336
   71.900   -55.272
   71.950   -55.206
   72.000   -55.137
   72.050   -55.065
   72.100   -54.990
   72.150   -54.911
   72.200   -54.829
   72.250   -54.742
   72.300   -54.649
   72.350   -54.551
   72.400   -54.446
   72.450   -54.333
   72.500   -54.211
   72.550   -54.077
   72.600   -53.930
   72.650   -53.765
   72.700   -53.579
   72.750   -53.366
   72.800   -53.115
   72.850   -52.813
   72.900   -52.435
   72.950   -51.940
   73.000   -51.242
   73.050   -50.148
   73.100   -48.177
   73.150   -44.657
   73.200   -39.929
   73.250   -34.552
   73.300   -28.987
   73.350   -23.556
   73.400   -18.452
   73.450   -13.776
   73.500    -9.569
   73.550    -5.840
   73.600    -2.574
   73.650     0.251
   73.700     2.659
   73.750     4.676
   73.800     6.326
   73.850     7.629
   73.900     8.606
   73.950     9.273
   74.000     9.647
   74.050     9.744
   74.100     9.578
   74.150     9.165
   74.200     8.522
   74.250     7.665
   74.300     6.610
   74.350     5.376
   74.400     3.982
   74.450     2.446
   74.500     0.788
   74.550    -0.972
   74.600    -2.816
   74.650    -4.723
   74.700    -6.676
   74.750    -8.657
   74.800   -10.649
   74.850   -12.639
   74.900   -14.613
   74.950   -16.559
   75.000   -18.467
   75.050   -20.331
   75.100   -22.142
   75.150   -23.897
   75.200   -25.593
   75.250   -27.225
   75.300   -28.795
   75.350   -30.300
   75.400   -31.741
   75.450   -33.119
   75.500   -34.435
   75.550   -35.690
   75.600   -36.887
   75.650   -38.028
   75.700   -39.114
   75.750   -40.149
   75.800   -41.135
   75.850   -42.077
   75.900   -42.978
   75.950   -43.840
   76.000   -44.664
   76.050   -45.453
   76.100   -46.208
   76.150   -46.929
   76.200   -47.619
   76.250   -48.278
   76.300   -48.909
   76.350   -49.511
   76.400   -50.088
   76.450   -50.639
   76.500   -51.167
   76.550   -51.671
   76.600   -52.154
   76.650   -52.616
   76.700   -53.058
   76.750   -53.481
   76.800   -53.885
   76.850   -54.271
   76.900   -54.641
   76.950   -54.994
   77.000   -55.331
   77.050   -55.654
   77.100   -55.963
   77.150   -56.258
   77.200   -56.540
   77.250   -56.809
   77.300   -57.067
   77.350   -57.314
   77.400   -57.551
   77.450   -57.777
   77.500   -57.993
   77.550   -58.201
   77.600   -58.399
   77.650   -58.589
   77.700   -58.771
   77.750   -58.946
   77.800   -59.113
   77.850   -59.273
   77.900   -59.427
   77.950   -59.574
   78.000   -59.715
   78.050   -59.850
   78.100   -59.980
   78.150   -60.104
   78.200   -60.224
   78.250   -60.338
   78.300   -60.447
   78.350   -60.552
   78.400   -60.653
   78.450   -60.749
   78.500   -60.842
   78.550   -60.930
   78.600   -61.015
   78.650   -61.096
   78.700   -61.174
   78.750   -61.249
   78.800   -61.320
   78.850   -61.388
   78.900   -61.454
   78.950   -61.516
   79.000   -61.576
   79.050   -61.633
   79.100   -61.687
   79.150   -61.739
   79.200   -61.789
   79.250   -61.836
   79.300   -61.881
   79.350   -61.924
   79.400   -61.964
   79.450   -62.003
   79.500   -62.040
   79.550   -62.075
   79.600   -62.108
   79.650   -62.139
   79.700   -62.168
   79.750   -62.196
   79.800   -62.222
   79.850   -62.247
   79.900   -62.270
   79.950   -62.292
   80.000   -62.312
   80.050   -62.331
   80.100   -62.348
   80.150   -62.364
   80.200   -62.379
   80.250   -62.393
   80.300   -62.405
   80.350   -62.416
   80.400   -62.426
   80.450   -62.435
   80.500   -62.443
   80.550   -62.450
   80.600   -62.456
   80.650   -62.461
   80.700   -62.464
   80.750   -62.467
   80.800   -62.469
   80.850   -62.470
   80.900   -62.471
   80.950   -62.470
   81.000   -62.468
   81.050   -62.466
   81.100   -62.463
   81.150   -62.459
   81.200   -62.455
   81.250   -62.449
   81.300   -62.443
   81.350   -62.437
   81.400   -62.429
   81.450   -62.421
   81.500   -62.412
   81.550   -62.403
   81.600   -62.393
   81.650   -62.382
   81.700   -62.371
   81.750   -62.359
   81.800   -62.347
   81.850   -62.334
   81.900   -62.321
   81.950   -62.307
   82.000   -62.293
   82.050   -62.278
   82.100   -62.262
   82.150   -62.246
   82.200   -62.230
   82.250   -62.213
   82.300   -62.196
   82.350   -62.178
   82.400   -62.160
   82.450   -62.142
   82.500   -62.123
   82.550   -62.104
   82.600   -62.084
   82.650   -62.064
   82.700   -62.043
   82.750   -62.023
   82.800   -62.001
   82.850   -61.980
   82.900   -61.958
   82.950   -61.936
   83.000   -61.913
   83.050   -61.890
   83.100   -61.867
   83.150   -61.844
   83.200   -61.820
   83.250   -61.796
   83.300   -61.772
   83.350   -61.747
   83.400   -61.722
   83.450   -61.697
   83.500   -61.672
   83.550   -61.646
   83.600   -61.620
   83.650   -61.594
   83.700   -61.568
   83.750   -61.541
   83.800   -61.515
   83.850   -61.488
   83.900   -61.460
   83.950   -61.433
   84.000   -61.405
   84.050   -61.377
   84.100   -61.349
   84.150   -61.321
   84.200   -61.293
   84.250   -61.264
   84.300   -61.236
   84.350   -61.207
   84.400   -61.177
   84.450   -61.148
   84.500   -61.119
   84.550   -61.089
   84.600   -61.060
   84.650   -61.030
   84.700   -61.000
   84.750   -60.969
   84.800   -60.939
   84.850   -60.909
   84.900   -60.878
   84.950   -60.848
   85.000   -60.817
   85.050   -60.786
   85.100   -60.755
   85.150   -60.724
   85.200   -60.692
   85.250   -60.661
   85.300   -60.630
   85.350   -60.598
   85.400   -60.566
   85.450   -60.535
   85.500   -60.503
   85.550   -60.471
   85.600   -60.439
   85.650   -60.407
   85.700   -60.375
   85.750   -60.342
   85.800   -60.310
   85.850   -60.278
   85.900   -60.245
   85.950   -60.213
   86.000   -60.180
   86.050   -60.147
   86.100   -60.115
   86.150   -60.082
   86.200   -60.049
   86.250   -60.016
   86.300   -59.983
   86.350   -59.950
   86.400   -59.917
   86.450   -59.884
   86.500   -59.851
   86.550   -59.817
   86.600   -59.784
   86.650   -59.751
   86.700   -59.718
   86.750   -59.684
   86.800   -59.651
   86.850   -59.617
   86.900   -59.584
   86.950   -59.550
   87.000   -59.517
   87.050   -59.483
   87.100   -59.450
   87.150   -59.416
   87.200   -59.382
   87.250   -59.349
   87.300   -59.315
   87.350   -59.281
   87.400   -59.248
   87.450   -59.214
   87.500   -59.180
   87.550   -59.146
   87.600   -59.112
   87.650   -59.079
   87.700   -59.045
   87.750   -59.011
   87.800   -58.977
   87.850   -58.943
   87.900   -58.909
   87.950   -58.875
   88.000   -58.841
   88.050   -58.807
   88.100   -58.773
   88.150   -58.739
   88.200   -58.705
   88.250   -58.671
   88.300   -58.637
   88.350   -58.603
   88.400   -58.569
   88.450   -58.535
   88.500   -58.501
   88.550   -58.467
   88.600   -58.433
   88.650   -58.398
   88.700   -58.364
   88.750   -58.330
   88.800   -58.296
   88.850   -58.261
   88.900   -58.227
   88.950   -58.193
   89.000   -58.158
   89.050   -58.124
   89.100   -58.090
   89.150   -58.055
   89.200   -58.021
   89.250   -57.986
   89.300   -57.952
   89.350   -57.917
   89.400   -57.883
   89.450   -57.848
   89.500   -57.813
   89.550   -57.778
   89.600   -57.744
   89.650   -57.709
   89.700   -57.674
   89.750   -57.639
   89.800   -57.604
   89.850   -57.569
   89.900   -57.533
   89.950   -57.498
   90.000   -57.463
   90.050   -57.427
   90.100   -57.392
   90.150   -57.356
   90.200   -57.320
   90.250   -57.284
   90.300   -57.248
   90.350   -57.212
   90.400   -57.176
   90.450   -57.140
   90.500   -57.103
   90.550   -57.066
   90.600   -57.030
   90.650   -56.992
   90.700   -56.955
   90.750   -56.918
   90.800   -56.880
   90.850   -56.842
   90.900   -56.804
   90.950   -56.766
   91.000   -56.727
   91.050   -56.688
   91.100   -56.649
   91.150   -56.610
   91.200   -56.570
   91.250   -56.530
   91.300   -56.489
   91.350   -56.449
   91.400   -56.407
   91.450   -56.365
   91.500   -56.323
   91.550   -56.281
   91.600   -56.237
   91.650   -56.194
   91.700   -56.149
   91.750   -56.104
   91.800   -56.059
   91.850   -56.012
   91.900   -55.965
   91.950   -55.917
   92.000   -55.868
   92.050   -55.818
   92.100   -55.768
   92.150   -55.716
   92.200   -55.662
   92.250   -55.608
   92.300   -55.552
   92.350   -55.495
   92.400   -55.436
   92.450   -55.375
   92.500   -55.312
   92.550   -55.247
   92.600   -55.180
   92.650   -55.110
   92.700   -55.037
   92.750   -54.960
   92.800   -54.880
   92.850   -54.796
   92.900   -54.707
   92.950   -54.613
   93.000   -54.512
   93.050   -54.404
   93.100   -54.288
   93.150   -54.161
   93.200   -54.023
   93.250   -53.869
   93.300   -53.697
   93.350   -53.501
   93.400   -53.275
   93.450   -53.007
   93.500   -52.679
   93.550   -52.264
   93.600   -51.705
   93.650   -50.889
   93.700   -49.540
   93.750   -47.027
   93.800   -42.966
   93.850   -37.943
   93.900   -32.449
   93.950   -26.905
   94.000   -21.582
   94.050   -16.632
   94.100   -12.131
   94.150    -8.105
   94.200    -4.553
   94.250    -1.456
   94.300     1.208
   94.350     3.467
   94.400     5.343
   94.450     6.861
   94.500     8.041
   94.550     8.900
   94.600     9.457
   94.650     9.727
   94.700     9.726
   94.750     9.468
   94.800     8.970
   94.850     8.248
   94.900     7.317
   94.950     6.197
   95.000     4.904
   95.050     3.457
   95.100     1.877
   95.150     0.181
   95.200    -1.610
   95.250    -3.477
   95.300    -5.401
   95.350    -7.364
   95.400    -9.349
   95.450   -11.341
   95.500   -13.325
   95.550   -15.289
   95.600   -17.221
   95.650   -19.114
   95.700   -20.958
   95.750   -22.750
   95.800   -24.483
   95.850   -26.156
   95.900   -27.765
   95.950   -29.311
   96.000   -30.793
   96.050   -32.212
   96.100   -33.567
   96.150   -34.861
   96.200   -36.096
   96.250   -37.272
   96.300   -38.393
   96.350   -39.461
   96.400   -40.478
   96.450   -41.448
   96.500   -42.375
   96.550   -43.262
   96.600   -44.111
   96.650   -44.922
   96.700   -45.699
   96.750   -46.442
   96.800   -47.152
   96.850   -47.831
   96.900   -48.480
   96.950   -49.100
   97.000   -49.694
   97.050   -50.261
   97.100   -50.804
   97.150   -51.324
   97.200   -51.821
   97.250   -52.297
   97.300   -52.752
   97.350   -53.187
   97.400   -53.603
   97.450   -54.001
   97.500   -54.382
   97.550   -54.745
   97.600   -55.093
   97.650   -55.426
   97.700   -55.743
   97.750   -56.047
   97.800   -56.338
   97.850   -56.616
   97.900   -56.882
   97.950   -57.136
   98.000   -57.379
   98.050   -57.612
   98.100   -57.835
   98.150   -58.049
   98.200   -58.253
   98.250   -58.449
   98.300   -58.636
   98.350   -58.816
   98.400   -58.988
   98.450   -59.153
   98.500   -59.311
   98.550   -59.462
   98.600   -59.608
   98.650   -59.747
   98.700   -59.880
   98.750   -60.008
   98.800   -60.131
   98.850   -60.249
   98.900   -60.361
   98.950   -60.469
   99.000   -60.573
   99.050   -60.672
   99.100   -60.768
   99.150   -60.859
   99.200   -60.946
   99.250   -61.030
   99.300   -61.110
   99.350   -61.187
   99.400   -61.260
   99.450   -61.331
   99.500   -61.398
   99.550   -61.463
   99.600   -61.524
   99.650   -61.583
   99.700   -61.639
   99.750   -61.693
   99.800   -61.744
   99.850   -61.793
   99.900   -61.840
   99.950   -61.884
  100.000   -61.926
  100.050   -62.034
  100.100   -62.139
  100.150   -62.241
  100.200   -62.340
  100.250   -62.437
  100.300   -62.530
  100.350   -62.622
  100.400   -62.710
  100.450   -62.797
  100.500   -62.881
  100.550   -62.963
  100.600   -63.043
  100.650   -63.120
  100.700   -63.196
  100.750   -63.269
  100.800   -63.341
  100.850   -63.411
  100.900   -63.479
  100.950   -63.546
  101.000   -63.610
  101.050   -63.673
  101.100   -63.735
  101.150   -63.795
  101.200   -63.853
  101.250   -63.910
  101.300   -63.966
  101.350   -64.020
  101.400   -64.073
  101.450   -64.125
  101.500   -64.175
  101.550   -64.224
  101.600   -64.272
  101.650   -64.319
  101.700   -64.365
  101.750   -64.409
  101.800   -64.453
  101.850   -64.496
  101.900   -64.537
  101.950   -64.578
  102.000   -64.617
  102.050   -64.656
  102.100   -64.694
  102.150   -64.731
  102.200   -64.767
  102.250   -64.802
  102.300   -64.836
  102.350   -64.870
  102.400   -64.903
  102.450   -64.935
  102.500   -64.966
  102.550   -64.997
  102.600   -65.027
  102.650   -65.056
  102.700   -65.085
  102.750   -65.113
  102.800   -65.140
  102.850   -65.167
  102.900   -65.193
  102.950   -65.218
  103.000   -65.243
  103.050   -65.268
  103.100   -65.292
  103.150   -65.315
  103.200   -65.338
  103.250   -65.360
  103.300   -65.382
  103.350   -65.403
  103.400   -65.424
  103.450   -65.444
  103.500   -65.464
  103.550   -65.484
  103.600   -65.503
  103.650   -65.521
  103.700   -65.539
  103.750   -65.557
  103.800   -65.575
  103.850   -65.592
  103.900   -65.608
  103.950   -65.625
  104.000   -65.640
  104.050   -65.656
  104.100   -65.671
  104.150   -65.686
  104.200   -65.701
  104.250   -65.715
  104.300   -65.729
  104.350   -65.742
  104.400   -65.756
  104.450   -65.769
  104.500   -65.781
  104.550   -65.794
  104.600   -65.806
  104.650   -65.818
  104.700   -65.829
  104.750   -65.840
  104.800   -65.852
  104.850   -65.862
  104.900   -65.873
  104.950   -65.883
  105.000   -65.893
  105.050   -65.903
  105.100   -65.913
  105.150   -65.922
  105.200   -65.931
  105.250   -65.940
  105.300   -65.949
  105.350   -65.958
  105.400   -65.966
  105.450   -65.974
  105.500   -65.982
  105.550   -65.990
  105.600   -65.998
  105.650   -66.005
  105.700   -66.012
  105.750   -66.020
  105.800   -66.026
  105.850   -66.033
  105.900   -66.040
  105.950   -66.046
  106.000   -66.053
  106.050   -66.059
  106.100   -66.065
  106.150   -66.070
  106.200   -66.076
  106.250   -66.082
  106.300   -66.087
  106.350   -66.092
  106.400   -66.097
  106.450   -66.102
  106.500   -66.107
  106.550   -66.112
  106.600   -66.117
  106.650   -66.121
  106.700   -66.126
  106.750   -66.130
  106.800   -66.134
  106.850   -66.138
  106.900   -66.142
  106.950   -66.146
  107.000   -66.149
  107.050   -66.153
  107.100   -66.157
  107.150   -66.160
  107.200   -66.163
  107.250   -66.167
  107.300   -66.170
  107.350   -66.173
  107.400   -66.176
  107.450   -66.179
  107.500   -66.181
  107.550   -66.184
  107.600   -66.187
  107.650   -66.189
  107.700   -66.192
  107.750   -66.194
  107.800   -66.196
  107.850   -66.198
  107.900   -66.201
  107.950   -66.203
  108.000   -66.205
  108.050   -66.207
  108.100   -66.208
  108.150   -66.210
  108.200   -66.212
  108.250   -66.214
  108.300   -66.215
  108.350   -66.217
  108.400   -66.218
  108.450   -66.220
  108.500   -66.221
  108.550   -66.222
  108.600   -66.223
  108.650   -66.225
  108.700   -66.226
  108.750   -66.227
  108.800   -66.228
  108.850   -66.229
  108.900   -66.230
  108.950   -66.231
  109.000   -66.231
  109.050   -66.232
  109.100   -66.233
  109.150   -66.234
  109.200   -66.234
  109.250   -66.235
  109.300   -66.235
  109.350   -66.236
  109.400   -66.236
  109.450   -66.237
  109.500   -66.237
  109.550   -66.238
  109.600   -66.238
  109.650   -66.238
  109.700   -66.238
  109.750   -66.239
  109.800   -66.239
  109.850   -66.239
  109.900   -66.239
  109.950   -66.239
  110.000   -66.239
  110.050   -66.239
  110.100   -66.239
  110.150   -66.239
  110.200   -66.239
  110.250   -66.239
  110.300   -66.239
  110.350   -66.239
  110.400   -66.238
  110.450   -66.238
  110.500   -66.238
  110.550   -66.238
  110.600   -66.237
  110.650   -66.237
  110.700   -66.237
  110.750   -66.236
  110.800   -66.236
  110.850   -66.235
  110.900   -66.235
  110.950   -66.235
  111.000   -66.234
  111.050   -66.234
  111.100   -66.233
  111.150   -66.232
  111.200   -66.232
  111.250   -66.231
  111.300   -66.231
  111.350   -66.230
  111.400   -66.229
  111.450   -66.229
  111.500   -66.228
  111.550   -66.227
  111.600   -66.227
  111.650   -66.226
  111.700   -66.225
  111.750   -66.224
  111.800   -66.224
  111.850   -66.223
  111.900   -66.222
  111.950   -66.221
  112.000   -66.220
  112.050   -66.220
  112.100   -66.219
  112.150   -66.218
  112.200   -66.217
  112.250   -66.216
  112.300   -66.215
  112.350   -66.214
  112.400   -66.213
  112.450   -66.212
  112.500   -66.211
  112.550   -66.210
  112.600   -66.209
  112.650   -66.208
  112.700   -66.207
  112.750   -66.206
  112.800   -66.205
  112.850   -66.204
  112.900   -66.203
  112.950   -66.202
  113.000   -66.201
  113.050   -66.200
  113.100   -66.199
  113.150   -66.198
  113.200   -66.197
  113.250   -66.196
  113.300   -66.195
  113.350   -66.194
  113.400   -66.193
  113.450   -66.191
  113.500   -66.190
  113.550   -66.189
  113.600   -66.188
  113.650   -66.187
  113.700   -66.186
  113.750   -66.185
  113.800   -66.183
  113.850   -66.182
  113.900   -66.181
  113.950   -66.180
  114.000   -66.179
  114.050   -66.178
  114.100   -66.176
  114.150   -66.175
  114.200   -66.174
  114.250   -66.173
  114.300   -66.172
  114.350   -66.170
  114.400   -66.169
  114.450   -66.168
  114.500   -66.167
  114.550   -66.166
  114.600   -66.164
  114.650   -66.163
  114.700   -66.162
  114.750   -66.161
  114.800   -66.159
  114.850   -66.158
  114.900   -66.157
  114.950   -66.156
  115.000   -66.154
  115.050   -66.153
  115.100   -66.152
  115.150   -66.151
  115.200   -66.149
  115.250   -66.148
  115.300   -66.147
  115.350   -66.146
  115.400   -66.144
  115.450   -66.143
  115.500   -66.142
  115.550   -66.141
  115.600   -66.139
  115.650   -66.138
  115.700   -66.137
  115.750   -66.135
  115.800   -66.134
  115.850   -66.133
  115.900   -66.132
  115.950   -66.130
  116.000   -66.129
  116.050   -66.128
  116.100   -66.127
  116.150   -66.125
  116.200   -66.124
  116.250   -66.123
  116.300   -66.121
  116.350   -66.120
  116.400   -66.119
  116.450   -66.118
  116.500   -66.116
  116.550   -66.115
  116.600   -66.114
  116.650   -66.112
  116.700   -66.111
  116.750   -66.110
  116.800   -66.109
  116.850   -66.107
  116.900   -66.106
  116.950   -66.105
  117.000   -66.104
  117.050   -66.102
  117.100   -66.101
  117.150   -66.100
  117.200   -66.098
  117.250   -66.097
  117.300   -66.096
  117.350   -66.095
  117.400   -66.093
  117.450   -66.092
  117.500   -66.091
  117.550   -66.090
  117.600   -66.088
  117.650   -66.087
  117.700   -66.086
  117.750   -66.085
  117.800   -66.083
  117.850   -66.082
  117.900   -66.081
  117.950   -66.080
  118.000   -66.078
  118.050   -66.077
  118.100   -66.076
  118.150   -66.075
  118.200   -66.073
  118.250   -66.072
  118.300   -66.071
  118.350   -66.070
  118.400   -66.068
  118.450   -66.067
  118.500   -66.066
  118.550   -66.065
  118.600   -66.063
  118.650   -66.062
  118.700   -66.061
  118.750   -66.060
  118.800   -66.059
  118.850   -66.057
  118.900   -66.056
  118.950   -66.055
  119.000   -66.054
  119.050   -66.052
  119.100   -66.051
  119.150   -66.050
  119.200   -66.049
  119.250   -66.048
  119.300   -66.046
  119.350   -66.045
  119.400   -66.044
  119.450   -66.043
  119.500   -66.042
  119.550   -66.041
  119.600   -66.039
  119.650   -66.038
  119.700   -66.037
  119.750   -66.036
  119.800   -66.035
  119.850   -66.033
  119.900   -66.032
  119.950   -66.031
