    0.250 -6.5364E+0001
    0.500 -6.5033E+0001
    0.750 -6.4708E+0001
    1.000 -6.4389E+0001
    1.250 -6.4075E+0001
    1.500 -6.3767E+0001
    1.750 -6.3465E+0001
    2.000 -6.3167E+0001
    2.250 -6.2875E+0001
    2.500 -6.2588E+0001
    2.750 -6.2307E+0001
    3.000 -6.2030E+0001
    3.250 -6.1758E+0001
    3.500 -6.1491E+0001
    3.750 -6.1228E+0001
    4.000 -6.0971E+0001
    4.250 -6.0717E+0001
    4.500 -6.0469E+0001
    4.750 -6.0224E+0001
    5.000 -5.9984E+0001
    5.250 -5.9747E+0001
    5.500 -5.9515E+0001
    5.750 -5.9286E+0001
    6.000 -5.9061E+0001
    6.250 -5.8839E+0001
    6.500 -5.8620E+0001
    6.750 -5.8404E+0001
    7.000 -5.8190E+0001
    7.250 -5.7978E+0001
    7.500 -5.7767E+0001
    7.750 -5.7557E+0001
    8.000 -5.7346E+0001
    8.250 -5.7135E+0001
    8.500 -5.6920E+0001
    8.750 -5.6702E+0001
    9.000 -5.6477E+0001
    9.250 -5.6242E+0001
    9.500 -5.5993E+0001
    9.750 -5.5724E+0001
   10.000 -5.5423E+0001
   10.250 -5.5073E+0001
   10.500 -5.4640E+0001
   10.750 -5.4042E+0001
   11.000 -5.3023E+0001
   11.250 -4.9587E+0001
   11.500 -2.6977E+0001
   11.750 -4.4742E+0000
   12.000  7.2845E+0000
   12.250  1.0632E+0001
   12.500  7.3408E+0000
   12.750 -7.8612E-0001
   13.000 -1.1298E+0001
   13.250 -2.1772E+0001
   13.500 -3.0774E+0001
   13.750 -3.7960E+0001
   14.000 -4.3552E+0001
   14.250 -4.7950E+0001
   14.500 -5.1416E+0001
   14.750 -5.4160E+0001
   15.000 -5.6327E+0001
   15.250 -5.8035E+0001
   15.500 -5.9386E+0001
   15.750 -6.0463E+0001
   16.000 -6.1327E+0001
   16.250 -6.2024E+0001
   16.500 -6.2589E+0001
   16.750 -6.3046E+0001
   17.000 -6.3418E+0001
   17.250 -6.3718E+0001
   17.500 -6.3959E+0001
   17.750 -6.4152E+0001
   18.000 -6.4304E+0001
   18.250 -6.4421E+0001
   18.500 -6.4508E+0001
   18.750 -6.4570E+0001
   19.000 -6.4609E+0001
   19.250 -6.4630E+0001
   19.500 -6.4635E+0001
   19.750 -6.4625E+0001
   20.000 -6.4602E+0001
   20.250 -6.4569E+0001
   20.500 -6.4526E+0001
   20.750 -6.4474E+0001
   21.000 -6.4415E+0001
   21.250 -6.4349E+0001
   21.500 -6.4278E+0001
   21.750 -6.4201E+0001
   22.000 -6.4120E+0001
   22.250 -6.4035E+0001
   22.500 -6.3947E+0001
   22.750 -6.3856E+0001
   23.000 -6.3762E+0001
   23.250 -6.3666E+0001
   23.500 -6.3569E+0001
   23.750 -6.3470E+0001
   24.000 -6.3369E+0001
   24.250 -6.3268E+0001
   24.500 -6.3166E+0001
   24.750 -6.3064E+0001
   25.000 -6.2961E+0001
   25.250 -6.2859E+0001
   25.500 -6.2756E+0001
   25.750 -6.2653E+0001
   26.000 -6.2551E+0001
   26.250 -6.2449E+0001
   26.500 -6.2348E+0001
   26.750 -6.2247E+0001
   27.000 -6.2147E+0001
   27.250 -6.2048E+0001
   27.500 -6.1950E+0001
   27.750 -6.1852E+0001
   28.000 -6.1756E+0001
   28.250 -6.1660E+0001
   28.500 -6.1566E+0001
   28.750 -6.1473E+0001
   29.000 -6.1381E+0001
   29.250 -6.1290E+0001
   29.500 -6.1200E+0001
   29.750 -6.1111E+0001
   30.000 -6.1024E+0001
   30.250 -6.0938E+0001
   30.500 -6.0852E+0001
   30.750 -6.0769E+0001
   31.000 -6.0686E+0001
   31.250 -6.0605E+0001
   31.500 -6.0524E+0001
   31.750 -6.0445E+0001
   32.000 -6.0368E+0001
   32.250 -6.0291E+0001
   32.500 -6.0216E+0001
   32.750 -6.0141E+0001
   33.000 -6.0068E+0001
   33.250 -5.9996E+0001
   33.500 -5.9925E+0001
   33.750 -5.9855E+0001
   34.000 -5.9787E+0001
   34.250 -5.9719E+0001
   34.500 -5.9652E+0001
   34.750 -5.9587E+0001
   35.000 -5.9522E+0001
   35.250 -5.9458E+0001
   35.500 -5.9396E+0001
   35.750 -5.9334E+0001
   36.000 -5.9273E+0001
   36.250 -5.9213E+0001
   36.500 -5.9154E+0001
   36.750 -5.9096E+0001
   37.000 -5.9038E+0001
   37.250 -5.8982E+0001
   37.500 -5.8926E+0001
   37.750 -5.8871E+0001
   38.000 -5.8817E+0001
   38.250 -5.8763E+0001
   38.500 -5.8710E+0001
   38.750 -5.8658E+0001
   39.000 -5.8606E+0001
   39.250 -5.8555E+0001
   39.500 -5.8504E+0001
   39.750 -5.8455E+0001
   40.000 -5.8405E+0001
   40.250 -5.8356E+0001
   40.500 -5.8308E+0001
   40.750 -5.8260E+0001
   41.000 -5.8213E+0001
   41.250 -5.8165E+0001
   41.500 -5.8119E+0001
   41.750 -5.8072E+0001
   42.000 -5.8026E+0001
   42.250 -5.7981E+0001
   42.500 -5.7935E+0001
   42.750 -5.7890E+0001
   43.000 -5.7845E+0001
   43.250 -5.7800E+0001
   43.500 -5.7756E+0001
   43.750 -5.7711E+0001
   44.000 -5.7667E+0001
   44.250 -5.7623E+0001
   44.500 -5.7578E+0001
   44.750 -5.7534E+0001
   45.000 -5.7490E+0001
   45.250 -5.7445E+0001
   45.500 -5.7400E+0001
   45.750 -5.7356E+0001
   46.000 -5.7311E+0001
   46.250 -5.7265E+0001
   46.500 -5.7220E+0001
   46.750 -5.7174E+0001
   47.000 -5.7127E+0001
   47.250 -5.7080E+0001
   47.500 -5.7032E+0001
   47.750 -5.6984E+0001
   48.000 -5.6935E+0001
   48.250 -5.6884E+0001
   48.500 -5.6833E+0001
   48.750 -5.6781E+0001
   49.000 -5.6727E+0001
   49.250 -5.6672E+0001
   49.500 -5.6615E+0001
   49.750 -5.6557E+0001
   50.000 -5.6496E+0001
   50.250 -5.6433E+0001
   50.500 -5.6367E+0001
   50.750 -5.6297E+0001
   51.000 -5.6224E+0001
   51.250 -5.6146E+0001
   51.500 -5.6064E+0001
   51.750 -5.5974E+0001
   52.000 -5.5878E+0001
   52.250 -5.5772E+0001
   52.500 -5.5655E+0001
   52.750 -5.5523E+0001
   53.000 -5.5371E+0001
   53.250 -5.5194E+0001
   53.500 -5.4979E+0001
   53.750 -5.4706E+0001
   54.000 -5.4337E+0001
   54.250 -5.3777E+0001
   54.500 -5.2701E+0001
   54.750 -4.7917E+0001
   55.000 -2.3692E+0001
   55.250 -3.2421E+0000
   55.500  6.6201E+0000
   55.750  8.5539E+0000
   56.000  4.6172E+0000
   56.250 -3.2316E+0000
   56.500 -1.2825E+0001
   56.750 -2.2279E+0001
   57.000 -3.0521E+0001
   57.250 -3.7267E+0001
   57.500 -4.2655E+0001
   57.750 -4.7003E+0001
   58.000 -5.0520E+0001
   58.250 -5.3371E+0001
   58.500 -5.5680E+0001
   58.750 -5.7547E+0001
   59.000 -5.9061E+0001
   59.250 -6.0298E+0001
   59.500 -6.1315E+0001
   59.750 -6.2157E+0001
   60.000 -6.2858E+0001
   60.250 -6.3445E+0001
   60.500 -6.3937E+0001
   60.750 -6.4352E+0001
   61.000 -6.4701E+0001
   61.250 -6.4995E+0001
   61.500 -6.5244E+0001
   61.750 -6.5453E+0001
   62.000 -6.5628E+0001
   62.250 -6.5774E+0001
   62.500 -6.5896E+0001
   62.750 -6.5995E+0001
   63.000 -6.6076E+0001
   63.250 -6.6140E+0001
   63.500 -6.6189E+0001
   63.750 -6.6226E+0001
   64.000 -6.6251E+0001
   64.250 -6.6267E+0001
   64.500 -6.6273E+0001
   64.750 -6.6272E+0001
   65.000 -6.6264E+0001
   65.250 -6.6249E+0001
   65.500 -6.6229E+0001
   65.750 -6.6204E+0001
   66.000 -6.6175E+0001
   66.250 -6.6141E+0001
   66.500 -6.6104E+0001
   66.750 -6.6064E+0001
   67.000 -6.6021E+0001
   67.250 -6.5976E+0001
   67.500 -6.5929E+0001
   67.750 -6.5879E+0001
   68.000 -6.5828E+0001
   68.250 -6.5775E+0001
   68.500 -6.5721E+0001
   68.750 -6.5666E+0001
   69.000 -6.5610E+0001
   69.250 -6.5553E+0001
   69.500 -6.5496E+0001
   69.750 -6.5437E+0001
   70.000 -6.5379E+0001
   70.250 -6.5320E+0001
   70.500 -6.5260E+0001
   70.750 -6.5201E+0001
   71.000 -6.5141E+0001
   71.250 -6.5081E+0001
   71.500 -6.5021E+0001
   71.750 -6.4961E+0001
   72.000 -6.4902E+0001
   72.250 -6.4842E+0001
   72.500 -6.4783E+0001
   72.750 -6.4723E+0001
   73.000 -6.4664E+0001
   73.250 -6.4606E+0001
   73.500 -6.4547E+0001
   73.750 -6.4489E+0001
   74.000 -6.4431E+0001
   74.250 -6.4374E+0001
   74.500 -6.4316E+0001
   74.750 -6.4260E+0001
   75.000 -6.4203E+0001
   75.250 -6.4147E+0001
   75.500 -6.4092E+0001
   75.750 -6.4037E+0001
   76.000 -6.3982E+0001
   76.250 -6.3927E+0001
   76.500 -6.3874E+0001
   76.750 -6.3820E+0001
   77.000 -6.3767E+0001
   77.250 -6.3714E+0001
   77.500 -6.3662E+0001
   77.750 -6.3610E+0001
   78.000 -6.3559E+0001
   78.250 -6.3508E+0001
   78.500 -6.3457E+0001
   78.750 -6.3407E+0001
   79.000 -6.3358E+0001
   79.250 -6.3308E+0001
   79.500 -6.3259E+0001
   79.750 -6.3211E+0001
   80.000 -6.3163E+0001
   80.250 -6.3115E+0001
   80.500 -6.3068E+0001
   80.750 -6.3021E+0001
   81.000 -6.2975E+0001
   81.250 -6.2929E+0001
   81.500 -6.2883E+0001
   81.750 -6.2838E+0001
   82.000 -6.2793E+0001
   82.250 -6.2748E+0001
   82.500 -6.2704E+0001
   82.750 -6.2660E+0001
   83.000 -6.2617E+0001
   83.250 -6.2574E+0001
   83.500 -6.2531E+0001
   83.750 -6.2488E+0001
   84.000 -6.2446E+0001
   84.250 -6.2405E+0001
   84.500 -6.2363E+0001
   84.750 -6.2322E+0001
   85.000 -6.2281E+0001
   85.250 -6.2241E+0001
   85.500 -6.2201E+0001
   85.750 -6.2161E+0001
   86.000 -6.2121E+0001
   86.250 -6.2082E+0001
   86.500 -6.2043E+0001
   86.750 -6.2005E+0001
   87.000 -6.1967E+0001
   87.250 -6.1929E+0001
   87.500 -6.1891E+0001
   87.750 -6.1853E+0001
   88.000 -6.1816E+0001
   88.250 -6.1779E+0001
   88.500 -6.1743E+0001
   88.750 -6.1706E+0001
   89.000 -6.1670E+0001
   89.250 -6.1635E+0001
   89.500 -6.1599E+0001
   89.750 -6.1564E+0001
   90.000 -6.1529E+0001
   90.250 -6.1494E+0001
   90.500 -6.1459E+0001
   90.750 -6.1425E+0001
   91.000 -6.1391E+0001
   91.250 -6.1357E+0001
   91.500 -6.1324E+0001
   91.750 -6.1290E+0001
   92.000 -6.1257E+0001
   92.250 -6.1225E+0001
   92.500 -6.1192E+0001
   92.750 -6.1160E+0001
   93.000 -6.1127E+0001
   93.250 -6.1095E+0001
   93.500 -6.1064E+0001
   93.750 -6.1032E+0001
   94.000 -6.1001E+0001
   94.250 -6.0970E+0001
   94.500 -6.0939E+0001
   94.750 -6.0908E+0001
   95.000 -6.0878E+0001
   95.250 -6.0847E+0001
   95.500 -6.0817E+0001
   95.750 -6.0787E+0001
   96.000 -6.0758E+0001
   96.250 -6.0728E+0001
   96.500 -6.0699E+0001
   96.750 -6.0670E+0001
   97.000 -6.0641E+0001
   97.250 -6.0612E+0001
   97.500 -6.0584E+0001
   97.750 -6.0555E+0001
   98.000 -6.0527E+0001
   98.250 -6.0499E+0001
   98.500 -6.0471E+0001
   98.750 -6.0443E+0001
   99.000 -6.0416E+0001
   99.250 -6.0389E+0001
   99.500 -6.0361E+0001
   99.750 -6.0334E+0001
  100.000 -6.0308E+0001
  100.250 -6.0281E+0001
  100.500 -6.0254E+0001
  100.750 -6.0228E+0001
  101.000 -6.0202E+0001
  101.250 -6.0176E+0001
  101.500 -6.0150E+0001
  101.750 -6.0124E+0001
  102.000 -6.0099E+0001
  102.250 -6.0073E+0001
  102.500 -6.0048E+0001
  102.750 -6.0023E+0001
  103.000 -5.9998E+0001
  103.250 -5.9973E+0001
  103.500 -5.9948E+0001
  103.750 -5.9924E+0001
  104.000 -5.9899E+0001
  104.250 -5.9875E+0001
  104.500 -5.9851E+0001
  104.750 -5.9827E+0001
  105.000 -5.9803E+0001
  105.250 -5.9779E+0001
  105.500 -5.9756E+0001
  105.750 -5.9732E+0001
  106.000 -5.9709E+0001
  106.250 -5.9686E+0001
  106.500 -5.9662E+0001
  106.750 -5.9639E+0001
  107.000 -5.9617E+0001
  107.250 -5.9594E+0001
  107.500 -5.9571E+0001
  107.750 -5.9549E+0001
  108.000 -5.9526E+0001
  108.250 -5.9504E+0001
  108.500 -5.9482E+0001
  108.750 -5.9460E+0001
  109.000 -5.9438E+0001
  109.250 -5.9416E+0001
  109.500 -5.9394E+0001
  109.750 -5.9373E+0001
  110.000 -5.9351E+0001
  110.250 -5.9330E+0001
  110.500 -5.9309E+0001
  110.750 -5.9287E+0001
  111.000 -5.9266E+0001
  111.250 -5.9245E+0001
  111.500 -5.9224E+0001
  111.750 -5.9204E+0001
  112.000 -5.9183E+0001
  112.250 -5.9162E+0001
  112.500 -5.9142E+0001
  112.750 -5.9121E+0001
  113.000 -5.9101E+0001
  113.250 -5.9081E+0001
  113.500 -5.9060E+0001
  113.750 -5.9040E+0001
  114.000 -5.9020E+0001
  114.250 -5.9001E+0001
  114.500 -5.8981E+0001
  114.750 -5.8961E+0001
  115.000 -5.8941E+0001
  115.250 -5.8922E+0001
  115.500 -5.8902E+0001
  115.750 -5.8883E+0001
  116.000 -5.8863E+0001
  116.250 -5.8844E+0001
  116.500 -5.8825E+0001
  116.750 -5.8806E+0001
  117.000 -5.8787E+0001
  117.250 -5.8768E+0001
  117.500 -5.8749E+0001
  117.750 -5.8730E+0001
  118.000 -5.8711E+0001
  118.250 -5.8692E+0001
  118.500 -5.8674E+0001
  118.750 -5.8655E+0001
  119.000 -5.8636E+0001
  119.250 -5.8618E+0001
  119.500 -5.8599E+0001
  119.750 -5.8581E+0001
  120.000 -5.8563E+0001
  120.250 -5.8544E+0001
  120.500 -5.8526E+0001
  120.750 -5.8508E+0001
  121.000 -5.8490E+0001
  121.250 -5.8472E+0001
  121.500 -5.8454E+0001
  121.750 -5.8436E+0001
  122.000 -5.8418E+0001
  122.250 -5.8400E+0001
  122.500 -5.8382E+0001
  122.750 -5.8364E+0001
  123.000 -5.8346E+0001
  123.250 -5.8328E+0001
  123.500 -5.8311E+0001
  123.750 -5.8293E+0001
  124.000 -5.8275E+0001
  124.250 -5.8258E+0001
  124.500 -5.8240E+0001
  124.750 -5.8222E+0001
  125.000 -5.8205E+0001
  125.250 -5.8187E+0001
  125.500 -5.8170E+0001
  125.750 -5.8152E+0001
  126.000 -5.8135E+0001
  126.250 -5.8117E+0001
  126.500 -5.8100E+0001
  126.750 -5.8082E+0001
  127.000 -5.8065E+0001
  127.250 -5.8047E+0001
  127.500 -5.8030E+0001
  127.750 -5.8012E+0001
  128.000 -5.7995E+0001
  128.250 -5.7977E+0001
  128.500 -5.7960E+0001
  128.750 -5.7942E+0001
  129.000 -5.7925E+0001
  129.250 -5.7907E+0001
  129.500 -5.7890E+0001
  129.750 -5.7872E+0001
  130.000 -5.7855E+0001
  130.250 -5.7837E+0001
  130.500 -5.7820E+0001
  130.750 -5.7802E+0001
  131.000 -5.7784E+0001
  131.250 -5.7767E+0001
  131.500 -5.7749E+0001
  131.750 -5.7731E+0001
  132.000 -5.7713E+0001
  132.250 -5.7696E+0001
  132.500 -5.7678E+0001
  132.750 -5.7660E+0001
  133.000 -5.7642E+0001
  133.250 -5.7624E+0001
  133.500 -5.7606E+0001
  133.750 -5.7587E+0001
  134.000 -5.7569E+0001
  134.250 -5.7551E+0001
  134.500 -5.7532E+0001
  134.750 -5.7514E+0001
  135.000 -5.7495E+0001
  135.250 -5.7476E+0001
  135.500 -5.7457E+0001
  135.750 -5.7438E+0001
  136.000 -5.7419E+0001
  136.250 -5.7400E+0001
  136.500 -5.7381E+0001
  136.750 -5.7361E+0001
  137.000 -5.7342E+0001
  137.250 -5.7322E+0001
  137.500 -5.7302E+0001
  137.750 -5.7282E+0001
  138.000 -5.7261E+0001
  138.250 -5.7241E+0001
  138.500 -5.7220E+0001
  138.750 -5.7199E+0001
  139.000 -5.7178E+0001
  139.250 -5.7157E+0001
  139.500 -5.7135E+0001
  139.750 -5.7113E+0001
  140.000 -5.7091E+0001
  140.250 -5.7068E+0001
  140.500 -5.7045E+0001
  140.750 -5.7022E+0001
  141.000 -5.6999E+0001
  141.250 -5.6975E+0001
  141.500 -5.6950E+0001
  141.750 -5.6925E+0001
  142.000 -5.6900E+0001
  142.250 -5.6874E+0001
  142.500 -5.6848E+0001
  142.750 -5.6821E+0001
  143.000 -5.6794E+0001
  143.250 -5.6766E+0001
  143.500 -5.6737E+0001
  143.750 -5.6707E+0001
  144.000 -5.6677E+0001
  144.250 -5.6646E+0001
  144.500 -5.6613E+0001
  144.750 -5.6580E+0001
  145.000 -5.6546E+0001
  145.250 -5.6510E+0001
  145.500 -5.6473E+0001
  145.750 -5.6435E+0001
  146.000 -5.6394E+0001
  146.250 -5.6352E+0001
  146.500 -5.6309E+0001
  146.750 -5.6262E+0001
  147.000 -5.6214E+0001
  147.250 -5.6162E+0001
  147.500 -5.6107E+0001
  147.750 -5.6048E+0001
  148.000 -5.5985E+0001
  148.250 -5.5917E+0001
  148.500 -5.5843E+0001
  148.750 -5.5762E+0001
  149.000 -5.5672E+0001
  149.250 -5.5571E+0001
  149.500 -5.5457E+0001
  149.750 -5.5325E+0001
  150.000 -5.5170E+0001
  150.250 -5.4981E+0001
  150.500 -5.4743E+0001
  150.750 -5.4425E+0001
  151.000 -5.3959E+0001
  151.250 -5.3144E+0001
  151.500 -5.0814E+0001
  151.750 -3.3112E+0001
  152.000 -9.2607E+0000
  152.250  3.9482E+0000
  152.500  8.4028E+0000
  152.750  6.4707E+0000
  153.000  3.4488E-0002
  153.250 -8.8834E+0000
  153.500 -1.8328E+0001
  153.750 -2.6948E+0001
  154.000 -3.4197E+0001
  154.250 -4.0056E+0001
  154.500 -4.4773E+0001
  154.750 -4.8615E+0001
  155.000 -5.1739E+0001
  155.250 -5.4285E+0001
  155.500 -5.6356E+0001
  155.750 -5.8041E+0001
  156.000 -5.9418E+0001
  156.250 -6.0551E+0001
  156.500 -6.1491E+0001
  156.750 -6.2274E+0001
  157.000 -6.2930E+0001
  157.250 -6.3482E+0001
  157.500 -6.3948E+0001
  157.750 -6.4341E+0001
  158.000 -6.4674E+0001
  158.250 -6.4956E+0001
  158.500 -6.5195E+0001
  158.750 -6.5396E+0001
  159.000 -6.5565E+0001
  159.250 -6.5707E+0001
  159.500 -6.5825E+0001
  159.750 -6.5922E+0001
  160.000 -6.6000E+0001
  160.250 -6.6063E+0001
  160.500 -6.6112E+0001
  160.750 -6.6148E+0001
  161.000 -6.6174E+0001
  161.250 -6.6190E+0001
  161.500 -6.6197E+0001
  161.750 -6.6197E+0001
  162.000 -6.6190E+0001
  162.250 -6.6177E+0001
  162.500 -6.6158E+0001
  162.750 -6.6135E+0001
  163.000 -6.6107E+0001
  163.250 -6.6076E+0001
  163.500 -6.6041E+0001
  163.750 -6.6004E+0001
  164.000 -6.5963E+0001
  164.250 -6.5921E+0001
  164.500 -6.5876E+0001
  164.750 -6.5829E+0001
  165.000 -6.5781E+0001
  165.250 -6.5732E+0001
  165.500 -6.5681E+0001
  165.750 -6.5629E+0001
  166.000 -6.5576E+0001
  166.250 -6.5523E+0001
  166.500 -6.5469E+0001
  166.750 -6.5414E+0001
  167.000 -6.5359E+0001
  167.250 -6.5304E+0001
  167.500 -6.5249E+0001
  167.750 -6.5193E+0001
  168.000 -6.5137E+0001
  168.250 -6.5082E+0001
  168.500 -6.5026E+0001
  168.750 -6.4970E+0001
  169.000 -6.4915E+0001
  169.250 -6.4859E+0001
  169.500 -6.4804E+0001
  169.750 -6.4749E+0001
  170.000 -6.4695E+0001
  170.250 -6.4640E+0001
  170.500 -6.4586E+0001
  170.750 -6.4533E+0001
  171.000 -6.4480E+0001
  171.250 -6.4427E+0001
  171.500 -6.4374E+0001
  171.750 -6.4322E+0001
  172.000 -6.4270E+0001
  172.250 -6.4219E+0001
  172.500 -6.4168E+0001
  172.750 -6.4117E+0001
  173.000 -6.4067E+0001
  173.250 -6.4017E+0001
  173.500 -6.3968E+0001
  173.750 -6.3919E+0001
  174.000 -6.3871E+0001
  174.250 -6.3823E+0001
  174.500 -6.3775E+0001
  174.750 -6.3728E+0001
  175.000 -6.3681E+0001
  175.250 -6.3635E+0001
  175.500 -6.3589E+0001
  175.750 -6.3544E+0001
  176.000 -6.3499E+0001
  176.250 -6.3454E+0001
  176.500 -6.3410E+0001
  176.750 -6.3366E+0001
  177.000 -6.3322E+0001
  177.250 -6.3279E+0001
  177.500 -6.3236E+0001
  177.750 -6.3194E+0001
  178.000 -6.3152E+0001
  178.250 -6.3111E+0001
  178.500 -6.3069E+0001
  178.750 -6.3029E+0001
  179.000 -6.2988E+0001
  179.250 -6.2948E+0001
  179.500 -6.2908E+0001
  179.750 -6.2869E+0001
  180.000 -6.2830E+0001
  180.250 -6.2791E+0001
  180.500 -6.2752E+0001
  180.750 -6.2714E+0001
  181.000 -6.2676E+0001
  181.250 -6.2639E+0001
  181.500 -6.2602E+0001
  181.750 -6.2565E+0001
  182.000 -6.2528E+0001
  182.250 -6.2492E+0001
  182.500 -6.2456E+0001
  182.750 -6.2420E+0001
  183.000 -6.2385E+0001
  183.250 -6.2350E+0001
  183.500 -6.2315E+0001
  183.750 -6.2280E+0001
  184.000 -6.2246E+0001
  184.250 -6.2212E+0001
  184.500 -6.2178E+0001
  184.750 -6.2145E+0001
  185.000 -6.2111E+0001
  185.250 -6.2078E+0001
  185.500 -6.2045E+0001
  185.750 -6.2013E+0001
  186.000 -6.1981E+0001
  186.250 -6.1949E+0001
  186.500 -6.1917E+0001
  186.750 -6.1885E+0001
  187.000 -6.1854E+0001
  187.250 -6.1823E+0001
  187.500 -6.1792E+0001
  187.750 -6.1761E+0001
  188.000 -6.1731E+0001
  188.250 -6.1701E+0001
  188.500 -6.1671E+0001
  188.750 -6.1641E+0001
  189.000 -6.1611E+0001
  189.250 -6.1582E+0001
  189.500 -6.1553E+0001
  189.750 -6.1524E+0001
  190.000 -6.1495E+0001
  190.250 -6.1466E+0001
  190.500 -6.1438E+0001
  190.750 -6.1410E+0001
  191.000 -6.1382E+0001
  191.250 -6.1354E+0001
  191.500 -6.1326E+0001
  191.750 -6.1299E+0001
  192.000 -6.1272E+0001
  192.250 -6.1245E+0001
  192.500 -6.1218E+0001
  192.750 -6.1191E+0001
  193.000 -6.1164E+0001
  193.250 -6.1138E+0001
  193.500 -6.1112E+0001
  193.750 -6.1086E+0001
  194.000 -6.1060E+0001
  194.250 -6.1034E+0001
  194.500 -6.1009E+0001
  194.750 -6.0983E+0001
  195.000 -6.0958E+0001
  195.250 -6.0933E+0001
  195.500 -6.0908E+0001
  195.750 -6.0883E+0001
  196.000 -6.0859E+0001
  196.250 -6.0834E+0001
  196.500 -6.0810E+0001
  196.750 -6.0786E+0001
  197.000 -6.0762E+0001
  197.250 -6.0738E+0001
  197.500 -6.0714E+0001
  197.750 -6.0691E+0001
  198.000 -6.0667E+0001
  198.250 -6.0644E+0001
  198.500 -6.0621E+0001
  198.750 -6.0598E+0001
  199.000 -6.0575E+0001
  199.250 -6.0552E+0001
  199.500 -6.0530E+0001
  199.750 -6.0507E+0001
  200.000 -6.0485E+0001
  200.250 -6.0463E+0001
  200.500 -6.0441E+0001
  200.750 -6.0419E+0001
  201.000 -6.0397E+0001
  201.250 -6.0375E+0001
  201.500 -6.0354E+0001
  201.750 -6.0332E+0001
  202.000 -6.0311E+0001
  202.250 -6.0290E+0001
  202.500 -6.0269E+0001
  202.750 -6.0248E+0001
  203.000 -6.0227E+0001
  203.250 -6.0206E+0001
  203.500 -6.0186E+0001
  203.750 -6.0165E+0001
  204.000 -6.0145E+0001
  204.250 -6.0125E+0001
  204.500 -6.0105E+0001
  204.750 -6.0085E+0001
  205.000 -6.0065E+0001
  205.250 -6.0045E+0001
  205.500 -6.0025E+0001
  205.750 -6.0005E+0001
  206.000 -5.9986E+0001
  206.250 -5.9967E+0001
  206.500 -5.9947E+0001
  206.750 -5.9928E+0001
  207.000 -5.9909E+0001
  207.250 -5.9890E+0001
  207.500 -5.9871E+0001
  207.750 -5.9852E+0001
  208.000 -5.9834E+0001
  208.250 -5.9815E+0001
  208.500 -5.9797E+0001
  208.750 -5.9778E+0001
  209.000 -5.9760E+0001
  209.250 -5.9742E+0001
  209.500 -5.9724E+0001
  209.750 -5.9706E+0001
  210.000 -5.9688E+0001
  210.250 -5.9670E+0001
  210.500 -5.9652E+0001
  210.750 -5.9634E+0001
  211.000 -5.9617E+0001
  211.250 -5.9599E+0001
  211.500 -5.9582E+0001
  211.750 -5.9565E+0001
  212.000 -5.9547E+0001
  212.250 -5.9530E+0001
  212.500 -5.9513E+0001
  212.750 -5.9496E+0001
  213.000 -5.9479E+0001
  213.250 -5.9462E+0001
  213.500 -5.9446E+0001
  213.750 -5.9429E+0001
  214.000 -5.9412E+0001
  214.250 -5.9396E+0001
  214.500 -5.9380E+0001
  214.750 -5.9363E+0001
  215.000 -5.9347E+0001
  215.250 -5.9331E+0001
  215.500 -5.9315E+0001
  215.750 -5.9299E+0001
  216.000 -5.9283E+0001
  216.250 -5.9267E+0001
  216.500 -5.9251E+0001
  216.750 -5.9235E+0001
  217.000 -5.9219E+0001
  217.250 -5.9204E+0001
  217.500 -5.9188E+0001
  217.750 -5.9173E+0001
  218.000 -5.9157E+0001
  218.250 -5.9142E+0001
  218.500 -5.9127E+0001
  218.750 -5.9111E+0001
  219.000 -5.9096E+0001
  219.250 -5.9081E+0001
  219.500 -5.9066E+0001
  219.750 -5.9051E+0001
  220.000 -5.9036E+0001
  220.250 -5.9021E+0001
  220.500 -5.9006E+0001
  220.750 -5.8992E+0001
  221.000 -5.8977E+0001
  221.250 -5.8962E+0001
  221.500 -5.8948E+0001
  221.750 -5.8933E+0001
  222.000 -5.8919E+0001
  222.250 -5.8904E+0001
  222.500 -5.8890E+0001
  222.750 -5.8876E+0001
  223.000 -5.8862E+0001
  223.250 -5.8847E+0001
  223.500 -5.8833E+0001
  223.750 -5.8819E+0001
  224.000 -5.8805E+0001
  224.250 -5.8791E+0001
  224.500 -5.8777E+0001
  224.750 -5.8763E+0001
  225.000 -5.8749E+0001
  225.250 -5.8736E+0001
  225.500 -5.8722E+0001
  225.750 -5.8708E+0001
  226.000 -5.8695E+0001
  226.250 -5.8681E+0001
  226.500 -5.8667E+0001
  226.750 -5.8654E+0001
  227.000 -5.8640E+0001
  227.250 -5.8627E+0001
  227.500 -5.8614E+0001
  227.750 -5.8600E+0001
  228.000 -5.8587E+0001
  228.250 -5.8574E+0001
  228.500 -5.8560E+0001
  228.750 -5.8547E+0001
  229.000 -5.8534E+0001
  229.250 -5.8521E+0001
  229.500 -5.8508E+0001
  229.750 -5.8495E+0001
  230.000 -5.8482E+0001
  230.250 -5.8469E+0001
  230.500 -5.8456E+0001
  230.750 -5.8443E+0001
  231.000 -5.8430E+0001
  231.250 -5.8417E+0001
  231.500 -5.8405E+0001
  231.750 -5.8392E+0001
  232.000 -5.8379E+0001
  232.250 -5.8366E+0001
  232.500 -5.8354E+0001
  232.750 -5.8341E+0001
  233.000 -5.8328E+0001
  233.250 -5.8316E+0001
  233.500 -5.8303E+0001
  233.750 -5.8291E+0001
  234.000 -5.8278E+0001
  234.250 -5.8266E+0001
  234.500 -5.8253E+0001
  234.750 -5.8241E+0001
  235.000 -5.8228E+0001
  235.250 -5.8216E+0001
  235.500 -5.8203E+0001
  235.750 -5.8191E+0001
  236.000 -5.8179E+0001
  236.250 -5.8166E+0001
  236.500 -5.8154E+0001
  236.750 -5.8142E+0001
  237.000 -5.8129E+0001
  237.250 -5.8117E+0001
  237.500 -5.8105E+0001
  237.750 -5.8093E+0001
  238.000 -5.8080E+0001
  238.250 -5.8068E+0001
  238.500 -5.8056E+0001
  238.750 -5.8044E+0001
  239.000 -5.8032E+0001
  239.250 -5.8019E+0001
  239.500 -5.8007E+0001
  239.750 -5.7995E+0001
  240.000 -5.7983E+0001
  240.250 -5.7971E+0001
  240.500 -5.7959E+0001
  240.750 -5.7946E+0001
  241.000 -5.7934E+0001
  241.250 -5.7922E+0001
  241.500 -5.7910E+0001
  241.750 -5.7898E+0001
  242.000 -5.7886E+0001
  242.250 -5.7874E+0001
  242.500 -5.7861E+0001
  242.750 -5.7849E+0001
  243.000 -5.7837E+0001
  243.250 -5.7825E+0001
  243.500 -5.7813E+0001
  243.750 -5.7801E+0001
  244.000 -5.7788E+0001
  244.250 -5.7776E+0001
  244.500 -5.7764E+0001
  244.750 -5.7752E+0001
  245.000 -5.7740E+0001
  245.250 -5.7727E+0001
  245.500 -5.7715E+0001
  245.750 -5.7703E+0001
  246.000 -5.7690E+0001
  246.250 -5.7678E+0001
  246.500 -5.7666E+0001
  246.750 -5.7653E+0001
  247.000 -5.7641E+0001
  247.250 -5.7628E+0001
  247.500 -5.7616E+0001
  247.750 -5.7604E+0001
  248.000 -5.7591E+0001
  248.250 -5.7578E+0001
  248.500 -5.7566E+0001
  248.750 -5.7553E+0001
  249.000 -5.7541E+0001
  249.250 -5.7528E+0001
  249.500 -5.7515E+0001
  249.750 -5.7502E+0001
  250.000 -5.7489E+0001
  250.250 -5.7476E+0001
  250.500 -5.7463E+0001
  250.750 -5.7450E+0001
  251.000 -5.7437E+0001
  251.250 -5.7424E+0001
  251.500 -5.7411E+0001
  251.750 -5.7398E+0001
  252.000 -5.7384E+0001
  252.250 -5.7371E+0001
  252.500 -5.7357E+0001
  252.750 -5.7344E+0001
  253.000 -5.7330E+0001
  253.250 -5.7316E+0001
  253.500 -5.7303E+0001
  253.750 -5.7289E+0001
  254.000 -5.7275E+0001
  254.250 -5.7260E+0001
  254.500 -5.7246E+0001
  254.750 -5.7232E+0001
  255.000 -5.7217E+0001
  255.250 -5.7203E+0001
  255.500 -5.7188E+0001
  255.750 -5.7173E+0001
  256.000 -5.7158E+0001
  256.250 -5.7143E+0001
  256.500 -5.7128E+0001
  256.750 -5.7112E+0001
  257.000 -5.7096E+0001
  257.250 -5.7081E+0001
  257.500 -5.7065E+0001
  257.750 -5.7048E+0001
  258.000 -5.7032E+0001
  258.250 -5.7015E+0001
  258.500 -5.6998E+0001
  258.750 -5.6981E+0001
  259.000 -5.6964E+0001
  259.250 -5.6946E+0001
  259.500 -5.6929E+0001
  259.750 -5.6910E+0001
  260.000 -5.6892E+0001
  260.250 -5.6873E+0001
  260.500 -5.6854E+0001
  260.750 -5.6834E+0001
  261.000 -5.6815E+0001
  261.250 -5.6794E+0001
  261.500 -5.6774E+0001
  261.750 -5.6752E+0001
  262.000 -5.6731E+0001
  262.250 -5.6709E+0001
  262.500 -5.6686E+0001
  262.750 -5.6663E+0001
  263.000 -5.6639E+0001
  263.250 -5.6614E+0001
  263.500 -5.6589E+0001
  263.750 -5.6563E+0001
  264.000 -5.6536E+0001
  264.250 -5.6508E+0001
  264.500 -5.6479E+0001
  264.750 -5.6449E+0001
  265.000 -5.6418E+0001
  265.250 -5.6385E+0001
  265.500 -5.6352E+0001
  265.750 -5.6316E+0001
  266.000 -5.6279E+0001
  266.250 -5.6240E+0001
  266.500 -5.6199E+0001
  266.750 -5.6156E+0001
  267.000 -5.6110E+0001
  267.250 -5.6061E+0001
  267.500 -5.6009E+0001
  267.750 -5.5952E+0001
  268.000 -5.5891E+0001
  268.250 -5.5825E+0001
  268.500 -5.5752E+0001
  268.750 -5.5671E+0001
  269.000 -5.5581E+0001
  269.250 -5.5479E+0001
  269.500 -5.5362E+0001
  269.750 -5.5226E+0001
  270.000 -5.5062E+0001
  270.250 -5.4860E+0001
  270.500 -5.4598E+0001
  270.750 -5.4235E+0001
  271.000 -5.3668E+0001
  271.250 -5.2533E+0001
  271.500 -4.6815E+0001
  271.750 -2.2293E+0001
  272.000 -2.6938E+0000
  272.250  6.5442E+0000
  272.500  8.1687E+0000
  272.750  4.2403E+0000
  273.000 -3.3499E+0000
  273.250 -1.2586E+0001
  273.500 -2.1734E+0001
  273.750 -2.9784E+0001
  274.000 -3.6437E+0001
  274.250 -4.1790E+0001
  274.500 -4.6131E+0001
  274.750 -4.9670E+0001
  275.000 -5.2554E+0001
  275.250 -5.4908E+0001
  275.500 -5.6823E+0001
  275.750 -5.8385E+0001
  276.000 -5.9667E+0001
  276.250 -6.0725E+0001
  276.500 -6.1604E+0001
  276.750 -6.2339E+0001
  277.000 -6.2956E+0001
  277.250 -6.3475E+0001
  277.500 -6.3914E+0001
  277.750 -6.4285E+0001
  278.000 -6.4599E+0001
  278.250 -6.4865E+0001
  278.500 -6.5089E+0001
  278.750 -6.5278E+0001
  279.000 -6.5436E+0001
  279.250 -6.5569E+0001
  279.500 -6.5678E+0001
  279.750 -6.5768E+0001
  280.000 -6.5840E+0001
  280.250 -6.5897E+0001
  280.500 -6.5940E+0001
  280.750 -6.5972E+0001
  281.000 -6.5993E+0001
  281.250 -6.6005E+0001
  281.500 -6.6008E+0001
  281.750 -6.6005E+0001
  282.000 -6.5995E+0001
  282.250 -6.5979E+0001
  282.500 -6.5958E+0001
  282.750 -6.5933E+0001
  283.000 -6.5903E+0001
  283.250 -6.5870E+0001
  283.500 -6.5834E+0001
  283.750 -6.5795E+0001
  284.000 -6.5754E+0001
  284.250 -6.5711E+0001
  284.500 -6.5665E+0001
  284.750 -6.5618E+0001
  285.000 -6.5570E+0001
  285.250 -6.5521E+0001
  285.500 -6.5470E+0001
  285.750 -6.5418E+0001
  286.000 -6.5366E+0001
  286.250 -6.5314E+0001
  286.500 -6.5260E+0001
  286.750 -6.5207E+0001
  287.000 -6.5153E+0001
  287.250 -6.5099E+0001
  287.500 -6.5045E+0001
  287.750 -6.4990E+0001
  288.000 -6.4936E+0001
  288.250 -6.4882E+0001
  288.500 -6.4828E+0001
  288.750 -6.4775E+0001
  289.000 -6.4721E+0001
  289.250 -6.4668E+0001
  289.500 -6.4615E+0001
  289.750 -6.4563E+0001
  290.000 -6.4511E+0001
  290.250 -6.4459E+0001
  290.500 -6.4407E+0001
  290.750 -6.4356E+0001
  291.000 -6.4306E+0001
  291.250 -6.4256E+0001
  291.500 -6.4206E+0001
  291.750 -6.4157E+0001
  292.000 -6.4108E+0001
  292.250 -6.4060E+0001
  292.500 -6.4012E+0001
  292.750 -6.3964E+0001
  293.000 -6.3918E+0001
  293.250 -6.3871E+0001
  293.500 -6.3825E+0001
  293.750 -6.3780E+0001
  294.000 -6.3735E+0001
  294.250 -6.3690E+0001
  294.500 -6.3646E+0001
  294.750 -6.3602E+0001
  295.000 -6.3559E+0001
  295.250 -6.3516E+0001
  295.500 -6.3474E+0001
  295.750 -6.3432E+0001
  296.000 -6.3391E+0001
  296.250 -6.3350E+0001
  296.500 -6.3309E+0001
  296.750 -6.3269E+0001
  297.000 -6.3229E+0001
  297.250 -6.3189E+0001
  297.500 -6.3150E+0001
  297.750 -6.3112E+0001
  298.000 -6.3074E+0001
  298.250 -6.3036E+0001
  298.500 -6.2998E+0001
  298.750 -6.2961E+0001
  299.000 -6.2924E+0001
  299.250 -6.2888E+0001
  299.500 -6.2852E+0001
  299.750 -6.2816E+0001
  300.000 -6.2781E+0001
  300.250 -6.2746E+0001
  300.500 -6.2711E+0001
  300.750 -6.2676E+0001
  301.000 -6.2642E+0001
  301.250 -6.2609E+0001
  301.500 -6.2575E+0001
  301.750 -6.2542E+0001
  302.000 -6.2509E+0001
  302.250 -6.2476E+0001
  302.500 -6.2444E+0001
  302.750 -6.2412E+0001
  303.000 -6.2380E+0001
  303.250 -6.2349E+0001
  303.500 -6.2317E+0001
  303.750 -6.2287E+0001
  304.000 -6.2256E+0001
  304.250 -6.2225E+0001
  304.500 -6.2195E+0001
  304.750 -6.2165E+0001
  305.000 -6.2135E+0001
  305.250 -6.2106E+0001
  305.500 -6.2077E+0001
  305.750 -6.2048E+0001
  306.000 -6.2019E+0001
  306.250 -6.1990E+0001
  306.500 -6.1962E+0001
  306.750 -6.1934E+0001
  307.000 -6.1906E+0001
  307.250 -6.1878E+0001
  307.500 -6.1851E+0001
  307.750 -6.1824E+0001
  308.000 -6.1797E+0001
  308.250 -6.1770E+0001
  308.500 -6.1743E+0001
  308.750 -6.1716E+0001
  309.000 -6.1690E+0001
  309.250 -6.1664E+0001
  309.500 -6.1638E+0001
  309.750 -6.1612E+0001
  310.000 -6.1587E+0001
  310.250 -6.1562E+0001
  310.500 -6.1536E+0001
  310.750 -6.1511E+0001
  311.000 -6.1487E+0001
  311.250 -6.1462E+0001
  311.500 -6.1437E+0001
  311.750 -6.1413E+0001
  312.000 -6.1389E+0001
  312.250 -6.1365E+0001
  312.500 -6.1341E+0001
  312.750 -6.1317E+0001
  313.000 -6.1294E+0001
  313.250 -6.1270E+0001
  313.500 -6.1247E+0001
  313.750 -6.1224E+0001
  314.000 -6.1201E+0001
  314.250 -6.1179E+0001
  314.500 -6.1156E+0001
  314.750 -6.1133E+0001
  315.000 -6.1111E+0001
  315.250 -6.1089E+0001
  315.500 -6.1067E+0001
  315.750 -6.1045E+0001
  316.000 -6.1023E+0001
  316.250 -6.1002E+0001
  316.500 -6.0980E+0001
  316.750 -6.0959E+0001
  317.000 -6.0937E+0001
  317.250 -6.0916E+0001
  317.500 -6.0895E+0001
  317.750 -6.0875E+0001
  318.000 -6.0854E+0001
  318.250 -6.0833E+0001
  318.500 -6.0813E+0001
  318.750 -6.0792E+0001
  319.000 -6.0772E+0001
  319.250 -6.0752E+0001
  319.500 -6.0732E+0001
  319.750 -6.0712E+0001
  320.000 -6.0692E+0001
  320.250 -6.0673E+0001
  320.500 -6.0653E+0001
  320.750 -6.0634E+0001
  321.000 -6.0615E+0001
  321.250 -6.0595E+0001
  321.500 -6.0576E+0001
  321.750 -6.0557E+0001
  322.000 -6.0538E+0001
  322.250 -6.0520E+0001
  322.500 -6.0501E+0001
  322.750 -6.0483E+0001
  323.000 -6.0464E+0001
  323.250 -6.0446E+0001
  323.500 -6.0428E+0001
  323.750 -6.0409E+0001
  324.000 -6.0391E+0001
  324.250 -6.0374E+0001
  324.500 -6.0356E+0001
  324.750 -6.0338E+0001
  325.000 -6.0320E+0001
  325.250 -6.0303E+0001
  325.500 -6.0285E+0001
  325.750 -6.0268E+0001
  326.000 -6.0251E+0001
  326.250 -6.0234E+0001
  326.500 -6.0217E+0001
  326.750 -6.0200E+0001
  327.000 -6.0183E+0001
  327.250 -6.0166E+0001
  327.500 -6.0149E+0001
  327.750 -6.0133E+0001
  328.000 -6.0116E+0001
  328.250 -6.0100E+0001
  328.500 -6.0083E+0001
  328.750 -6.0067E+0001
  329.000 -6.0051E+0001
  329.250 -6.0035E+0001
  329.500 -6.0019E+0001
  329.750 -6.0003E+0001
  330.000 -5.9987E+0001
  330.250 -5.9971E+0001
  330.500 -5.9955E+0001
  330.750 -5.9940E+0001
  331.000 -5.9924E+0001
  331.250 -5.9909E+0001
  331.500 -5.9894E+0001
  331.750 -5.9878E+0001
  332.000 -5.9863E+0001
  332.250 -5.9848E+0001
  332.500 -5.9833E+0001
  332.750 -5.9818E+0001
  333.000 -5.9803E+0001
  333.250 -5.9788E+0001
  333.500 -5.9773E+0001
  333.750 -5.9759E+0001
  334.000 -5.9744E+0001
  334.250 -5.9729E+0001
  334.500 -5.9715E+0001
  334.750 -5.9700E+0001
  335.000 -5.9686E+0001
  335.250 -5.9672E+0001
  335.500 -5.9658E+0001
  335.750 -5.9644E+0001
  336.000 -5.9629E+0001
  336.250 -5.9615E+0001
  336.500 -5.9601E+0001
  336.750 -5.9588E+0001
  337.000 -5.9574E+0001
  337.250 -5.9560E+0001
  337.500 -5.9546E+0001
  337.750 -5.9533E+0001
  338.000 -5.9519E+0001
  338.250 -5.9506E+0001
  338.500 -5.9492E+0001
  338.750 -5.9479E+0001
  339.000 -5.9466E+0001
  339.250 -5.9452E+0001
  339.500 -5.9439E+0001
  339.750 -5.9426E+0001
  340.000 -5.9413E+0001
  340.250 -5.9400E+0001
  340.500 -5.9387E+0001
  340.750 -5.9374E+0001
  341.000 -5.9361E+0001
  341.250 -5.9348E+0001
  341.500 -5.9336E+0001
  341.750 -5.9323E+0001
  342.000 -5.9310E+0001
  342.250 -5.9298E+0001
  342.500 -5.9285E+0001
  342.750 -5.9273E+0001
  343.000 -5.9260E+0001
  343.250 -5.9248E+0001
  343.500 -5.9236E+0001
  343.750 -5.9224E+0001
  344.000 -5.9211E+0001
  344.250 -5.9199E+0001
  344.500 -5.9187E+0001
  344.750 -5.9175E+0001
  345.000 -5.9163E+0001
  345.250 -5.9151E+0001
  345.500 -5.9139E+0001
  345.750 -5.9127E+0001
  346.000 -5.9116E+0001
  346.250 -5.9104E+0001
  346.500 -5.9092E+0001
  346.750 -5.9080E+0001
  347.000 -5.9069E+0001
  347.250 -5.9057E+0001
  347.500 -5.9046E+0001
  347.750 -5.9034E+0001
  348.000 -5.9023E+0001
  348.250 -5.9011E+0001
  348.500 -5.9000E+0001
  348.750 -5.8989E+0001
  349.000 -5.8978E+0001
  349.250 -5.8966E+0001
  349.500 -5.8955E+0001
  349.750 -5.8944E+0001
  350.000 -5.8933E+0001
  350.250 -5.8922E+0001
  350.500 -5.8911E+0001
  350.750 -5.8900E+0001
  351.000 -5.8889E+0001
  351.250 -5.8878E+0001
  351.500 -5.8867E+0001
  351.750 -5.8857E+0001
  352.000 -5.8846E+0001
  352.250 -5.8835E+0001
  352.500 -5.8824E+0001
  352.750 -5.8814E+0001
  353.000 -5.8803E+0001
  353.250 -5.8792E+0001
  353.500 -5.8782E+0001
  353.750 -5.8771E+0001
  354.000 -5.8761E+0001
  354.250 -5.8751E+0001
  354.500 -5.8740E+0001
  354.750 -5.8730E+0001
  355.000 -5.8719E+0001
  355.250 -5.8709E+0001
  355.500 -5.8699E+0001
  355.750 -5.8689E+0001
  356.000 -5.8678E+0001
  356.250 -5.8668E+0001
  356.500 -5.8658E+0001
  356.750 -5.8648E+0001
  357.000 -5.8638E+0001
  357.250 -5.8628E+0001
  357.500 -5.8618E+0001
  357.750 -5.8608E+0001
  358.000 -5.8598E+0001
  358.250 -5.8588E+0001
  358.500 -5.8578E+0001
  358.750 -5.8568E+0001
  359.000 -5.8559E+0001
  359.250 -5.8549E+0001
  359.500 -5.8539E+0001
  359.750 -5.8529E+0001
  360.000 -5.8520E+0001
  360.250 -5.8510E+0001
  360.500 -5.8500E+0001
  360.750 -5.8491E+0001
  361.000 -5.8481E+0001
  361.250 -5.8471E+0001
  361.500 -5.8462E+0001
  361.750 -5.8452E+0001
  362.000 -5.8443E+0001
  362.250 -5.8433E+0001
  362.500 -5.8424E+0001
  362.750 -5.8414E+0001
  363.000 -5.8405E+0001
  363.250 -5.8396E+0001
  363.500 -5.8386E+0001
  363.750 -5.8377E+0001
  364.000 -5.8368E+0001
  364.250 -5.8358E+0001
  364.500 -5.8349E+0001
  364.750 -5.8340E+0001
  365.000 -5.8331E+0001
  365.250 -5.8322E+0001
  365.500 -5.8312E+0001
  365.750 -5.8303E+0001
  366.000 -5.8294E+0001
  366.250 -5.8285E+0001
  366.500 -5.8276E+0001
  366.750 -5.8267E+0001
  367.000 -5.8258E+0001
  367.250 -5.8249E+0001
  367.500 -5.8240E+0001
  367.750 -5.8231E+0001
  368.000 -5.8222E+0001
  368.250 -5.8213E+0001
  368.500 -5.8204E+0001
  368.750 -5.8195E+0001
  369.000 -5.8186E+0001
  369.250 -5.8177E+0001
  369.500 -5.8168E+0001
  369.750 -5.8159E+0001
  370.000 -5.8150E+0001
  370.250 -5.8142E+0001
  370.500 -5.8133E+0001
  370.750 -5.8124E+0001
  371.000 -5.8115E+0001
  371.250 -5.8106E+0001
  371.500 -5.8098E+0001
  371.750 -5.8089E+0001
  372.000 -5.8080E+0001
  372.250 -5.8071E+0001
  372.500 -5.8063E+0001
  372.750 -5.8054E+0001
  373.000 -5.8045E+0001
  373.250 -5.8037E+0001
  373.500 -5.8028E+0001
  373.750 -5.8019E+0001
  374.000 -5.8011E+0001
  374.250 -5.8002E+0001
  374.500 -5.7993E+0001
  374.750 -5.7985E+0001
  375.000 -5.7976E+0001
  375.250 -5.7967E+0001
  375.500 -5.7959E+0001
  375.750 -5.7950E+0001
  376.000 -5.7942E+0001
  376.250 -5.7933E+0001
  376.500 -5.7924E+0001
  376.750 -5.7916E+0001
  377.000 -5.7907E+0001
  377.250 -5.7899E+0001
  377.500 -5.7890E+0001
  377.750 -5.7882E+0001
  378.000 -5.7873E+0001
  378.250 -5.7865E+0001
  378.500 -5.7856E+0001
  378.750 -5.7848E+0001
  379.000 -5.7839E+0001
  379.250 -5.7830E+0001
  379.500 -5.7822E+0001
  379.750 -5.7813E+0001
  380.000 -5.7805E+0001
  380.250 -5.7796E+0001
  380.500 -5.7788E+0001
  380.750 -5.7779E+0001
  381.000 -5.7771E+0001
  381.250 -5.7762E+0001
  381.500 -5.7754E+0001
  381.750 -5.7745E+0001
  382.000 -5.7737E+0001
  382.250 -5.7728E+0001
  382.500 -5.7719E+0001
  382.750 -5.7711E+0001
  383.000 -5.7702E+0001
  383.250 -5.7694E+0001
  383.500 -5.7685E+0001
  383.750 -5.7677E+0001
  384.000 -5.7668E+0001
  384.250 -5.7659E+0001
  384.500 -5.7651E+0001
  384.750 -5.7642E+0001
  385.000 -5.7633E+0001
  385.250 -5.7625E+0001
  385.500 -5.7616E+0001
  385.750 -5.7607E+0001
  386.000 -5.7599E+0001
  386.250 -5.7590E+0001
  386.500 -5.7581E+0001
  386.750 -5.7573E+0001
  387.000 -5.7564E+0001
  387.250 -5.7555E+0001
  387.500 -5.7546E+0001
  387.750 -5.7538E+0001
  388.000 -5.7529E+0001
  388.250 -5.7520E+0001
  388.500 -5.7511E+0001
  388.750 -5.7502E+0001
  389.000 -5.7493E+0001
  389.250 -5.7484E+0001
  389.500 -5.7475E+0001
  389.750 -5.7466E+0001
  390.000 -5.7457E+0001
  390.250 -5.7448E+0001
  390.500 -5.7439E+0001
  390.750 -5.7430E+0001
  391.000 -5.7421E+0001
  391.250 -5.7412E+0001
  391.500 -5.7403E+0001
  391.750 -5.7393E+0001
  392.000 -5.7384E+0001
  392.250 -5.7375E+0001
  392.500 -5.7366E+0001
  392.750 -5.7356E+0001
  393.000 -5.7347E+0001
  393.250 -5.7337E+0001
  393.500 -5.7328E+0001
  393.750 -5.7318E+0001
  394.000 -5.7309E+0001
  394.250 -5.7299E+0001
  394.500 -5.7289E+0001
  394.750 -5.7280E+0001
  395.000 -5.7270E+0001
  395.250 -5.7260E+0001
  395.500 -5.7250E+0001
  395.750 -5.7240E+0001
  396.000 -5.7230E+0001
  396.250 -5.7220E+0001
  396.500 -5.7210E+0001
  396.750 -5.7199E+0001
  397.000 -5.7189E+0001
  397.250 -5.7179E+0001
  397.500 -5.7168E+0001
  397.750 -5.7158E+0001
  398.000 -5.7147E+0001
  398.250 -5.7136E+0001
  398.500 -5.7125E+0001
  398.750 -5.7114E+0001
  399.000 -5.7103E+0001
  399.250 -5.7092E+0001
  399.500 -5.7081E+0001
  399.750 -5.7070E+0001
  400.000 -5.7058E+0001
  400.250 -5.7047E+0001
  400.500 -5.7035E+0001
  400.750 -5.7023E+0001
  401.000 -5.7011E+0001
  401.250 -5.6999E+0001
  401.500 -5.6987E+0001
  401.750 -5.6975E+0001
  402.000 -5.6962E+0001
  402.250 -5.6949E+0001
  402.500 -5.6936E+0001
  402.750 -5.6923E+0001
  403.000 -5.6910E+0001
  403.250 -5.6897E+0001
  403.500 -5.6883E+0001
  403.750 -5.6869E+0001
  404.000 -5.6855E+0001
  404.250 -5.6841E+0001
  404.500 -5.6826E+0001
  404.750 -5.6812E+0001
  405.000 -5.6797E+0001
  405.250 -5.6781E+0001
  405.500 -5.6766E+0001
  405.750 -5.6750E+0001
  406.000 -5.6733E+0001
  406.250 -5.6717E+0001
  406.500 -5.6700E+0001
  406.750 -5.6682E+0001
  407.000 -5.6665E+0001
  407.250 -5.6646E+0001
  407.500 -5.6628E+0001
  407.750 -5.6609E+0001
  408.000 -5.6589E+0001
  408.250 -5.6569E+0001
  408.500 -5.6548E+0001
  408.750 -5.6526E+0001
  409.000 -5.6504E+0001
  409.250 -5.6481E+0001
  409.500 -5.6457E+0001
  409.750 -5.6433E+0001
  410.000 -5.6407E+0001
  410.250 -5.6381E+0001
  410.500 -5.6353E+0001
  410.750 -5.6324E+0001
  411.000 -5.6294E+0001
  411.250 -5.6262E+0001
  411.500 -5.6229E+0001
  411.750 -5.6194E+0001
  412.000 -5.6158E+0001
  412.250 -5.6119E+0001
  412.500 -5.6077E+0001
  412.750 -5.6033E+0001
  413.000 -5.5986E+0001
  413.250 -5.5935E+0001
  413.500 -5.5880E+0001
  413.750 -5.5820E+0001
  414.000 -5.5754E+0001
  414.250 -5.5682E+0001
  414.500 -5.5601E+0001
  414.750 -5.5510E+0001
  415.000 -5.5407E+0001
  415.250 -5.5287E+0001
  415.500 -5.5145E+0001
  415.750 -5.4973E+0001
  416.000 -5.4757E+0001
  416.250 -5.4471E+0001
  416.500 -5.4059E+0001
  416.750 -5.3376E+0001
  417.000 -5.1752E+0001
  417.250 -3.9810E+0001
  417.500 -1.4568E+0001
  417.750  1.2993E+0000
  418.000  7.7274E+0000
  418.250  7.3438E+0000
  418.500  2.0589E+0000
  418.750 -6.2078E+0000
  419.000 -1.5502E+0001
  419.250 -2.4313E+0001
  419.500 -3.1889E+0001
  419.750 -3.8087E+0001
  420.000 -4.3072E+0001
  420.250 -4.7137E+0001
  420.500 -5.0451E+0001
  420.750 -5.3158E+0001
  421.000 -5.5366E+0001
  421.250 -5.7165E+0001
  421.500 -5.8636E+0001
  421.750 -5.9846E+0001
  422.000 -6.0848E+0001
  422.250 -6.1682E+0001
  422.500 -6.2380E+0001
  422.750 -6.2967E+0001
  423.000 -6.3462E+0001
  423.250 -6.3879E+0001
  423.500 -6.4233E+0001
  423.750 -6.4532E+0001
  424.000 -6.4785E+0001
  424.250 -6.4998E+0001
  424.500 -6.5178E+0001
  424.750 -6.5328E+0001
  425.000 -6.5453E+0001
  425.250 -6.5556E+0001
  425.500 -6.5640E+0001
  425.750 -6.5706E+0001
  426.000 -6.5759E+0001
  426.250 -6.5798E+0001
  426.500 -6.5826E+0001
  426.750 -6.5843E+0001
  427.000 -6.5852E+0001
  427.250 -6.5853E+0001
  427.500 -6.5847E+0001
  427.750 -6.5834E+0001
  428.000 -6.5816E+0001
  428.250 -6.5794E+0001
  428.500 -6.5766E+0001
  428.750 -6.5736E+0001
  429.000 -6.5701E+0001
  429.250 -6.5664E+0001
  429.500 -6.5624E+0001
  429.750 -6.5582E+0001
  430.000 -6.5538E+0001
  430.250 -6.5492E+0001
  430.500 -6.5445E+0001
  430.750 -6.5396E+0001
  431.000 -6.5347E+0001
  431.250 -6.5296E+0001
  431.500 -6.5245E+0001
  431.750 -6.5193E+0001
  432.000 -6.5141E+0001
  432.250 -6.5088E+0001
  432.500 -6.5035E+0001
  432.750 -6.4982E+0001
  433.000 -6.4929E+0001
  433.250 -6.4875E+0001
  433.500 -6.4822E+0001
  433.750 -6.4769E+0001
  434.000 -6.4716E+0001
  434.250 -6.4664E+0001
  434.500 -6.4612E+0001
  434.750 -6.4560E+0001
  435.000 -6.4508E+0001
  435.250 -6.4457E+0001
  435.500 -6.4406E+0001
  435.750 -6.4355E+0001
  436.000 -6.4305E+0001
  436.250 -6.4256E+0001
  436.500 -6.4207E+0001
  436.750 -6.4158E+0001
  437.000 -6.4110E+0001
  437.250 -6.4062E+0001
  437.500 -6.4015E+0001
  437.750 -6.3969E+0001
  438.000 -6.3922E+0001
  438.250 -6.3877E+0001
  438.500 -6.3832E+0001
  438.750 -6.3787E+0001
  439.000 -6.3743E+0001
  439.250 -6.3699E+0001
  439.500 -6.3656E+0001
  439.750 -6.3614E+0001
  440.000 -6.3571E+0001
  440.250 -6.3530E+0001
  440.500 -6.3489E+0001
  440.750 -6.3448E+0001
  441.000 -6.3408E+0001
  441.250 -6.3368E+0001
  441.500 -6.3328E+0001
  441.750 -6.3290E+0001
  442.000 -6.3251E+0001
  442.250 -6.3213E+0001
  442.500 -6.3175E+0001
  442.750 -6.3138E+0001
  443.000 -6.3101E+0001
  443.250 -6.3065E+0001
  443.500 -6.3029E+0001
  443.750 -6.2993E+0001
  444.000 -6.2958E+0001
  444.250 -6.2923E+0001
  444.500 -6.2889E+0001
  444.750 -6.2855E+0001
  445.000 -6.2821E+0001
  445.250 -6.2787E+0001
  445.500 -6.2754E+0001
  445.750 -6.2722E+0001
  446.000 -6.2689E+0001
  446.250 -6.2657E+0001
  446.500 -6.2625E+0001
  446.750 -6.2594E+0001
  447.000 -6.2563E+0001
  447.250 -6.2532E+0001
  447.500 -6.2501E+0001
  447.750 -6.2471E+0001
  448.000 -6.2441E+0001
  448.250 -6.2411E+0001
  448.500 -6.2382E+0001
  448.750 -6.2352E+0001
  449.000 -6.2324E+0001
  449.250 -6.2295E+0001
  449.500 -6.2266E+0001
  449.750 -6.2238E+0001
  450.000 -6.2210E+0001
  450.250 -6.2183E+0001
  450.500 -6.2155E+0001
  450.750 -6.2128E+0001
  451.000 -6.2101E+0001
  451.250 -6.2074E+0001
  451.500 -6.2048E+0001
  451.750 -6.2021E+0001
  452.000 -6.1995E+0001
  452.250 -6.1969E+0001
  452.500 -6.1944E+0001
  452.750 -6.1918E+0001
  453.000 -6.1893E+0001
  453.250 -6.1868E+0001
  453.500 -6.1843E+0001
  453.750 -6.1818E+0001
  454.000 -6.1794E+0001
  454.250 -6.1769E+0001
  454.500 -6.1745E+0001
  454.750 -6.1721E+0001
  455.000 -6.1698E+0001
  455.250 -6.1674E+0001
  455.500 -6.1651E+0001
  455.750 -6.1627E+0001
  456.000 -6.1604E+0001
  456.250 -6.1581E+0001
  456.500 -6.1558E+0001
  456.750 -6.1536E+0001
  457.000 -6.1513E+0001
  457.250 -6.1491E+0001
  457.500 -6.1469E+0001
  457.750 -6.1447E+0001
  458.000 -6.1425E+0001
  458.250 -6.1403E+0001
  458.500 -6.1382E+0001
  458.750 -6.1360E+0001
  459.000 -6.1339E+0001
  459.250 -6.1318E+0001
  459.500 -6.1297E+0001
  459.750 -6.1276E+0001
  460.000 -6.1256E+0001
  460.250 -6.1235E+0001
  460.500 -6.1215E+0001
  460.750 -6.1194E+0001
  461.000 -6.1174E+0001
  461.250 -6.1154E+0001
  461.500 -6.1134E+0001
  461.750 -6.1114E+0001
  462.000 -6.1095E+0001
  462.250 -6.1075E+0001
  462.500 -6.1056E+0001
  462.750 -6.1036E+0001
  463.000 -6.1017E+0001
  463.250 -6.0998E+0001
  463.500 -6.0979E+0001
  463.750 -6.0960E+0001
  464.000 -6.0942E+0001
  464.250 -6.0923E+0001
  464.500 -6.0905E+0001
  464.750 -6.0886E+0001
  465.000 -6.0868E+0001
  465.250 -6.0850E+0001
  465.500 -6.0832E+0001
  465.750 -6.0814E+0001
  466.000 -6.0796E+0001
  466.250 -6.0778E+0001
  466.500 -6.0760E+0001
  466.750 -6.0743E+0001
  467.000 -6.0725E+0001
  467.250 -6.0708E+0001
  467.500 -6.0691E+0001
  467.750 -6.0674E+0001
  468.000 -6.0657E+0001
  468.250 -6.0640E+0001
  468.500 -6.0623E+0001
  468.750 -6.0606E+0001
  469.000 -6.0589E+0001
  469.250 -6.0573E+0001
  469.500 -6.0556E+0001
  469.750 -6.0540E+0001
  470.000 -6.0524E+0001
  470.250 -6.0507E+0001
  470.500 -6.0491E+0001
  470.750 -6.0475E+0001
  471.000 -6.0459E+0001
  471.250 -6.0443E+0001
  471.500 -6.0428E+0001
  471.750 -6.0412E+0001
  472.000 -6.0396E+0001
  472.250 -6.0381E+0001
  472.500 -6.0365E+0001
  472.750 -6.0350E+0001
  473.000 -6.0335E+0001
  473.250 -6.0320E+0001
  473.500 -6.0304E+0001
  473.750 -6.0289E+0001
  474.000 -6.0274E+0001
  474.250 -6.0260E+0001
  474.500 -6.0245E+0001
  474.750 -6.0230E+0001
  475.000 -6.0215E+0001
  475.250 -6.0201E+0001
  475.500 -6.0186E+0001
  475.750 -6.0172E+0001
  476.000 -6.0158E+0001
  476.250 -6.0143E+0001
  476.500 -6.0129E+0001
  476.750 -6.0115E+0001
  477.000 -6.0101E+0001
  477.250 -6.0087E+0001
  477.500 -6.0073E+0001
  477.750 -6.0059E+0001
  478.000 -6.0045E+0001
  478.250 -6.0032E+0001
  478.500 -6.0018E+0001
  478.750 -6.0004E+0001
  479.000 -5.9991E+0001
  479.250 -5.9977E+0001
  479.500 -5.9964E+0001
  479.750 -5.9951E+0001
  480.000 -5.9937E+0001
  480.250 -5.9924E+0001
  480.500 -5.9911E+0001
  480.750 -5.9898E+0001
  481.000 -5.9885E+0001
  481.250 -5.9872E+0001
  481.500 -5.9859E+0001
  481.750 -5.9847E+0001
  482.000 -5.9834E+0001
  482.250 -5.9821E+0001
  482.500 -5.9808E+0001
  482.750 -5.9796E+0001
  483.000 -5.9783E+0001
  483.250 -5.9771E+0001
  483.500 -5.9759E+0001
  483.750 -5.9746E+0001
  484.000 -5.9734E+0001
  484.250 -5.9722E+0001
  484.500 -5.9710E+0001
  484.750 -5.9697E+0001
  485.000 -5.9685E+0001
  485.250 -5.9673E+0001
  485.500 -5.9661E+0001
  485.750 -5.9650E+0001
  486.000 -5.9638E+0001
  486.250 -5.9626E+0001
  486.500 -5.9614E+0001
  486.750 -5.9603E+0001
  487.000 -5.9591E+0001
  487.250 -5.9579E+0001
  487.500 -5.9568E+0001
  487.750 -5.9556E+0001
  488.000 -5.9545E+0001
  488.250 -5.9534E+0001
  488.500 -5.9522E+0001
  488.750 -5.9511E+0001
  489.000 -5.9500E+0001
  489.250 -5.9489E+0001
  489.500 -5.9477E+0001
  489.750 -5.9466E+0001
  490.000 -5.9455E+0001
  490.250 -5.9444E+0001
  490.500 -5.9433E+0001
  490.750 -5.9423E+0001
  491.000 -5.9412E+0001
  491.250 -5.9401E+0001
  491.500 -5.9390E+0001
  491.750 -5.9380E+0001
  492.000 -5.9369E+0001
  492.250 -5.9358E+0001
  492.500 -5.9348E+0001
  492.750 -5.9337E+0001
  493.000 -5.9327E+0001
  493.250 -5.9316E+0001
  493.500 -5.9306E+0001
  493.750 -5.9296E+0001
  494.000 -5.9285E+0001
  494.250 -5.9275E+0001
  494.500 -5.9265E+0001
  494.750 -5.9255E+0001
  495.000 -5.9244E+0001
  495.250 -5.9234E+0001
  495.500 -5.9224E+0001
  495.750 -5.9214E+0001
  496.000 -5.9204E+0001
  496.250 -5.9194E+0001
  496.500 -5.9184E+0001
  496.750 -5.9175E+0001
  497.000 -5.9165E+0001
  497.250 -5.9155E+0001
  497.500 -5.9145E+0001
  497.750 -5.9136E+0001
  498.000 -5.9126E+0001
  498.250 -5.9116E+0001
  498.500 -5.9107E+0001
  498.750 -5.9097E+0001
  499.000 -5.9088E+0001
  499.250 -5.9078E+0001
  499.500 -5.9069E+0001
  499.750 -5.9059E+0001
  500.000 -5.9050E+0001
  500.250 -5.9375E+0001
  500.500 -5.9690E+0001
  500.750 -5.9995E+0001
  501.000 -6.0290E+0001
  501.250 -6.0575E+0001
  501.500 -6.0851E+0001
  501.750 -6.1117E+0001
  502.000 -6.1374E+0001
  502.250 -6.1622E+0001
  502.500 -6.1861E+0001
  502.750 -6.2092E+0001
  503.000 -6.2315E+0001
  503.250 -6.2531E+0001
  503.500 -6.2738E+0001
  503.750 -6.2939E+0001
  504.000 -6.3132E+0001
  504.250 -6.3319E+0001
  504.500 -6.3499E+0001
  504.750 -6.3672E+0001
  505.000 -6.3840E+0001
  505.250 -6.4001E+0001
  505.500 -6.4157E+0001
  505.750 -6.4307E+0001
  506.000 -6.4452E+0001
  506.250 -6.4591E+0001
  506.500 -6.4726E+0001
  506.750 -6.4856E+0001
  507.000 -6.4981E+0001
  507.250 -6.5102E+0001
  507.500 -6.5218E+0001
  507.750 -6.5330E+0001
  508.000 -6.5438E+0001
  508.250 -6.5542E+0001
  508.500 -6.5643E+0001
  508.750 -6.5740E+0001
  509.000 -6.5833E+0001
  509.250 -6.5923E+0001
  509.500 -6.6009E+0001
  509.750 -6.6093E+0001
  510.000 -6.6173E+0001
  510.250 -6.6251E+0001
  510.500 -6.6325E+0001
  510.750 -6.6397E+0001
  511.000 -6.6466E+0001
  511.250 -6.6533E+0001
  511.500 -6.6597E+0001
  511.750 -6.6659E+0001
  512.000 -6.6718E+0001
  512.250 -6.6775E+0001
  512.500 -6.6830E+0001
  512.750 -6.6883E+0001
  513.000 -6.6934E+0001
  513.250 -6.6983E+0001
  513.500 -6.7030E+0001
  513.750 -6.7076E+0001
  514.000 -6.7119E+0001
  514.250 -6.7161E+0001
  514.500 -6.7201E+0001
  514.750 -6.7240E+0001
  515.000 -6.7277E+0001
  515.250 -6.7313E+0001
  515.500 -6.7347E+0001
  515.750 -6.7380E+0001
  516.000 -6.7412E+0001
  516.250 -6.7442E+0001
  516.500 -6.7471E+0001
  516.750 -6.7499E+0001
  517.000 -6.7526E+0001
  517.250 -6.7552E+0001
  517.500 -6.7576E+0001
  517.750 -6.7600E+0001
  518.000 -6.7623E+0001
  518.250 -6.7644E+0001
  518.500 -6.7665E+0001
  518.750 -6.7685E+0001
  519.000 -6.7704E+0001
  519.250 -6.7722E+0001
  519.500 -6.7739E+0001
  519.750 -6.7756E+0001
  520.000 -6.7771E+0001
  520.250 -6.7786E+0001
  520.500 -6.7801E+0001
  520.750 -6.7814E+0001
  521.000 -6.7827E+0001
  521.250 -6.7840E+0001
  521.500 -6.7852E+0001
  521.750 -6.7863E+0001
  522.000 -6.7873E+0001
  522.250 -6.7884E+0001
  522.500 -6.7893E+0001
  522.750 -6.7902E+0001
  523.000 -6.7911E+0001
  523.250 -6.7919E+0001
  523.500 -6.7926E+0001
  523.750 -6.7934E+0001
  524.000 -6.7940E+0001
  524.250 -6.7947E+0001
  524.500 -6.7953E+0001
  524.750 -6.7958E+0001
  525.000 -6.7964E+0001
  525.250 -6.7968E+0001
  525.500 -6.7973E+0001
  525.750 -6.7977E+0001
  526.000 -6.7981E+0001
  526.250 -6.7985E+0001
  526.500 -6.7988E+0001
  526.750 -6.7991E+0001
  527.000 -6.7994E+0001
  527.250 -6.7996E+0001
  527.500 -6.7998E+0001
  527.750 -6.8000E+0001
  528.000 -6.8002E+0001
  528.250 -6.8003E+0001
  528.500 -6.8005E+0001
  528.750 -6.8006E+0001
  529.000 -6.8007E+0001
  529.250 -6.8007E+0001
  529.500 -6.8008E+0001
  529.750 -6.8008E+0001
  530.000 -6.8008E+0001
  530.250 -6.8008E+0001
  530.500 -6.8008E+0001
  530.750 -6.8008E+0001
  531.000 -6.8007E+0001
  531.250 -6.8007E+0001
  531.500 -6.8006E+0001
  531.750 -6.8005E+0001
  532.000 -6.8004E+0001
  532.250 -6.8003E+0001
  532.500 -6.8001E+0001
  532.750 -6.8000E+0001
  533.000 -6.7999E+0001
  533.250 -6.7997E+0001
  533.500 -6.7995E+0001
  533.750 -6.7993E+0001
  534.000 -6.7992E+0001
  534.250 -6.7990E+0001
  534.500 -6.7988E+0001
  534.750 -6.7985E+0001
  535.000 -6.7983E+0001
  535.250 -6.7981E+0001
  535.500 -6.7979E+0001
  535.750 -6.7976E+0001
  536.000 -6.7974E+0001
  536.250 -6.7971E+0001
  536.500 -6.7969E+0001
  536.750 -6.7966E+0001
  537.000 -6.7963E+0001
  537.250 -6.7961E+0001
  537.500 -6.7958E+0001
  537.750 -6.7955E+0001
  538.000 -6.7952E+0001
  538.250 -6.7949E+0001
  538.500 -6.7946E+0001
  538.750 -6.7943E+0001
  539.000 -6.7940E+0001
  539.250 -6.7937E+0001
  539.500 -6.7934E+0001
  539.750 -6.7931E+0001
  540.000 -6.7928E+0001
  540.250 -6.7925E+0001
  540.500 -6.7922E+0001
  540.750 -6.7918E+0001
  541.000 -6.7915E+0001
  541.250 -6.7912E+0001
  541.500 -6.7909E+0001
  541.750 -6.7905E+0001
  542.000 -6.7902E+0001
  542.250 -6.7899E+0001
  542.500 -6.7895E+0001
  542.750 -6.7892E+0001
  543.000 -6.7889E+0001
  543.250 -6.7885E+0001
  543.500 -6.7882E+0001
  543.750 -6.7879E+0001
  544.000 -6.7875E+0001
  544.250 -6.7872E+0001
  544.500 -6.7869E+0001
  544.750 -6.7865E+0001
  545.000 -6.7862E+0001
  545.250 -6.7858E+0001
  545.500 -6.7855E+0001
  545.750 -6.7852E+0001
  546.000 -6.7848E+0001
  546.250 -6.7845E+0001
  546.500 -6.7841E+0001
  546.750 -6.7838E+0001
  547.000 -6.7835E+0001
  547.250 -6.7831E+0001
  547.500 -6.7828E+0001
  547.750 -6.7824E+0001
  548.000 -6.7821E+0001
  548.250 -6.7818E+0001
  548.500 -6.7814E+0001
  548.750 -6.7811E+0001
  549.000 -6.7808E+0001
  549.250 -6.7804E+0001
  549.500 -6.7801E+0001
  549.750 -6.7798E+0001
  550.000 -6.7794E+0001
  550.250 -6.7791E+0001
  550.500 -6.7788E+0001
  550.750 -6.7784E+0001
  551.000 -6.7781E+0001
  551.250 -6.7778E+0001
  551.500 -6.7774E+0001
  551.750 -6.7771E+0001
  552.000 -6.7768E+0001
  552.250 -6.7765E+0001
  552.500 -6.7761E+0001
  552.750 -6.7758E+0001
  553.000 -6.7755E+0001
  553.250 -6.7752E+0001
  553.500 -6.7749E+0001
  553.750 -6.7745E+0001
  554.000 -6.7742E+0001
  554.250 -6.7739E+0001
  554.500 -6.7736E+0001
  554.750 -6.7733E+0001
  555.000 -6.7730E+0001
  555.250 -6.7727E+0001
  555.500 -6.7723E+0001
  555.750 -6.7720E+0001
  556.000 -6.7717E+0001
  556.250 -6.7714E+0001
  556.500 -6.7711E+0001
  556.750 -6.7708E+0001
  557.000 -6.7705E+0001
  557.250 -6.7702E+0001
  557.500 -6.7699E+0001
  557.750 -6.7696E+0001
  558.000 -6.7693E+0001
  558.250 -6.7690E+0001
  558.500 -6.7687E+0001
  558.750 -6.7684E+0001
  559.000 -6.7681E+0001
  559.250 -6.7678E+0001
  559.500 -6.7676E+0001
  559.750 -6.7673E+0001
  560.000 -6.7670E+0001
  560.250 -6.7667E+0001
  560.500 -6.7664E+0001
  560.750 -6.7661E+0001
  561.000 -6.7658E+0001
  561.250 -6.7656E+0001
  561.500 -6.7653E+0001
  561.750 -6.7650E+0001
  562.000 -6.7647E+0001
  562.250 -6.7645E+0001
  562.500 -6.7642E+0001
  562.750 -6.7639E+0001
  563.000 -6.7636E+0001
  563.250 -6.7634E+0001
  563.500 -6.7631E+0001
  563.750 -6.7628E+0001
  564.000 -6.7626E+0001
  564.250 -6.7623E+0001
  564.500 -6.7620E+0001
  564.750 -6.7618E+0001
  565.000 -6.7615E+0001
  565.250 -6.7612E+0001
  565.500 -6.7610E+0001
  565.750 -6.7607E+0001
  566.000 -6.7605E+0001
  566.250 -6.7602E+0001
  566.500 -6.7600E+0001
  566.750 -6.7597E+0001
  567.000 -6.7595E+0001
  567.250 -6.7592E+0001
  567.500 -6.7590E+0001
  567.750 -6.7587E+0001
  568.000 -6.7585E+0001
  568.250 -6.7582E+0001
  568.500 -6.7580E+0001
  568.750 -6.7577E+0001
  569.000 -6.7575E+0001
  569.250 -6.7573E+0001
  569.500 -6.7570E+0001
  569.750 -6.7568E+0001
  570.000 -6.7565E+0001
  570.250 -6.7563E+0001
  570.500 -6.7561E+0001
  570.750 -6.7558E+0001
  571.000 -6.7556E+0001
  571.250 -6.7554E+0001
  571.500 -6.7551E+0001
  571.750 -6.7549E+0001
  572.000 -6.7547E+0001
  572.250 -6.7545E+0001
  572.500 -6.7542E+0001
  572.750 -6.7540E+0001
  573.000 -6.7538E+0001
  573.250 -6.7536E+0001
  573.500 -6.7533E+0001
  573.750 -6.7531E+0001
  574.000 -6.7529E+0001
  574.250 -6.7527E+0001
  574.500 -6.7525E+0001
  574.750 -6.7522E+0001
  575.000 -6.7520E+0001
  575.250 -6.7518E+0001
  575.500 -6.7516E+0001
  575.750 -6.7514E+0001
  576.000 -6.7512E+0001
  576.250 -6.7510E+0001
  576.500 -6.7507E+0001
  576.750 -6.7505E+0001
  577.000 -6.7503E+0001
  577.250 -6.7501E+0001
  577.500 -6.7499E+0001
  577.750 -6.7497E+0001
  578.000 -6.7495E+0001
  578.250 -6.7493E+0001
  578.500 -6.7491E+0001
  578.750 -6.7489E+0001
  579.000 -6.7487E+0001
  579.250 -6.7485E+0001
  579.500 -6.7483E+0001
  579.750 -6.7481E+0001
  580.000 -6.7479E+0001
  580.250 -6.7477E+0001
  580.500 -6.7475E+0001
  580.750 -6.7473E+0001
  581.000 -6.7471E+0001
  581.250 -6.7469E+0001
  581.500 -6.7467E+0001
  581.750 -6.7465E+0001
  582.000 -6.7464E+0001
  582.250 -6.7462E+0001
  582.500 -6.7460E+0001
  582.750 -6.7458E+0001
  583.000 -6.7456E+0001
  583.250 -6.7454E+0001
  583.500 -6.7452E+0001
  583.750 -6.7451E+0001
  584.000 -6.7449E+0001
  584.250 -6.7447E+0001
  584.500 -6.7445E+0001
  584.750 -6.7443E+0001
  585.000 -6.7441E+0001
  585.250 -6.7440E+0001
  585.500 -6.7438E+0001
  585.750 -6.7436E+0001
  586.000 -6.7434E+0001
  586.250 -6.7432E+0001
  586.500 -6.7431E+0001
  586.750 -6.7429E+0001
  587.000 -6.7427E+0001
  587.250 -6.7425E+0001
  587.500 -6.7424E+0001
  587.750 -6.7422E+0001
  588.000 -6.7420E+0001
  588.250 -6.7419E+0001
  588.500 -6.7417E+0001
  588.750 -6.7415E+0001
  589.000 -6.7413E+0001
  589.250 -6.7412E+0001
  589.500 -6.7410E+0001
  589.750 -6.7408E+0001
  590.000 -6.7407E+0001
  590.250 -6.7405E+0001
  590.500 -6.7403E+0001
  590.750 -6.7402E+0001
  591.000 -6.7400E+0001
  591.250 -6.7399E+0001
  591.500 -6.7397E+0001
  591.750 -6.7395E+0001
  592.000 -6.7394E+0001
  592.250 -6.7392E+0001
  592.500 -6.7390E+0001
  592.750 -6.7389E+0001
  593.000 -6.7387E+0001
  593.250 -6.7386E+0001
  593.500 -6.7384E+0001
  593.750 -6.7382E+0001
  594.000 -6.7381E+0001
  594.250 -6.7379E+0001
  594.500 -6.7378E+0001
  594.750 -6.7376E+0001
  595.000 -6.7375E+0001
  595.250 -6.7373E+0001
  595.500 -6.7372E+0001
  595.750 -6.7370E+0001
  596.000 -6.7369E+0001
  596.250 -6.7367E+0001
  596.500 -6.7366E+0001
  596.750 -6.7364E+0001
  597.000 -6.7362E+0001
  597.250 -6.7361E+0001
  597.500 -6.7359E+0001
  597.750 -6.7358E+0001
  598.000 -6.7357E+0001
  598.250 -6.7355E+0001
  598.500 -6.7354E+0001
  598.750 -6.7352E+0001
  599.000 -6.7351E+0001
  599.250 -6.7349E+0001
  599.500 -6.7348E+0001
  599.750 -6.7346E+0001
