    0.050   -65.564
    0.100   -65.429
    0.150   -65.295
    0.200   -65.161
    0.250   -65.027
    0.300   -64.894
    0.350   -64.761
    0.400   -64.629
    0.450   -64.497
    0.500   -64.366
    0.550   -64.235
    0.600   -64.104
    0.650   -63.974
    0.700   -63.845
    0.750   -63.716
    0.800   -63.587
    0.850   -63.459
    0.900   -63.331
    0.950   -63.204
    1.000   -63.077
    1.050   -62.951
    1.100   -62.825
    1.150   -62.700
    1.200   -62.574
    1.250   -62.450
    1.300   -62.326
    1.350   -62.202
    1.400   -62.079
    1.450   -61.956
    1.500   -61.833
    1.550   -61.711
    1.600   -61.590
    1.650   -61.468
    1.700   -61.348
    1.750   -61.227
    1.800   -61.107
    1.850   -60.988
    1.900   -60.869
    1.950   -60.750
    2.000   -60.632
    2.050   -60.514
    2.100   -60.396
    2.150   -60.279
    2.200   -60.162
    2.250   -60.046
    2.300   -59.930
    2.350   -59.815
    2.400   -59.699
    2.450   -59.584
    2.500   -59.470
    2.550   -59.356
    2.600   -59.242
    2.650   -59.129
    2.700   -59.015
    2.750   -58.903
    2.800   -58.790
    2.850   -58.678
    2.900   -58.566
    2.950   -58.454
    3.000   -58.343
    3.050   -58.232
    3.100   -58.121
    3.150   -58.010
    3.200   -57.899
    3.250   -57.789
    3.300   -57.678
    3.350   -57.568
    3.400   -57.458
    3.450   -57.347
    3.500   -57.237
    3.550   -57.126
    3.600   -57.016
    3.650   -56.904
    3.700   -56.793
    3.750   -56.681
    3.800   -56.569
    3.850   -56.456
    3.900   -56.342
    3.950   -56.227
    4.000   -56.111
    4.050   -55.994
    4.100   -55.875
    4.150   -55.754
    4.200   -55.631
    4.250   -55.506
    4.300   -55.377
    4.350   -55.245
    4.400   -55.109
    4.450   -54.968
    4.500   -54.821
    4.550   -54.667
    4.600   -54.504
    4.650   -54.330
    4.700   -54.144
    4.750   -53.940
    4.800   -53.715
    4.850   -53.462
    4.900   -53.170
    4.950   -52.823
    5.000   -52.392
    5.050   -51.827
    5.100   -51.020
    5.150   -49.712
    5.200   -47.274
    5.250   -43.205
    5.300   -38.088
    5.350   -32.477
    5.400   -26.808
    5.450   -21.357
    5.500   -16.280
    5.550   -11.653
    5.600    -7.502
    5.650    -3.821
    5.700    -0.591
    5.750     2.214
    5.800     4.620
    5.850     6.651
    5.900     8.329
    5.950     9.671
    6.000    10.691
    6.050    11.402
    6.100    11.815
    6.150    11.939
    6.200    11.785
    6.250    11.362
    6.300    10.682
    6.350     9.759
    6.400     8.608
    6.450     7.246
    6.500     5.690
    6.550     3.963
    6.600     2.086
    6.650     0.083
    6.700    -2.022
    6.750    -4.206
    6.800    -6.443
    6.850    -8.711
    6.900   -10.988
    6.950   -13.254
    7.000   -15.491
    7.050   -17.684
    7.100   -19.821
    7.150   -21.893
    7.200   -23.892
    7.250   -25.812
    7.300   -27.652
    7.350   -29.408
    7.400   -31.082
    7.450   -32.673
    7.500   -34.183
    7.550   -35.615
    7.600   -36.971
    7.650   -38.254
    7.700   -39.467
    7.750   -40.614
    7.800   -41.701
    7.850   -42.731
    7.900   -43.709
    7.950   -44.638
    8.000   -45.519
    8.050   -46.356
    8.100   -47.149
    8.150   -47.902
    8.200   -48.616
    8.250   -49.293
    8.300   -49.936
    8.350   -50.546
    8.400   -51.125
    8.450   -51.675
    8.500   -52.197
    8.550   -52.692
    8.600   -53.163
    8.650   -53.609
    8.700   -54.032
    8.750   -54.433
    8.800   -54.813
    8.850   -55.173
    8.900   -55.513
    8.950   -55.836
    9.000   -56.141
    9.050   -56.430
    9.100   -56.704
    9.150   -56.962
    9.200   -57.207
    9.250   -57.439
    9.300   -57.658
    9.350   -57.865
    9.400   -58.062
    9.450   -58.247
    9.500   -58.422
    9.550   -58.588
    9.600   -58.745
    9.650   -58.893
    9.700   -59.032
    9.750   -59.164
    9.800   -59.289
    9.850   -59.406
    9.900   -59.517
    9.950   -59.621
   10.000   -59.719
   10.050   -59.811
   10.100   -59.898
   10.150   -59.979
   10.200   -60.055
   10.250   -60.126
   10.300   -60.193
   10.350   -60.255
   10.400   -60.313
   10.450   -60.366
   10.500   -60.416
   10.550   -60.462
   10.600   -60.504
   10.650   -60.543
   10.700   -60.579
   10.750   -60.611
   10.800   -60.640
   10.850   -60.666
   10.900   -60.690
   10.950   -60.710
   11.000   -60.728
   11.050   -60.744
   11.100   -60.756
   11.150   -60.767
   11.200   -60.775
   11.250   -60.781
   11.300   -60.785
   11.350   -60.787
   11.400   -60.787
   11.450   -60.785
   11.500   -60.781
   11.550   -60.775
   11.600   -60.767
   11.650   -60.758
   11.700   -60.747
   11.750   -60.735
   11.800   -60.721
   11.850   -60.705
   11.900   -60.688
   11.950   -60.670
   12.000   -60.650
   12.050   -60.629
   12.100   -60.607
   12.150   -60.583
   12.200   -60.558
   12.250   -60.532
   12.300   -60.505
   12.350   -60.477
   12.400   -60.448
   12.450   -60.417
   12.500   -60.386
   12.550   -60.353
   12.600   -60.320
   12.650   -60.285
   12.700   -60.250
   12.750   -60.214
   12.800   -60.177
   12.850   -60.139
   12.900   -60.100
   12.950   -60.061
   13.000   -60.020
   13.050   -59.979
   13.100   -59.937
   13.150   -59.895
   13.200   -59.851
   13.250   -59.807
   13.300   -59.762
   13.350   -59.717
   13.400   -59.671
   13.450   -59.624
   13.500   -59.577
   13.550   -59.529
   13.600   -59.480
   13.650   -59.431
   13.700   -59.381
   13.750   -59.331
   13.800   -59.280
   13.850   -59.229
   13.900   -59.177
   13.950   -59.125
   14.000   -59.072
   14.050   -59.018
   14.100   -58.965
   14.150   -58.910
   14.200   -58.855
   14.250   -58.800
   14.300   -58.744
   14.350   -58.688
   14.400   -58.631
   14.450   -58.574
   14.500   -58.517
   14.550   -58.459
   14.600   -58.400
   14.650   -58.342
   14.700   -58.283
   14.750   -58.223
   14.800   -58.163
   14.850   -58.103
   14.900   -58.042
   14.950   -57.980
   15.000   -57.919
   15.050   -57.857
   15.100   -57.794
   15.150   -57.732
   15.200   -57.668
   15.250   -57.605
   15.300   -57.540
   15.350   -57.476
   15.400   -57.411
   15.450   -57.346
   15.500   -57.280
   15.550   -57.213
   15.600   -57.146
   15.650   -57.079
   15.700   -57.011
   15.750   -56.942
   15.800   -56.873
   15.850   -56.804
   15.900   -56.733
   15.950   -56.662
   16.000   -56.591
   16.050   -56.518
   16.100   -56.445
   16.150   -56.371
   16.200   -56.296
   16.250   -56.220
   16.300   -56.143
   16.350   -56.064
   16.400   -55.985
   16.450   -55.904
   16.500   -55.821
   16.550   -55.737
   16.600   -55.651
   16.650   -55.563
   16.700   -55.473
   16.750   -55.381
   16.800   -55.286
   16.850   -55.187
   16.900   -55.086
   16.950   -54.980
   17.000   -54.870
   17.050   -54.754
   17.100   -54.633
   17.150   -54.504
   17.200   -54.367
   17.250   -54.221
   17.300   -54.062
   17.350   -53.888
   17.400   -53.696
   17.450   -53.480
   17.500   -53.233
   17.550   -52.943
   17.600   -52.592
   17.650   -52.148
   17.700   -51.553
   17.750   -50.681
   17.800   -49.235
   17.850   -46.607
   17.900   -42.619
   17.950   -37.800
   18.000   -32.436
   18.050   -26.967
   18.100   -21.685
   18.150   -16.761
   18.200   -12.284
   18.250    -8.292
   18.300    -4.789
   18.350    -1.764
   18.400     0.803
   18.450     2.937
   18.500     4.660
   18.550     5.998
   18.600     6.973
   18.650     7.606
   18.700     7.920
   18.750     7.934
   18.800     7.669
   18.850     7.146
   18.900     6.385
   18.950     5.410
   19.000     4.240
   19.050     2.898
   19.100     1.405
   19.150    -0.214
   19.200    -1.941
   19.250    -3.752
   19.300    -5.627
   19.350    -7.548
   19.400    -9.496
   19.450   -11.454
   19.500   -13.408
   19.550   -15.343
   19.600   -17.250
   19.650   -19.118
   19.700   -20.939
   19.750   -22.709
   19.800   -24.421
   19.850   -26.073
   19.900   -27.662
   19.950   -29.188
   20.000   -30.651
   20.050   -32.049
   20.100   -33.385
   20.150   -34.660
   20.200   -35.875
   20.250   -37.032
   20.300   -38.132
   20.350   -39.179
   20.400   -40.176
   20.450   -41.124
   20.500   -42.029
   20.550   -42.893
   20.600   -43.718
   20.650   -44.506
   20.700   -45.260
   20.750   -45.979
   20.800   -46.665
   20.850   -47.320
   20.900   -47.945
   20.950   -48.541
   21.000   -49.110
   21.050   -49.653
   21.100   -50.171
   21.150   -50.665
   21.200   -51.136
   21.250   -51.586
   21.300   -52.015
   21.350   -52.425
   21.400   -52.815
   21.450   -53.187
   21.500   -53.542
   21.550   -53.880
   21.600   -54.202
   21.650   -54.508
   21.700   -54.799
   21.750   -55.077
   21.800   -55.341
   21.850   -55.592
   21.900   -55.831
   21.950   -56.058
   22.000   -56.275
   22.050   -56.480
   22.100   -56.676
   22.150   -56.862
   22.200   -57.039
   22.250   -57.207
   22.300   -57.367
   22.350   -57.519
   22.400   -57.663
   22.450   -57.800
   22.500   -57.930
   22.550   -58.053
   22.600   -58.171
   22.650   -58.282
   22.700   -58.387
   22.750   -58.486
   22.800   -58.581
   22.850   -58.670
   22.900   -58.754
   22.950   -58.834
   23.000   -58.909
   23.050   -58.980
   23.100   -59.046
   23.150   -59.109
   23.200   -59.168
   23.250   -59.223
   23.300   -59.274
   23.350   -59.322
   23.400   -59.367
   23.450   -59.408
   23.500   -59.446
   23.550   -59.482
   23.600   -59.514
   23.650   -59.544
   23.700   -59.571
   23.750   -59.596
   23.800   -59.618
   23.850   -59.638
   23.900   -59.655
   23.950   -59.670
   24.000   -59.683
   24.050   -59.694
   24.100   -59.702
   24.150   -59.709
   24.200   -59.714
   24.250   -59.717
   24.300   -59.718
   24.350   -59.717
   24.400   -59.715
   24.450   -59.711
   24.500   -59.705
   24.550   -59.698
   24.600   -59.689
   24.650   -59.679
   24.700   -59.668
   24.750   -59.655
   24.800   -59.640
   24.850   -59.625
   24.900   -59.608
   24.950   -59.589
   25.000   -59.570
   25.050   -59.549
   25.100   -59.528
   25.150   -59.505
   25.200   -59.481
   25.250   -59.456
   25.300   -59.430
   25.350   -59.403
   25.400   -59.375
   25.450   -59.346
   25.500   -59.316
   25.550   -59.285
   25.600   -59.253
   25.650   -59.220
   25.700   -59.187
   25.750   -59.153
   25.800   -59.117
   25.850   -59.081
   25.900   -59.045
   25.950   -59.007
   26.000   -58.969
   26.050   -58.930
   26.100   -58.890
   26.150   -58.850
   26.200   -58.808
   26.250   -58.767
   26.300   -58.724
   26.350   -58.681
   26.400   -58.637
   26.450   -58.593
   26.500   -58.548
   26.550   -58.502
   26.600   -58.456
   26.650   -58.409
   26.700   -58.362
   26.750   -58.314
   26.800   -58.266
   26.850   -58.217
   26.900   -58.167
   26.950   -58.117
   27.000   -58.066
   27.050   -58.015
   27.100   -57.964
   27.150   -57.911
   27.200   -57.859
   27.250   -57.806
   27.300   -57.752
   27.350   -57.698
   27.400   -57.643
   27.450   -57.588
   27.500   -57.532
   27.550   -57.476
   27.600   -57.419
   27.650   -57.362
   27.700   -57.305
   27.750   -57.246
   27.800   -57.188
   27.850   -57.128
   27.900   -57.069
   27.950   -57.008
   28.000   -56.947
   28.050   -56.886
   28.100   -56.824
   28.150   -56.761
   28.200   -56.698
   28.250   -56.634
   28.300   -56.569
   28.350   -56.504
   28.400   -56.438
   28.450   -56.371
   28.500   -56.303
   28.550   -56.235
   28.600   -56.165
   28.650   -56.095
   28.700   -56.023
   28.750   -55.951
   28.800   -55.877
   28.850   -55.802
   28.900   -55.726
   28.950   -55.648
   29.000   -55.568
   29.050   -55.487
   29.100   -55.403
   29.150   -55.318
   29.200   -55.230
   29.250   -55.139
   29.300   -55.046
   29.350   -54.949
   29.400   -54.849
   29.450   -54.744
   29.500   -54.634
   29.550   -54.519
   29.600   -54.398
   29.650   -54.269
   29.700   -54.131
   29.750   -53.982
   29.800   -53.820
   29.850   -53.642
   29.900   -53.444
   29.950   -53.220
   30.000   -52.962
   30.050   -52.655
   30.100   -52.280
   30.150   -51.799
   30.200   -51.141
   30.250   -50.160
   30.300   -48.528
   30.350   -45.800
   30.400   -42.110
   30.450   -37.765
   30.500   -32.719
   30.550   -27.439
   30.600   -22.255
   30.650   -17.369
   30.700   -12.892
   30.750    -8.875
   30.800    -5.332
   30.850    -2.258
   30.900     0.365
   30.950     2.560
   31.000     4.350
   31.050     5.760
   31.100     6.812
   31.150     7.531
   31.200     7.937
   31.250     8.052
   31.300     7.896
   31.350     7.490
   31.400     6.854
   31.450     6.009
   31.500     4.975
   31.550     3.773
   31.600     2.424
   31.650     0.946
   31.700    -0.639
   31.750    -2.312
   31.800    -4.056
   31.850    -5.851
   31.900    -7.683
   31.950    -9.534
   32.000   -11.391
   32.050   -13.242
   32.100   -15.075
   32.150   -16.881
   32.200   -18.652
   32.250   -20.381
   32.300   -22.063
   32.350   -23.693
   32.400   -25.270
   32.450   -26.791
   32.500   -28.254
   32.550   -29.660
   32.600   -31.008
   32.650   -32.299
   32.700   -33.534
   32.750   -34.714
   32.800   -35.840
   32.850   -36.915
   32.900   -37.940
   32.950   -38.917
   33.000   -39.848
   33.050   -40.736
   33.100   -41.585
   33.150   -42.397
   33.200   -43.174
   33.250   -43.918
   33.300   -44.632
   33.350   -45.314
   33.400   -45.968
   33.450   -46.593
   33.500   -47.191
   33.550   -47.763
   33.600   -48.310
   33.650   -48.833
   33.700   -49.333
   33.750   -49.810
   33.800   -50.267
   33.850   -50.704
   33.900   -51.122
   33.950   -51.521
   34.000   -51.903
   34.050   -52.268
   34.100   -52.616
   34.150   -52.949
   34.200   -53.267
   34.250   -53.570
   34.300   -53.860
   34.350   -54.136
   34.400   -54.400
   34.450   -54.652
   34.500   -54.891
   34.550   -55.120
   34.600   -55.339
   34.650   -55.547
   34.700   -55.745
   34.750   -55.935
   34.800   -56.115
   34.850   -56.287
   34.900   -56.451
   34.950   -56.607
   35.000   -56.756
   35.050   -56.898
   35.100   -57.033
   35.150   -57.162
   35.200   -57.284
   35.250   -57.401
   35.300   -57.511
   35.350   -57.617
   35.400   -57.717
   35.450   -57.812
   35.500   -57.902
   35.550   -57.987
   35.600   -58.068
   35.650   -58.145
   35.700   -58.217
   35.750   -58.285
   35.800   -58.350
   35.850   -58.411
   35.900   -58.468
   35.950   -58.522
   36.000   -58.573
   36.050   -58.620
   36.100   -58.664
   36.150   -58.705
   36.200   -58.743
   36.250   -58.779
   36.300   -58.812
   36.350   -58.842
   36.400   -58.870
   36.450   -58.895
   36.500   -58.918
   36.550   -58.938
   36.600   -58.956
   36.650   -58.972
   36.700   -58.986
   36.750   -58.998
   36.800   -59.009
   36.850   -59.017
   36.900   -59.023
   36.950   -59.027
   37.000   -59.030
   37.050   -59.031
   37.100   -59.031
   37.150   -59.028
   37.200   -59.024
   37.250   -59.019
   37.300   -59.012
   37.350   -59.004
   37.400   -58.995
   37.450   -58.984
   37.500   -58.971
   37.550   -58.958
   37.600   -58.943
   37.650   -58.927
   37.700   -58.909
   37.750   -58.891
   37.800   -58.871
   37.850   -58.851
   37.900   -58.829
   37.950   -58.806
   38.000   -58.782
   38.050   -58.757
   38.100   -58.732
   38.150   -58.705
   38.200   -58.677
   38.250   -58.648
   38.300   -58.619
   38.350   -58.588
   38.400   -58.557
   38.450   -58.525
   38.500   -58.492
   38.550   -58.458
   38.600   -58.423
   38.650   -58.388
   38.700   -58.352
   38.750   -58.315
   38.800   -58.277
   38.850   -58.239
   38.900   -58.200
   38.950   -58.161
   39.000   -58.120
   39.050   -58.079
   39.100   -58.037
   39.150   -57.995
   39.200   -57.952
   39.250   -57.909
   39.300   -57.864
   39.350   -57.820
   39.400   -57.774
   39.450   -57.728
   39.500   -57.682
   39.550   -57.634
   39.600   -57.587
   39.650   -57.538
   39.700   -57.490
   39.750   -57.440
   39.800   -57.390
   39.850   -57.340
   39.900   -57.289
   39.950   -57.237
   40.000   -57.185
   40.050   -57.132
   40.100   -57.079
   40.150   -57.025
   40.200   -56.971
   40.250   -56.916
   40.300   -56.860
   40.350   -56.804
   40.400   -56.747
   40.450   -56.690
   40.500   -56.632
   40.550   -56.574
   40.600   -56.515
   40.650   -56.455
   40.700   -56.394
   40.750   -56.333
   40.800   -56.271
   40.850   -56.208
   40.900   -56.145
   40.950   -56.080
   41.000   -56.015
   41.050   -55.949
   41.100   -55.882
   41.150   -55.814
   41.200   -55.744
   41.250   -55.674
   41.300   -55.602
   41.350   -55.529
   41.400   -55.455
   41.450   -55.378
   41.500   -55.301
   41.550   -55.221
   41.600   -55.139
   41.650   -55.055
   41.700   -54.969
   41.750   -54.880
   41.800   -54.788
   41.850   -54.692
   41.900   -54.593
   41.950   -54.489
   42.000   -54.380
   42.050   -54.265
   42.100   -54.144
   42.150   -54.015
   42.200   -53.877
   42.250   -53.728
   42.300   -53.566
   42.350   -53.387
   42.400   -53.188
   42.450   -52.962
   42.500   -52.701
   42.550   -52.391
   42.600   -52.012
   42.650   -51.526
   42.700   -50.869
   42.750   -49.906
   42.800   -48.386
   42.850   -46.048
   42.900   -43.020
   42.950   -39.510
   43.000   -35.099
   43.050   -30.111
   43.100   -24.987
   43.150   -20.012
   43.200   -15.358
   43.250   -11.117
   43.300    -7.329
   43.350    -4.002
   43.400    -1.128
   43.450     1.311
   43.500     3.339
   43.550     4.979
   43.600     6.255
   43.650     7.189
   43.700     7.806
   43.750     8.125
   43.800     8.168
   43.850     7.955
   43.900     7.507
   43.950     6.843
   44.000     5.984
   44.050     4.948
   44.100     3.756
   44.150     2.427
   44.200     0.981
   44.250    -0.566
   44.300    -2.194
   44.350    -3.886
   44.400    -5.627
   44.450    -7.400
   44.500    -9.192
   44.550   -10.991
   44.600   -12.783
   44.650   -14.560
   44.700   -16.311
   44.750   -18.031
   44.800   -19.713
   44.850   -21.351
   44.900   -22.941
   44.950   -24.482
   45.000   -25.970
   45.050   -27.405
   45.100   -28.786
   45.150   -30.112
   45.200   -31.385
   45.250   -32.605
   45.300   -33.772
   45.350   -34.888
   45.400   -35.955
   45.450   -36.974
   45.500   -37.946
   45.550   -38.874
   45.600   -39.760
   45.650   -40.606
   45.700   -41.415
   45.750   -42.190
   45.800   -42.933
   45.850   -43.645
   45.900   -44.329
   45.950   -44.984
   46.000   -45.613
   46.050   -46.215
   46.100   -46.793
   46.150   -47.345
   46.200   -47.875
   46.250   -48.381
   46.300   -48.866
   46.350   -49.331
   46.400   -49.775
   46.450   -50.201
   46.500   -50.608
   46.550   -50.998
   46.600   -51.371
   46.650   -51.729
   46.700   -52.070
   46.750   -52.397
   46.800   -52.710
   46.850   -53.009
   46.900   -53.295
   46.950   -53.568
   47.000   -53.829
   47.050   -54.078
   47.100   -54.317
   47.150   -54.544
   47.200   -54.762
   47.250   -54.969
   47.300   -55.168
   47.350   -55.357
   47.400   -55.538
   47.450   -55.711
   47.500   -55.876
   47.550   -56.033
   47.600   -56.183
   47.650   -56.327
   47.700   -56.463
   47.750   -56.594
   47.800   -56.718
   47.850   -56.837
   47.900   -56.950
   47.950   -57.057
   48.000   -57.159
   48.050   -57.257
   48.100   -57.349
   48.150   -57.437
   48.200   -57.521
   48.250   -57.600
   48.300   -57.676
   48.350   -57.747
   48.400   -57.814
   48.450   -57.878
   48.500   -57.938
   48.550   -57.995
   48.600   -58.048
   48.650   -58.099
   48.700   -58.146
   48.750   -58.190
   48.800   -58.231
   48.850   -58.270
   48.900   -58.305
   48.950   -58.338
   49.000   -58.369
   49.050   -58.397
   49.100   -58.423
   49.150   -58.446
   49.200   -58.468
   49.250   -58.487
   49.300   -58.504
   49.350   -58.519
   49.400   -58.532
   49.450   -58.543
   49.500   -58.552
   49.550   -58.559
   49.600   -58.565
   49.650   -58.569
   49.700   -58.571
   49.750   -58.571
   49.800   -58.570
   49.850   -58.568
   49.900   -58.564
   49.950   -58.558
   50.000   -58.551
   50.050   -58.543
   50.100   -58.533
   50.150   -58.522
   50.200   -58.510
   50.250   -58.497
   50.300   -58.482
   50.350   -58.466
   50.400   -58.449
   50.450   -58.431
   50.500   -58.412
   50.550   -58.391
   50.600   -58.370
   50.650   -58.347
   50.700   -58.324
   50.750   -58.300
   50.800   -58.274
   50.850   -58.248
   50.900   -58.221
   50.950   -58.193
   51.000   -58.164
   51.050   -58.134
   51.100   -58.103
   51.150   -58.071
   51.200   -58.039
   51.250   -58.006
   51.300   -57.972
   51.350   -57.937
   51.400   -57.902
   51.450   -57.866
   51.500   -57.829
   51.550   -57.791
   51.600   -57.753
   51.650   -57.714
   51.700   -57.674
   51.750   -57.634
   51.800   -57.593
   51.850   -57.551
   51.900   -57.509
   51.950   -57.466
   52.000   -57.423
   52.050   -57.379
   52.100   -57.334
   52.150   -57.288
   52.200   -57.243
   52.250   -57.196
   52.300   -57.149
   52.350   -57.101
   52.400   -57.053
   52.450   -57.004
   52.500   -56.955
   52.550   -56.905
   52.600   -56.854
   52.650   -56.803
   52.700   -56.751
   52.750   -56.699
   52.800   -56.646
   52.850   -56.592
   52.900   -56.538
   52.950   -56.483
   53.000   -56.428
   53.050   -56.372
   53.100   -56.315
   53.150   -56.258
   53.200   -56.200
   53.250   -56.141
   53.300   -56.081
   53.350   -56.021
   53.400   -55.960
   53.450   -55.898
   53.500   -55.835
   53.550   -55.771
   53.600   -55.707
   53.650   -55.641
   53.700   -55.574
   53.750   -55.506
   53.800   -55.437
   53.850   -55.367
   53.900   -55.295
   53.950   -55.222
   54.000   -55.147
   54.050   -55.070
   54.100   -54.992
   54.150   -54.911
   54.200   -54.828
   54.250   -54.743
   54.300   -54.654
   54.350   -54.563
   54.400   -54.468
   54.450   -54.369
   54.500   -54.266
   54.550   -54.158
   54.600   -54.044
   54.650   -53.923
   54.700   -53.795
   54.750   -53.657
   54.800   -53.508
   54.850   -53.346
   54.900   -53.167
   54.950   -52.968
   55.000   -52.742
   55.050   -52.481
   55.100   -52.172
   55.150   -51.795
   55.200   -51.318
   55.250   -50.679
   55.300   -49.770
   55.350   -48.409
   55.400   -46.437
   55.450   -43.949
   55.500   -41.112
   55.550   -37.597
   55.600   -33.109
   55.650   -28.161
   55.700   -23.150
   55.750   -18.328
   55.800   -13.845
   55.850    -9.778
   55.900    -6.159
   55.950    -2.993
   56.000    -0.267
   56.050     2.036
   56.100     3.940
   56.150     5.468
   56.200     6.644
   56.250     7.491
   56.300     8.031
   56.350     8.285
   56.400     8.274
   56.450     8.018
   56.500     7.537
   56.550     6.851
   56.600     5.978
   56.650     4.938
   56.700     3.751
   56.750     2.434
   56.800     1.005
   56.850    -0.517
   56.900    -2.116
   56.950    -3.776
   57.000    -5.481
   57.050    -7.216
   57.100    -8.969
   57.150   -10.728
   57.200   -12.481
   57.250   -14.220
   57.300   -15.935
   57.350   -17.620
   57.400   -19.268
   57.450   -20.876
   57.500   -22.439
   57.550   -23.954
   57.600   -25.419
   57.650   -26.833
   57.700   -28.195
   57.750   -29.506
   57.800   -30.765
   57.850   -31.972
   57.900   -33.129
   57.950   -34.237
   58.000   -35.297
   58.050   -36.310
   58.100   -37.279
   58.150   -38.204
   58.200   -39.087
   58.250   -39.931
   58.300   -40.737
   58.350   -41.510
   58.400   -42.250
   58.450   -42.961
   58.500   -43.644
   58.550   -44.299
   58.600   -44.929
   58.650   -45.533
   58.700   -46.112
   58.750   -46.668
   58.800   -47.201
   58.850   -47.711
   58.900   -48.201
   58.950   -48.670
   59.000   -49.119
   59.050   -49.549
   59.100   -49.962
   59.150   -50.357
   59.200   -50.736
   59.250   -51.098
   59.300   -51.446
   59.350   -51.778
   59.400   -52.097
   59.450   -52.402
   59.500   -52.694
   59.550   -52.973
   59.600   -53.240
   59.650   -53.496
   59.700   -53.741
   59.750   -53.974
   59.800   -54.198
   59.850   -54.412
   59.900   -54.616
   59.950   -54.812
   60.000   -54.998
   60.050   -55.177
   60.100   -55.348
   60.150   -55.511
   60.200   -55.666
   60.250   -55.815
   60.300   -55.958
   60.350   -56.093
   60.400   -56.223
   60.450   -56.347
   60.500   -56.465
   60.550   -56.577
   60.600   -56.685
   60.650   -56.787
   60.700   -56.885
   60.750   -56.978
   60.800   -57.066
   60.850   -57.150
   60.900   -57.230
   60.950   -57.306
   61.000   -57.378
   61.050   -57.446
   61.100   -57.510
   61.150   -57.571
   61.200   -57.629
   61.250   -57.683
   61.300   -57.735
   61.350   -57.783
   61.400   -57.828
   61.450   -57.871
   61.500   -57.910
   61.550   -57.947
   61.600   -57.981
   61.650   -58.013
   61.700   -58.043
   61.750   -58.070
   61.800   -58.095
   61.850   -58.117
   61.900   -58.138
   61.950   -58.156
   62.000   -58.172
   62.050   -58.187
   62.100   -58.199
   62.150   -58.210
   62.200   -58.218
   62.250   -58.225
   62.300   -58.231
   62.350   -58.234
   62.400   -58.236
   62.450   -58.237
   62.500   -58.236
   62.550   -58.233
   62.600   -58.229
   62.650   -58.223
   62.700   -58.217
   62.750   -58.208
   62.800   -58.199
   62.850   -58.188
   62.900   -58.176
   62.950   -58.163
   63.000   -58.148
   63.050   -58.133
   63.100   -58.116
   63.150   -58.098
   63.200   -58.079
   63.250   -58.059
   63.300   -58.038
   63.350   -58.016
   63.400   -57.993
   63.450   -57.969
   63.500   -57.944
   63.550   -57.918
   63.600   -57.891
   63.650   -57.864
   63.700   -57.835
   63.750   -57.806
   63.800   -57.776
   63.850   -57.745
   63.900   -57.713
   63.950   -57.680
   64.000   -57.647
   64.050   -57.613
   64.100   -57.578
   64.150   -57.542
   64.200   -57.506
   64.250   -57.469
   64.300   -57.431
   64.350   -57.393
   64.400   -57.353
   64.450   -57.314
   64.500   -57.273
   64.550   -57.232
   64.600   -57.190
   64.650   -57.148
   64.700   -57.105
   64.750   -57.061
   64.800   -57.017
   64.850   -56.972
   64.900   -56.927
   64.950   -56.881
   65.000   -56.834
   65.050   -56.787
   65.100   -56.739
   65.150   -56.691
   65.200   -56.641
   65.250   -56.592
   65.300   -56.542
   65.350   -56.491
   65.400   -56.439
   65.450   -56.387
   65.500   -56.334
   65.550   -56.281
   65.600   -56.227
   65.650   -56.172
   65.700   -56.117
   65.750   -56.061
   65.800   -56.004
   65.850   -55.947
   65.900   -55.888
   65.950   -55.829
   66.000   -55.770
   66.050   -55.709
   66.100   -55.647
   66.150   -55.585
   66.200   -55.521
   66.250   -55.457
   66.300   -55.391
   66.350   -55.325
   66.400   -55.257
   66.450   -55.187
   66.500   -55.117
   66.550   -55.045
   66.600   -54.971
   66.650   -54.895
   66.700   -54.818
   66.750   -54.738
   66.800   -54.656
   66.850   -54.572
   66.900   -54.485
   66.950   -54.395
   67.000   -54.301
   67.050   -54.204
   67.100   -54.102
   67.150   -53.995
   67.200   -53.882
   67.250   -53.763
   67.300   -53.636
   67.350   -53.501
   67.400   -53.354
   67.450   -53.195
   67.500   -53.019
   67.550   -52.824
   67.600   -52.604
   67.650   -52.351
   67.700   -52.053
   67.750   -51.694
   67.800   -51.246
   67.850   -50.660
   67.900   -49.856
   67.950   -48.705
   68.000   -47.088
   68.050   -45.043
   68.100   -42.712
   68.150   -40.060
   68.200   -36.428
   68.250   -31.889
   68.300   -26.962
   68.350   -22.017
   68.400   -17.287
   68.450   -12.907
   68.500    -8.945
   68.550    -5.429
   68.600    -2.359
   68.650     0.276
   68.700     2.497
   68.750     4.326
   68.800     5.788
   68.850     6.906
   68.900     7.702
   68.950     8.199
   69.000     8.418
   69.050     8.378
   69.100     8.102
   69.150     7.606
   69.200     6.912
   69.250     6.038
   69.300     5.002
   69.350     3.824
   69.400     2.520
   69.450     1.109
   69.500    -0.392
   69.550    -1.967
   69.600    -3.601
   69.650    -5.279
   69.700    -6.986
   69.750    -8.711
   69.800   -10.441
   69.850   -12.167
   69.900   -13.879
   69.950   -15.569
   70.000   -17.230
   70.050   -18.856
   70.100   -20.444
   70.150   -21.988
   70.200   -23.486
   70.250   -24.937
   70.300   -26.338
   70.350   -27.689
   70.400   -28.990
   70.450   -30.241
   70.500   -31.442
   70.550   -32.594
   70.600   -33.697
   70.650   -34.754
   70.700   -35.765
   70.750   -36.732
   70.800   -37.657
   70.850   -38.540
   70.900   -39.384
   70.950   -40.191
   71.000   -40.963
   71.050   -41.704
   71.100   -42.414
   71.150   -43.097
   71.200   -43.753
   71.250   -44.384
   71.300   -44.990
   71.350   -45.571
   71.400   -46.130
   71.450   -46.666
   71.500   -47.180
   71.550   -47.673
   71.600   -48.146
   71.650   -48.600
   71.700   -49.035
   71.750   -49.452
   71.800   -49.851
   71.850   -50.235
   71.900   -50.602
   71.950   -50.954
   72.000   -51.291
   72.050   -51.615
   72.100   -51.925
   72.150   -52.222
   72.200   -52.506
   72.250   -52.778
   72.300   -53.039
   72.350   -53.289
   72.400   -53.528
   72.450   -53.756
   72.500   -53.975
   72.550   -54.184
   72.600   -54.385
   72.650   -54.576
   72.700   -54.759
   72.750   -54.935
   72.800   -55.102
   72.850   -55.262
   72.900   -55.416
   72.950   -55.562
   73.000   -55.702
   73.050   -55.836
   73.100   -55.964
   73.150   -56.086
   73.200   -56.203
   73.250   -56.314
   73.300   -56.421
   73.350   -56.522
   73.400   -56.619
   73.450   -56.711
   73.500   -56.798
   73.550   -56.882
   73.600   -56.961
   73.650   -57.037
   73.700   -57.108
   73.750   -57.176
   73.800   -57.241
   73.850   -57.302
   73.900   -57.359
   73.950   -57.414
   74.000   -57.465
   74.050   -57.514
   74.100   -57.559
   74.150   -57.602
   74.200   -57.642
   74.250   -57.679
   74.300   -57.714
   74.350   -57.746
   74.400   -57.776
   74.450   -57.804
   74.500   -57.829
   74.550   -57.852
   74.600   -57.873
   74.650   -57.892
   74.700   -57.909
   74.750   -57.924
   74.800   -57.937
   74.850   -57.948
   74.900   -57.957
   74.950   -57.965
   75.000   -57.971
   75.050   -57.975
   75.100   -57.978
   75.150   -57.979
   75.200   -57.979
   75.250   -57.977
   75.300   -57.974
   75.350   -57.969
   75.400   -57.963
   75.450   -57.956
   75.500   -57.947
   75.550   -57.937
   75.600   -57.926
   75.650   -57.913
   75.700   -57.900
   75.750   -57.885
   75.800   -57.869
   75.850   -57.852
   75.900   -57.834
   75.950   -57.815
   76.000   -57.794
   76.050   -57.773
   76.100   -57.751
   76.150   -57.728
   76.200   -57.704
   76.250   -57.679
   76.300   -57.653
   76.350   -57.626
   76.400   -57.598
   76.450   -57.570
   76.500   -57.540
   76.550   -57.510
   76.600   -57.479
   76.650   -57.447
   76.700   -57.415
   76.750   -57.381
   76.800   -57.347
   76.850   -57.312
   76.900   -57.277
   76.950   -57.241
   77.000   -57.204
   77.050   -57.166
   77.100   -57.128
   77.150   -57.089
   77.200   -57.049
   77.250   -57.008
   77.300   -56.967
   77.350   -56.926
   77.400   -56.884
   77.450   -56.841
   77.500   -56.797
   77.550   -56.753
   77.600   -56.708
   77.650   -56.663
   77.700   -56.617
   77.750   -56.570
   77.800   -56.523
   77.850   -56.475
   77.900   -56.427
   77.950   -56.378
   78.000   -56.328
   78.050   -56.278
   78.100   -56.227
   78.150   -56.175
   78.200   -56.123
   78.250   -56.070
   78.300   -56.016
   78.350   -55.962
   78.400   -55.907
   78.450   -55.851
   78.500   -55.795
   78.550   -55.738
   78.600   -55.680
   78.650   -55.621
   78.700   -55.561
   78.750   -55.501
   78.800   -55.439
   78.850   -55.377
   78.900   -55.313
   78.950   -55.249
   79.000   -55.183
   79.050   -55.116
   79.100   -55.048
   79.150   -54.978
   79.200   -54.907
   79.250   -54.834
   79.300   -54.760
   79.350   -54.683
   79.400   -54.605
   79.450   -54.524
   79.500   -54.441
   79.550   -54.355
   79.600   -54.266
   79.650   -54.174
   79.700   -54.077
   79.750   -53.977
   79.800   -53.872
   79.850   -53.761
   79.900   -53.643
   79.950   -53.519
   80.000   -53.385
   80.050   -53.242
   80.100   -53.086
   80.150   -52.915
   80.200   -52.725
   80.250   -52.512
   80.300   -52.268
   80.350   -51.985
   80.400   -51.646
   80.450   -51.229
   80.500   -50.696
   80.550   -49.987
   80.600   -49.008
   80.650   -47.663
   80.700   -45.952
   80.750   -43.980
   80.800   -41.816
   80.850   -39.172
   80.900   -35.372
   80.950   -30.762
   81.000   -25.840
   81.050   -20.948
   81.100   -16.299
   81.150   -12.012
   81.200    -8.148
   81.250    -4.728
   81.300    -1.751
   81.350     0.798
   81.400     2.940
   81.450     4.697
   81.500     6.094
   81.550     7.153
   81.600     7.899
   81.650     8.352
   81.700     8.533
   81.750     8.463
   81.800     8.161
   81.850     7.647
   81.900     6.940
   81.950     6.058
   82.000     5.020
   82.050     3.843
   82.100     2.546
   82.150     1.145
   82.200    -0.343
   82.250    -1.903
   82.300    -3.518
   82.350    -5.176
   82.400    -6.863
   82.450    -8.566
   82.500   -10.275
   82.550   -11.979
   82.600   -13.670
   82.650   -15.340
   82.700   -16.981
   82.750   -18.589
   82.800   -20.160
   82.850   -21.688
   82.900   -23.172
   82.950   -24.609
   83.000   -25.999
   83.050   -27.339
   83.100   -28.631
   83.150   -29.873
   83.200   -31.067
   83.250   -32.212
   83.300   -33.311
   83.350   -34.363
   83.400   -35.371
   83.450   -36.335
   83.500   -37.258
   83.550   -38.139
   83.600   -38.982
   83.650   -39.788
   83.700   -40.560
   83.750   -41.299
   83.800   -42.008
   83.850   -42.690
   83.900   -43.345
   83.950   -43.975
   84.000   -44.581
   84.050   -45.164
   84.100   -45.723
   84.150   -46.261
   84.200   -46.777
   84.250   -47.272
   84.300   -47.747
   84.350   -48.203
   84.400   -48.641
   84.450   -49.060
   84.500   -49.463
   84.550   -49.849
   84.600   -50.219
   84.650   -50.575
   84.700   -50.915
   84.750   -51.242
   84.800   -51.555
   84.850   -51.855
   84.900   -52.143
   84.950   -52.419
   85.000   -52.683
   85.050   -52.936
   85.100   -53.179
   85.150   -53.411
   85.200   -53.633
   85.250   -53.846
   85.300   -54.050
   85.350   -54.244
   85.400   -54.431
   85.450   -54.610
   85.500   -54.781
   85.550   -54.944
   85.600   -55.101
   85.650   -55.250
   85.700   -55.393
   85.750   -55.530
   85.800   -55.661
   85.850   -55.786
   85.900   -55.906
   85.950   -56.020
   86.000   -56.129
   86.050   -56.234
   86.100   -56.333
   86.150   -56.428
   86.200   -56.518
   86.250   -56.604
   86.300   -56.686
   86.350   -56.764
   86.400   -56.839
   86.450   -56.909
   86.500   -56.976
   86.550   -57.040
   86.600   -57.100
   86.650   -57.157
   86.700   -57.210
   86.750   -57.261
   86.800   -57.309
   86.850   -57.354
   86.900   -57.396
   86.950   -57.435
   87.000   -57.472
   87.050   -57.507
   87.100   -57.539
   87.150   -57.569
   87.200   -57.596
   87.250   -57.621
   87.300   -57.644
   87.350   -57.665
   87.400   -57.684
   87.450   -57.701
   87.500   -57.716
   87.550   -57.729
   87.600   -57.740
   87.650   -57.750
   87.700   -57.757
   87.750   -57.764
   87.800   -57.768
   87.850   -57.771
   87.900   -57.772
   87.950   -57.772
   88.000   -57.771
   88.050   -57.768
   88.100   -57.763
   88.150   -57.757
   88.200   -57.750
   88.250   -57.742
   88.300   -57.732
   88.350   -57.721
   88.400   -57.709
   88.450   -57.696
   88.500   -57.681
   88.550   -57.666
   88.600   -57.649
   88.650   -57.631
   88.700   -57.613
   88.750   -57.593
   88.800   -57.572
   88.850   -57.550
   88.900   -57.528
   88.950   -57.504
   89.000   -57.479
   89.050   -57.454
   89.100   -57.427
   89.150   -57.400
   89.200   -57.372
   89.250   -57.343
   89.300   -57.313
   89.350   -57.283
   89.400   -57.251
   89.450   -57.219
   89.500   -57.186
   89.550   -57.153
   89.600   -57.118
   89.650   -57.083
   89.700   -57.047
   89.750   -57.011
   89.800   -56.973
   89.850   -56.935
   89.900   -56.897
   89.950   -56.858
   90.000   -56.818
   90.050   -56.777
   90.100   -56.736
   90.150   -56.694
   90.200   -56.651
   90.250   -56.608
   90.300   -56.564
   90.350   -56.520
   90.400   -56.475
   90.450   -56.429
   90.500   -56.383
   90.550   -56.336
   90.600   -56.289
   90.650   -56.241
   90.700   -56.192
   90.750   -56.142
   90.800   -56.092
   90.850   -56.042
   90.900   -55.990
   90.950   -55.938
   91.000   -55.886
   91.050   -55.832
   91.100   -55.778
   91.150   -55.723
   91.200   -55.668
   91.250   -55.611
   91.300   -55.554
   91.350   -55.496
   91.400   -55.437
   91.450   -55.377
   91.500   -55.317
   91.550   -55.255
   91.600   -55.192
   91.650   -55.128
   91.700   -55.063
   91.750   -54.997
   91.800   -54.930
   91.850   -54.861
   91.900   -54.790
   91.950   -54.718
   92.000   -54.645
   92.050   -54.569
   92.100   -54.491
   92.150   -54.411
   92.200   -54.329
   92.250   -54.243
   92.300   -54.155
   92.350   -54.064
   92.400   -53.968
   92.450   -53.869
   92.500   -53.765
   92.550   -53.655
   92.600   -53.539
   92.650   -53.416
   92.700   -53.284
   92.750   -53.142
   92.800   -52.988
   92.850   -52.820
   92.900   -52.634
   92.950   -52.425
   93.000   -52.187
   93.050   -51.912
   93.100   -51.586
   93.150   -51.190
   93.200   -50.690
   93.250   -50.039
   93.300   -49.162
   93.350   -47.986
   93.400   -46.497
   93.450   -44.774
   93.500   -42.895
   93.550   -40.779
   93.600   -37.832
   93.650   -33.727
   93.700   -28.990
   93.750   -24.068
   93.800   -19.256
   93.850   -14.732
   93.900   -10.594
   93.950    -6.886
   94.000    -3.622
   94.050    -0.795
   94.100     1.613
   94.150     3.623
   94.200     5.258
   94.250     6.543
   94.300     7.500
   94.350     8.153
   94.400     8.522
   94.450     8.629
   94.500     8.494
   94.550     8.135
   94.600     7.572
   94.650     6.823
   94.700     5.908
   94.750     4.843
   94.800     3.647
   94.850     2.336
   94.900     0.928
   94.950    -0.563
   95.000    -2.120
   95.050    -3.729
   95.100    -5.377
   95.150    -7.051
   95.200    -8.739
   95.250   -10.430
   95.300   -12.115
   95.350   -13.786
   95.400   -15.434
   95.450   -17.055
   95.500   -18.642
   95.550   -20.192
   95.600   -21.700
   95.650   -23.164
   95.700   -24.583
   95.750   -25.954
   95.800   -27.278
   95.850   -28.553
   95.900   -29.780
   95.950   -30.960
   96.000   -32.092
   96.050   -33.178
   96.100   -34.220
   96.150   -35.217
   96.200   -36.172
   96.250   -37.085
   96.300   -37.959
   96.350   -38.794
   96.400   -39.593
   96.450   -40.358
   96.500   -41.091
   96.550   -41.794
   96.600   -42.470
   96.650   -43.120
   96.700   -43.746
   96.750   -44.347
   96.800   -44.926
   96.850   -45.483
   96.900   -46.017
   96.950   -46.531
   97.000   -47.024
   97.050   -47.498
   97.100   -47.953
   97.150   -48.389
   97.200   -48.808
   97.250   -49.210
   97.300   -49.596
   97.350   -49.966
   97.400   -50.321
   97.450   -50.661
   97.500   -50.988
   97.550   -51.302
   97.600   -51.603
   97.650   -51.891
   97.700   -52.167
   97.750   -52.432
   97.800   -52.687
   97.850   -52.930
   97.900   -53.163
   97.950   -53.387
   98.000   -53.601
   98.050   -53.806
   98.100   -54.002
   98.150   -54.190
   98.200   -54.370
   98.250   -54.542
   98.300   -54.707
   98.350   -54.865
   98.400   -55.016
   98.450   -55.161
   98.500   -55.299
   98.550   -55.431
   98.600   -55.558
   98.650   -55.679
   98.700   -55.795
   98.750   -55.905
   98.800   -56.011
   98.850   -56.112
   98.900   -56.208
   98.950   -56.300
   99.000   -56.388
   99.050   -56.471
   99.100   -56.550
   99.150   -56.626
   99.200   -56.698
   99.250   -56.766
   99.300   -56.831
   99.350   -56.893
   99.400   -56.951
   99.450   -57.006
   99.500   -57.058
   99.550   -57.107
   99.600   -57.154
   99.650   -57.197
   99.700   -57.238
   99.750   -57.276
   99.800   -57.312
   99.850   -57.346
   99.900   -57.377
   99.950   -57.405
  100.000   -57.432
  100.050   -57.591
  100.100   -57.747
  100.150   -57.899
  100.200   -58.048
  100.250   -58.193
  100.300   -58.334
  100.350   -58.472
  100.400   -58.607
  100.450   -58.738
  100.500   -58.867
  100.550   -58.992
  100.600   -59.115
  100.650   -59.235
  100.700   -59.352
  100.750   -59.467
  100.800   -59.579
  100.850   -59.688
  100.900   -59.795
  100.950   -59.900
  101.000   -60.002
  101.050   -60.103
  101.100   -60.201
  101.150   -60.297
  101.200   -60.391
  101.250   -60.483
  101.300   -60.573
  101.350   -60.661
  101.400   -60.747
  101.450   -60.832
  101.500   -60.914
  101.550   -60.995
  101.600   -61.075
  101.650   -61.153
  101.700   -61.229
  101.750   -61.304
  101.800   -61.377
  101.850   -61.449
  101.900   -61.519
  101.950   -61.588
  102.000   -61.656
  102.050   -61.722
  102.100   -61.787
  102.150   -61.851
  102.200   -61.913
  102.250   -61.974
  102.300   -62.035
  102.350   -62.094
  102.400   -62.152
  102.450   -62.208
  102.500   -62.264
  102.550   -62.319
  102.600   -62.372
  102.650   -62.425
  102.700   -62.477
  102.750   -62.528
  102.800   -62.577
  102.850   -62.626
  102.900   -62.674
  102.950   -62.722
  103.000   -62.768
  103.050   -62.813
  103.100   -62.858
  103.150   -62.902
  103.200   -62.945
  103.250   -62.987
  103.300   -63.029
  103.350   -63.069
  103.400   -63.109
  103.450   -63.149
  103.500   -63.188
  103.550   -63.226
  103.600   -63.263
  103.650   -63.300
  103.700   -63.336
  103.750   -63.371
  103.800   -63.406
  103.850   -63.440
  103.900   -63.474
  103.950   -63.507
  104.000   -63.539
  104.050   -63.571
  104.100   -63.603
  104.150   -63.633
  104.200   -63.664
  104.250   -63.694
  104.300   -63.723
  104.350   -63.752
  104.400   -63.780
  104.450   -63.808
  104.500   -63.835
  104.550   -63.862
  104.600   -63.889
  104.650   -63.915
  104.700   -63.941
  104.750   -63.966
  104.800   -63.991
  104.850   -64.015
  104.900   -64.039
  104.950   -64.063
  105.000   -64.086
  105.050   -64.109
  105.100   -64.131
  105.150   -64.153
  105.200   -64.175
  105.250   -64.196
  105.300   -64.217
  105.350   -64.238
  105.400   -64.258
  105.450   -64.278
  105.500   -64.298
  105.550   -64.317
  105.600   -64.337
  105.650   -64.355
  105.700   -64.374
  105.750   -64.392
  105.800   -64.410
  105.850   -64.428
  105.900   -64.445
  105.950   -64.462
  106.000   -64.479
  106.050   -64.495
  106.100   -64.512
  106.150   -64.528
  106.200   -64.543
  106.250   -64.559
  106.300   -64.574
  106.350   -64.589
  106.400   -64.604
  106.450   -64.619
  106.500   -64.633
  106.550   -64.647
  106.600   -64.661
  106.650   -64.675
  106.700   -64.688
  106.750   -64.702
  106.800   -64.715
  106.850   -64.728
  106.900   -64.740
  106.950   -64.753
  107.000   -64.765
  107.050   -64.777
  107.100   -64.789
  107.150   -64.801
  107.200   -64.812
  107.250   -64.824
  107.300   -64.835
  107.350   -64.846
  107.400   -64.857
  107.450   -64.868
  107.500   -64.878
  107.550   -64.889
  107.600   -64.899
  107.650   -64.909
  107.700   -64.919
  107.750   -64.929
  107.800   -64.938
  107.850   -64.948
  107.900   -64.957
  107.950   -64.967
  108.000   -64.976
  108.050   -64.985
  108.100   -64.993
  108.150   -65.002
  108.200   -65.011
  108.250   -65.019
  108.300   -65.027
  108.350   -65.036
  108.400   -65.044
  108.450   -65.052
  108.500   -65.060
  108.550   -65.067
  108.600   -65.075
  108.650   -65.082
  108.700   -65.090
  108.750   -65.097
  108.800   -65.104
  108.850   -65.111
  108.900   -65.118
  108.950   -65.125
  109.000   -65.132
  109.050   -65.139
  109.100   -65.145
  109.150   -65.152
  109.200   -65.158
  109.250   -65.165
  109.300   -65.171
  109.350   -65.177
  109.400   -65.183
  109.450   -65.189
  109.500   -65.195
  109.550   -65.201
  109.600   -65.207
  109.650   -65.212
  109.700   -65.218
  109.750   -65.223
  109.800   -65.229
  109.850   -65.234
  109.900   -65.239
  109.950   -65.244
  110.000   -65.250
  110.050   -65.255
  110.100   -65.260
  110.150   -65.265
  110.200   -65.269
  110.250   -65.274
  110.300   -65.279
  110.350   -65.284
  110.400   -65.288
  110.450   -65.293
  110.500   -65.297
  110.550   -65.302
  110.600   -65.306
  110.650   -65.310
  110.700   -65.314
  110.750   -65.319
  110.800   -65.323
  110.850   -65.327
  110.900   -65.331
  110.950   -65.335
  111.000   -65.339
  111.050   -65.342
  111.100   -65.346
  111.150   -65.350
  111.200   -65.354
  111.250   -65.357
  111.300   -65.361
  111.350   -65.365
  111.400   -65.368
  111.450   -65.372
  111.500   -65.375
  111.550   -65.378
  111.600   -65.382
  111.650   -65.385
  111.700   -65.388
  111.750   -65.391
  111.800   -65.395
  111.850   -65.398
  111.900   -65.401
  111.950   -65.404
  112.000   -65.407
  112.050   -65.410
  112.100   -65.413
  112.150   -65.416
  112.200   -65.418
  112.250   -65.421
  112.300   -65.424
  112.350   -65.427
  112.400   -65.430
  112.450   -65.432
  112.500   -65.435
  112.550   -65.438
  112.600   -65.440
  112.650   -65.443
  112.700   -65.445
  112.750   -65.448
  112.800   -65.450
  112.850   -65.453
  112.900   -65.455
  112.950   -65.457
  113.000   -65.460
  113.050   -65.462
  113.100   -65.464
  113.150   -65.467
  113.200   -65.469
  113.250   -65.471
  113.300   -65.473
  113.350   -65.475
  113.400   -65.477
  113.450   -65.480
  113.500   -65.482
  113.550   -65.484
  113.600   -65.486
  113.650   -65.488
  113.700   -65.490
  113.750   -65.492
  113.800   -65.494
  113.850   -65.495
  113.900   -65.497
  113.950   -65.499
  114.000   -65.501
  114.050   -65.503
  114.100   -65.505
  114.150   -65.506
  114.200   -65.508
  114.250   -65.510
  114.300   -65.512
  114.350   -65.513
  114.400   -65.515
  114.450   -65.517
  114.500   -65.518
  114.550   -65.520
  114.600   -65.522
  114.650   -65.523
  114.700   -65.525
  114.750   -65.526
  114.800   -65.528
  114.850   -65.529
  114.900   -65.531
  114.950   -65.532
  115.000   -65.534
  115.050   -65.535
  115.100   -65.537
  115.150   -65.538
  115.200   -65.540
  115.250   -65.541
  115.300   -65.542
  115.350   -65.544
  115.400   -65.545
  115.450   -65.546
  115.500   -65.548
  115.550   -65.549
  115.600   -65.550
  115.650   -65.552
  115.700   -65.553
  115.750   -65.554
  115.800   -65.555
  115.850   -65.557
  115.900   -65.558
  115.950   -65.559
  116.000   -65.560
  116.050   -65.561
  116.100   -65.562
  116.150   -65.564
  116.200   -65.565
  116.250   -65.566
  116.300   -65.567
  116.350   -65.568
  116.400   -65.569
  116.450   -65.570
  116.500   -65.571
  116.550   -65.572
  116.600   -65.573
  116.650   -65.574
  116.700   -65.576
  116.750   -65.577
  116.800   -65.578
  116.850   -65.579
  116.900   -65.580
  116.950   -65.581
  117.000   -65.581
  117.050   -65.582
  117.100   -65.583
  117.150   -65.584
  117.200   -65.585
  117.250   -65.586
  117.300   -65.587
  117.350   -65.588
  117.400   -65.589
  117.450   -65.590
  117.500   -65.591
  117.550   -65.591
  117.600   -65.592
  117.650   -65.593
  117.700   -65.594
  117.750   -65.595
  117.800   -65.596
  117.850   -65.597
  117.900   -65.597
  117.950   -65.598
  118.000   -65.599
  118.050   -65.600
  118.100   -65.601
  118.150   -65.601
  118.200   -65.602
  118.250   -65.603
  118.300   -65.604
  118.350   -65.604
  118.400   -65.605
  118.450   -65.606
  118.500   -65.607
  118.550   -65.607
  118.600   -65.608
  118.650   -65.609
  118.700   -65.609
  118.750   -65.610
  118.800   -65.611
  118.850   -65.611
  118.900   -65.612
  118.950   -65.613
  119.000   -65.613
  119.050   -65.614
  119.100   -65.615
  119.150   -65.615
  119.200   -65.616
  119.250   -65.617
  119.300   -65.617
  119.350   -65.618
  119.400   -65.619
  119.450   -65.619
  119.500   -65.620
  119.550   -65.620
  119.600   -65.621
  119.650   -65.622
  119.700   -65.622
  119.750   -65.623
  119.800   -65.623
  119.850   -65.624
  119.900   -65.624
  119.950   -65.625
