    0.250 -6.5464E+0001
    0.500 -6.5233E+0001
    0.750 -6.5006E+0001
    1.000 -6.4782E+0001
    1.250 -6.4563E+0001
    1.500 -6.4347E+0001
    1.750 -6.4135E+0001
    2.000 -6.3927E+0001
    2.250 -6.3723E+0001
    2.500 -6.3522E+0001
    2.750 -6.3325E+0001
    3.000 -6.3131E+0001
    3.250 -6.2940E+0001
    3.500 -6.2754E+0001
    3.750 -6.2570E+0001
    4.000 -6.2389E+0001
    4.250 -6.2212E+0001
    4.500 -6.2038E+0001
    4.750 -6.1867E+0001
    5.000 -6.1700E+0001
    5.250 -6.1535E+0001
    5.500 -6.1373E+0001
    5.750 -6.1214E+0001
    6.000 -6.1058E+0001
    6.250 -6.0904E+0001
    6.500 -6.0753E+0001
    6.750 -6.0605E+0001
    7.000 -6.0460E+0001
    7.250 -6.0317E+0001
    7.500 -6.0177E+0001
    7.750 -6.0039E+0001
    8.000 -5.9903E+0001
    8.250 -5.9770E+0001
    8.500 -5.9639E+0001
    8.750 -5.9510E+0001
    9.000 -5.9383E+0001
    9.250 -5.9258E+0001
    9.500 -5.9135E+0001
    9.750 -5.9014E+0001
   10.000 -5.8895E+0001
   10.250 -5.8777E+0001
   10.500 -5.8661E+0001
   10.750 -5.8547E+0001
   11.000 -5.8434E+0001
   11.250 -5.8322E+0001
   11.500 -5.8211E+0001
   11.750 -5.8101E+0001
   12.000 -5.7992E+0001
   12.250 -5.7884E+0001
   12.500 -5.7777E+0001
   12.750 -5.7669E+0001
   13.000 -5.7562E+0001
   13.250 -5.7455E+0001
   13.500 -5.7347E+0001
   13.750 -5.7238E+0001
   14.000 -5.7129E+0001
   14.250 -5.7018E+0001
   14.500 -5.6905E+0001
   14.750 -5.6790E+0001
   15.000 -5.6672E+0001
   15.250 -5.6549E+0001
   15.500 -5.6422E+0001
   15.750 -5.6289E+0001
   16.000 -5.6147E+0001
   16.250 -5.5996E+0001
   16.500 -5.5832E+0001
   16.750 -5.5650E+0001
   17.000 -5.5444E+0001
   17.250 -5.5205E+0001
   17.500 -5.4914E+0001
   17.750 -5.4539E+0001
   18.000 -5.4002E+0001
   18.250 -5.3068E+0001
   18.500 -5.0091E+0001
   18.750 -2.8987E+0001
   19.000 -5.9197E+0000
   19.250  6.4232E+0000
   19.500  1.0299E+0001
   19.750  7.6436E+0000
   20.000  2.2908E-0001
   20.250 -9.6954E+0000
   20.500 -1.9876E+0001
   20.750 -2.8859E+0001
   21.000 -3.6182E+0001
   21.250 -4.1957E+0001
   21.500 -4.6540E+0001
   21.750 -5.0198E+0001
   22.000 -5.3126E+0001
   22.250 -5.5473E+0001
   22.500 -5.7349E+0001
   22.750 -5.8854E+0001
   23.000 -6.0071E+0001
   23.250 -6.1061E+0001
   23.500 -6.1874E+0001
   23.750 -6.2544E+0001
   24.000 -6.3101E+0001
   24.250 -6.3563E+0001
   24.500 -6.3950E+0001
   24.750 -6.4272E+0001
   25.000 -6.4542E+0001
   25.250 -6.4766E+0001
   25.500 -6.4953E+0001
   25.750 -6.5107E+0001
   26.000 -6.5234E+0001
   26.250 -6.5336E+0001
   26.500 -6.5418E+0001
   26.750 -6.5481E+0001
   27.000 -6.5529E+0001
   27.250 -6.5563E+0001
   27.500 -6.5585E+0001
   27.750 -6.5596E+0001
   28.000 -6.5598E+0001
   28.250 -6.5591E+0001
   28.500 -6.5577E+0001
   28.750 -6.5556E+0001
   29.000 -6.5530E+0001
   29.250 -6.5498E+0001
   29.500 -6.5461E+0001
   29.750 -6.5420E+0001
   30.000 -6.5376E+0001
   30.250 -6.5329E+0001
   30.500 -6.5278E+0001
   30.750 -6.5225E+0001
   31.000 -6.5170E+0001
   31.250 -6.5113E+0001
   31.500 -6.5054E+0001
   31.750 -6.4994E+0001
   32.000 -6.4933E+0001
   32.250 -6.4870E+0001
   32.500 -6.4807E+0001
   32.750 -6.4743E+0001
   33.000 -6.4678E+0001
   33.250 -6.4613E+0001
   33.500 -6.4548E+0001
   33.750 -6.4482E+0001
   34.000 -6.4416E+0001
   34.250 -6.4351E+0001
   34.500 -6.4285E+0001
   34.750 -6.4219E+0001
   35.000 -6.4154E+0001
   35.250 -6.4089E+0001
   35.500 -6.4024E+0001
   35.750 -6.3960E+0001
   36.000 -6.3896E+0001
   36.250 -6.3832E+0001
   36.500 -6.3769E+0001
   36.750 -6.3706E+0001
   37.000 -6.3644E+0001
   37.250 -6.3582E+0001
   37.500 -6.3521E+0001
   37.750 -6.3461E+0001
   38.000 -6.3401E+0001
   38.250 -6.3342E+0001
   38.500 -6.3283E+0001
   38.750 -6.3225E+0001
   39.000 -6.3168E+0001
   39.250 -6.3111E+0001
   39.500 -6.3055E+0001
   39.750 -6.3000E+0001
   40.000 -6.2945E+0001
   40.250 -6.2891E+0001
   40.500 -6.2838E+0001
   40.750 -6.2785E+0001
   41.000 -6.2733E+0001
   41.250 -6.2682E+0001
   41.500 -6.2631E+0001
   41.750 -6.2581E+0001
   42.000 -6.2531E+0001
   42.250 -6.2482E+0001
   42.500 -6.2434E+0001
   42.750 -6.2387E+0001
   43.000 -6.2340E+0001
   43.250 -6.2293E+0001
   43.500 -6.2247E+0001
   43.750 -6.2202E+0001
   44.000 -6.2157E+0001
   44.250 -6.2113E+0001
   44.500 -6.2070E+0001
   44.750 -6.2027E+0001
   45.000 -6.1985E+0001
   45.250 -6.1943E+0001
   45.500 -6.1901E+0001
   45.750 -6.1861E+0001
   46.000 -6.1820E+0001
   46.250 -6.1781E+0001
   46.500 -6.1741E+0001
   46.750 -6.1703E+0001
   47.000 -6.1664E+0001
   47.250 -6.1627E+0001
   47.500 -6.1589E+0001
   47.750 -6.1553E+0001
   48.000 -6.1516E+0001
   48.250 -6.1480E+0001
   48.500 -6.1445E+0001
   48.750 -6.1410E+0001
   49.000 -6.1375E+0001
   49.250 -6.1341E+0001
   49.500 -6.1308E+0001
   49.750 -6.1274E+0001
   50.000 -6.1241E+0001
   50.250 -6.1209E+0001
   50.500 -6.1177E+0001
   50.750 -6.1145E+0001
   51.000 -6.1114E+0001
   51.250 -6.1083E+0001
   51.500 -6.1052E+0001
   51.750 -6.1022E+0001
   52.000 -6.0992E+0001
   52.250 -6.0962E+0001
   52.500 -6.0933E+0001
   52.750 -6.0904E+0001
   53.000 -6.0876E+0001
   53.250 -6.0848E+0001
   53.500 -6.0820E+0001
   53.750 -6.0792E+0001
   54.000 -6.0765E+0001
   54.250 -6.0738E+0001
   54.500 -6.0711E+0001
   54.750 -6.0685E+0001
   55.000 -6.0659E+0001
   55.250 -6.0633E+0001
   55.500 -6.0607E+0001
   55.750 -6.0582E+0001
   56.000 -6.0557E+0001
   56.250 -6.0533E+0001
   56.500 -6.0508E+0001
   56.750 -6.0484E+0001
   57.000 -6.0460E+0001
   57.250 -6.0436E+0001
   57.500 -6.0413E+0001
   57.750 -6.0390E+0001
   58.000 -6.0367E+0001
   58.250 -6.0344E+0001
   58.500 -6.0322E+0001
   58.750 -6.0299E+0001
   59.000 -6.0277E+0001
   59.250 -6.0255E+0001
   59.500 -6.0234E+0001
   59.750 -6.0212E+0001
   60.000 -6.0191E+0001
   60.250 -6.0170E+0001
   60.500 -6.0150E+0001
   60.750 -6.0129E+0001
   61.000 -6.0109E+0001
   61.250 -6.0088E+0001
   61.500 -6.0068E+0001
   61.750 -6.0049E+0001
   62.000 -6.0029E+0001
   62.250 -6.0010E+0001
   62.500 -5.9990E+0001
   62.750 -5.9971E+0001
   63.000 -5.9952E+0001
   63.250 -5.9934E+0001
   63.500 -5.9915E+0001
   63.750 -5.9897E+0001
   64.000 -5.9878E+0001
   64.250 -5.9860E+0001
   64.500 -5.9842E+0001
   64.750 -5.9825E+0001
   65.000 -5.9807E+0001
   65.250 -5.9790E+0001
   65.500 -5.9772E+0001
   65.750 -5.9755E+0001
   66.000 -5.9738E+0001
   66.250 -5.9721E+0001
   66.500 -5.9704E+0001
   66.750 -5.9688E+0001
   67.000 -5.9671E+0001
   67.250 -5.9655E+0001
   67.500 -5.9639E+0001
   67.750 -5.9623E+0001
   68.000 -5.9607E+0001
   68.250 -5.9591E+0001
   68.500 -5.9575E+0001
   68.750 -5.9560E+0001
   69.000 -5.9544E+0001
   69.250 -5.9529E+0001
   69.500 -5.9514E+0001
   69.750 -5.9499E+0001
   70.000 -5.9484E+0001
   70.250 -5.9469E+0001
   70.500 -5.9454E+0001
   70.750 -5.9440E+0001
   71.000 -5.9425E+0001
   71.250 -5.9411E+0001
   71.500 -5.9396E+0001
   71.750 -5.9382E+0001
   72.000 -5.9368E+0001
   72.250 -5.9354E+0001
   72.500 -5.9340E+0001
   72.750 -5.9326E+0001
   73.000 -5.9313E+0001
   73.250 -5.9299E+0001
   73.500 -5.9285E+0001
   73.750 -5.9272E+0001
   74.000 -5.9259E+0001
   74.250 -5.9246E+0001
   74.500 -5.9232E+0001
   74.750 -5.9219E+0001
   75.000 -5.9206E+0001
   75.250 -5.9194E+0001
   75.500 -5.9181E+0001
   75.750 -5.9168E+0001
   76.000 -5.9155E+0001
   76.250 -5.9143E+0001
   76.500 -5.9130E+0001
   76.750 -5.9118E+0001
   77.000 -5.9106E+0001
   77.250 -5.9094E+0001
   77.500 -5.9081E+0001
   77.750 -5.9069E+0001
   78.000 -5.9057E+0001
   78.250 -5.9045E+0001
   78.500 -5.9034E+0001
   78.750 -5.9022E+0001
   79.000 -5.9010E+0001
   79.250 -5.8999E+0001
   79.500 -5.8987E+0001
   79.750 -5.8975E+0001
   80.000 -5.8964E+0001
   80.250 -5.8953E+0001
   80.500 -5.8941E+0001
   80.750 -5.8930E+0001
   81.000 -5.8919E+0001
   81.250 -5.8908E+0001
   81.500 -5.8897E+0001
   81.750 -5.8886E+0001
   82.000 -5.8875E+0001
   82.250 -5.8864E+0001
   82.500 -5.8854E+0001
   82.750 -5.8843E+0001
   83.000 -5.8832E+0001
   83.250 -5.8822E+0001
   83.500 -5.8811E+0001
   83.750 -5.8801E+0001
   84.000 -5.8790E+0001
   84.250 -5.8780E+0001
   84.500 -5.8769E+0001
   84.750 -5.8759E+0001
   85.000 -5.8749E+0001
   85.250 -5.8739E+0001
   85.500 -5.8729E+0001
   85.750 -5.8719E+0001
   86.000 -5.8709E+0001
   86.250 -5.8699E+0001
   86.500 -5.8689E+0001
   86.750 -5.8679E+0001
   87.000 -5.8669E+0001
   87.250 -5.8660E+0001
   87.500 -5.8650E+0001
   87.750 -5.8640E+0001
   88.000 -5.8631E+0001
   88.250 -5.8621E+0001
   88.500 -5.8612E+0001
   88.750 -5.8602E+0001
   89.000 -5.8593E+0001
   89.250 -5.8583E+0001
   89.500 -5.8574E+0001
   89.750 -5.8565E+0001
   90.000 -5.8555E+0001
   90.250 -5.8546E+0001
   90.500 -5.8537E+0001
   90.750 -5.8528E+0001
   91.000 -5.8519E+0001
   91.250 -5.8510E+0001
   91.500 -5.8501E+0001
   91.750 -5.8492E+0001
   92.000 -5.8483E+0001
   92.250 -5.8474E+0001
   92.500 -5.8465E+0001
   92.750 -5.8457E+0001
   93.000 -5.8448E+0001
   93.250 -5.8439E+0001
   93.500 -5.8430E+0001
   93.750 -5.8422E+0001
   94.000 -5.8413E+0001
   94.250 -5.8405E+0001
   94.500 -5.8396E+0001
   94.750 -5.8387E+0001
   95.000 -5.8379E+0001
   95.250 -5.8371E+0001
   95.500 -5.8362E+0001
   95.750 -5.8354E+0001
   96.000 -5.8345E+0001
   96.250 -5.8337E+0001
   96.500 -5.8329E+0001
   96.750 -5.8321E+0001
   97.000 -5.8312E+0001
   97.250 -5.8304E+0001
   97.500 -5.8296E+0001
   97.750 -5.8288E+0001
   98.000 -5.8280E+0001
   98.250 -5.8272E+0001
   98.500 -5.8264E+0001
   98.750 -5.8256E+0001
   99.000 -5.8248E+0001
   99.250 -5.8240E+0001
   99.500 -5.8232E+0001
   99.750 -5.8224E+0001
  100.000 -5.8216E+0001
  100.250 -5.8208E+0001
  100.500 -5.8200E+0001
  100.750 -5.8193E+0001
  101.000 -5.8185E+0001
  101.250 -5.8177E+0001
  101.500 -5.8169E+0001
  101.750 -5.8162E+0001
  102.000 -5.8154E+0001
  102.250 -5.8146E+0001
  102.500 -5.8139E+0001
  102.750 -5.8131E+0001
  103.000 -5.8124E+0001
  103.250 -5.8116E+0001
  103.500 -5.8108E+0001
  103.750 -5.8101E+0001
  104.000 -5.8093E+0001
  104.250 -5.8086E+0001
  104.500 -5.8078E+0001
  104.750 -5.8071E+0001
  105.000 -5.8064E+0001
  105.250 -5.8056E+0001
  105.500 -5.8049E+0001
  105.750 -5.8042E+0001
  106.000 -5.8034E+0001
  106.250 -5.8027E+0001
  106.500 -5.8020E+0001
  106.750 -5.8012E+0001
  107.000 -5.8005E+0001
  107.250 -5.7998E+0001
  107.500 -5.7991E+0001
  107.750 -5.7983E+0001
  108.000 -5.7976E+0001
  108.250 -5.7969E+0001
  108.500 -5.7962E+0001
  108.750 -5.7955E+0001
  109.000 -5.7948E+0001
  109.250 -5.7941E+0001
  109.500 -5.7934E+0001
  109.750 -5.7926E+0001
  110.000 -5.7919E+0001
  110.250 -5.7912E+0001
  110.500 -5.7905E+0001
  110.750 -5.7898E+0001
  111.000 -5.7891E+0001
  111.250 -5.7884E+0001
  111.500 -5.7877E+0001
  111.750 -5.7870E+0001
  112.000 -5.7863E+0001
  112.250 -5.7856E+0001
  112.500 -5.7849E+0001
  112.750 -5.7843E+0001
  113.000 -5.7836E+0001
  113.250 -5.7829E+0001
  113.500 -5.7822E+0001
  113.750 -5.7815E+0001
  114.000 -5.7808E+0001
  114.250 -5.7801E+0001
  114.500 -5.7794E+0001
  114.750 -5.7788E+0001
  115.000 -5.7781E+0001
  115.250 -5.7774E+0001
  115.500 -5.7767E+0001
  115.750 -5.7760E+0001
  116.000 -5.7753E+0001
  116.250 -5.7747E+0001
  116.500 -5.7740E+0001
  116.750 -5.7733E+0001
  117.000 -5.7726E+0001
  117.250 -5.7719E+0001
  117.500 -5.7713E+0001
  117.750 -5.7706E+0001
  118.000 -5.7699E+0001
  118.250 -5.7692E+0001
  118.500 -5.7686E+0001
  118.750 -5.7679E+0001
  119.000 -5.7672E+0001
  119.250 -5.7665E+0001
  119.500 -5.7659E+0001
  119.750 -5.7652E+0001
  120.000 -5.7645E+0001
  120.250 -5.7638E+0001
  120.500 -5.7632E+0001
  120.750 -5.7625E+0001
  121.000 -5.7618E+0001
  121.250 -5.7611E+0001
  121.500 -5.7605E+0001
  121.750 -5.7598E+0001
  122.000 -5.7591E+0001
  122.250 -5.7584E+0001
  122.500 -5.7578E+0001
  122.750 -5.7571E+0001
  123.000 -5.7564E+0001
  123.250 -5.7557E+0001
  123.500 -5.7550E+0001
  123.750 -5.7544E+0001
  124.000 -5.7537E+0001
  124.250 -5.7530E+0001
  124.500 -5.7523E+0001
  124.750 -5.7516E+0001
  125.000 -5.7510E+0001
  125.250 -5.7503E+0001
  125.500 -5.7496E+0001
  125.750 -5.7489E+0001
  126.000 -5.7482E+0001
  126.250 -5.7475E+0001
  126.500 -5.7469E+0001
  126.750 -5.7462E+0001
  127.000 -5.7455E+0001
  127.250 -5.7448E+0001
  127.500 -5.7441E+0001
  127.750 -5.7434E+0001
  128.000 -5.7427E+0001
  128.250 -5.7420E+0001
  128.500 -5.7413E+0001
  128.750 -5.7406E+0001
  129.000 -5.7399E+0001
  129.250 -5.7392E+0001
  129.500 -5.7385E+0001
  129.750 -5.7378E+0001
  130.000 -5.7370E+0001
  130.250 -5.7363E+0001
  130.500 -5.7356E+0001
  130.750 -5.7349E+0001
  131.000 -5.7342E+0001
  131.250 -5.7334E+0001
  131.500 -5.7327E+0001
  131.750 -5.7320E+0001
  132.000 -5.7313E+0001
  132.250 -5.7305E+0001
  132.500 -5.7298E+0001
  132.750 -5.7290E+0001
  133.000 -5.7283E+0001
  133.250 -5.7275E+0001
  133.500 -5.7268E+0001
  133.750 -5.7260E+0001
  134.000 -5.7253E+0001
  134.250 -5.7245E+0001
  134.500 -5.7237E+0001
  134.750 -5.7229E+0001
  135.000 -5.7222E+0001
  135.250 -5.7214E+0001
  135.500 -5.7206E+0001
  135.750 -5.7198E+0001
  136.000 -5.7190E+0001
  136.250 -5.7182E+0001
  136.500 -5.7174E+0001
  136.750 -5.7166E+0001
  137.000 -5.7157E+0001
  137.250 -5.7149E+0001
  137.500 -5.7141E+0001
  137.750 -5.7132E+0001
  138.000 -5.7124E+0001
  138.250 -5.7115E+0001
  138.500 -5.7107E+0001
  138.750 -5.7098E+0001
  139.000 -5.7089E+0001
  139.250 -5.7080E+0001
  139.500 -5.7071E+0001
  139.750 -5.7062E+0001
  140.000 -5.7053E+0001
  140.250 -5.7044E+0001
  140.500 -5.7034E+0001
  140.750 -5.7025E+0001
  141.000 -5.7015E+0001
  141.250 -5.7006E+0001
  141.500 -5.6996E+0001
  141.750 -5.6986E+0001
  142.000 -5.6976E+0001
  142.250 -5.6966E+0001
  142.500 -5.6955E+0001
  142.750 -5.6945E+0001
  143.000 -5.6934E+0001
  143.250 -5.6923E+0001
  143.500 -5.6912E+0001
  143.750 -5.6901E+0001
  144.000 -5.6890E+0001
  144.250 -5.6879E+0001
  144.500 -5.6867E+0001
  144.750 -5.6855E+0001
  145.000 -5.6843E+0001
  145.250 -5.6831E+0001
  145.500 -5.6818E+0001
  145.750 -5.6805E+0001
  146.000 -5.6792E+0001
  146.250 -5.6779E+0001
  146.500 -5.6765E+0001
  146.750 -5.6751E+0001
  147.000 -5.6737E+0001
  147.250 -5.6723E+0001
  147.500 -5.6708E+0001
  147.750 -5.6693E+0001
  148.000 -5.6677E+0001
  148.250 -5.6661E+0001
  148.500 -5.6644E+0001
  148.750 -5.6627E+0001
  149.000 -5.6610E+0001
  149.250 -5.6592E+0001
  149.500 -5.6573E+0001
  149.750 -5.6554E+0001
  150.000 -5.6534E+0001
  150.250 -5.6514E+0001
  150.500 -5.6492E+0001
  150.750 -5.6470E+0001
  151.000 -5.6447E+0001
  151.250 -5.6424E+0001
  151.500 -5.6399E+0001
  151.750 -5.6373E+0001
  152.000 -5.6346E+0001
  152.250 -5.6317E+0001
  152.500 -5.6287E+0001
  152.750 -5.6256E+0001
  153.000 -5.6223E+0001
  153.250 -5.6188E+0001
  153.500 -5.6150E+0001
  153.750 -5.6111E+0001
  154.000 -5.6068E+0001
  154.250 -5.6023E+0001
  154.500 -5.5974E+0001
  154.750 -5.5921E+0001
  155.000 -5.5864E+0001
  155.250 -5.5800E+0001
  155.500 -5.5731E+0001
  155.750 -5.5653E+0001
  156.000 -5.5566E+0001
  156.250 -5.5467E+0001
  156.500 -5.5353E+0001
  156.750 -5.5219E+0001
  157.000 -5.5057E+0001
  157.250 -5.4857E+0001
  157.500 -5.4597E+0001
  157.750 -5.4236E+0001
  158.000 -5.3672E+0001
  158.250 -5.2547E+0001
  158.500 -4.6997E+0001
  158.750 -2.2583E+0001
  159.000 -2.6212E+0000
  159.250  7.0021E+0000
  159.500  8.9488E+0000
  159.750  5.2368E+0000
  160.000 -2.2677E+0000
  160.250 -1.1545E+0001
  160.500 -2.0819E+0001
  160.750 -2.9023E+0001
  161.000 -3.5821E+0001
  161.250 -4.1293E+0001
  161.500 -4.5723E+0001
  161.750 -4.9339E+0001
  162.000 -5.2289E+0001
  162.250 -5.4701E+0001
  162.500 -5.6671E+0001
  162.750 -5.8282E+0001
  163.000 -5.9609E+0001
  163.250 -6.0710E+0001
  163.500 -6.1629E+0001
  163.750 -6.2402E+0001
  164.000 -6.3056E+0001
  164.250 -6.3610E+0001
  164.500 -6.4083E+0001
  164.750 -6.4486E+0001
  165.000 -6.4832E+0001
  165.250 -6.5129E+0001
  165.500 -6.5383E+0001
  165.750 -6.5601E+0001
  166.000 -6.5789E+0001
  166.250 -6.5949E+0001
  166.500 -6.6086E+0001
  166.750 -6.6202E+0001
  167.000 -6.6301E+0001
  167.250 -6.6383E+0001
  167.500 -6.6452E+0001
  167.750 -6.6508E+0001
  168.000 -6.6553E+0001
  168.250 -6.6589E+0001
  168.500 -6.6616E+0001
  168.750 -6.6635E+0001
  169.000 -6.6647E+0001
  169.250 -6.6653E+0001
  169.500 -6.6654E+0001
  169.750 -6.6649E+0001
  170.000 -6.6640E+0001
  170.250 -6.6627E+0001
  170.500 -6.6611E+0001
  170.750 -6.6591E+0001
  171.000 -6.6568E+0001
  171.250 -6.6543E+0001
  171.500 -6.6515E+0001
  171.750 -6.6485E+0001
  172.000 -6.6453E+0001
  172.250 -6.6420E+0001
  172.500 -6.6385E+0001
  172.750 -6.6348E+0001
  173.000 -6.6311E+0001
  173.250 -6.6272E+0001
  173.500 -6.6233E+0001
  173.750 -6.6192E+0001
  174.000 -6.6151E+0001
  174.250 -6.6109E+0001
  174.500 -6.6067E+0001
  174.750 -6.6025E+0001
  175.000 -6.5982E+0001
  175.250 -6.5938E+0001
  175.500 -6.5895E+0001
  175.750 -6.5851E+0001
  176.000 -6.5807E+0001
  176.250 -6.5763E+0001
  176.500 -6.5719E+0001
  176.750 -6.5675E+0001
  177.000 -6.5630E+0001
  177.250 -6.5586E+0001
  177.500 -6.5542E+0001
  177.750 -6.5498E+0001
  178.000 -6.5455E+0001
  178.250 -6.5411E+0001
  178.500 -6.5367E+0001
  178.750 -6.5324E+0001
  179.000 -6.5281E+0001
  179.250 -6.5238E+0001
  179.500 -6.5195E+0001
  179.750 -6.5153E+0001
  180.000 -6.5110E+0001
  180.250 -6.5068E+0001
  180.500 -6.5026E+0001
  180.750 -6.4985E+0001
  181.000 -6.4944E+0001
  181.250 -6.4902E+0001
  181.500 -6.4862E+0001
  181.750 -6.4821E+0001
  182.000 -6.4781E+0001
  182.250 -6.4741E+0001
  182.500 -6.4701E+0001
  182.750 -6.4662E+0001
  183.000 -6.4623E+0001
  183.250 -6.4584E+0001
  183.500 -6.4545E+0001
  183.750 -6.4507E+0001
  184.000 -6.4469E+0001
  184.250 -6.4431E+0001
  184.500 -6.4394E+0001
  184.750 -6.4357E+0001
  185.000 -6.4320E+0001
  185.250 -6.4283E+0001
  185.500 -6.4247E+0001
  185.750 -6.4211E+0001
  186.000 -6.4175E+0001
  186.250 -6.4140E+0001
  186.500 -6.4104E+0001
  186.750 -6.4069E+0001
  187.000 -6.4035E+0001
  187.250 -6.4000E+0001
  187.500 -6.3966E+0001
  187.750 -6.3932E+0001
  188.000 -6.3898E+0001
  188.250 -6.3865E+0001
  188.500 -6.3831E+0001
  188.750 -6.3799E+0001
  189.000 -6.3766E+0001
  189.250 -6.3733E+0001
  189.500 -6.3701E+0001
  189.750 -6.3669E+0001
  190.000 -6.3637E+0001
  190.250 -6.3606E+0001
  190.500 -6.3575E+0001
  190.750 -6.3543E+0001
  191.000 -6.3513E+0001
  191.250 -6.3482E+0001
  191.500 -6.3452E+0001
  191.750 -6.3421E+0001
  192.000 -6.3391E+0001
  192.250 -6.3362E+0001
  192.500 -6.3332E+0001
  192.750 -6.3303E+0001
  193.000 -6.3274E+0001
  193.250 -6.3245E+0001
  193.500 -6.3216E+0001
  193.750 -6.3188E+0001
  194.000 -6.3159E+0001
  194.250 -6.3131E+0001
  194.500 -6.3103E+0001
  194.750 -6.3076E+0001
  195.000 -6.3048E+0001
  195.250 -6.3021E+0001
  195.500 -6.2994E+0001
  195.750 -6.2967E+0001
  196.000 -6.2940E+0001
  196.250 -6.2914E+0001
  196.500 -6.2887E+0001
  196.750 -6.2861E+0001
  197.000 -6.2835E+0001
  197.250 -6.2809E+0001
  197.500 -6.2784E+0001
  197.750 -6.2758E+0001
  198.000 -6.2733E+0001
  198.250 -6.2708E+0001
  198.500 -6.2683E+0001
  198.750 -6.2658E+0001
  199.000 -6.2633E+0001
  199.250 -6.2609E+0001
  199.500 -6.2585E+0001
  199.750 -6.2561E+0001
  200.000 -6.2537E+0001
  200.250 -6.2513E+0001
  200.500 -6.2489E+0001
  200.750 -6.2466E+0001
  201.000 -6.2442E+0001
  201.250 -6.2419E+0001
  201.500 -6.2396E+0001
  201.750 -6.2373E+0001
  202.000 -6.2351E+0001
  202.250 -6.2328E+0001
  202.500 -6.2306E+0001
  202.750 -6.2283E+0001
  203.000 -6.2261E+0001
  203.250 -6.2239E+0001
  203.500 -6.2217E+0001
  203.750 -6.2196E+0001
  204.000 -6.2174E+0001
  204.250 -6.2153E+0001
  204.500 -6.2131E+0001
  204.750 -6.2110E+0001
  205.000 -6.2089E+0001
  205.250 -6.2068E+0001
  205.500 -6.2048E+0001
  205.750 -6.2027E+0001
  206.000 -6.2007E+0001
  206.250 -6.1986E+0001
  206.500 -6.1966E+0001
  206.750 -6.1946E+0001
  207.000 -6.1926E+0001
  207.250 -6.1906E+0001
  207.500 -6.1887E+0001
  207.750 -6.1867E+0001
  208.000 -6.1848E+0001
  208.250 -6.1828E+0001
  208.500 -6.1809E+0001
  208.750 -6.1790E+0001
  209.000 -6.1771E+0001
  209.250 -6.1752E+0001
  209.500 -6.1733E+0001
  209.750 -6.1715E+0001
  210.000 -6.1696E+0001
  210.250 -6.1678E+0001
  210.500 -6.1660E+0001
  210.750 -6.1642E+0001
  211.000 -6.1624E+0001
  211.250 -6.1606E+0001
  211.500 -6.1588E+0001
  211.750 -6.1570E+0001
  212.000 -6.1552E+0001
  212.250 -6.1535E+0001
  212.500 -6.1518E+0001
  212.750 -6.1500E+0001
  213.000 -6.1483E+0001
  213.250 -6.1466E+0001
  213.500 -6.1449E+0001
  213.750 -6.1432E+0001
  214.000 -6.1416E+0001
  214.250 -6.1399E+0001
  214.500 -6.1382E+0001
  214.750 -6.1366E+0001
  215.000 -6.1350E+0001
  215.250 -6.1333E+0001
  215.500 -6.1317E+0001
  215.750 -6.1301E+0001
  216.000 -6.1285E+0001
  216.250 -6.1269E+0001
  216.500 -6.1254E+0001
  216.750 -6.1238E+0001
  217.000 -6.1222E+0001
  217.250 -6.1207E+0001
  217.500 -6.1192E+0001
  217.750 -6.1176E+0001
  218.000 -6.1161E+0001
  218.250 -6.1146E+0001
  218.500 -6.1131E+0001
  218.750 -6.1116E+0001
  219.000 -6.1101E+0001
  219.250 -6.1086E+0001
  219.500 -6.1072E+0001
  219.750 -6.1057E+0001
  220.000 -6.1043E+0001
  220.250 -6.1028E+0001
  220.500 -6.1014E+0001
  220.750 -6.1000E+0001
  221.000 -6.0986E+0001
  221.250 -6.0971E+0001
  221.500 -6.0957E+0001
  221.750 -6.0944E+0001
  222.000 -6.0930E+0001
  222.250 -6.0916E+0001
  222.500 -6.0902E+0001
  222.750 -6.0889E+0001
  223.000 -6.0875E+0001
  223.250 -6.0862E+0001
  223.500 -6.0848E+0001
  223.750 -6.0835E+0001
  224.000 -6.0822E+0001
  224.250 -6.0809E+0001
  224.500 -6.0796E+0001
  224.750 -6.0783E+0001
  225.000 -6.0770E+0001
  225.250 -6.0757E+0001
  225.500 -6.0744E+0001
  225.750 -6.0732E+0001
  226.000 -6.0719E+0001
  226.250 -6.0707E+0001
  226.500 -6.0694E+0001
  226.750 -6.0682E+0001
  227.000 -6.0670E+0001
  227.250 -6.0657E+0001
  227.500 -6.0645E+0001
  227.750 -6.0633E+0001
  228.000 -6.0621E+0001
  228.250 -6.0609E+0001
  228.500 -6.0597E+0001
  228.750 -6.0585E+0001
  229.000 -6.0574E+0001
  229.250 -6.0562E+0001
  229.500 -6.0550E+0001
  229.750 -6.0539E+0001
  230.000 -6.0527E+0001
  230.250 -6.0516E+0001
  230.500 -6.0504E+0001
  230.750 -6.0493E+0001
  231.000 -6.0482E+0001
  231.250 -6.0471E+0001
  231.500 -6.0459E+0001
  231.750 -6.0448E+0001
  232.000 -6.0437E+0001
  232.250 -6.0426E+0001
  232.500 -6.0416E+0001
  232.750 -6.0405E+0001
  233.000 -6.0394E+0001
  233.250 -6.0383E+0001
  233.500 -6.0373E+0001
  233.750 -6.0362E+0001
  234.000 -6.0352E+0001
  234.250 -6.0341E+0001
  234.500 -6.0331E+0001
  234.750 -6.0320E+0001
  235.000 -6.0310E+0001
  235.250 -6.0300E+0001
  235.500 -6.0290E+0001
  235.750 -6.0280E+0001
  236.000 -6.0270E+0001
  236.250 -6.0260E+0001
  236.500 -6.0250E+0001
  236.750 -6.0240E+0001
  237.000 -6.0230E+0001
  237.250 -6.0220E+0001
  237.500 -6.0210E+0001
  237.750 -6.0201E+0001
  238.000 -6.0191E+0001
  238.250 -6.0181E+0001
  238.500 -6.0172E+0001
  238.750 -6.0162E+0001
  239.000 -6.0153E+0001
  239.250 -6.0144E+0001
  239.500 -6.0134E+0001
  239.750 -6.0125E+0001
  240.000 -6.0116E+0001
  240.250 -6.0107E+0001
  240.500 -6.0097E+0001
  240.750 -6.0088E+0001
  241.000 -6.0079E+0001
  241.250 -6.0070E+0001
  241.500 -6.0061E+0001
  241.750 -6.0053E+0001
  242.000 -6.0044E+0001
  242.250 -6.0035E+0001
  242.500 -6.0026E+0001
  242.750 -6.0017E+0001
  243.000 -6.0009E+0001
  243.250 -6.0000E+0001
  243.500 -5.9992E+0001
  243.750 -5.9983E+0001
  244.000 -5.9975E+0001
  244.250 -5.9966E+0001
  244.500 -5.9958E+0001
  244.750 -5.9949E+0001
  245.000 -5.9941E+0001
  245.250 -5.9933E+0001
  245.500 -5.9925E+0001
  245.750 -5.9916E+0001
  246.000 -5.9908E+0001
  246.250 -5.9900E+0001
  246.500 -5.9892E+0001
  246.750 -5.9884E+0001
  247.000 -5.9876E+0001
  247.250 -5.9868E+0001
  247.500 -5.9860E+0001
  247.750 -5.9853E+0001
  248.000 -5.9845E+0001
  248.250 -5.9837E+0001
  248.500 -5.9829E+0001
  248.750 -5.9822E+0001
  249.000 -5.9814E+0001
  249.250 -5.9806E+0001
  249.500 -5.9799E+0001
  249.750 -5.9791E+0001
  250.000 -5.9784E+0001
  250.250 -5.9776E+0001
  250.500 -5.9769E+0001
  250.750 -5.9762E+0001
  251.000 -5.9754E+0001
  251.250 -5.9747E+0001
  251.500 -5.9740E+0001
  251.750 -5.9732E+0001
  252.000 -5.9725E+0001
  252.250 -5.9718E+0001
  252.500 -5.9711E+0001
  252.750 -5.9704E+0001
  253.000 -5.9697E+0001
  253.250 -5.9690E+0001
  253.500 -5.9683E+0001
  253.750 -5.9676E+0001
  254.000 -5.9669E+0001
  254.250 -5.9662E+0001
  254.500 -5.9655E+0001
  254.750 -5.9649E+0001
  255.000 -5.9642E+0001
  255.250 -5.9635E+0001
  255.500 -5.9628E+0001
  255.750 -5.9622E+0001
  256.000 -5.9615E+0001
  256.250 -5.9608E+0001
  256.500 -5.9602E+0001
  256.750 -5.9595E+0001
  257.000 -5.9589E+0001
  257.250 -5.9582E+0001
  257.500 -5.9576E+0001
  257.750 -5.9570E+0001
  258.000 -5.9563E+0001
  258.250 -5.9557E+0001
  258.500 -5.9551E+0001
  258.750 -5.9544E+0001
  259.000 -5.9538E+0001
  259.250 -5.9532E+0001
  259.500 -5.9526E+0001
  259.750 -5.9519E+0001
  260.000 -5.9513E+0001
  260.250 -5.9507E+0001
  260.500 -5.9501E+0001
  260.750 -5.9495E+0001
  261.000 -5.9489E+0001
  261.250 -5.9483E+0001
  261.500 -5.9477E+0001
  261.750 -5.9471E+0001
  262.000 -5.9465E+0001
  262.250 -5.9459E+0001
  262.500 -5.9454E+0001
  262.750 -5.9448E+0001
  263.000 -5.9442E+0001
  263.250 -5.9436E+0001
  263.500 -5.9431E+0001
  263.750 -5.9425E+0001
  264.000 -5.9419E+0001
  264.250 -5.9413E+0001
  264.500 -5.9408E+0001
  264.750 -5.9402E+0001
  265.000 -5.9397E+0001
  265.250 -5.9391E+0001
  265.500 -5.9386E+0001
  265.750 -5.9380E+0001
  266.000 -5.9375E+0001
  266.250 -5.9369E+0001
  266.500 -5.9364E+0001
  266.750 -5.9358E+0001
  267.000 -5.9353E+0001
  267.250 -5.9348E+0001
  267.500 -5.9343E+0001
  267.750 -5.9337E+0001
  268.000 -5.9332E+0001
  268.250 -5.9327E+0001
  268.500 -5.9322E+0001
  268.750 -5.9316E+0001
  269.000 -5.9311E+0001
  269.250 -5.9306E+0001
  269.500 -5.9301E+0001
  269.750 -5.9296E+0001
  270.000 -5.9291E+0001
  270.250 -5.9286E+0001
  270.500 -5.9281E+0001
  270.750 -5.9276E+0001
  271.000 -5.9271E+0001
  271.250 -5.9266E+0001
  271.500 -5.9261E+0001
  271.750 -5.9256E+0001
  272.000 -5.9251E+0001
  272.250 -5.9246E+0001
  272.500 -5.9242E+0001
  272.750 -5.9237E+0001
  273.000 -5.9232E+0001
  273.250 -5.9227E+0001
  273.500 -5.9222E+0001
  273.750 -5.9218E+0001
  274.000 -5.9213E+0001
  274.250 -5.9208E+0001
  274.500 -5.9204E+0001
  274.750 -5.9199E+0001
  275.000 -5.9194E+0001
  275.250 -5.9190E+0001
  275.500 -5.9185E+0001
  275.750 -5.9181E+0001
  276.000 -5.9176E+0001
  276.250 -5.9172E+0001
  276.500 -5.9167E+0001
  276.750 -5.9163E+0001
  277.000 -5.9158E+0001
  277.250 -5.9154E+0001
  277.500 -5.9150E+0001
  277.750 -5.9145E+0001
  278.000 -5.9141E+0001
  278.250 -5.9136E+0001
  278.500 -5.9132E+0001
  278.750 -5.9128E+0001
  279.000 -5.9124E+0001
  279.250 -5.9119E+0001
  279.500 -5.9115E+0001
  279.750 -5.9111E+0001
  280.000 -5.9107E+0001
  280.250 -5.9102E+0001
  280.500 -5.9098E+0001
  280.750 -5.9094E+0001
  281.000 -5.9090E+0001
  281.250 -5.9086E+0001
  281.500 -5.9082E+0001
  281.750 -5.9078E+0001
  282.000 -5.9074E+0001
  282.250 -5.9070E+0001
  282.500 -5.9066E+0001
  282.750 -5.9062E+0001
  283.000 -5.9058E+0001
  283.250 -5.9054E+0001
  283.500 -5.9050E+0001
  283.750 -5.9046E+0001
  284.000 -5.9042E+0001
  284.250 -5.9038E+0001
  284.500 -5.9034E+0001
  284.750 -5.9030E+0001
  285.000 -5.9027E+0001
  285.250 -5.9023E+0001
  285.500 -5.9019E+0001
  285.750 -5.9015E+0001
  286.000 -5.9011E+0001
  286.250 -5.9008E+0001
  286.500 -5.9004E+0001
  286.750 -5.9000E+0001
  287.000 -5.8997E+0001
  287.250 -5.8993E+0001
  287.500 -5.8989E+0001
  287.750 -5.8986E+0001
  288.000 -5.8982E+0001
  288.250 -5.8978E+0001
  288.500 -5.8975E+0001
  288.750 -5.8971E+0001
  289.000 -5.8968E+0001
  289.250 -5.8964E+0001
  289.500 -5.8961E+0001
  289.750 -5.8957E+0001
  290.000 -5.8953E+0001
  290.250 -5.8950E+0001
  290.500 -5.8947E+0001
  290.750 -5.8943E+0001
  291.000 -5.8940E+0001
  291.250 -5.8936E+0001
  291.500 -5.8933E+0001
  291.750 -5.8929E+0001
  292.000 -5.8926E+0001
  292.250 -5.8923E+0001
  292.500 -5.8919E+0001
  292.750 -5.8916E+0001
  293.000 -5.8913E+0001
  293.250 -5.8909E+0001
  293.500 -5.8906E+0001
  293.750 -5.8903E+0001
  294.000 -5.8900E+0001
  294.250 -5.8896E+0001
  294.500 -5.8893E+0001
  294.750 -5.8890E+0001
  295.000 -5.8887E+0001
  295.250 -5.8884E+0001
  295.500 -5.8880E+0001
  295.750 -5.8877E+0001
  296.000 -5.8874E+0001
  296.250 -5.8871E+0001
  296.500 -5.8868E+0001
  296.750 -5.8865E+0001
  297.000 -5.8862E+0001
  297.250 -5.8859E+0001
  297.500 -5.8856E+0001
  297.750 -5.8852E+0001
  298.000 -5.8849E+0001
  298.250 -5.8846E+0001
  298.500 -5.8843E+0001
  298.750 -5.8840E+0001
  299.000 -5.8837E+0001
  299.250 -5.8834E+0001
  299.500 -5.8832E+0001
  299.750 -5.8829E+0001
  300.000 -5.8826E+0001
  300.250 -5.8823E+0001
  300.500 -5.8820E+0001
  300.750 -5.8817E+0001
  301.000 -5.8814E+0001
  301.250 -5.8811E+0001
  301.500 -5.8808E+0001
  301.750 -5.8806E+0001
  302.000 -5.8803E+0001
  302.250 -5.8800E+0001
  302.500 -5.8797E+0001
  302.750 -5.8794E+0001
  303.000 -5.8792E+0001
  303.250 -5.8789E+0001
  303.500 -5.8786E+0001
  303.750 -5.8783E+0001
  304.000 -5.8781E+0001
  304.250 -5.8778E+0001
  304.500 -5.8775E+0001
  304.750 -5.8773E+0001
  305.000 -5.8770E+0001
  305.250 -5.8767E+0001
  305.500 -5.8765E+0001
  305.750 -5.8762E+0001
  306.000 -5.8759E+0001
  306.250 -5.8757E+0001
  306.500 -5.8754E+0001
  306.750 -5.8752E+0001
  307.000 -5.8749E+0001
  307.250 -5.8746E+0001
  307.500 -5.8744E+0001
  307.750 -5.8741E+0001
  308.000 -5.8739E+0001
  308.250 -5.8736E+0001
  308.500 -5.8734E+0001
  308.750 -5.8731E+0001
  309.000 -5.8729E+0001
  309.250 -5.8726E+0001
  309.500 -5.8724E+0001
  309.750 -5.8721E+0001
  310.000 -5.8719E+0001
  310.250 -5.8717E+0001
  310.500 -5.8714E+0001
  310.750 -5.8712E+0001
  311.000 -5.8709E+0001
  311.250 -5.8707E+0001
  311.500 -5.8705E+0001
  311.750 -5.8702E+0001
  312.000 -5.8700E+0001
  312.250 -5.8698E+0001
  312.500 -5.8695E+0001
  312.750 -5.8693E+0001
  313.000 -5.8691E+0001
  313.250 -5.8688E+0001
  313.500 -5.8686E+0001
  313.750 -5.8684E+0001
  314.000 -5.8681E+0001
  314.250 -5.8679E+0001
  314.500 -5.8677E+0001
  314.750 -5.8675E+0001
  315.000 -5.8673E+0001
  315.250 -5.8670E+0001
  315.500 -5.8668E+0001
  315.750 -5.8666E+0001
  316.000 -5.8664E+0001
  316.250 -5.8662E+0001
  316.500 -5.8659E+0001
  316.750 -5.8657E+0001
  317.000 -5.8655E+0001
  317.250 -5.8653E+0001
  317.500 -5.8651E+0001
  317.750 -5.8649E+0001
  318.000 -5.8647E+0001
  318.250 -5.8644E+0001
  318.500 -5.8642E+0001
  318.750 -5.8640E+0001
  319.000 -5.8638E+0001
  319.250 -5.8636E+0001
  319.500 -5.8634E+0001
  319.750 -5.8632E+0001
  320.000 -5.8630E+0001
  320.250 -5.8628E+0001
  320.500 -5.8626E+0001
  320.750 -5.8624E+0001
  321.000 -5.8622E+0001
  321.250 -5.8620E+0001
  321.500 -5.8618E+0001
  321.750 -5.8616E+0001
  322.000 -5.8614E+0001
  322.250 -5.8612E+0001
  322.500 -5.8610E+0001
  322.750 -5.8608E+0001
  323.000 -5.8606E+0001
  323.250 -5.8605E+0001
  323.500 -5.8603E+0001
  323.750 -5.8601E+0001
  324.000 -5.8599E+0001
  324.250 -5.8597E+0001
  324.500 -5.8595E+0001
  324.750 -5.8593E+0001
  325.000 -5.8591E+0001
  325.250 -5.8590E+0001
  325.500 -5.8588E+0001
  325.750 -5.8586E+0001
  326.000 -5.8584E+0001
  326.250 -5.8582E+0001
  326.500 -5.8581E+0001
  326.750 -5.8579E+0001
  327.000 -5.8577E+0001
  327.250 -5.8575E+0001
  327.500 -5.8573E+0001
  327.750 -5.8572E+0001
  328.000 -5.8570E+0001
  328.250 -5.8568E+0001
  328.500 -5.8566E+0001
  328.750 -5.8565E+0001
  329.000 -5.8563E+0001
  329.250 -5.8561E+0001
  329.500 -5.8560E+0001
  329.750 -5.8558E+0001
  330.000 -5.8556E+0001
  330.250 -5.8555E+0001
  330.500 -5.8553E+0001
  330.750 -5.8551E+0001
  331.000 -5.8550E+0001
  331.250 -5.8548E+0001
  331.500 -5.8546E+0001
  331.750 -5.8545E+0001
  332.000 -5.8543E+0001
  332.250 -5.8541E+0001
  332.500 -5.8540E+0001
  332.750 -5.8538E+0001
  333.000 -5.8537E+0001
  333.250 -5.8535E+0001
  333.500 -5.8534E+0001
  333.750 -5.8532E+0001
  334.000 -5.8530E+0001
  334.250 -5.8529E+0001
  334.500 -5.8527E+0001
  334.750 -5.8526E+0001
  335.000 -5.8524E+0001
  335.250 -5.8523E+0001
  335.500 -5.8521E+0001
  335.750 -5.8520E+0001
  336.000 -5.8518E+0001
  336.250 -5.8517E+0001
  336.500 -5.8515E+0001
  336.750 -5.8514E+0001
  337.000 -5.8512E+0001
  337.250 -5.8511E+0001
  337.500 -5.8509E+0001
  337.750 -5.8508E+0001
  338.000 -5.8507E+0001
  338.250 -5.8505E+0001
  338.500 -5.8504E+0001
  338.750 -5.8502E+0001
  339.000 -5.8501E+0001
  339.250 -5.8499E+0001
  339.500 -5.8498E+0001
  339.750 -5.8497E+0001
  340.000 -5.8495E+0001
  340.250 -5.8494E+0001
  340.500 -5.8493E+0001
  340.750 -5.8491E+0001
  341.000 -5.8490E+0001
  341.250 -5.8488E+0001
  341.500 -5.8487E+0001
  341.750 -5.8486E+0001
  342.000 -5.8484E+0001
  342.250 -5.8483E+0001
  342.500 -5.8482E+0001
  342.750 -5.8481E+0001
  343.000 -5.8479E+0001
  343.250 -5.8478E+0001
  343.500 -5.8477E+0001
  343.750 -5.8475E+0001
  344.000 -5.8474E+0001
  344.250 -5.8473E+0001
  344.500 -5.8472E+0001
  344.750 -5.8470E+0001
  345.000 -5.8469E+0001
  345.250 -5.8468E+0001
  345.500 -5.8467E+0001
  345.750 -5.8465E+0001
  346.000 -5.8464E+0001
  346.250 -5.8463E+0001
  346.500 -5.8462E+0001
  346.750 -5.8460E+0001
  347.000 -5.8459E+0001
  347.250 -5.8458E+0001
  347.500 -5.8457E+0001
  347.750 -5.8456E+0001
  348.000 -5.8455E+0001
  348.250 -5.8453E+0001
  348.500 -5.8452E+0001
  348.750 -5.8451E+0001
  349.000 -5.8450E+0001
  349.250 -5.8449E+0001
  349.500 -5.8448E+0001
  349.750 -5.8446E+0001
  350.000 -5.8445E+0001
  350.250 -5.8444E+0001
  350.500 -5.8443E+0001
  350.750 -5.8442E+0001
  351.000 -5.8441E+0001
  351.250 -5.8440E+0001
  351.500 -5.8439E+0001
  351.750 -5.8438E+0001
  352.000 -5.8437E+0001
  352.250 -5.8436E+0001
  352.500 -5.8434E+0001
  352.750 -5.8433E+0001
  353.000 -5.8432E+0001
  353.250 -5.8431E+0001
  353.500 -5.8430E+0001
  353.750 -5.8429E+0001
  354.000 -5.8428E+0001
  354.250 -5.8427E+0001
  354.500 -5.8426E+0001
  354.750 -5.8425E+0001
  355.000 -5.8424E+0001
  355.250 -5.8423E+0001
  355.500 -5.8422E+0001
  355.750 -5.8421E+0001
  356.000 -5.8420E+0001
  356.250 -5.8419E+0001
  356.500 -5.8418E+0001
  356.750 -5.8417E+0001
  357.000 -5.8416E+0001
  357.250 -5.8415E+0001
  357.500 -5.8414E+0001
  357.750 -5.8413E+0001
  358.000 -5.8412E+0001
  358.250 -5.8411E+0001
  358.500 -5.8410E+0001
  358.750 -5.8410E+0001
  359.000 -5.8409E+0001
  359.250 -5.8408E+0001
  359.500 -5.8407E+0001
  359.750 -5.8406E+0001
  360.000 -5.8405E+0001
  360.250 -5.8404E+0001
  360.500 -5.8403E+0001
  360.750 -5.8402E+0001
  361.000 -5.8401E+0001
  361.250 -5.8401E+0001
  361.500 -5.8400E+0001
  361.750 -5.8399E+0001
  362.000 -5.8398E+0001
  362.250 -5.8397E+0001
  362.500 -5.8396E+0001
  362.750 -5.8395E+0001
  363.000 -5.8395E+0001
  363.250 -5.8394E+0001
  363.500 -5.8393E+0001
  363.750 -5.8392E+0001
  364.000 -5.8391E+0001
  364.250 -5.8390E+0001
  364.500 -5.8390E+0001
  364.750 -5.8389E+0001
  365.000 -5.8388E+0001
  365.250 -5.8387E+0001
  365.500 -5.8386E+0001
  365.750 -5.8386E+0001
  366.000 -5.8385E+0001
  366.250 -5.8384E+0001
  366.500 -5.8383E+0001
  366.750 -5.8382E+0001
  367.000 -5.8382E+0001
  367.250 -5.8381E+0001
  367.500 -5.8380E+0001
  367.750 -5.8379E+0001
  368.000 -5.8379E+0001
  368.250 -5.8378E+0001
  368.500 -5.8377E+0001
  368.750 -5.8376E+0001
  369.000 -5.8376E+0001
  369.250 -5.8375E+0001
  369.500 -5.8374E+0001
  369.750 -5.8373E+0001
  370.000 -5.8373E+0001
  370.250 -5.8372E+0001
  370.500 -5.8371E+0001
  370.750 -5.8371E+0001
  371.000 -5.8370E+0001
  371.250 -5.8369E+0001
  371.500 -5.8369E+0001
  371.750 -5.8368E+0001
  372.000 -5.8367E+0001
  372.250 -5.8367E+0001
  372.500 -5.8366E+0001
  372.750 -5.8365E+0001
  373.000 -5.8365E+0001
  373.250 -5.8364E+0001
  373.500 -5.8363E+0001
  373.750 -5.8363E+0001
  374.000 -5.8362E+0001
  374.250 -5.8361E+0001
  374.500 -5.8361E+0001
  374.750 -5.8360E+0001
  375.000 -5.8359E+0001
  375.250 -5.8359E+0001
  375.500 -5.8358E+0001
  375.750 -5.8357E+0001
  376.000 -5.8357E+0001
  376.250 -5.8356E+0001
  376.500 -5.8356E+0001
  376.750 -5.8355E+0001
  377.000 -5.8354E+0001
  377.250 -5.8354E+0001
  377.500 -5.8353E+0001
  377.750 -5.8353E+0001
  378.000 -5.8352E+0001
  378.250 -5.8352E+0001
  378.500 -5.8351E+0001
  378.750 -5.8350E+0001
  379.000 -5.8350E+0001
  379.250 -5.8349E+0001
  379.500 -5.8349E+0001
  379.750 -5.8348E+0001
  380.000 -5.8348E+0001
  380.250 -5.8347E+0001
  380.500 -5.8346E+0001
  380.750 -5.8346E+0001
  381.000 -5.8345E+0001
  381.250 -5.8345E+0001
  381.500 -5.8344E+0001
  381.750 -5.8344E+0001
  382.000 -5.8343E+0001
  382.250 -5.8343E+0001
  382.500 -5.8342E+0001
  382.750 -5.8342E+0001
  383.000 -5.8341E+0001
  383.250 -5.8341E+0001
  383.500 -5.8340E+0001
  383.750 -5.8340E+0001
  384.000 -5.8339E+0001
  384.250 -5.8339E+0001
  384.500 -5.8338E+0001
  384.750 -5.8338E+0001
  385.000 -5.8337E+0001
  385.250 -5.8337E+0001
  385.500 -5.8336E+0001
  385.750 -5.8336E+0001
  386.000 -5.8335E+0001
  386.250 -5.8335E+0001
  386.500 -5.8334E+0001
  386.750 -5.8334E+0001
  387.000 -5.8334E+0001
  387.250 -5.8333E+0001
  387.500 -5.8333E+0001
  387.750 -5.8332E+0001
  388.000 -5.8332E+0001
  388.250 -5.8331E+0001
  388.500 -5.8331E+0001
  388.750 -5.8330E+0001
  389.000 -5.8330E+0001
  389.250 -5.8330E+0001
  389.500 -5.8329E+0001
  389.750 -5.8329E+0001
  390.000 -5.8328E+0001
  390.250 -5.8328E+0001
  390.500 -5.8328E+0001
  390.750 -5.8327E+0001
  391.000 -5.8327E+0001
  391.250 -5.8326E+0001
  391.500 -5.8326E+0001
  391.750 -5.8326E+0001
  392.000 -5.8325E+0001
  392.250 -5.8325E+0001
  392.500 -5.8324E+0001
  392.750 -5.8324E+0001
  393.000 -5.8324E+0001
  393.250 -5.8323E+0001
  393.500 -5.8323E+0001
  393.750 -5.8323E+0001
  394.000 -5.8322E+0001
  394.250 -5.8322E+0001
  394.500 -5.8321E+0001
  394.750 -5.8321E+0001
  395.000 -5.8321E+0001
  395.250 -5.8320E+0001
  395.500 -5.8320E+0001
  395.750 -5.8320E+0001
  396.000 -5.8319E+0001
  396.250 -5.8319E+0001
  396.500 -5.8319E+0001
  396.750 -5.8318E+0001
  397.000 -5.8318E+0001
  397.250 -5.8318E+0001
  397.500 -5.8317E+0001
  397.750 -5.8317E+0001
  398.000 -5.8317E+0001
  398.250 -5.8316E+0001
  398.500 -5.8316E+0001
  398.750 -5.8316E+0001
  399.000 -5.8315E+0001
  399.250 -5.8315E+0001
  399.500 -5.8315E+0001
  399.750 -5.8315E+0001
  400.000 -5.8314E+0001
  400.250 -5.8314E+0001
  400.500 -5.8314E+0001
  400.750 -5.8313E+0001
  401.000 -5.8313E+0001
  401.250 -5.8313E+0001
  401.500 -5.8312E+0001
  401.750 -5.8312E+0001
  402.000 -5.8312E+0001
  402.250 -5.8312E+0001
  402.500 -5.8311E+0001
  402.750 -5.8311E+0001
  403.000 -5.8311E+0001
  403.250 -5.8311E+0001
  403.500 -5.8310E+0001
  403.750 -5.8310E+0001
  404.000 -5.8310E+0001
  404.250 -5.8310E+0001
  404.500 -5.8309E+0001
  404.750 -5.8309E+0001
  405.000 -5.8309E+0001
  405.250 -5.8309E+0001
  405.500 -5.8308E+0001
  405.750 -5.8308E+0001
  406.000 -5.8308E+0001
  406.250 -5.8308E+0001
  406.500 -5.8307E+0001
  406.750 -5.8307E+0001
  407.000 -5.8307E+0001
  407.250 -5.8307E+0001
  407.500 -5.8306E+0001
  407.750 -5.8306E+0001
  408.000 -5.8306E+0001
  408.250 -5.8306E+0001
  408.500 -5.8306E+0001
  408.750 -5.8305E+0001
  409.000 -5.8305E+0001
  409.250 -5.8305E+0001
  409.500 -5.8305E+0001
  409.750 -5.8305E+0001
  410.000 -5.8304E+0001
  410.250 -5.8304E+0001
  410.500 -5.8304E+0001
  410.750 -5.8304E+0001
  411.000 -5.8304E+0001
  411.250 -5.8303E+0001
  411.500 -5.8303E+0001
  411.750 -5.8303E+0001
  412.000 -5.8303E+0001
  412.250 -5.8303E+0001
  412.500 -5.8303E+0001
  412.750 -5.8302E+0001
  413.000 -5.8302E+0001
  413.250 -5.8302E+0001
  413.500 -5.8302E+0001
  413.750 -5.8302E+0001
  414.000 -5.8301E+0001
  414.250 -5.8301E+0001
  414.500 -5.8301E+0001
  414.750 -5.8301E+0001
  415.000 -5.8301E+0001
  415.250 -5.8301E+0001
  415.500 -5.8301E+0001
  415.750 -5.8300E+0001
  416.000 -5.8300E+0001
  416.250 -5.8300E+0001
  416.500 -5.8300E+0001
  416.750 -5.8300E+0001
  417.000 -5.8300E+0001
  417.250 -5.8300E+0001
  417.500 -5.8299E+0001
  417.750 -5.8299E+0001
  418.000 -5.8299E+0001
  418.250 -5.8299E+0001
  418.500 -5.8299E+0001
  418.750 -5.8299E+0001
  419.000 -5.8299E+0001
  419.250 -5.8298E+0001
  419.500 -5.8298E+0001
  419.750 -5.8298E+0001
  420.000 -5.8298E+0001
  420.250 -5.8298E+0001
  420.500 -5.8298E+0001
  420.750 -5.8298E+0001
  421.000 -5.8298E+0001
  421.250 -5.8298E+0001
  421.500 -5.8297E+0001
  421.750 -5.8297E+0001
  422.000 -5.8297E+0001
  422.250 -5.8297E+0001
  422.500 -5.8297E+0001
  422.750 -5.8297E+0001
  423.000 -5.8297E+0001
  423.250 -5.8297E+0001
  423.500 -5.8297E+0001
  423.750 -5.8297E+0001
  424.000 -5.8296E+0001
  424.250 -5.8296E+0001
  424.500 -5.8296E+0001
  424.750 -5.8296E+0001
  425.000 -5.8296E+0001
  425.250 -5.8296E+0001
  425.500 -5.8296E+0001
  425.750 -5.8296E+0001
  426.000 -5.8296E+0001
  426.250 -5.8296E+0001
  426.500 -5.8296E+0001
  426.750 -5.8296E+0001
  427.000 -5.8296E+0001
  427.250 -5.8295E+0001
  427.500 -5.8295E+0001
  427.750 -5.8295E+0001
  428.000 -5.8295E+0001
  428.250 -5.8295E+0001
  428.500 -5.8295E+0001
  428.750 -5.8295E+0001
  429.000 -5.8295E+0001
  429.250 -5.8295E+0001
  429.500 -5.8295E+0001
  429.750 -5.8295E+0001
  430.000 -5.8295E+0001
  430.250 -5.8295E+0001
  430.500 -5.8295E+0001
  430.750 -5.8295E+0001
  431.000 -5.8295E+0001
  431.250 -5.8295E+0001
  431.500 -5.8295E+0001
  431.750 -5.8295E+0001
  432.000 -5.8294E+0001
  432.250 -5.8294E+0001
  432.500 -5.8294E+0001
  432.750 -5.8294E+0001
  433.000 -5.8294E+0001
  433.250 -5.8294E+0001
  433.500 -5.8294E+0001
  433.750 -5.8294E+0001
  434.000 -5.8294E+0001
  434.250 -5.8294E+0001
  434.500 -5.8294E+0001
  434.750 -5.8294E+0001
  435.000 -5.8294E+0001
  435.250 -5.8294E+0001
  435.500 -5.8294E+0001
  435.750 -5.8294E+0001
  436.000 -5.8294E+0001
  436.250 -5.8294E+0001
  436.500 -5.8294E+0001
  436.750 -5.8294E+0001
  437.000 -5.8294E+0001
  437.250 -5.8294E+0001
  437.500 -5.8294E+0001
  437.750 -5.8294E+0001
  438.000 -5.8294E+0001
  438.250 -5.8294E+0001
  438.500 -5.8294E+0001
  438.750 -5.8294E+0001
  439.000 -5.8294E+0001
  439.250 -5.8294E+0001
  439.500 -5.8294E+0001
  439.750 -5.8294E+0001
  440.000 -5.8294E+0001
  440.250 -5.8294E+0001
  440.500 -5.8294E+0001
  440.750 -5.8294E+0001
  441.000 -5.8294E+0001
  441.250 -5.8294E+0001
  441.500 -5.8294E+0001
  441.750 -5.8294E+0001
  442.000 -5.8294E+0001
  442.250 -5.8294E+0001
  442.500 -5.8294E+0001
  442.750 -5.8294E+0001
  443.000 -5.8294E+0001
  443.250 -5.8294E+0001
  443.500 -5.8294E+0001
  443.750 -5.8294E+0001
  444.000 -5.8294E+0001
  444.250 -5.8294E+0001
  444.500 -5.8294E+0001
  444.750 -5.8294E+0001
  445.000 -5.8294E+0001
  445.250 -5.8294E+0001
  445.500 -5.8294E+0001
  445.750 -5.8294E+0001
  446.000 -5.8294E+0001
  446.250 -5.8294E+0001
  446.500 -5.8294E+0001
  446.750 -5.8295E+0001
  447.000 -5.8295E+0001
  447.250 -5.8295E+0001
  447.500 -5.8295E+0001
  447.750 -5.8295E+0001
  448.000 -5.8295E+0001
  448.250 -5.8295E+0001
  448.500 -5.8295E+0001
  448.750 -5.8295E+0001
  449.000 -5.8295E+0001
  449.250 -5.8295E+0001
  449.500 -5.8295E+0001
  449.750 -5.8295E+0001
  450.000 -5.8295E+0001
  450.250 -5.8295E+0001
  450.500 -5.8295E+0001
  450.750 -5.8295E+0001
  451.000 -5.8295E+0001
  451.250 -5.8295E+0001
  451.500 -5.8295E+0001
  451.750 -5.8295E+0001
  452.000 -5.8296E+0001
  452.250 -5.8296E+0001
  452.500 -5.8296E+0001
  452.750 -5.8296E+0001
  453.000 -5.8296E+0001
  453.250 -5.8296E+0001
  453.500 -5.8296E+0001
  453.750 -5.8296E+0001
  454.000 -5.8296E+0001
  454.250 -5.8296E+0001
  454.500 -5.8296E+0001
  454.750 -5.8296E+0001
  455.000 -5.8296E+0001
  455.250 -5.8296E+0001
  455.500 -5.8296E+0001
  455.750 -5.8296E+0001
  456.000 -5.8297E+0001
  456.250 -5.8297E+0001
  456.500 -5.8297E+0001
  456.750 -5.8297E+0001
  457.000 -5.8297E+0001
  457.250 -5.8297E+0001
  457.500 -5.8297E+0001
  457.750 -5.8297E+0001
  458.000 -5.8297E+0001
  458.250 -5.8297E+0001
  458.500 -5.8297E+0001
  458.750 -5.8297E+0001
  459.000 -5.8297E+0001
  459.250 -5.8298E+0001
  459.500 -5.8298E+0001
  459.750 -5.8298E+0001
  460.000 -5.8298E+0001
  460.250 -5.8298E+0001
  460.500 -5.8298E+0001
  460.750 -5.8298E+0001
  461.000 -5.8298E+0001
  461.250 -5.8298E+0001
  461.500 -5.8298E+0001
  461.750 -5.8298E+0001
  462.000 -5.8299E+0001
  462.250 -5.8299E+0001
  462.500 -5.8299E+0001
  462.750 -5.8299E+0001
  463.000 -5.8299E+0001
  463.250 -5.8299E+0001
  463.500 -5.8299E+0001
  463.750 -5.8299E+0001
  464.000 -5.8299E+0001
  464.250 -5.8299E+0001
  464.500 -5.8299E+0001
  464.750 -5.8300E+0001
  465.000 -5.8300E+0001
  465.250 -5.8300E+0001
  465.500 -5.8300E+0001
  465.750 -5.8300E+0001
  466.000 -5.8300E+0001
  466.250 -5.8300E+0001
  466.500 -5.8300E+0001
  466.750 -5.8300E+0001
  467.000 -5.8300E+0001
  467.250 -5.8301E+0001
  467.500 -5.8301E+0001
  467.750 -5.8301E+0001
  468.000 -5.8301E+0001
  468.250 -5.8301E+0001
  468.500 -5.8301E+0001
  468.750 -5.8301E+0001
  469.000 -5.8301E+0001
  469.250 -5.8301E+0001
  469.500 -5.8302E+0001
  469.750 -5.8302E+0001
  470.000 -5.8302E+0001
  470.250 -5.8302E+0001
  470.500 -5.8302E+0001
  470.750 -5.8302E+0001
  471.000 -5.8302E+0001
  471.250 -5.8302E+0001
  471.500 -5.8302E+0001
  471.750 -5.8303E+0001
  472.000 -5.8303E+0001
  472.250 -5.8303E+0001
  472.500 -5.8303E+0001
  472.750 -5.8303E+0001
  473.000 -5.8303E+0001
  473.250 -5.8303E+0001
  473.500 -5.8303E+0001
  473.750 -5.8304E+0001
  474.000 -5.8304E+0001
  474.250 -5.8304E+0001
  474.500 -5.8304E+0001
  474.750 -5.8304E+0001
  475.000 -5.8304E+0001
  475.250 -5.8304E+0001
  475.500 -5.8304E+0001
  475.750 -5.8305E+0001
  476.000 -5.8305E+0001
  476.250 -5.8305E+0001
  476.500 -5.8305E+0001
  476.750 -5.8305E+0001
  477.000 -5.8305E+0001
  477.250 -5.8305E+0001
  477.500 -5.8305E+0001
  477.750 -5.8306E+0001
  478.000 -5.8306E+0001
  478.250 -5.8306E+0001
  478.500 -5.8306E+0001
  478.750 -5.8306E+0001
  479.000 -5.8306E+0001
  479.250 -5.8306E+0001
  479.500 -5.8306E+0001
  479.750 -5.8307E+0001
  480.000 -5.8307E+0001
  480.250 -5.8307E+0001
  480.500 -5.8307E+0001
  480.750 -5.8307E+0001
  481.000 -5.8307E+0001
  481.250 -5.8307E+0001
  481.500 -5.8308E+0001
  481.750 -5.8308E+0001
  482.000 -5.8308E+0001
  482.250 -5.8308E+0001
  482.500 -5.8308E+0001
  482.750 -5.8308E+0001
  483.000 -5.8308E+0001
  483.250 -5.8309E+0001
  483.500 -5.8309E+0001
  483.750 -5.8309E+0001
  484.000 -5.8309E+0001
  484.250 -5.8309E+0001
  484.500 -5.8309E+0001
  484.750 -5.8309E+0001
  485.000 -5.8310E+0001
  485.250 -5.8310E+0001
  485.500 -5.8310E+0001
  485.750 -5.8310E+0001
  486.000 -5.8310E+0001
  486.250 -5.8310E+0001
  486.500 -5.8310E+0001
  486.750 -5.8311E+0001
  487.000 -5.8311E+0001
  487.250 -5.8311E+0001
  487.500 -5.8311E+0001
  487.750 -5.8311E+0001
  488.000 -5.8311E+0001
  488.250 -5.8311E+0001
  488.500 -5.8312E+0001
  488.750 -5.8312E+0001
  489.000 -5.8312E+0001
  489.250 -5.8312E+0001
  489.500 -5.8312E+0001
  489.750 -5.8312E+0001
  490.000 -5.8312E+0001
  490.250 -5.8313E+0001
  490.500 -5.8313E+0001
  490.750 -5.8313E+0001
  491.000 -5.8313E+0001
  491.250 -5.8313E+0001
  491.500 -5.8313E+0001
  491.750 -5.8314E+0001
  492.000 -5.8314E+0001
  492.250 -5.8314E+0001
  492.500 -5.8314E+0001
  492.750 -5.8314E+0001
  493.000 -5.8314E+0001
  493.250 -5.8314E+0001
  493.500 -5.8315E+0001
  493.750 -5.8315E+0001
  494.000 -5.8315E+0001
  494.250 -5.8315E+0001
  494.500 -5.8315E+0001
  494.750 -5.8315E+0001
  495.000 -5.8316E+0001
  495.250 -5.8316E+0001
  495.500 -5.8316E+0001
  495.750 -5.8316E+0001
  496.000 -5.8316E+0001
  496.250 -5.8316E+0001
  496.500 -5.8317E+0001
  496.750 -5.8317E+0001
  497.000 -5.8317E+0001
  497.250 -5.8317E+0001
  497.500 -5.8317E+0001
  497.750 -5.8317E+0001
  498.000 -5.8317E+0001
  498.250 -5.8318E+0001
  498.500 -5.8318E+0001
  498.750 -5.8318E+0001
  499.000 -5.8318E+0001
  499.250 -5.8318E+0001
  499.500 -5.8318E+0001
  499.750 -5.8319E+0001
  500.000 -5.8319E+0001
  500.250 -5.8554E+0001
  500.500 -5.8785E+0001
  500.750 -5.9011E+0001
  501.000 -5.9232E+0001
  501.250 -5.9449E+0001
  501.500 -5.9660E+0001
  501.750 -5.9866E+0001
  502.000 -6.0067E+0001
  502.250 -6.0263E+0001
  502.500 -6.0454E+0001
  502.750 -6.0640E+0001
  503.000 -6.0821E+0001
  503.250 -6.0998E+0001
  503.500 -6.1169E+0001
  503.750 -6.1337E+0001
  504.000 -6.1499E+0001
  504.250 -6.1658E+0001
  504.500 -6.1812E+0001
  504.750 -6.1962E+0001
  505.000 -6.2108E+0001
  505.250 -6.2250E+0001
  505.500 -6.2388E+0001
  505.750 -6.2523E+0001
  506.000 -6.2653E+0001
  506.250 -6.2781E+0001
  506.500 -6.2905E+0001
  506.750 -6.3025E+0001
  507.000 -6.3142E+0001
  507.250 -6.3256E+0001
  507.500 -6.3367E+0001
  507.750 -6.3475E+0001
  508.000 -6.3580E+0001
  508.250 -6.3682E+0001
  508.500 -6.3781E+0001
  508.750 -6.3878E+0001
  509.000 -6.3972E+0001
  509.250 -6.4063E+0001
  509.500 -6.4152E+0001
  509.750 -6.4239E+0001
  510.000 -6.4323E+0001
  510.250 -6.4404E+0001
  510.500 -6.4484E+0001
  510.750 -6.4561E+0001
  511.000 -6.4637E+0001
  511.250 -6.4710E+0001
  511.500 -6.4781E+0001
  511.750 -6.4850E+0001
  512.000 -6.4918E+0001
  512.250 -6.4983E+0001
  512.500 -6.5047E+0001
  512.750 -6.5109E+0001
  513.000 -6.5169E+0001
  513.250 -6.5228E+0001
  513.500 -6.5285E+0001
  513.750 -6.5340E+0001
  514.000 -6.5394E+0001
  514.250 -6.5446E+0001
  514.500 -6.5497E+0001
  514.750 -6.5547E+0001
  515.000 -6.5595E+0001
  515.250 -6.5642E+0001
  515.500 -6.5687E+0001
  515.750 -6.5732E+0001
  516.000 -6.5775E+0001
  516.250 -6.5817E+0001
  516.500 -6.5857E+0001
  516.750 -6.5897E+0001
  517.000 -6.5935E+0001
  517.250 -6.5973E+0001
  517.500 -6.6009E+0001
  517.750 -6.6044E+0001
  518.000 -6.6079E+0001
  518.250 -6.6112E+0001
  518.500 -6.6144E+0001
  518.750 -6.6176E+0001
  519.000 -6.6207E+0001
  519.250 -6.6236E+0001
  519.500 -6.6265E+0001
  519.750 -6.6293E+0001
  520.000 -6.6321E+0001
  520.250 -6.6347E+0001
  520.500 -6.6373E+0001
  520.750 -6.6398E+0001
  521.000 -6.6422E+0001
  521.250 -6.6446E+0001
  521.500 -6.6469E+0001
  521.750 -6.6491E+0001
  522.000 -6.6513E+0001
  522.250 -6.6534E+0001
  522.500 -6.6554E+0001
  522.750 -6.6574E+0001
  523.000 -6.6593E+0001
  523.250 -6.6612E+0001
  523.500 -6.6630E+0001
  523.750 -6.6648E+0001
  524.000 -6.6665E+0001
  524.250 -6.6682E+0001
  524.500 -6.6698E+0001
  524.750 -6.6713E+0001
  525.000 -6.6728E+0001
  525.250 -6.6743E+0001
  525.500 -6.6757E+0001
  525.750 -6.6771E+0001
  526.000 -6.6785E+0001
  526.250 -6.6798E+0001
  526.500 -6.6810E+0001
  526.750 -6.6823E+0001
  527.000 -6.6835E+0001
  527.250 -6.6846E+0001
  527.500 -6.6857E+0001
  527.750 -6.6868E+0001
  528.000 -6.6879E+0001
  528.250 -6.6889E+0001
  528.500 -6.6899E+0001
  528.750 -6.6908E+0001
  529.000 -6.6917E+0001
  529.250 -6.6926E+0001
  529.500 -6.6935E+0001
  529.750 -6.6943E+0001
  530.000 -6.6951E+0001
  530.250 -6.6959E+0001
  530.500 -6.6967E+0001
  530.750 -6.6974E+0001
  531.000 -6.6981E+0001
  531.250 -6.6988E+0001
  531.500 -6.6995E+0001
  531.750 -6.7001E+0001
  532.000 -6.7007E+0001
  532.250 -6.7013E+0001
  532.500 -6.7019E+0001
  532.750 -6.7025E+0001
  533.000 -6.7030E+0001
  533.250 -6.7035E+0001
  533.500 -6.7040E+0001
  533.750 -6.7045E+0001
  534.000 -6.7050E+0001
  534.250 -6.7054E+0001
  534.500 -6.7059E+0001
  534.750 -6.7063E+0001
  535.000 -6.7067E+0001
  535.250 -6.7071E+0001
  535.500 -6.7074E+0001
  535.750 -6.7078E+0001
  536.000 -6.7081E+0001
  536.250 -6.7085E+0001
  536.500 -6.7088E+0001
  536.750 -6.7091E+0001
  537.000 -6.7094E+0001
  537.250 -6.7096E+0001
  537.500 -6.7099E+0001
  537.750 -6.7102E+0001
  538.000 -6.7104E+0001
  538.250 -6.7106E+0001
  538.500 -6.7109E+0001
  538.750 -6.7111E+0001
  539.000 -6.7113E+0001
  539.250 -6.7115E+0001
  539.500 -6.7117E+0001
  539.750 -6.7118E+0001
  540.000 -6.7120E+0001
  540.250 -6.7121E+0001
  540.500 -6.7123E+0001
  540.750 -6.7124E+0001
  541.000 -6.7126E+0001
  541.250 -6.7127E+0001
  541.500 -6.7128E+0001
  541.750 -6.7129E+0001
  542.000 -6.7130E+0001
  542.250 -6.7131E+0001
  542.500 -6.7132E+0001
  542.750 -6.7133E+0001
  543.000 -6.7133E+0001
  543.250 -6.7134E+0001
  543.500 -6.7135E+0001
  543.750 -6.7135E+0001
  544.000 -6.7136E+0001
  544.250 -6.7136E+0001
  544.500 -6.7137E+0001
  544.750 -6.7137E+0001
  545.000 -6.7137E+0001
  545.250 -6.7137E+0001
  545.500 -6.7138E+0001
  545.750 -6.7138E+0001
  546.000 -6.7138E+0001
  546.250 -6.7138E+0001
  546.500 -6.7138E+0001
  546.750 -6.7138E+0001
  547.000 -6.7138E+0001
  547.250 -6.7138E+0001
  547.500 -6.7138E+0001
  547.750 -6.7137E+0001
  548.000 -6.7137E+0001
  548.250 -6.7137E+0001
  548.500 -6.7137E+0001
  548.750 -6.7136E+0001
  549.000 -6.7136E+0001
  549.250 -6.7136E+0001
  549.500 -6.7135E+0001
  549.750 -6.7135E+0001
  550.000 -6.7134E+0001
  550.250 -6.7134E+0001
  550.500 -6.7133E+0001
  550.750 -6.7133E+0001
  551.000 -6.7132E+0001
  551.250 -6.7132E+0001
  551.500 -6.7131E+0001
  551.750 -6.7130E+0001
  552.000 -6.7130E+0001
  552.250 -6.7129E+0001
  552.500 -6.7128E+0001
  552.750 -6.7128E+0001
  553.000 -6.7127E+0001
  553.250 -6.7126E+0001
  553.500 -6.7125E+0001
  553.750 -6.7125E+0001
  554.000 -6.7124E+0001
  554.250 -6.7123E+0001
  554.500 -6.7122E+0001
  554.750 -6.7121E+0001
  555.000 -6.7120E+0001
  555.250 -6.7120E+0001
  555.500 -6.7119E+0001
  555.750 -6.7118E+0001
  556.000 -6.7117E+0001
  556.250 -6.7116E+0001
  556.500 -6.7115E+0001
  556.750 -6.7114E+0001
  557.000 -6.7113E+0001
  557.250 -6.7112E+0001
  557.500 -6.7111E+0001
  557.750 -6.7110E+0001
  558.000 -6.7109E+0001
  558.250 -6.7108E+0001
  558.500 -6.7107E+0001
  558.750 -6.7106E+0001
  559.000 -6.7105E+0001
  559.250 -6.7104E+0001
  559.500 -6.7103E+0001
  559.750 -6.7102E+0001
  560.000 -6.7101E+0001
  560.250 -6.7099E+0001
  560.500 -6.7098E+0001
  560.750 -6.7097E+0001
  561.000 -6.7096E+0001
  561.250 -6.7095E+0001
  561.500 -6.7094E+0001
  561.750 -6.7093E+0001
  562.000 -6.7092E+0001
  562.250 -6.7091E+0001
  562.500 -6.7089E+0001
  562.750 -6.7088E+0001
  563.000 -6.7087E+0001
  563.250 -6.7086E+0001
  563.500 -6.7085E+0001
  563.750 -6.7084E+0001
  564.000 -6.7083E+0001
  564.250 -6.7081E+0001
  564.500 -6.7080E+0001
  564.750 -6.7079E+0001
  565.000 -6.7078E+0001
  565.250 -6.7077E+0001
  565.500 -6.7076E+0001
  565.750 -6.7074E+0001
  566.000 -6.7073E+0001
  566.250 -6.7072E+0001
  566.500 -6.7071E+0001
  566.750 -6.7070E+0001
  567.000 -6.7068E+0001
  567.250 -6.7067E+0001
  567.500 -6.7066E+0001
  567.750 -6.7065E+0001
  568.000 -6.7064E+0001
  568.250 -6.7063E+0001
  568.500 -6.7061E+0001
  568.750 -6.7060E+0001
  569.000 -6.7059E+0001
  569.250 -6.7058E+0001
  569.500 -6.7057E+0001
  569.750 -6.7055E+0001
  570.000 -6.7054E+0001
  570.250 -6.7053E+0001
  570.500 -6.7052E+0001
  570.750 -6.7051E+0001
  571.000 -6.7049E+0001
  571.250 -6.7048E+0001
  571.500 -6.7047E+0001
  571.750 -6.7046E+0001
  572.000 -6.7045E+0001
  572.250 -6.7043E+0001
  572.500 -6.7042E+0001
  572.750 -6.7041E+0001
  573.000 -6.7040E+0001
  573.250 -6.7039E+0001
  573.500 -6.7038E+0001
  573.750 -6.7036E+0001
  574.000 -6.7035E+0001
  574.250 -6.7034E+0001
  574.500 -6.7033E+0001
  574.750 -6.7032E+0001
  575.000 -6.7030E+0001
  575.250 -6.7029E+0001
  575.500 -6.7028E+0001
  575.750 -6.7027E+0001
  576.000 -6.7026E+0001
  576.250 -6.7024E+0001
  576.500 -6.7023E+0001
  576.750 -6.7022E+0001
  577.000 -6.7021E+0001
  577.250 -6.7020E+0001
  577.500 -6.7019E+0001
  577.750 -6.7017E+0001
  578.000 -6.7016E+0001
  578.250 -6.7015E+0001
  578.500 -6.7014E+0001
  578.750 -6.7013E+0001
  579.000 -6.7012E+0001
  579.250 -6.7010E+0001
  579.500 -6.7009E+0001
  579.750 -6.7008E+0001
  580.000 -6.7007E+0001
  580.250 -6.7006E+0001
  580.500 -6.7005E+0001
  580.750 -6.7003E+0001
  581.000 -6.7002E+0001
  581.250 -6.7001E+0001
  581.500 -6.7000E+0001
  581.750 -6.6999E+0001
  582.000 -6.6998E+0001
  582.250 -6.6997E+0001
  582.500 -6.6995E+0001
  582.750 -6.6994E+0001
  583.000 -6.6993E+0001
  583.250 -6.6992E+0001
  583.500 -6.6991E+0001
  583.750 -6.6990E+0001
  584.000 -6.6989E+0001
  584.250 -6.6988E+0001
  584.500 -6.6986E+0001
  584.750 -6.6985E+0001
  585.000 -6.6984E+0001
  585.250 -6.6983E+0001
  585.500 -6.6982E+0001
  585.750 -6.6981E+0001
  586.000 -6.6980E+0001
  586.250 -6.6979E+0001
  586.500 -6.6977E+0001
  586.750 -6.6976E+0001
  587.000 -6.6975E+0001
  587.250 -6.6974E+0001
  587.500 -6.6973E+0001
  587.750 -6.6972E+0001
  588.000 -6.6971E+0001
  588.250 -6.6970E+0001
  588.500 -6.6969E+0001
  588.750 -6.6968E+0001
  589.000 -6.6966E+0001
  589.250 -6.6965E+0001
  589.500 -6.6964E+0001
  589.750 -6.6963E+0001
  590.000 -6.6962E+0001
  590.250 -6.6961E+0001
  590.500 -6.6960E+0001
  590.750 -6.6959E+0001
  591.000 -6.6958E+0001
  591.250 -6.6957E+0001
  591.500 -6.6956E+0001
  591.750 -6.6955E+0001
  592.000 -6.6953E+0001
  592.250 -6.6952E+0001
  592.500 -6.6951E+0001
  592.750 -6.6950E+0001
  593.000 -6.6949E+0001
  593.250 -6.6948E+0001
  593.500 -6.6947E+0001
  593.750 -6.6946E+0001
  594.000 -6.6945E+0001
  594.250 -6.6944E+0001
  594.500 -6.6943E+0001
  594.750 -6.6942E+0001
  595.000 -6.6941E+0001
  595.250 -6.6940E+0001
  595.500 -6.6939E+0001
  595.750 -6.6938E+0001
  596.000 -6.6937E+0001
  596.250 -6.6936E+0001
  596.500 -6.6935E+0001
  596.750 -6.6934E+0001
  597.000 -6.6933E+0001
  597.250 -6.6931E+0001
  597.500 -6.6930E+0001
  597.750 -6.6929E+0001
  598.000 -6.6928E+0001
  598.250 -6.6927E+0001
  598.500 -6.6926E+0001
  598.750 -6.6925E+0001
  599.000 -6.6924E+0001
  599.250 -6.6923E+0001
  599.500 -6.6922E+0001
  599.750 -6.6921E+0001
