    0.050   -65.633
    0.100   -65.566
    0.150   -65.499
    0.200   -65.432
    0.250   -65.366
    0.300   -65.300
    0.350   -65.234
    0.400   -65.168
    0.450   -65.103
    0.500   -65.038
    0.550   -64.973
    0.600   -64.908
    0.650   -64.843
    0.700   -64.779
    0.750   -64.715
    0.800   -64.651
    0.850   -64.587
    0.900   -64.524
    0.950   -64.461
    1.000   -64.398
    1.050   -64.335
    1.100   -64.272
    1.150   -64.210
    1.200   -64.148
    1.250   -64.086
    1.300   -64.024
    1.350   -63.962
    1.400   -63.901
    1.450   -63.840
    1.500   -63.779
    1.550   -63.719
    1.600   -63.658
    1.650   -63.598
    1.700   -63.538
    1.750   -63.478
    1.800   -63.418
    1.850   -63.359
    1.900   -63.300
    1.950   -63.241
    2.000   -63.182
    2.050   -63.123
    2.100   -63.065
    2.150   -63.007
    2.200   -62.949
    2.250   -62.891
    2.300   -62.833
    2.350   -62.776
    2.400   -62.719
    2.450   -62.661
    2.500   -62.605
    2.550   -62.548
    2.600   -62.492
    2.650   -62.435
    2.700   -62.379
    2.750   -62.323
    2.800   -62.268
    2.850   -62.212
    2.900   -62.157
    2.950   -62.102
    3.000   -62.047
    3.050   -61.992
    3.100   -61.938
    3.150   -61.883
    3.200   -61.829
    3.250   -61.775
    3.300   -61.722
    3.350   -61.668
    3.400   -61.615
    3.450   -61.561
    3.500   -61.508
    3.550   -61.455
    3.600   -61.403
    3.650   -61.350
    3.700   -61.298
    3.750   -61.246
    3.800   -61.194
    3.850   -61.142
    3.900   -61.091
    3.950   -61.039
    4.000   -60.988
    4.050   -60.937
    4.100   -60.886
    4.150   -60.835
    4.200   -60.785
    4.250   -60.734
    4.300   -60.684
    4.350   -60.634
    4.400   -60.584
    4.450   -60.535
    4.500   -60.485
    4.550   -60.436
    4.600   -60.387
    4.650   -60.338
    4.700   -60.289
    4.750   -60.240
    4.800   -60.192
    4.850   -60.143
    4.900   -60.095
    4.950   -60.047
    5.000   -59.999
    5.050   -59.952
    5.100   -59.904
    5.150   -59.857
    5.200   -59.810
    5.250   -59.763
    5.300   -59.716
    5.350   -59.669
    5.400   -59.622
    5.450   -59.576
    5.500   -59.530
    5.550   -59.484
    5.600   -59.438
    5.650   -59.392
    5.700   -59.347
    5.750   -59.301
    5.800   -59.256
    5.850   -59.211
    5.900   -59.166
    5.950   -59.121
    6.000   -59.076
    6.050   -59.032
    6.100   -58.988
    6.150   -58.943
    6.200   -58.899
    6.250   -58.855
    6.300   -58.812
    6.350   -58.768
    6.400   -58.725
    6.450   -58.681
    6.500   -58.638
    6.550   -58.595
    6.600   -58.552
    6.650   -58.510
    6.700   -58.467
    6.750   -58.425
    6.800   -58.383
    6.850   -58.340
    6.900   -58.299
    6.950   -58.257
    7.000   -58.215
    7.050   -58.173
    7.100   -58.132
    7.150   -58.091
    7.200   -58.050
    7.250   -58.009
    7.300   -57.968
    7.350   -57.927
    7.400   -57.887
    7.450   -57.846
    7.500   -57.806
    7.550   -57.766
    7.600   -57.726
    7.650   -57.686
    7.700   -57.646
    7.750   -57.607
    7.800   -57.567
    7.850   -57.528
    7.900   -57.489
    7.950   -57.450
    8.000   -57.411
    8.050   -57.372
    8.100   -57.334
    8.150   -57.295
    8.200   -57.257
    8.250   -57.219
    8.300   -57.180
    8.350   -57.142
    8.400   -57.105
    8.450   -57.067
    8.500   -57.029
    8.550   -56.992
    8.600   -56.955
    8.650   -56.917
    8.700   -56.880
    8.750   -56.843
    8.800   -56.807
    8.850   -56.770
    8.900   -56.733
    8.950   -56.697
    9.000   -56.661
    9.050   -56.624
    9.100   -56.588
    9.150   -56.552
    9.200   -56.517
    9.250   -56.481
    9.300   -56.445
    9.350   -56.410
    9.400   -56.375
    9.450   -56.339
    9.500   -56.304
    9.550   -56.269
    9.600   -56.234
    9.650   -56.200
    9.700   -56.165
    9.750   -56.131
    9.800   -56.096
    9.850   -56.062
    9.900   -56.028
    9.950   -55.994
   10.000   -55.960
   10.050   -55.926
   10.100   -55.893
   10.150   -55.859
   10.200   -55.826
   10.250   -55.792
   10.300   -55.759
   10.350   -55.726
   10.400   -55.693
   10.450   -55.660
   10.500   -55.627
   10.550   -55.595
   10.600   -55.562
   10.650   -55.530
   10.700   -55.498
   10.750   -55.465
   10.800   -55.433
   10.850   -55.401
   10.900   -55.370
   10.950   -55.338
   11.000   -55.306
   11.050   -55.275
   11.100   -55.243
   11.150   -55.212
   11.200   -55.181
   11.250   -55.150
   11.300   -55.119
   11.350   -55.088
   11.400   -55.057
   11.450   -55.026
   11.500   -54.996
   11.550   -54.965
   11.600   -54.935
   11.650   -54.905
   11.700   -54.875
   11.750   -54.845
   11.800   -54.815
   11.850   -54.785
   11.900   -54.755
   11.950   -54.725
   12.000   -54.696
   12.050   -54.666
   12.100   -54.637
   12.150   -54.608
   12.200   -54.579
   12.250   -54.550
   12.300   -74.000
   12.350   -74.000
   12.400   -74.000
   12.450   -74.000
   12.500   -74.000
   12.550   -74.000
   12.600   -74.000
   12.650   -74.000
   12.700   -74.000
   12.750   -74.000
   12.800   -74.000
   12.850   -74.000
   12.900   -74.000
   12.950   -74.000
   13.000   -74.000
   13.050   -74.000
   13.100   -74.000
   13.150   -74.000
   13.200   -74.000
   13.250   -74.000
   13.300   -74.000
   13.350   -74.000
   13.400   -74.000
   13.450   -74.000
   13.500   -74.000
   13.550   -74.000
   13.600   -74.000
   13.650   -74.000
   13.700   -74.000
   13.750   -74.000
   13.800   -74.000
   13.850   -74.000
   13.900   -74.000
   13.950   -74.000
   14.000   -74.000
   14.050   -74.000
   14.100   -74.000
   14.150   -74.000
   14.200   -74.000
   14.250   -74.000
   14.300   -74.000
   14.350   -74.000
   14.400   -74.000
   14.450   -74.000
   14.500   -74.000
   14.550   -74.000
   14.600   -74.000
   14.650   -74.000
   14.700   -74.000
   14.750   -74.000
   14.800   -74.000
   14.850   -74.000
   14.900   -74.000
   14.950   -74.000
   15.000   -74.000
   15.050   -74.000
   15.100   -74.000
   15.150   -74.000
   15.200   -74.000
   15.250   -74.000
   15.300   -73.904
   15.350   -73.809
   15.400   -73.714
   15.450   -73.619
   15.500   -73.524
   15.550   -73.430
   15.600   -73.336
   15.650   -73.243
   15.700   -73.149
   15.750   -73.056
   15.800   -72.964
   15.850   -72.872
   15.900   -72.780
   15.950   -72.688
   16.000   -72.597
   16.050   -72.506
   16.100   -72.415
   16.150   -72.325
   16.200   -72.235
   16.250   -72.145
   16.300   -72.055
   16.350   -71.966
   16.400   -71.877
   16.450   -71.789
   16.500   -71.701
   16.550   -71.613
   16.600   -71.525
   16.650   -71.438
   16.700   -71.351
   16.750   -71.264
   16.800   -71.178
   16.850   -71.092
   16.900   -71.006
   16.950   -70.920
   17.000   -70.835
   17.050   -70.750
   17.100   -70.665
   17.150   -70.581
   17.200   -70.497
   17.250   -70.413
   17.300   -70.330
   17.350   -70.247
   17.400   -70.164
   17.450   -70.081
   17.500   -69.999
   17.550   -69.917
   17.600   -69.835
   17.650   -69.753
   17.700   -69.672
   17.750   -69.591
   17.800   -69.510
   17.850   -69.430
   17.900   -69.350
   17.950   -69.270
   18.000   -69.191
   18.050   -69.111
   18.100   -69.032
   18.150   -68.954
   18.200   -68.875
   18.250   -68.797
   18.300   -68.719
   18.350   -68.641
   18.400   -68.564
   18.450   -68.487
   18.500   -68.410
   18.550   -68.333
   18.600   -68.257
   18.650   -68.181
   18.700   -68.105
   18.750   -68.030
   18.800   -67.954
   18.850   -67.879
   18.900   -67.804
   18.950   -67.730
   19.000   -67.656
   19.050   -67.582
   19.100   -67.508
   19.150   -67.434
   19.200   -67.361
   19.250   -67.288
   19.300   -67.215
   19.350   -67.143
   19.400   -67.071
   19.450   -66.999
   19.500   -66.927
   19.550   -66.855
   19.600   -66.784
   19.650   -66.713
   19.700   -66.642
   19.750   -66.572
   19.800   -66.502
   19.850   -66.432
   19.900   -66.362
   19.950   -66.292
   20.000   -66.223
   20.050   -66.154
   20.100   -66.085
   20.150   -66.016
   20.200   -65.948
   20.250   -65.880
   20.300   -65.812
   20.350   -65.744
   20.400   -65.677
   20.450   -65.610
   20.500   -65.543
   20.550   -65.476
   20.600   -65.410
   20.650   -65.343
   20.700   -65.277
   20.750   -65.211
   20.800   -65.146
   20.850   -65.080
   20.900   -65.015
   20.950   -64.950
   21.000   -64.886
   21.050   -64.821
   21.100   -64.757
   21.150   -64.693
   21.200   -64.629
   21.250   -64.566
   21.300   -64.502
   21.350   -64.439
   21.400   -64.376
   21.450   -64.313
   21.500   -64.251
   21.550   -64.189
   21.600   -64.126
   21.650   -64.065
   21.700   -64.003
   21.750   -63.942
   21.800   -63.880
   21.850   -63.819
   21.900   -63.758
   21.950   -63.698
   22.000   -63.637
   22.050   -63.577
   22.100   -63.517
   22.150   -63.458
   22.200   -63.398
   22.250   -63.339
   22.300   -63.279
   22.350   -63.221
   22.400   -63.162
   22.450   -63.103
   22.500   -63.045
   22.550   -62.987
   22.600   -62.929
   22.650   -62.871
   22.700   -62.814
   22.750   -62.756
   22.800   -62.699
   22.850   -62.642
   22.900   -62.585
   22.950   -62.529
   23.000   -62.472
   23.050   -62.416
   23.100   -62.360
   23.150   -62.304
   23.200   -62.249
   23.250   -62.193
   23.300   -62.138
   23.350   -62.083
   23.400   -62.028
   23.450   -61.974
   23.500   -61.919
   23.550   -61.865
   23.600   -61.811
   23.650   -61.757
   23.700   -61.703
   23.750   -61.650
   23.800   -61.596
   23.850   -61.543
   23.900   -61.490
   23.950   -61.437
   24.000   -61.385
   24.050   -61.332
   24.100   -61.280
   24.150   -61.228
   24.200   -61.176
   24.250   -61.124
   24.300   -61.073
   24.350   -61.022
   24.400   -60.970
   24.450   -60.919
   24.500   -60.869
   24.550   -60.818
   24.600   -60.767
   24.650   -60.717
   24.700   -60.667
   24.750   -60.617
   24.800   -60.567
   24.850   -60.518
   24.900   -60.468
   24.950   -60.419
   25.000   -60.370
   25.050   -60.321
   25.100   -60.272
   25.150   -60.223
   25.200   -60.175
   25.250   -60.127
   25.300   -60.079
   25.350   -60.031
   25.400   -59.983
   25.450   -59.935
   25.500   -59.888
   25.550   -59.841
   25.600   -59.793
   25.650   -59.746
   25.700   -59.700
   25.750   -59.653
   25.800   -59.607
   25.850   -59.560
   25.900   -59.514
   25.950   -59.468
   26.000   -59.422
   26.050   -59.377
   26.100   -59.331
   26.150   -59.286
   26.200   -59.240
   26.250   -59.195
   26.300   -59.151
   26.350   -59.106
   26.400   -59.061
   26.450   -59.017
   26.500   -58.972
   26.550   -58.928
   26.600   -58.884
   26.650   -58.840
   26.700   -58.797
   26.750   -58.753
   26.800   -58.710
   26.850   -58.667
   26.900   -58.624
   26.950   -58.581
   27.000   -58.538
   27.050   -58.495
   27.100   -58.453
   27.150   -58.410
   27.200   -58.368
   27.250   -58.326
   27.300   -58.284
   27.350   -58.242
   27.400   -58.201
   27.450   -58.159
   27.500   -58.118
   27.550   -58.077
   27.600   -58.036
   27.650   -57.995
   27.700   -57.954
   27.750   -57.913
   27.800   -57.873
   27.850   -57.833
   27.900   -57.792
   27.950   -57.752
   28.000   -57.712
   28.050   -57.673
   28.100   -57.633
   28.150   -57.593
   28.200   -57.554
   28.250   -57.515
   28.300   -57.476
   28.350   -57.437
   28.400   -57.398
   28.450   -57.359
   28.500   -57.320
   28.550   -57.282
   28.600   -57.244
   28.650   -57.205
   28.700   -57.167
   28.750   -57.129
   28.800   -57.092
   28.850   -57.054
   28.900   -57.016
   28.950   -56.979
   29.000   -56.942
   29.050   -56.905
   29.100   -56.868
   29.150   -56.831
   29.200   -56.794
   29.250   -56.757
   29.300   -56.721
   29.350   -56.684
   29.400   -56.648
   29.450   -56.612
   29.500   -56.576
   29.550   -56.540
   29.600   -56.504
   29.650   -56.469
   29.700   -56.433
   29.750   -56.398
   29.800   -56.362
   29.850   -56.327
   29.900   -56.292
   29.950   -56.257
   30.000   -56.223
   30.050   -56.188
   30.100   -56.153
   30.150   -56.119
   30.200   -56.085
   30.250   -56.050
   30.300   -56.016
   30.350   -55.982
   30.400   -55.948
   30.450   -55.915
   30.500   -55.881
   30.550   -55.848
   30.600   -55.814
   30.650   -55.781
   30.700   -55.748
   30.750   -55.715
   30.800   -55.682
   30.850   -55.649
   30.900   -55.616
   30.950   -55.584
   31.000   -55.551
   31.050   -55.519
   31.100   -55.487
   31.150   -55.454
   31.200   -55.422
   31.250   -55.391
   31.300   -55.359
   31.350   -55.327
   31.400   -55.295
   31.450   -55.264
   31.500   -55.233
   31.550   -55.201
   31.600   -55.170
   31.650   -55.139
   31.700   -55.108
   31.750   -55.077
   31.800   -55.047
   31.850   -55.016
   31.900   -54.985
   31.950   -54.955
   32.000   -54.925
   32.050   -54.894
   32.100   -54.864
   32.150   -54.834
   32.200   -54.804
   32.250   -54.775
   32.300   -54.745
   32.350   -54.715
   32.400   -54.686
   32.450   -54.656
   32.500   -54.627
   32.550   -54.598
   32.600   -54.569
   32.650   -54.540
   32.700   -74.000
   32.750   -74.000
   32.800   -74.000
   32.850   -74.000
   32.900   -74.000
   32.950   -74.000
   33.000   -74.000
   33.050   -74.000
   33.100   -74.000
   33.150   -74.000
   33.200   -74.000
   33.250   -74.000
   33.300   -74.000
   33.350   -74.000
   33.400   -74.000
   33.450   -74.000
   33.500   -74.000
   33.550   -74.000
   33.600   -74.000
   33.650   -74.000
   33.700   -74.000
   33.750   -74.000
   33.800   -74.000
   33.850   -74.000
   33.900   -74.000
   33.950   -74.000
   34.000   -74.000
   34.050   -74.000
   34.100   -74.000
   34.150   -74.000
   34.200   -74.000
   34.250   -74.000
   34.300   -74.000
   34.350   -74.000
   34.400   -74.000
   34.450   -74.000
   34.500   -74.000
   34.550   -74.000
   34.600   -74.000
   34.650   -74.000
   34.700   -74.000
   34.750   -74.000
   34.800   -74.000
   34.850   -74.000
   34.900   -74.000
   34.950   -74.000
   35.000   -74.000
   35.050   -74.000
   35.100   -74.000
   35.150   -74.000
   35.200   -74.000
   35.250   -74.000
   35.300   -74.000
   35.350   -74.000
   35.400   -74.000
   35.450   -74.000
   35.500   -74.000
   35.550   -74.000
   35.600   -74.000
   35.650   -74.000
   35.700   -73.904
   35.750   -73.809
   35.800   -73.714
   35.850   -73.619
   35.900   -73.524
   35.950   -73.430
   36.000   -73.336
   36.050   -73.243
   36.100   -73.149
   36.150   -73.056
   36.200   -72.964
   36.250   -72.872
   36.300   -72.780
   36.350   -72.688
   36.400   -72.597
   36.450   -72.506
   36.500   -72.415
   36.550   -72.325
   36.600   -72.235
   36.650   -72.145
   36.700   -72.055
   36.750   -71.966
   36.800   -71.877
   36.850   -71.789
   36.900   -71.701
   36.950   -71.613
   37.000   -71.525
   37.050   -71.438
   37.100   -71.351
   37.150   -71.264
   37.200   -71.178
   37.250   -71.092
   37.300   -71.006
   37.350   -70.920
   37.400   -70.835
   37.450   -70.750
   37.500   -70.665
   37.550   -70.581
   37.600   -70.497
   37.650   -70.413
   37.700   -70.330
   37.750   -70.247
   37.800   -70.164
   37.850   -70.081
   37.900   -69.999
   37.950   -69.917
   38.000   -69.835
   38.050   -69.753
   38.100   -69.672
   38.150   -69.591
   38.200   -69.510
   38.250   -69.430
   38.300   -69.350
   38.350   -69.270
   38.400   -69.191
   38.450   -69.111
   38.500   -69.032
   38.550   -68.954
   38.600   -68.875
   38.650   -68.797
   38.700   -68.719
   38.750   -68.641
   38.800   -68.564
   38.850   -68.487
   38.900   -68.410
   38.950   -68.333
   39.000   -68.257
   39.050   -68.181
   39.100   -68.105
   39.150   -68.030
   39.200   -67.954
   39.250   -67.879
   39.300   -67.804
   39.350   -67.730
   39.400   -67.656
   39.450   -67.582
   39.500   -67.508
   39.550   -67.434
   39.600   -67.361
   39.650   -67.288
   39.700   -67.215
   39.750   -67.143
   39.800   -67.071
   39.850   -66.999
   39.900   -66.927
   39.950   -66.855
   40.000   -66.784
   40.050   -66.713
   40.100   -66.642
   40.150   -66.572
   40.200   -66.502
   40.250   -66.432
   40.300   -66.362
   40.350   -66.292
   40.400   -66.223
   40.450   -66.154
   40.500   -66.085
   40.550   -66.016
   40.600   -65.948
   40.650   -65.880
   40.700   -65.812
   40.750   -65.744
   40.800   -65.677
   40.850   -65.610
   40.900   -65.543
   40.950   -65.476
   41.000   -65.410
   41.050   -65.343
   41.100   -65.277
   41.150   -65.211
   41.200   -65.146
   41.250   -65.080
   41.300   -65.015
   41.350   -64.950
   41.400   -64.886
   41.450   -64.821
   41.500   -64.757
   41.550   -64.693
   41.600   -64.629
   41.650   -64.566
   41.700   -64.502
   41.750   -64.439
   41.800   -64.376
   41.850   -64.313
   41.900   -64.251
   41.950   -64.189
   42.000   -64.126
   42.050   -64.065
   42.100   -64.003
   42.150   -63.942
   42.200   -63.880
   42.250   -63.819
   42.300   -63.758
   42.350   -63.698
   42.400   -63.637
   42.450   -63.577
   42.500   -63.517
   42.550   -63.458
   42.600   -63.398
   42.650   -63.339
   42.700   -63.279
   42.750   -63.221
   42.800   -63.162
   42.850   -63.103
   42.900   -63.045
   42.950   -62.987
   43.000   -62.929
   43.050   -62.871
   43.100   -62.814
   43.150   -62.756
   43.200   -62.699
   43.250   -62.642
   43.300   -62.585
   43.350   -62.529
   43.400   -62.472
   43.450   -62.416
   43.500   -62.360
   43.550   -62.304
   43.600   -62.249
   43.650   -62.193
   43.700   -62.138
   43.750   -62.083
   43.800   -62.028
   43.850   -61.974
   43.900   -61.919
   43.950   -61.865
   44.000   -61.811
   44.050   -61.757
   44.100   -61.703
   44.150   -61.650
   44.200   -61.596
   44.250   -61.543
   44.300   -61.490
   44.350   -61.437
   44.400   -61.385
   44.450   -61.332
   44.500   -61.280
   44.550   -61.228
   44.600   -61.176
   44.650   -61.124
   44.700   -61.073
   44.750   -61.022
   44.800   -60.970
   44.850   -60.919
   44.900   -60.869
   44.950   -60.818
   45.000   -60.767
   45.050   -60.717
   45.100   -60.667
   45.150   -60.617
   45.200   -60.567
   45.250   -60.518
   45.300   -60.468
   45.350   -60.419
   45.400   -60.370
   45.450   -60.321
   45.500   -60.272
   45.550   -60.223
   45.600   -60.175
   45.650   -60.127
   45.700   -60.079
   45.750   -60.031
   45.800   -59.983
   45.850   -59.935
   45.900   -59.888
   45.950   -59.841
   46.000   -59.793
   46.050   -59.746
   46.100   -59.700
   46.150   -59.653
   46.200   -59.607
   46.250   -59.560
   46.300   -59.514
   46.350   -59.468
   46.400   -59.422
   46.450   -59.377
   46.500   -59.331
   46.550   -59.286
   46.600   -59.240
   46.650   -59.195
   46.700   -59.151
   46.750   -59.106
   46.800   -59.061
   46.850   -59.017
   46.900   -58.972
   46.950   -58.928
   47.000   -58.884
   47.050   -58.840
   47.100   -58.797
   47.150   -58.753
   47.200   -58.710
   47.250   -58.667
   47.300   -58.624
   47.350   -58.581
   47.400   -58.538
   47.450   -58.495
   47.500   -58.453
   47.550   -58.410
   47.600   -58.368
   47.650   -58.326
   47.700   -58.284
   47.750   -58.242
   47.800   -58.201
   47.850   -58.159
   47.900   -58.118
   47.950   -58.077
   48.000   -58.036
   48.050   -57.995
   48.100   -57.954
   48.150   -57.913
   48.200   -57.873
   48.250   -57.833
   48.300   -57.792
   48.350   -57.752
   48.400   -57.712
   48.450   -57.673
   48.500   -57.633
   48.550   -57.593
   48.600   -57.554
   48.650   -57.515
   48.700   -57.476
   48.750   -57.437
   48.800   -57.398
   48.850   -57.359
   48.900   -57.320
   48.950   -57.282
   49.000   -57.244
   49.050   -57.205
   49.100   -57.167
   49.150   -57.129
   49.200   -57.092
   49.250   -57.054
   49.300   -57.016
   49.350   -56.979
   49.400   -56.942
   49.450   -56.905
   49.500   -56.868
   49.550   -56.831
   49.600   -56.794
   49.650   -56.757
   49.700   -56.721
   49.750   -56.684
   49.800   -56.648
   49.850   -56.612
   49.900   -56.576
   49.950   -56.540
   50.000   -56.504
   50.050   -56.469
   50.100   -56.433
   50.150   -56.398
   50.200   -56.362
   50.250   -56.327
   50.300   -56.292
   50.350   -56.257
   50.400   -56.223
   50.450   -56.188
   50.500   -56.153
   50.550   -56.119
   50.600   -56.085
   50.650   -56.050
   50.700   -56.016
   50.750   -55.982
   50.800   -55.948
   50.850   -55.915
   50.900   -55.881
   50.950   -55.848
   51.000   -55.814
   51.050   -55.781
   51.100   -55.748
   51.150   -55.715
   51.200   -55.682
   51.250   -55.649
   51.300   -55.616
   51.350   -55.584
   51.400   -55.551
   51.450   -55.519
   51.500   -55.487
   51.550   -55.454
   51.600   -55.422
   51.650   -55.391
   51.700   -55.359
   51.750   -55.327
   51.800   -55.295
   51.850   -55.264
   51.900   -55.233
   51.950   -55.201
   52.000   -55.170
   52.050   -55.139
   52.100   -55.108
   52.150   -55.077
   52.200   -55.047
   52.250   -55.016
   52.300   -54.985
   52.350   -54.955
   52.400   -54.925
   52.450   -54.894
   52.500   -54.864
   52.550   -54.834
   52.600   -54.804
   52.650   -54.775
   52.700   -54.745
   52.750   -54.715
   52.800   -54.686
   52.850   -54.656
   52.900   -54.627
   52.950   -54.598
   53.000   -54.569
   53.050   -54.540
   53.100   -74.000
   53.150   -74.000
   53.200   -74.000
   53.250   -74.000
   53.300   -74.000
   53.350   -74.000
   53.400   -74.000
   53.450   -74.000
   53.500   -74.000
   53.550   -74.000
   53.600   -74.000
   53.650   -74.000
   53.700   -74.000
   53.750   -74.000
   53.800   -74.000
   53.850   -74.000
   53.900   -74.000
   53.950   -74.000
   54.000   -74.000
   54.050   -74.000
   54.100   -74.000
   54.150   -74.000
   54.200   -74.000
   54.250   -74.000
   54.300   -74.000
   54.350   -74.000
   54.400   -74.000
   54.450   -74.000
   54.500   -74.000
   54.550   -74.000
   54.600   -74.000
   54.650   -74.000
   54.700   -74.000
   54.750   -74.000
   54.800   -74.000
   54.850   -74.000
   54.900   -74.000
   54.950   -74.000
   55.000   -74.000
   55.050   -74.000
   55.100   -74.000
   55.150   -74.000
   55.200   -74.000
   55.250   -74.000
   55.300   -74.000
   55.350   -74.000
   55.400   -74.000
   55.450   -74.000
   55.500   -74.000
   55.550   -74.000
   55.600   -74.000
   55.650   -74.000
   55.700   -74.000
   55.750   -74.000
   55.800   -74.000
   55.850   -74.000
   55.900   -74.000
   55.950   -74.000
   56.000   -74.000
   56.050   -74.000
   56.100   -73.904
   56.150   -73.809
   56.200   -73.714
   56.250   -73.619
   56.300   -73.524
   56.350   -73.430
   56.400   -73.336
   56.450   -73.243
   56.500   -73.149
   56.550   -73.056
   56.600   -72.964
   56.650   -72.872
   56.700   -72.780
   56.750   -72.688
   56.800   -72.597
   56.850   -72.506
   56.900   -72.415
   56.950   -72.325
   57.000   -72.235
   57.050   -72.145
   57.100   -72.055
   57.150   -71.966
   57.200   -71.877
   57.250   -71.789
   57.300   -71.701
   57.350   -71.613
   57.400   -71.525
   57.450   -71.438
   57.500   -71.351
   57.550   -71.264
   57.600   -71.178
   57.650   -71.092
   57.700   -71.006
   57.750   -70.920
   57.800   -70.835
   57.850   -70.750
   57.900   -70.665
   57.950   -70.581
   58.000   -70.497
   58.050   -70.413
   58.100   -70.330
   58.150   -70.247
   58.200   -70.164
   58.250   -70.081
   58.300   -69.999
   58.350   -69.917
   58.400   -69.835
   58.450   -69.753
   58.500   -69.672
   58.550   -69.591
   58.600   -69.510
   58.650   -69.430
   58.700   -69.350
   58.750   -69.270
   58.800   -69.191
   58.850   -69.111
   58.900   -69.032
   58.950   -68.954
   59.000   -68.875
   59.050   -68.797
   59.100   -68.719
   59.150   -68.641
   59.200   -68.564
   59.250   -68.487
   59.300   -68.410
   59.350   -68.333
   59.400   -68.257
   59.450   -68.181
   59.500   -68.105
   59.550   -68.030
   59.600   -67.954
   59.650   -67.879
   59.700   -67.804
   59.750   -67.730
   59.800   -67.656
   59.850   -67.582
   59.900   -67.508
   59.950   -67.434
   60.000   -67.361
   60.050   -67.288
   60.100   -67.215
   60.150   -67.143
   60.200   -67.071
   60.250   -66.999
   60.300   -66.927
   60.350   -66.855
   60.400   -66.784
   60.450   -66.713
   60.500   -66.642
   60.550   -66.572
   60.600   -66.502
   60.650   -66.432
   60.700   -66.362
   60.750   -66.292
   60.800   -66.223
   60.850   -66.154
   60.900   -66.085
   60.950   -66.016
   61.000   -65.948
   61.050   -65.880
   61.100   -65.812
   61.150   -65.744
   61.200   -65.677
   61.250   -65.610
   61.300   -65.543
   61.350   -65.476
   61.400   -65.410
   61.450   -65.343
   61.500   -65.277
   61.550   -65.211
   61.600   -65.146
   61.650   -65.080
   61.700   -65.015
   61.750   -64.950
   61.800   -64.886
   61.850   -64.821
   61.900   -64.757
   61.950   -64.693
   62.000   -64.629
   62.050   -64.566
   62.100   -64.502
   62.150   -64.439
   62.200   -64.376
   62.250   -64.313
   62.300   -64.251
   62.350   -64.189
   62.400   -64.126
   62.450   -64.065
   62.500   -64.003
   62.550   -63.942
   62.600   -63.880
   62.650   -63.819
   62.700   -63.758
   62.750   -63.698
   62.800   -63.637
   62.850   -63.577
   62.900   -63.517
   62.950   -63.458
   63.000   -63.398
   63.050   -63.339
   63.100   -63.279
   63.150   -63.221
   63.200   -63.162
   63.250   -63.103
   63.300   -63.045
   63.350   -62.987
   63.400   -62.929
   63.450   -62.871
   63.500   -62.814
   63.550   -62.756
   63.600   -62.699
   63.650   -62.642
   63.700   -62.585
   63.750   -62.529
   63.800   -62.472
   63.850   -62.416
   63.900   -62.360
   63.950   -62.304
   64.000   -62.249
   64.050   -62.193
   64.100   -62.138
   64.150   -62.083
   64.200   -62.028
   64.250   -61.974
   64.300   -61.919
   64.350   -61.865
   64.400   -61.811
   64.450   -61.757
   64.500   -61.703
   64.550   -61.650
   64.600   -61.596
   64.650   -61.543
   64.700   -61.490
   64.750   -61.437
   64.800   -61.385
   64.850   -61.332
   64.900   -61.280
   64.950   -61.228
   65.000   -61.176
   65.050   -61.124
   65.100   -61.073
   65.150   -61.022
   65.200   -60.970
   65.250   -60.919
   65.300   -60.869
   65.350   -60.818
   65.400   -60.767
   65.450   -60.717
   65.500   -60.667
   65.550   -60.617
   65.600   -60.567
   65.650   -60.518
   65.700   -60.468
   65.750   -60.419
   65.800   -60.370
   65.850   -60.321
   65.900   -60.272
   65.950   -60.223
   66.000   -60.175
   66.050   -60.127
   66.100   -60.079
   66.150   -60.031
   66.200   -59.983
   66.250   -59.935
   66.300   -59.888
   66.350   -59.841
   66.400   -59.793
   66.450   -59.746
   66.500   -59.700
   66.550   -59.653
   66.600   -59.607
   66.650   -59.560
   66.700   -59.514
   66.750   -59.468
   66.800   -59.422
   66.850   -59.377
   66.900   -59.331
   66.950   -59.286
   67.000   -59.240
   67.050   -59.195
   67.100   -59.151
   67.150   -59.106
   67.200   -59.061
   67.250   -59.017
   67.300   -58.972
   67.350   -58.928
   67.400   -58.884
   67.450   -58.840
   67.500   -58.797
   67.550   -58.753
   67.600   -58.710
   67.650   -58.667
   67.700   -58.624
   67.750   -58.581
   67.800   -58.538
   67.850   -58.495
   67.900   -58.453
   67.950   -58.410
   68.000   -58.368
   68.050   -58.326
   68.100   -58.284
   68.150   -58.242
   68.200   -58.201
   68.250   -58.159
   68.300   -58.118
   68.350   -58.077
   68.400   -58.036
   68.450   -57.995
   68.500   -57.954
   68.550   -57.913
   68.600   -57.873
   68.650   -57.833
   68.700   -57.792
   68.750   -57.752
   68.800   -57.712
   68.850   -57.673
   68.900   -57.633
   68.950   -57.593
   69.000   -57.554
   69.050   -57.515
   69.100   -57.476
   69.150   -57.437
   69.200   -57.398
   69.250   -57.359
   69.300   -57.320
   69.350   -57.282
   69.400   -57.244
   69.450   -57.205
   69.500   -57.167
   69.550   -57.129
   69.600   -57.092
   69.650   -57.054
   69.700   -57.016
   69.750   -56.979
   69.800   -56.942
   69.850   -56.905
   69.900   -56.868
   69.950   -56.831
   70.000   -56.794
   70.050   -56.757
   70.100   -56.721
   70.150   -56.684
   70.200   -56.648
   70.250   -56.612
   70.300   -56.576
   70.350   -56.540
   70.400   -56.504
   70.450   -56.469
   70.500   -56.433
   70.550   -56.398
   70.600   -56.362
   70.650   -56.327
   70.700   -56.292
   70.750   -56.257
   70.800   -56.223
   70.850   -56.188
   70.900   -56.153
   70.950   -56.119
   71.000   -56.085
   71.050   -56.050
   71.100   -56.016
   71.150   -55.982
   71.200   -55.948
   71.250   -55.915
   71.300   -55.881
   71.350   -55.848
   71.400   -55.814
   71.450   -55.781
   71.500   -55.748
   71.550   -55.715
   71.600   -55.682
   71.650   -55.649
   71.700   -55.616
   71.750   -55.584
   71.800   -55.551
   71.850   -55.519
   71.900   -55.487
   71.950   -55.454
   72.000   -55.422
   72.050   -55.391
   72.100   -55.359
   72.150   -55.327
   72.200   -55.295
   72.250   -55.264
   72.300   -55.233
   72.350   -55.201
   72.400   -55.170
   72.450   -55.139
   72.500   -55.108
   72.550   -55.077
   72.600   -55.047
   72.650   -55.016
   72.700   -54.985
   72.750   -54.955
   72.800   -54.925
   72.850   -54.894
   72.900   -54.864
   72.950   -54.834
   73.000   -54.804
   73.050   -54.775
   73.100   -54.745
   73.150   -54.715
   73.200   -54.686
   73.250   -54.656
   73.300   -54.627
   73.350   -54.598
   73.400   -54.569
   73.450   -54.540
   73.500   -74.000
   73.550   -74.000
   73.600   -74.000
   73.650   -74.000
   73.700   -74.000
   73.750   -74.000
   73.800   -74.000
   73.850   -74.000
   73.900   -74.000
   73.950   -74.000
   74.000   -74.000
   74.050   -74.000
   74.100   -74.000
   74.150   -74.000
   74.200   -74.000
   74.250   -74.000
   74.300   -74.000
   74.350   -74.000
   74.400   -74.000
   74.450   -74.000
   74.500   -74.000
   74.550   -74.000
   74.600   -74.000
   74.650   -74.000
   74.700   -74.000
   74.750   -74.000
   74.800   -74.000
   74.850   -74.000
   74.900   -74.000
   74.950   -74.000
   75.000   -74.000
   75.050   -74.000
   75.100   -74.000
   75.150   -74.000
   75.200   -74.000
   75.250   -74.000
   75.300   -74.000
   75.350   -74.000
   75.400   -74.000
   75.450   -74.000
   75.500   -74.000
   75.550   -74.000
   75.600   -74.000
   75.650   -74.000
   75.700   -74.000
   75.750   -74.000
   75.800   -74.000
   75.850   -74.000
   75.900   -74.000
   75.950   -74.000
   76.000   -74.000
   76.050   -74.000
   76.100   -74.000
   76.150   -74.000
   76.200   -74.000
   76.250   -74.000
   76.300   -74.000
   76.350   -74.000
   76.400   -74.000
   76.450   -74.000
   76.500   -74.000
   76.550   -73.904
   76.600   -73.809
   76.650   -73.714
   76.700   -73.619
   76.750   -73.524
   76.800   -73.430
   76.850   -73.336
   76.900   -73.243
   76.950   -73.149
   77.000   -73.056
   77.050   -72.964
   77.100   -72.872
   77.150   -72.780
   77.200   -72.688
   77.250   -72.597
   77.300   -72.506
   77.350   -72.415
   77.400   -72.325
   77.450   -72.235
   77.500   -72.145
   77.550   -72.055
   77.600   -71.966
   77.650   -71.877
   77.700   -71.789
   77.750   -71.701
   77.800   -71.613
   77.850   -71.525
   77.900   -71.438
   77.950   -71.351
   78.000   -71.264
   78.050   -71.178
   78.100   -71.092
   78.150   -71.006
   78.200   -70.920
   78.250   -70.835
   78.300   -70.750
   78.350   -70.665
   78.400   -70.581
   78.450   -70.497
   78.500   -70.413
   78.550   -70.330
   78.600   -70.247
   78.650   -70.164
   78.700   -70.081
   78.750   -69.999
   78.800   -69.917
   78.850   -69.835
   78.900   -69.753
   78.950   -69.672
   79.000   -69.591
   79.050   -69.510
   79.100   -69.430
   79.150   -69.350
   79.200   -69.270
   79.250   -69.191
   79.300   -69.111
   79.350   -69.032
   79.400   -68.954
   79.450   -68.875
   79.500   -68.797
   79.550   -68.719
   79.600   -68.641
   79.650   -68.564
   79.700   -68.487
   79.750   -68.410
   79.800   -68.333
   79.850   -68.257
   79.900   -68.181
   79.950   -68.105
   80.000   -68.030
   80.050   -67.954
   80.100   -67.879
   80.150   -67.804
   80.200   -67.730
   80.250   -67.656
   80.300   -67.582
   80.350   -67.508
   80.400   -67.434
   80.450   -67.361
   80.500   -67.288
   80.550   -67.215
   80.600   -67.143
   80.650   -67.071
   80.700   -66.999
   80.750   -66.927
   80.800   -66.855
   80.850   -66.784
   80.900   -66.713
   80.950   -66.642
   81.000   -66.572
   81.050   -66.502
   81.100   -66.432
   81.150   -66.362
   81.200   -66.292
   81.250   -66.223
   81.300   -66.154
   81.350   -66.085
   81.400   -66.016
   81.450   -65.948
   81.500   -65.880
   81.550   -65.812
   81.600   -65.744
   81.650   -65.677
   81.700   -65.610
   81.750   -65.543
   81.800   -65.476
   81.850   -65.410
   81.900   -65.343
   81.950   -65.277
   82.000   -65.211
   82.050   -65.146
   82.100   -65.080
   82.150   -65.015
   82.200   -64.950
   82.250   -64.886
   82.300   -64.821
   82.350   -64.757
   82.400   -64.693
   82.450   -64.629
   82.500   -64.566
   82.550   -64.502
   82.600   -64.439
   82.650   -64.376
   82.700   -64.313
   82.750   -64.251
   82.800   -64.189
   82.850   -64.126
   82.900   -64.065
   82.950   -64.003
   83.000   -63.942
   83.050   -63.880
   83.100   -63.819
   83.150   -63.758
   83.200   -63.698
   83.250   -63.637
   83.300   -63.577
   83.350   -63.517
   83.400   -63.458
   83.450   -63.398
   83.500   -63.339
   83.550   -63.279
   83.600   -63.221
   83.650   -63.162
   83.700   -63.103
   83.750   -63.045
   83.800   -62.987
   83.850   -62.929
   83.900   -62.871
   83.950   -62.814
   84.000   -62.756
   84.050   -62.699
   84.100   -62.642
   84.150   -62.585
   84.200   -62.529
   84.250   -62.472
   84.300   -62.416
   84.350   -62.360
   84.400   -62.304
   84.450   -62.249
   84.500   -62.193
   84.550   -62.138
   84.600   -62.083
   84.650   -62.028
   84.700   -61.974
   84.750   -61.919
   84.800   -61.865
   84.850   -61.811
   84.900   -61.757
   84.950   -61.703
   85.000   -61.650
   85.050   -61.596
   85.100   -61.543
   85.150   -61.490
   85.200   -61.437
   85.250   -61.385
   85.300   -61.332
   85.350   -61.280
   85.400   -61.228
   85.450   -61.176
   85.500   -61.124
   85.550   -61.073
   85.600   -61.022
   85.650   -60.970
   85.700   -60.919
   85.750   -60.869
   85.800   -60.818
   85.850   -60.767
   85.900   -60.717
   85.950   -60.667
   86.000   -60.617
   86.050   -60.567
   86.100   -60.518
   86.150   -60.468
   86.200   -60.419
   86.250   -60.370
   86.300   -60.321
   86.350   -60.272
   86.400   -60.223
   86.450   -60.175
   86.500   -60.127
   86.550   -60.079
   86.600   -60.031
   86.650   -59.983
   86.700   -59.935
   86.750   -59.888
   86.800   -59.841
   86.850   -59.793
   86.900   -59.746
   86.950   -59.700
   87.000   -59.653
   87.050   -59.607
   87.100   -59.560
   87.150   -59.514
   87.200   -59.468
   87.250   -59.422
   87.300   -59.377
   87.350   -59.331
   87.400   -59.286
   87.450   -59.240
   87.500   -59.195
   87.550   -59.151
   87.600   -59.106
   87.650   -59.061
   87.700   -59.017
   87.750   -58.972
   87.800   -58.928
   87.850   -58.884
   87.900   -58.840
   87.950   -58.797
   88.000   -58.753
   88.050   -58.710
   88.100   -58.667
   88.150   -58.624
   88.200   -58.581
   88.250   -58.538
   88.300   -58.495
   88.350   -58.453
   88.400   -58.410
   88.450   -58.368
   88.500   -58.326
   88.550   -58.284
   88.600   -58.242
   88.650   -58.201
   88.700   -58.159
   88.750   -58.118
   88.800   -58.077
   88.850   -58.036
   88.900   -57.995
   88.950   -57.954
   89.000   -57.913
   89.050   -57.873
   89.100   -57.833
   89.150   -57.792
   89.200   -57.752
   89.250   -57.712
   89.300   -57.673
   89.350   -57.633
   89.400   -57.593
   89.450   -57.554
   89.500   -57.515
   89.550   -57.476
   89.600   -57.437
   89.650   -57.398
   89.700   -57.359
   89.750   -57.320
   89.800   -57.282
   89.850   -57.244
   89.900   -57.205
   89.950   -57.167
   90.000   -57.129
   90.050   -57.092
   90.100   -57.054
   90.150   -57.016
   90.200   -56.979
   90.250   -56.942
   90.300   -56.905
   90.350   -56.868
   90.400   -56.831
   90.450   -56.794
   90.500   -56.757
   90.550   -56.721
   90.600   -56.684
   90.650   -56.648
   90.700   -56.612
   90.750   -56.576
   90.800   -56.540
   90.850   -56.504
   90.900   -56.469
   90.950   -56.433
   91.000   -56.398
   91.050   -56.362
   91.100   -56.327
   91.150   -56.292
   91.200   -56.257
   91.250   -56.223
   91.300   -56.188
   91.350   -56.153
   91.400   -56.119
   91.450   -56.085
   91.500   -56.050
   91.550   -56.016
   91.600   -55.982
   91.650   -55.948
   91.700   -55.915
   91.750   -55.881
   91.800   -55.848
   91.850   -55.814
   91.900   -55.781
   91.950   -55.748
   92.000   -55.715
   92.050   -55.682
   92.100   -55.649
   92.150   -55.616
   92.200   -55.584
   92.250   -55.551
   92.300   -55.519
   92.350   -55.487
   92.400   -55.454
   92.450   -55.422
   92.500   -55.391
   92.550   -55.359
   92.600   -55.327
   92.650   -55.295
   92.700   -55.264
   92.750   -55.233
   92.800   -55.201
   92.850   -55.170
   92.900   -55.139
   92.950   -55.108
   93.000   -55.077
   93.050   -55.047
   93.100   -55.016
   93.150   -54.985
   93.200   -54.955
   93.250   -54.925
   93.300   -54.894
   93.350   -54.864
   93.400   -54.834
   93.450   -54.804
   93.500   -54.775
   93.550   -54.745
   93.600   -54.715
   93.650   -54.686
   93.700   -54.656
   93.750   -54.627
   93.800   -54.598
   93.850   -54.569
   93.900   -54.540
   93.950   -74.000
   94.000   -74.000
   94.050   -74.000
   94.100   -74.000
   94.150   -74.000
   94.200   -74.000
   94.250   -74.000
   94.300   -74.000
   94.350   -74.000
   94.400   -74.000
   94.450   -74.000
   94.500   -74.000
   94.550   -74.000
   94.600   -74.000
   94.650   -74.000
   94.700   -74.000
   94.750   -74.000
   94.800   -74.000
   94.850   -74.000
   94.900   -74.000
   94.950   -74.000
   95.000   -74.000
   95.050   -74.000
   95.100   -74.000
   95.150   -74.000
   95.200   -74.000
   95.250   -74.000
   95.300   -74.000
   95.350   -74.000
   95.400   -74.000
   95.450   -74.000
   95.500   -74.000
   95.550   -74.000
   95.600   -74.000
   95.650   -74.000
   95.700   -74.000
   95.750   -74.000
   95.800   -74.000
   95.850   -74.000
   95.900   -74.000
   95.950   -74.000
   96.000   -74.000
   96.050   -74.000
   96.100   -74.000
   96.150   -74.000
   96.200   -74.000
   96.250   -74.000
   96.300   -74.000
   96.350   -74.000
   96.400   -74.000
   96.450   -74.000
   96.500   -74.000
   96.550   -74.000
   96.600   -74.000
   96.650   -74.000
   96.700   -74.000
   96.750   -74.000
   96.800   -74.000
   96.850   -74.000
   96.900   -74.000
   96.950   -73.904
   97.000   -73.809
   97.050   -73.714
   97.100   -73.619
   97.150   -73.524
   97.200   -73.430
   97.250   -73.336
   97.300   -73.243
   97.350   -73.149
   97.400   -73.056
   97.450   -72.964
   97.500   -72.872
   97.550   -72.780
   97.600   -72.688
   97.650   -72.597
   97.700   -72.506
   97.750   -72.415
   97.800   -72.325
   97.850   -72.235
   97.900   -72.145
   97.950   -72.055
   98.000   -71.966
   98.050   -71.877
   98.100   -71.789
   98.150   -71.701
   98.200   -71.613
   98.250   -71.525
   98.300   -71.438
   98.350   -71.351
   98.400   -71.264
   98.450   -71.178
   98.500   -71.092
   98.550   -71.006
   98.600   -70.920
   98.650   -70.835
   98.700   -70.750
   98.750   -70.665
   98.800   -70.581
   98.850   -70.497
   98.900   -70.413
   98.950   -70.330
   99.000   -70.247
   99.050   -70.164
   99.100   -70.081
   99.150   -69.999
   99.200   -69.917
   99.250   -69.835
   99.300   -69.753
   99.350   -69.672
   99.400   -69.591
   99.450   -69.510
   99.500   -69.430
   99.550   -69.350
   99.600   -69.270
   99.650   -69.191
   99.700   -69.111
   99.750   -69.032
   99.800   -68.954
   99.850   -68.875
   99.900   -68.797
   99.950   -68.719
  100.000   -68.641
  100.050   -68.632
  100.100   -68.622
  100.150   -68.613
  100.200   -68.603
  100.250   -68.593
  100.300   -68.584
  100.350   -68.575
  100.400   -68.565
  100.450   -68.556
  100.500   -68.547
  100.550   -68.537
  100.600   -68.528
  100.650   -68.519
  100.700   -68.510
  100.750   -68.500
  100.800   -68.491
  100.850   -68.482
  100.900   -68.473
  100.950   -68.464
  101.000   -68.455
  101.050   -68.446
  101.100   -68.437
  101.150   -68.428
  101.200   -68.419
  101.250   -68.410
  101.300   -68.402
  101.350   -68.393
  101.400   -68.384
  101.450   -68.375
  101.500   -68.367
  101.550   -68.358
  101.600   -68.349
  101.650   -68.341
  101.700   -68.332
  101.750   -68.323
  101.800   -68.315
  101.850   -68.306
  101.900   -68.298
  101.950   -68.289
  102.000   -68.281
  102.050   -68.273
  102.100   -68.264
  102.150   -68.256
  102.200   -68.248
  102.250   -68.239
  102.300   -68.231
  102.350   -68.223
  102.400   -68.215
  102.450   -68.207
  102.500   -68.198
  102.550   -68.190
  102.600   -68.182
  102.650   -68.174
  102.700   -68.166
  102.750   -68.158
  102.800   -68.150
  102.850   -68.142
  102.900   -68.134
  102.950   -68.127
  103.000   -68.119
  103.050   -68.111
  103.100   -68.103
  103.150   -68.095
  103.200   -68.088
  103.250   -68.080
  103.300   -68.072
  103.350   -68.064
  103.400   -68.057
  103.450   -68.049
  103.500   -68.042
  103.550   -68.034
  103.600   -68.027
  103.650   -68.019
  103.700   -68.012
  103.750   -68.004
  103.800   -67.997
  103.850   -67.989
  103.900   -67.982
  103.950   -67.975
  104.000   -67.967
  104.050   -67.960
  104.100   -67.953
  104.150   -67.945
  104.200   -67.938
  104.250   -67.931
  104.300   -67.924
  104.350   -67.917
  104.400   -67.909
  104.450   -67.902
  104.500   -67.895
  104.550   -67.888
  104.600   -67.881
  104.650   -67.874
  104.700   -67.867
  104.750   -67.860
  104.800   -67.853
  104.850   -67.846
  104.900   -67.839
  104.950   -67.833
  105.000   -67.826
  105.050   -67.819
  105.100   -67.812
  105.150   -67.805
  105.200   -67.799
  105.250   -67.792
  105.300   -67.785
  105.350   -67.778
  105.400   -67.772
  105.450   -67.765
  105.500   -67.759
  105.550   -67.752
  105.600   -67.745
  105.650   -67.739
  105.700   -67.732
  105.750   -67.726
  105.800   -67.719
  105.850   -67.713
  105.900   -67.707
  105.950   -67.700
  106.000   -67.694
  106.050   -67.687
  106.100   -67.681
  106.150   -67.675
  106.200   -67.668
  106.250   -67.662
  106.300   -67.656
  106.350   -67.650
  106.400   -67.643
  106.450   -67.637
  106.500   -67.631
  106.550   -67.625
  106.600   -67.619
  106.650   -67.613
  106.700   -67.607
  106.750   -67.600
  106.800   -67.594
  106.850   -67.588
  106.900   -67.582
  106.950   -67.576
  107.000   -67.570
  107.050   -67.565
  107.100   -67.559
  107.150   -67.553
  107.200   -67.547
  107.250   -67.541
  107.300   -67.535
  107.350   -67.529
  107.400   -67.524
  107.450   -67.518
  107.500   -67.512
  107.550   -67.506
  107.600   -67.501
  107.650   -67.495
  107.700   -67.489
  107.750   -67.483
  107.800   -67.478
  107.850   -67.472
  107.900   -67.467
  107.950   -67.461
  108.000   -67.455
  108.050   -67.450
  108.100   -67.444
  108.150   -67.439
  108.200   -67.433
  108.250   -67.428
  108.300   -67.422
  108.350   -67.417
  108.400   -67.412
  108.450   -67.406
  108.500   -67.401
  108.550   -67.395
  108.600   -67.390
  108.650   -67.385
  108.700   -67.380
  108.750   -67.374
  108.800   -67.369
  108.850   -67.364
  108.900   -67.359
  108.950   -67.353
  109.000   -67.348
  109.050   -67.343
  109.100   -67.338
  109.150   -67.333
  109.200   -67.328
  109.250   -67.322
  109.300   -67.317
  109.350   -67.312
  109.400   -67.307
  109.450   -67.302
  109.500   -67.297
  109.550   -67.292
  109.600   -67.287
  109.650   -67.282
  109.700   -67.277
  109.750   -67.272
  109.800   -67.267
  109.850   -67.262
  109.900   -67.258
  109.950   -67.253
  110.000   -67.248
  110.050   -67.243
  110.100   -67.238
  110.150   -67.233
  110.200   -67.229
  110.250   -67.224
  110.300   -67.219
  110.350   -67.214
  110.400   -67.210
  110.450   -67.205
  110.500   -67.200
  110.550   -67.196
  110.600   -67.191
  110.650   -67.186
  110.700   -67.182
  110.750   -67.177
  110.800   -67.173
  110.850   -67.168
  110.900   -67.163
  110.950   -67.159
  111.000   -67.154
  111.050   -67.150
  111.100   -67.145
  111.150   -67.141
  111.200   -67.136
  111.250   -67.132
  111.300   -67.128
  111.350   -67.123
  111.400   -67.119
  111.450   -67.114
  111.500   -67.110
  111.550   -67.106
  111.600   -67.101
  111.650   -67.097
  111.700   -67.093
  111.750   -67.088
  111.800   -67.084
  111.850   -67.080
  111.900   -67.075
  111.950   -67.071
  112.000   -67.067
  112.050   -67.063
  112.100   -67.059
  112.150   -67.054
  112.200   -67.050
  112.250   -67.046
  112.300   -67.042
  112.350   -67.038
  112.400   -67.034
  112.450   -67.030
  112.500   -67.026
  112.550   -67.022
  112.600   -67.017
  112.650   -67.013
  112.700   -67.009
  112.750   -67.005
  112.800   -67.001
  112.850   -66.997
  112.900   -66.993
  112.950   -66.989
  113.000   -66.986
  113.050   -66.982
  113.100   -66.978
  113.150   -66.974
  113.200   -66.970
  113.250   -66.966
  113.300   -66.962
  113.350   -66.958
  113.400   -66.954
  113.450   -66.951
  113.500   -66.947
  113.550   -66.943
  113.600   -66.939
  113.650   -66.935
  113.700   -66.932
  113.750   -66.928
  113.800   -66.924
  113.850   -66.921
  113.900   -66.917
  113.950   -66.913
  114.000   -66.909
  114.050   -66.906
  114.100   -66.902
  114.150   -66.899
  114.200   -66.895
  114.250   -66.891
  114.300   -66.888
  114.350   -66.884
  114.400   -66.880
  114.450   -66.877
  114.500   -66.873
  114.550   -66.870
  114.600   -66.866
  114.650   -66.863
  114.700   -66.859
  114.750   -66.856
  114.800   -66.852
  114.850   -66.849
  114.900   -66.845
  114.950   -66.842
  115.000   -66.838
  115.050   -66.835
  115.100   -66.832
  115.150   -66.828
  115.200   -66.825
  115.250   -66.821
  115.300   -66.818
  115.350   -66.815
  115.400   -66.811
  115.450   -66.808
  115.500   -66.805
  115.550   -66.801
  115.600   -66.798
  115.650   -66.795
  115.700   -66.792
  115.750   -66.788
  115.800   -66.785
  115.850   -66.782
  115.900   -66.779
  115.950   -66.775
  116.000   -66.772
  116.050   -66.769
  116.100   -66.766
  116.150   -66.763
  116.200   -66.759
  116.250   -66.756
  116.300   -66.753
  116.350   -66.750
  116.400   -66.747
  116.450   -66.744
  116.500   -66.741
  116.550   -66.738
  116.600   -66.735
  116.650   -66.731
  116.700   -66.728
  116.750   -66.725
  116.800   -66.722
  116.850   -66.719
  116.900   -66.716
  116.950   -66.713
  117.000   -66.710
  117.050   -66.707
  117.100   -66.704
  117.150   -66.701
  117.200   -66.698
  117.250   -66.696
  117.300   -66.693
  117.350   -66.690
  117.400   -66.687
  117.450   -66.684
  117.500   -66.681
  117.550   -66.678
  117.600   -66.675
  117.650   -66.672
  117.700   -66.669
  117.750   -66.667
  117.800   -66.664
  117.850   -66.661
  117.900   -66.658
  117.950   -66.655
  118.000   -66.653
  118.050   -66.650
  118.100   -66.647
  118.150   -66.644
  118.200   -66.642
  118.250   -66.639
  118.300   -66.636
  118.350   -66.633
  118.400   -66.631
  118.450   -66.628
  118.500   -66.625
  118.550   -66.622
  118.600   -66.620
  118.650   -66.617
  118.700   -66.614
  118.750   -66.612
  118.800   -66.609
  118.850   -66.607
  118.900   -66.604
  118.950   -66.601
  119.000   -66.599
  119.050   -66.596
  119.100   -66.593
  119.150   -66.591
  119.200   -66.588
  119.250   -66.586
  119.300   -66.583
  119.350   -66.581
  119.400   -66.578
  119.450   -66.576
  119.500   -66.573
  119.550   -66.571
  119.600   -66.568
  119.650   -66.566
  119.700   -66.563
  119.750   -66.561
  119.800   -66.558
  119.850   -66.556
  119.900   -66.553
  119.950   -66.551
