    0.050   -65.565
    0.100   -65.430
    0.150   -65.296
    0.200   -65.163
    0.250   -65.029
    0.300   -64.897
    0.350   -64.764
    0.400   -64.633
    0.450   -64.501
    0.500   -64.370
    0.550   -64.240
    0.600   -64.110
    0.650   -63.980
    0.700   -63.851
    0.750   -63.722
    0.800   -63.594
    0.850   -63.466
    0.900   -63.339
    0.950   -63.212
    1.000   -63.086
    1.050   -62.960
    1.100   -62.834
    1.150   -62.709
    1.200   -62.584
    1.250   -62.460
    1.300   -62.336
    1.350   -62.212
    1.400   -62.089
    1.450   -61.967
    1.500   -61.844
    1.550   -61.723
    1.600   -61.601
    1.650   -61.480
    1.700   -61.360
    1.750   -61.240
    1.800   -61.120
    1.850   -61.001
    1.900   -60.882
    1.950   -60.763
    2.000   -60.645
    2.050   -60.528
    2.100   -60.410
    2.150   -60.293
    2.200   -60.177
    2.250   -60.061
    2.300   -59.945
    2.350   -59.830
    2.400   -59.715
    2.450   -59.601
    2.500   -59.487
    2.550   -59.373
    2.600   -59.260
    2.650   -59.147
    2.700   -59.034
    2.750   -58.922
    2.800   -58.810
    2.850   -58.699
    2.900   -58.588
    2.950   -58.478
    3.000   -58.367
    3.050   -58.258
    3.100   -58.148
    3.150   -58.039
    3.200   -57.930
    3.250   -57.822
    3.300   -57.714
    3.350   -57.607
    3.400   -57.499
    3.450   -57.392
    3.500   -57.286
    3.550   -57.180
    3.600   -57.074
    3.650   -56.969
    3.700   -56.864
    3.750   -56.759
    3.800   -56.655
    3.850   -56.551
    3.900   -56.447
    3.950   -56.344
    4.000   -56.241
    4.050   -56.139
    4.100   -56.037
    4.150   -55.935
    4.200   -55.833
    4.250   -55.732
    4.300   -55.631
    4.350   -55.531
    4.400   -55.431
    4.450   -55.331
    4.500   -55.232
    4.550   -55.133
    4.600   -55.034
    4.650   -54.936
    4.700   -54.838
    4.750   -54.740
    4.800   -54.643
    4.850   -54.546
    4.900   -54.449
    4.950   -54.353
    5.000   -54.257
    5.050   -54.161
    5.100   -54.066
    5.150   -53.971
    5.200   -53.876
    5.250   -53.782
    5.300   -53.687
    5.350   -53.594
    5.400   -53.500
    5.450   -53.407
    5.500   -53.315
    5.550   -53.222
    5.600   -53.130
    5.650   -53.038
    5.700   -52.947
    5.750   -52.855
    5.800   -52.765
    5.850   -52.674
    5.900   -52.584
    5.950   -52.494
    6.000   -52.404
    6.050   -52.315
    6.100   -52.226
    6.150   -52.137
    6.200   -52.049
    6.250   -51.961
    6.300   -74.000
    6.350   -74.000
    6.400   -74.000
    6.450   -74.000
    6.500   -74.000
    6.550   -74.000
    6.600   -74.000
    6.650   -74.000
    6.700   -74.000
    6.750   -74.000
    6.800   -74.000
    6.850   -74.000
    6.900   -74.000
    6.950   -74.000
    7.000   -74.000
    7.050   -74.000
    7.100   -74.000
    7.150   -74.000
    7.200   -74.000
    7.250   -74.000
    7.300   -74.000
    7.350   -74.000
    7.400   -74.000
    7.450   -74.000
    7.500   -74.000
    7.550   -74.000
    7.600   -74.000
    7.650   -74.000
    7.700   -74.000
    7.750   -74.000
    7.800   -74.000
    7.850   -74.000
    7.900   -74.000
    7.950   -74.000
    8.000   -74.000
    8.050   -74.000
    8.100   -74.000
    8.150   -74.000
    8.200   -74.000
    8.250   -74.000
    8.300   -74.000
    8.350   -74.000
    8.400   -74.000
    8.450   -74.000
    8.500   -74.000
    8.550   -74.000
    8.600   -74.000
    8.650   -74.000
    8.700   -74.000
    8.750   -74.000
    8.800   -74.000
    8.850   -74.000
    8.900   -74.000
    8.950   -74.000
    9.000   -74.000
    9.050   -74.000
    9.100   -74.000
    9.150   -74.000
    9.200   -74.000
    9.250   -74.000
    9.300   -73.836
    9.350   -73.673
    9.400   -73.511
    9.450   -73.349
    9.500   -73.188
    9.550   -73.027
    9.600   -72.867
    9.650   -72.707
    9.700   -72.548
    9.750   -72.389
    9.800   -72.231
    9.850   -72.074
    9.900   -71.917
    9.950   -71.760
   10.000   -71.604
   10.050   -71.449
   10.100   -71.294
   10.150   -71.140
   10.200   -70.986
   10.250   -70.833
   10.300   -70.680
   10.350   -70.528
   10.400   -70.376
   10.450   -70.225
   10.500   -70.075
   10.550   -69.924
   10.600   -69.775
   10.650   -69.626
   10.700   -69.477
   10.750   -69.329
   10.800   -69.182
   10.850   -69.035
   10.900   -68.888
   10.950   -68.742
   11.000   -68.597
   11.050   -68.452
   11.100   -68.307
   11.150   -68.163
   11.200   -68.020
   11.250   -67.877
   11.300   -67.734
   11.350   -67.592
   11.400   -67.450
   11.450   -67.309
   11.500   -67.169
   11.550   -67.029
   11.600   -66.889
   11.650   -66.750
   11.700   -66.611
   11.750   -66.473
   11.800   -66.335
   11.850   -66.198
   11.900   -66.061
   11.950   -65.925
   12.000   -65.789
   12.050   -65.654
   12.100   -65.519
   12.150   -65.385
   12.200   -65.251
   12.250   -65.117
   12.300   -64.984
   12.350   -64.852
   12.400   -64.719
   12.450   -64.588
   12.500   -64.457
   12.550   -64.326
   12.600   -64.195
   12.650   -64.066
   12.700   -63.936
   12.750   -63.807
   12.800   -63.679
   12.850   -63.551
   12.900   -63.423
   12.950   -63.296
   13.000   -63.169
   13.050   -63.043
   13.100   -62.917
   13.150   -62.791
   13.200   -62.666
   13.250   -62.542
   13.300   -62.417
   13.350   -62.294
   13.400   -62.170
   13.450   -62.047
   13.500   -61.925
   13.550   -61.803
   13.600   -61.681
   13.650   -61.560
   13.700   -61.439
   13.750   -61.319
   13.800   -61.199
   13.850   -61.079
   13.900   -60.960
   13.950   -60.841
   14.000   -60.723
   14.050   -60.605
   14.100   -60.488
   14.150   -60.370
   14.200   -60.254
   14.250   -60.137
   14.300   -60.022
   14.350   -59.906
   14.400   -59.791
   14.450   -59.676
   14.500   -59.562
   14.550   -59.448
   14.600   -59.334
   14.650   -59.221
   14.700   -59.108
   14.750   -58.996
   14.800   -58.884
   14.850   -58.773
   14.900   -58.661
   14.950   -58.550
   15.000   -58.440
   15.050   -58.330
   15.100   -58.220
   15.150   -58.111
   15.200   -58.002
   15.250   -57.893
   15.300   -57.785
   15.350   -57.677
   15.400   -57.570
   15.450   -57.463
   15.500   -57.356
   15.550   -57.250
   15.600   -57.144
   15.650   -57.038
   15.700   -56.933
   15.750   -56.828
   15.800   -56.724
   15.850   -56.619
   15.900   -56.516
   15.950   -56.412
   16.000   -56.309
   16.050   -56.206
   16.100   -56.104
   16.150   -56.002
   16.200   -55.900
   16.250   -55.799
   16.300   -55.698
   16.350   -55.597
   16.400   -55.497
   16.450   -55.397
   16.500   -55.297
   16.550   -55.198
   16.600   -55.099
   16.650   -55.001
   16.700   -54.902
   16.750   -54.804
   16.800   -54.707
   16.850   -54.610
   16.900   -54.513
   16.950   -54.416
   17.000   -54.320
   17.050   -54.224
   17.100   -54.128
   17.150   -54.033
   17.200   -53.938
   17.250   -53.844
   17.300   -53.749
   17.350   -53.656
   17.400   -53.562
   17.450   -53.469
   17.500   -53.376
   17.550   -53.283
   17.600   -53.191
   17.650   -53.099
   17.700   -53.007
   17.750   -52.916
   17.800   -52.825
   17.850   -52.734
   17.900   -52.643
   17.950   -52.553
   18.000   -52.463
   18.050   -52.374
   18.100   -52.285
   18.150   -52.196
   18.200   -52.107
   18.250   -52.019
   18.300   -74.000
   18.350   -74.000
   18.400   -74.000
   18.450   -74.000
   18.500   -74.000
   18.550   -74.000
   18.600   -74.000
   18.650   -74.000
   18.700   -74.000
   18.750   -74.000
   18.800   -74.000
   18.850   -74.000
   18.900   -74.000
   18.950   -74.000
   19.000   -74.000
   19.050   -74.000
   19.100   -74.000
   19.150   -74.000
   19.200   -74.000
   19.250   -74.000
   19.300   -74.000
   19.350   -74.000
   19.400   -74.000
   19.450   -74.000
   19.500   -74.000
   19.550   -74.000
   19.600   -74.000
   19.650   -74.000
   19.700   -74.000
   19.750   -74.000
   19.800   -74.000
   19.850   -74.000
   19.900   -74.000
   19.950   -74.000
   20.000   -74.000
   20.050   -74.000
   20.100   -74.000
   20.150   -74.000
   20.200   -74.000
   20.250   -74.000
   20.300   -74.000
   20.350   -74.000
   20.400   -74.000
   20.450   -74.000
   20.500   -74.000
   20.550   -74.000
   20.600   -74.000
   20.650   -74.000
   20.700   -74.000
   20.750   -74.000
   20.800   -74.000
   20.850   -74.000
   20.900   -74.000
   20.950   -74.000
   21.000   -74.000
   21.050   -74.000
   21.100   -74.000
   21.150   -74.000
   21.200   -74.000
   21.250   -74.000
   21.300   -74.000
   21.350   -73.836
   21.400   -73.673
   21.450   -73.511
   21.500   -73.349
   21.550   -73.188
   21.600   -73.027
   21.650   -72.867
   21.700   -72.707
   21.750   -72.548
   21.800   -72.389
   21.850   -72.231
   21.900   -72.074
   21.950   -71.917
   22.000   -71.760
   22.050   -71.604
   22.100   -71.449
   22.150   -71.294
   22.200   -71.140
   22.250   -70.986
   22.300   -70.833
   22.350   -70.680
   22.400   -70.528
   22.450   -70.376
   22.500   -70.225
   22.550   -70.075
   22.600   -69.924
   22.650   -69.775
   22.700   -69.626
   22.750   -69.477
   22.800   -69.329
   22.850   -69.182
   22.900   -69.035
   22.950   -68.888
   23.000   -68.742
   23.050   -68.597
   23.100   -68.452
   23.150   -68.307
   23.200   -68.163
   23.250   -68.020
   23.300   -67.877
   23.350   -67.734
   23.400   -67.592
   23.450   -67.450
   23.500   -67.309
   23.550   -67.169
   23.600   -67.029
   23.650   -66.889
   23.700   -66.750
   23.750   -66.611
   23.800   -66.473
   23.850   -66.335
   23.900   -66.198
   23.950   -66.061
   24.000   -65.925
   24.050   -65.789
   24.100   -65.654
   24.150   -65.519
   24.200   -65.385
   24.250   -65.251
   24.300   -65.117
   24.350   -64.984
   24.400   -64.852
   24.450   -64.719
   24.500   -64.588
   24.550   -64.457
   24.600   -64.326
   24.650   -64.195
   24.700   -64.066
   24.750   -63.936
   24.800   -63.807
   24.850   -63.679
   24.900   -63.551
   24.950   -63.423
   25.000   -63.296
   25.050   -63.169
   25.100   -63.043
   25.150   -62.917
   25.200   -62.791
   25.250   -62.666
   25.300   -62.542
   25.350   -62.417
   25.400   -62.294
   25.450   -62.170
   25.500   -62.047
   25.550   -61.925
   25.600   -61.803
   25.650   -61.681
   25.700   -61.560
   25.750   -61.439
   25.800   -61.319
   25.850   -61.199
   25.900   -61.079
   25.950   -60.960
   26.000   -60.841
   26.050   -60.723
   26.100   -60.605
   26.150   -60.488
   26.200   -60.370
   26.250   -60.254
   26.300   -60.137
   26.350   -60.022
   26.400   -59.906
   26.450   -59.791
   26.500   -59.676
   26.550   -59.562
   26.600   -59.448
   26.650   -59.334
   26.700   -59.221
   26.750   -59.108
   26.800   -58.996
   26.850   -58.884
   26.900   -58.773
   26.950   -58.661
   27.000   -58.550
   27.050   -58.440
   27.100   -58.330
   27.150   -58.220
   27.200   -58.111
   27.250   -58.002
   27.300   -57.893
   27.350   -57.785
   27.400   -57.677
   27.450   -57.570
   27.500   -57.463
   27.550   -57.356
   27.600   -57.250
   27.650   -57.144
   27.700   -57.038
   27.750   -56.933
   27.800   -56.828
   27.850   -56.724
   27.900   -56.619
   27.950   -56.516
   28.000   -56.412
   28.050   -56.309
   28.100   -56.206
   28.150   -56.104
   28.200   -56.002
   28.250   -55.900
   28.300   -55.799
   28.350   -55.698
   28.400   -55.597
   28.450   -55.497
   28.500   -55.397
   28.550   -55.297
   28.600   -55.198
   28.650   -55.099
   28.700   -55.001
   28.750   -54.902
   28.800   -54.804
   28.850   -54.707
   28.900   -54.610
   28.950   -54.513
   29.000   -54.416
   29.050   -54.320
   29.100   -54.224
   29.150   -54.128
   29.200   -54.033
   29.250   -53.938
   29.300   -53.844
   29.350   -53.749
   29.400   -53.656
   29.450   -53.562
   29.500   -53.469
   29.550   -53.376
   29.600   -53.283
   29.650   -53.191
   29.700   -53.099
   29.750   -53.007
   29.800   -52.916
   29.850   -52.825
   29.900   -52.734
   29.950   -52.643
   30.000   -52.553
   30.050   -52.463
   30.100   -52.374
   30.150   -52.285
   30.200   -52.196
   30.250   -52.107
   30.300   -52.019
   30.350   -74.000
   30.400   -74.000
   30.450   -74.000
   30.500   -74.000
   30.550   -74.000
   30.600   -74.000
   30.650   -74.000
   30.700   -74.000
   30.750   -74.000
   30.800   -74.000
   30.850   -74.000
   30.900   -74.000
   30.950   -74.000
   31.000   -74.000
   31.050   -74.000
   31.100   -74.000
   31.150   -74.000
   31.200   -74.000
   31.250   -74.000
   31.300   -74.000
   31.350   -74.000
   31.400   -74.000
   31.450   -74.000
   31.500   -74.000
   31.550   -74.000
   31.600   -74.000
   31.650   -74.000
   31.700   -74.000
   31.750   -74.000
   31.800   -74.000
   31.850   -74.000
   31.900   -74.000
   31.950   -74.000
   32.000   -74.000
   32.050   -74.000
   32.100   -74.000
   32.150   -74.000
   32.200   -74.000
   32.250   -74.000
   32.300   -74.000
   32.350   -74.000
   32.400   -74.000
   32.450   -74.000
   32.500   -74.000
   32.550   -74.000
   32.600   -74.000
   32.650   -74.000
   32.700   -74.000
   32.750   -74.000
   32.800   -74.000
   32.850   -74.000
   32.900   -74.000
   32.950   -74.000
   33.000   -74.000
   33.050   -74.000
   33.100   -74.000
   33.150   -74.000
   33.200   -74.000
   33.250   -74.000
   33.300   -74.000
   33.350   -73.836
   33.400   -73.673
   33.450   -73.511
   33.500   -73.349
   33.550   -73.188
   33.600   -73.027
   33.650   -72.867
   33.700   -72.707
   33.750   -72.548
   33.800   -72.389
   33.850   -72.231
   33.900   -72.074
   33.950   -71.917
   34.000   -71.760
   34.050   -71.604
   34.100   -71.449
   34.150   -71.294
   34.200   -71.140
   34.250   -70.986
   34.300   -70.833
   34.350   -70.680
   34.400   -70.528
   34.450   -70.376
   34.500   -70.225
   34.550   -70.075
   34.600   -69.924
   34.650   -69.775
   34.700   -69.626
   34.750   -69.477
   34.800   -69.329
   34.850   -69.182
   34.900   -69.035
   34.950   -68.888
   35.000   -68.742
   35.050   -68.597
   35.100   -68.452
   35.150   -68.307
   35.200   -68.163
   35.250   -68.020
   35.300   -67.877
   35.350   -67.734
   35.400   -67.592
   35.450   -67.450
   35.500   -67.309
   35.550   -67.169
   35.600   -67.029
   35.650   -66.889
   35.700   -66.750
   35.750   -66.611
   35.800   -66.473
   35.850   -66.335
   35.900   -66.198
   35.950   -66.061
   36.000   -65.925
   36.050   -65.789
   36.100   -65.654
   36.150   -65.519
   36.200   -65.385
   36.250   -65.251
   36.300   -65.117
   36.350   -64.984
   36.400   -64.852
   36.450   -64.719
   36.500   -64.588
   36.550   -64.457
   36.600   -64.326
   36.650   -64.195
   36.700   -64.066
   36.750   -63.936
   36.800   -63.807
   36.850   -63.679
   36.900   -63.551
   36.950   -63.423
   37.000   -63.296
   37.050   -63.169
   37.100   -63.043
   37.150   -62.917
   37.200   -62.791
   37.250   -62.666
   37.300   -62.542
   37.350   -62.417
   37.400   -62.294
   37.450   -62.170
   37.500   -62.047
   37.550   -61.925
   37.600   -61.803
   37.650   -61.681
   37.700   -61.560
   37.750   -61.439
   37.800   -61.319
   37.850   -61.199
   37.900   -61.079
   37.950   -60.960
   38.000   -60.841
   38.050   -60.723
   38.100   -60.605
   38.150   -60.488
   38.200   -60.370
   38.250   -60.254
   38.300   -60.137
   38.350   -60.022
   38.400   -59.906
   38.450   -59.791
   38.500   -59.676
   38.550   -59.562
   38.600   -59.448
   38.650   -59.334
   38.700   -59.221
   38.750   -59.108
   38.800   -58.996
   38.850   -58.884
   38.900   -58.773
   38.950   -58.661
   39.000   -58.550
   39.050   -58.440
   39.100   -58.330
   39.150   -58.220
   39.200   -58.111
   39.250   -58.002
   39.300   -57.893
   39.350   -57.785
   39.400   -57.677
   39.450   -57.570
   39.500   -57.463
   39.550   -57.356
   39.600   -57.250
   39.650   -57.144
   39.700   -57.038
   39.750   -56.933
   39.800   -56.828
   39.850   -56.724
   39.900   -56.619
   39.950   -56.516
   40.000   -56.412
   40.050   -56.309
   40.100   -56.206
   40.150   -56.104
   40.200   -56.002
   40.250   -55.900
   40.300   -55.799
   40.350   -55.698
   40.400   -55.597
   40.450   -55.497
   40.500   -55.397
   40.550   -55.297
   40.600   -55.198
   40.650   -55.099
   40.700   -55.001
   40.750   -54.902
   40.800   -54.804
   40.850   -54.707
   40.900   -54.610
   40.950   -54.513
   41.000   -54.416
   41.050   -54.320
   41.100   -54.224
   41.150   -54.128
   41.200   -54.033
   41.250   -53.938
   41.300   -53.844
   41.350   -53.749
   41.400   -53.656
   41.450   -53.562
   41.500   -53.469
   41.550   -53.376
   41.600   -53.283
   41.650   -53.191
   41.700   -53.099
   41.750   -53.007
   41.800   -52.916
   41.850   -52.825
   41.900   -52.734
   41.950   -52.643
   42.000   -52.553
   42.050   -52.463
   42.100   -52.374
   42.150   -52.285
   42.200   -52.196
   42.250   -52.107
   42.300   -52.019
   42.350   -74.000
   42.400   -74.000
   42.450   -74.000
   42.500   -74.000
   42.550   -74.000
   42.600   -74.000
   42.650   -74.000
   42.700   -74.000
   42.750   -74.000
   42.800   -74.000
   42.850   -74.000
   42.900   -74.000
   42.950   -74.000
   43.000   -74.000
   43.050   -74.000
   43.100   -74.000
   43.150   -74.000
   43.200   -74.000
   43.250   -74.000
   43.300   -74.000
   43.350   -74.000
   43.400   -74.000
   43.450   -74.000
   43.500   -74.000
   43.550   -74.000
   43.600   -74.000
   43.650   -74.000
   43.700   -74.000
   43.750   -74.000
   43.800   -74.000
   43.850   -74.000
   43.900   -74.000
   43.950   -74.000
   44.000   -74.000
   44.050   -74.000
   44.100   -74.000
   44.150   -74.000
   44.200   -74.000
   44.250   -74.000
   44.300   -74.000
   44.350   -74.000
   44.400   -74.000
   44.450   -74.000
   44.500   -74.000
   44.550   -74.000
   44.600   -74.000
   44.650   -74.000
   44.700   -74.000
   44.750   -74.000
   44.800   -74.000
   44.850   -74.000
   44.900   -74.000
   44.950   -74.000
   45.000   -74.000
   45.050   -74.000
   45.100   -74.000
   45.150   -74.000
   45.200   -74.000
   45.250   -74.000
   45.300   -74.000
   45.350   -73.836
   45.400   -73.673
   45.450   -73.511
   45.500   -73.349
   45.550   -73.188
   45.600   -73.027
   45.650   -72.867
   45.700   -72.707
   45.750   -72.548
   45.800   -72.389
   45.850   -72.231
   45.900   -72.074
   45.950   -71.917
   46.000   -71.760
   46.050   -71.604
   46.100   -71.449
   46.150   -71.294
   46.200   -71.140
   46.250   -70.986
   46.300   -70.833
   46.350   -70.680
   46.400   -70.528
   46.450   -70.376
   46.500   -70.225
   46.550   -70.075
   46.600   -69.924
   46.650   -69.775
   46.700   -69.626
   46.750   -69.477
   46.800   -69.329
   46.850   -69.182
   46.900   -69.035
   46.950   -68.888
   47.000   -68.742
   47.050   -68.597
   47.100   -68.452
   47.150   -68.307
   47.200   -68.163
   47.250   -68.020
   47.300   -67.877
   47.350   -67.734
   47.400   -67.592
   47.450   -67.450
   47.500   -67.309
   47.550   -67.169
   47.600   -67.029
   47.650   -66.889
   47.700   -66.750
   47.750   -66.611
   47.800   -66.473
   47.850   -66.335
   47.900   -66.198
   47.950   -66.061
   48.000   -65.925
   48.050   -65.789
   48.100   -65.654
   48.150   -65.519
   48.200   -65.385
   48.250   -65.251
   48.300   -65.117
   48.350   -64.984
   48.400   -64.852
   48.450   -64.719
   48.500   -64.588
   48.550   -64.457
   48.600   -64.326
   48.650   -64.195
   48.700   -64.066
   48.750   -63.936
   48.800   -63.807
   48.850   -63.679
   48.900   -63.551
   48.950   -63.423
   49.000   -63.296
   49.050   -63.169
   49.100   -63.043
   49.150   -62.917
   49.200   -62.791
   49.250   -62.666
   49.300   -62.542
   49.350   -62.417
   49.400   -62.294
   49.450   -62.170
   49.500   -62.047
   49.550   -61.925
   49.600   -61.803
   49.650   -61.681
   49.700   -61.560
   49.750   -61.439
   49.800   -61.319
   49.850   -61.199
   49.900   -61.079
   49.950   -60.960
   50.000   -60.841
   50.050   -60.723
   50.100   -60.605
   50.150   -60.488
   50.200   -60.370
   50.250   -60.254
   50.300   -60.137
   50.350   -60.022
   50.400   -59.906
   50.450   -59.791
   50.500   -59.676
   50.550   -59.562
   50.600   -59.448
   50.650   -59.334
   50.700   -59.221
   50.750   -59.108
   50.800   -58.996
   50.850   -58.884
   50.900   -58.773
   50.950   -58.661
   51.000   -58.550
   51.050   -58.440
   51.100   -58.330
   51.150   -58.220
   51.200   -58.111
   51.250   -58.002
   51.300   -57.893
   51.350   -57.785
   51.400   -57.677
   51.450   -57.570
   51.500   -57.463
   51.550   -57.356
   51.600   -57.250
   51.650   -57.144
   51.700   -57.038
   51.750   -56.933
   51.800   -56.828
   51.850   -56.724
   51.900   -56.619
   51.950   -56.516
   52.000   -56.412
   52.050   -56.309
   52.100   -56.206
   52.150   -56.104
   52.200   -56.002
   52.250   -55.900
   52.300   -55.799
   52.350   -55.698
   52.400   -55.597
   52.450   -55.497
   52.500   -55.397
   52.550   -55.297
   52.600   -55.198
   52.650   -55.099
   52.700   -55.001
   52.750   -54.902
   52.800   -54.804
   52.850   -54.707
   52.900   -54.610
   52.950   -54.513
   53.000   -54.416
   53.050   -54.320
   53.100   -54.224
   53.150   -54.128
   53.200   -54.033
   53.250   -53.938
   53.300   -53.844
   53.350   -53.749
   53.400   -53.656
   53.450   -53.562
   53.500   -53.469
   53.550   -53.376
   53.600   -53.283
   53.650   -53.191
   53.700   -53.099
   53.750   -53.007
   53.800   -52.916
   53.850   -52.825
   53.900   -52.734
   53.950   -52.643
   54.000   -52.553
   54.050   -52.463
   54.100   -52.374
   54.150   -52.285
   54.200   -52.196
   54.250   -52.107
   54.300   -52.019
   54.350   -74.000
   54.400   -74.000
   54.450   -74.000
   54.500   -74.000
   54.550   -74.000
   54.600   -74.000
   54.650   -74.000
   54.700   -74.000
   54.750   -74.000
   54.800   -74.000
   54.850   -74.000
   54.900   -74.000
   54.950   -74.000
   55.000   -74.000
   55.050   -74.000
   55.100   -74.000
   55.150   -74.000
   55.200   -74.000
   55.250   -74.000
   55.300   -74.000
   55.350   -74.000
   55.400   -74.000
   55.450   -74.000
   55.500   -74.000
   55.550   -74.000
   55.600   -74.000
   55.650   -74.000
   55.700   -74.000
   55.750   -74.000
   55.800   -74.000
   55.850   -74.000
   55.900   -74.000
   55.950   -74.000
   56.000   -74.000
   56.050   -74.000
   56.100   -74.000
   56.150   -74.000
   56.200   -74.000
   56.250   -74.000
   56.300   -74.000
   56.350   -74.000
   56.400   -74.000
   56.450   -74.000
   56.500   -74.000
   56.550   -74.000
   56.600   -74.000
   56.650   -74.000
   56.700   -74.000
   56.750   -74.000
   56.800   -74.000
   56.850   -74.000
   56.900   -74.000
   56.950   -74.000
   57.000   -74.000
   57.050   -74.000
   57.100   -74.000
   57.150   -74.000
   57.200   -74.000
   57.250   -74.000
   57.300   -74.000
   57.350   -73.836
   57.400   -73.673
   57.450   -73.511
   57.500   -73.349
   57.550   -73.188
   57.600   -73.027
   57.650   -72.867
   57.700   -72.707
   57.750   -72.548
   57.800   -72.389
   57.850   -72.231
   57.900   -72.074
   57.950   -71.917
   58.000   -71.760
   58.050   -71.604
   58.100   -71.449
   58.150   -71.294
   58.200   -71.140
   58.250   -70.986
   58.300   -70.833
   58.350   -70.680
   58.400   -70.528
   58.450   -70.376
   58.500   -70.225
   58.550   -70.075
   58.600   -69.924
   58.650   -69.775
   58.700   -69.626
   58.750   -69.477
   58.800   -69.329
   58.850   -69.182
   58.900   -69.035
   58.950   -68.888
   59.000   -68.742
   59.050   -68.597
   59.100   -68.452
   59.150   -68.307
   59.200   -68.163
   59.250   -68.020
   59.300   -67.877
   59.350   -67.734
   59.400   -67.592
   59.450   -67.450
   59.500   -67.309
   59.550   -67.169
   59.600   -67.029
   59.650   -66.889
   59.700   -66.750
   59.750   -66.611
   59.800   -66.473
   59.850   -66.335
   59.900   -66.198
   59.950   -66.061
   60.000   -65.925
   60.050   -65.789
   60.100   -65.654
   60.150   -65.519
   60.200   -65.385
   60.250   -65.251
   60.300   -65.117
   60.350   -64.984
   60.400   -64.852
   60.450   -64.719
   60.500   -64.588
   60.550   -64.457
   60.600   -64.326
   60.650   -64.195
   60.700   -64.066
   60.750   -63.936
   60.800   -63.807
   60.850   -63.679
   60.900   -63.551
   60.950   -63.423
   61.000   -63.296
   61.050   -63.169
   61.100   -63.043
   61.150   -62.917
   61.200   -62.791
   61.250   -62.666
   61.300   -62.542
   61.350   -62.417
   61.400   -62.294
   61.450   -62.170
   61.500   -62.047
   61.550   -61.925
   61.600   -61.803
   61.650   -61.681
   61.700   -61.560
   61.750   -61.439
   61.800   -61.319
   61.850   -61.199
   61.900   -61.079
   61.950   -60.960
   62.000   -60.841
   62.050   -60.723
   62.100   -60.605
   62.150   -60.488
   62.200   -60.370
   62.250   -60.254
   62.300   -60.137
   62.350   -60.022
   62.400   -59.906
   62.450   -59.791
   62.500   -59.676
   62.550   -59.562
   62.600   -59.448
   62.650   -59.334
   62.700   -59.221
   62.750   -59.108
   62.800   -58.996
   62.850   -58.884
   62.900   -58.773
   62.950   -58.661
   63.000   -58.550
   63.050   -58.440
   63.100   -58.330
   63.150   -58.220
   63.200   -58.111
   63.250   -58.002
   63.300   -57.893
   63.350   -57.785
   63.400   -57.677
   63.450   -57.570
   63.500   -57.463
   63.550   -57.356
   63.600   -57.250
   63.650   -57.144
   63.700   -57.038
   63.750   -56.933
   63.800   -56.828
   63.850   -56.724
   63.900   -56.619
   63.950   -56.516
   64.000   -56.412
   64.050   -56.309
   64.100   -56.206
   64.150   -56.104
   64.200   -56.002
   64.250   -55.900
   64.300   -55.799
   64.350   -55.698
   64.400   -55.597
   64.450   -55.497
   64.500   -55.397
   64.550   -55.297
   64.600   -55.198
   64.650   -55.099
   64.700   -55.001
   64.750   -54.902
   64.800   -54.804
   64.850   -54.707
   64.900   -54.610
   64.950   -54.513
   65.000   -54.416
   65.050   -54.320
   65.100   -54.224
   65.150   -54.128
   65.200   -54.033
   65.250   -53.938
   65.300   -53.844
   65.350   -53.749
   65.400   -53.656
   65.450   -53.562
   65.500   -53.469
   65.550   -53.376
   65.600   -53.283
   65.650   -53.191
   65.700   -53.099
   65.750   -53.007
   65.800   -52.916
   65.850   -52.825
   65.900   -52.734
   65.950   -52.643
   66.000   -52.553
   66.050   -52.463
   66.100   -52.374
   66.150   -52.285
   66.200   -52.196
   66.250   -52.107
   66.300   -52.019
   66.350   -74.000
   66.400   -74.000
   66.450   -74.000
   66.500   -74.000
   66.550   -74.000
   66.600   -74.000
   66.650   -74.000
   66.700   -74.000
   66.750   -74.000
   66.800   -74.000
   66.850   -74.000
   66.900   -74.000
   66.950   -74.000
   67.000   -74.000
   67.050   -74.000
   67.100   -74.000
   67.150   -74.000
   67.200   -74.000
   67.250   -74.000
   67.300   -74.000
   67.350   -74.000
   67.400   -74.000
   67.450   -74.000
   67.500   -74.000
   67.550   -74.000
   67.600   -74.000
   67.650   -74.000
   67.700   -74.000
   67.750   -74.000
   67.800   -74.000
   67.850   -74.000
   67.900   -74.000
   67.950   -74.000
   68.000   -74.000
   68.050   -74.000
   68.100   -74.000
   68.150   -74.000
   68.200   -74.000
   68.250   -74.000
   68.300   -74.000
   68.350   -74.000
   68.400   -74.000
   68.450   -74.000
   68.500   -74.000
   68.550   -74.000
   68.600   -74.000
   68.650   -74.000
   68.700   -74.000
   68.750   -74.000
   68.800   -74.000
   68.850   -74.000
   68.900   -74.000
   68.950   -74.000
   69.000   -74.000
   69.050   -74.000
   69.100   -74.000
   69.150   -74.000
   69.200   -74.000
   69.250   -74.000
   69.300   -74.000
   69.350   -73.836
   69.400   -73.673
   69.450   -73.511
   69.500   -73.349
   69.550   -73.188
   69.600   -73.027
   69.650   -72.867
   69.700   -72.707
   69.750   -72.548
   69.800   -72.389
   69.850   -72.231
   69.900   -72.074
   69.950   -71.917
   70.000   -71.760
   70.050   -71.604
   70.100   -71.449
   70.150   -71.294
   70.200   -71.140
   70.250   -70.986
   70.300   -70.833
   70.350   -70.680
   70.400   -70.528
   70.450   -70.376
   70.500   -70.225
   70.550   -70.075
   70.600   -69.924
   70.650   -69.775
   70.700   -69.626
   70.750   -69.477
   70.800   -69.329
   70.850   -69.182
   70.900   -69.035
   70.950   -68.888
   71.000   -68.742
   71.050   -68.597
   71.100   -68.452
   71.150   -68.307
   71.200   -68.163
   71.250   -68.020
   71.300   -67.877
   71.350   -67.734
   71.400   -67.592
   71.450   -67.450
   71.500   -67.309
   71.550   -67.169
   71.600   -67.029
   71.650   -66.889
   71.700   -66.750
   71.750   -66.611
   71.800   -66.473
   71.850   -66.335
   71.900   -66.198
   71.950   -66.061
   72.000   -65.925
   72.050   -65.789
   72.100   -65.654
   72.150   -65.519
   72.200   -65.385
   72.250   -65.251
   72.300   -65.117
   72.350   -64.984
   72.400   -64.852
   72.450   -64.719
   72.500   -64.588
   72.550   -64.457
   72.600   -64.326
   72.650   -64.195
   72.700   -64.066
   72.750   -63.936
   72.800   -63.807
   72.850   -63.679
   72.900   -63.551
   72.950   -63.423
   73.000   -63.296
   73.050   -63.169
   73.100   -63.043
   73.150   -62.917
   73.200   -62.791
   73.250   -62.666
   73.300   -62.542
   73.350   -62.417
   73.400   -62.294
   73.450   -62.170
   73.500   -62.047
   73.550   -61.925
   73.600   -61.803
   73.650   -61.681
   73.700   -61.560
   73.750   -61.439
   73.800   -61.319
   73.850   -61.199
   73.900   -61.079
   73.950   -60.960
   74.000   -60.841
   74.050   -60.723
   74.100   -60.605
   74.150   -60.488
   74.200   -60.370
   74.250   -60.254
   74.300   -60.137
   74.350   -60.022
   74.400   -59.906
   74.450   -59.791
   74.500   -59.676
   74.550   -59.562
   74.600   -59.448
   74.650   -59.334
   74.700   -59.221
   74.750   -59.108
   74.800   -58.996
   74.850   -58.884
   74.900   -58.773
   74.950   -58.661
   75.000   -58.550
   75.050   -58.440
   75.100   -58.330
   75.150   -58.220
   75.200   -58.111
   75.250   -58.002
   75.300   -57.893
   75.350   -57.785
   75.400   -57.677
   75.450   -57.570
   75.500   -57.463
   75.550   -57.356
   75.600   -57.250
   75.650   -57.144
   75.700   -57.038
   75.750   -56.933
   75.800   -56.828
   75.850   -56.724
   75.900   -56.619
   75.950   -56.516
   76.000   -56.412
   76.050   -56.309
   76.100   -56.206
   76.150   -56.104
   76.200   -56.002
   76.250   -55.900
   76.300   -55.799
   76.350   -55.698
   76.400   -55.597
   76.450   -55.497
   76.500   -55.397
   76.550   -55.297
   76.600   -55.198
   76.650   -55.099
   76.700   -55.001
   76.750   -54.902
   76.800   -54.804
   76.850   -54.707
   76.900   -54.610
   76.950   -54.513
   77.000   -54.416
   77.050   -54.320
   77.100   -54.224
   77.150   -54.128
   77.200   -54.033
   77.250   -53.938
   77.300   -53.844
   77.350   -53.749
   77.400   -53.656
   77.450   -53.562
   77.500   -53.469
   77.550   -53.376
   77.600   -53.283
   77.650   -53.191
   77.700   -53.099
   77.750   -53.007
   77.800   -52.916
   77.850   -52.825
   77.900   -52.734
   77.950   -52.643
   78.000   -52.553
   78.050   -52.463
   78.100   -52.374
   78.150   -52.285
   78.200   -52.196
   78.250   -52.107
   78.300   -52.019
   78.350   -74.000
   78.400   -74.000
   78.450   -74.000
   78.500   -74.000
   78.550   -74.000
   78.600   -74.000
   78.650   -74.000
   78.700   -74.000
   78.750   -74.000
   78.800   -74.000
   78.850   -74.000
   78.900   -74.000
   78.950   -74.000
   79.000   -74.000
   79.050   -74.000
   79.100   -74.000
   79.150   -74.000
   79.200   -74.000
   79.250   -74.000
   79.300   -74.000
   79.350   -74.000
   79.400   -74.000
   79.450   -74.000
   79.500   -74.000
   79.550   -74.000
   79.600   -74.000
   79.650   -74.000
   79.700   -74.000
   79.750   -74.000
   79.800   -74.000
   79.850   -74.000
   79.900   -74.000
   79.950   -74.000
   80.000   -74.000
   80.050   -74.000
   80.100   -74.000
   80.150   -74.000
   80.200   -74.000
   80.250   -74.000
   80.300   -74.000
   80.350   -74.000
   80.400   -74.000
   80.450   -74.000
   80.500   -74.000
   80.550   -74.000
   80.600   -74.000
   80.650   -74.000
   80.700   -74.000
   80.750   -74.000
   80.800   -74.000
   80.850   -74.000
   80.900   -74.000
   80.950   -74.000
   81.000   -74.000
   81.050   -74.000
   81.100   -74.000
   81.150   -74.000
   81.200   -74.000
   81.250   -74.000
   81.300   -74.000
   81.350   -73.836
   81.400   -73.673
   81.450   -73.511
   81.500   -73.349
   81.550   -73.188
   81.600   -73.027
   81.650   -72.867
   81.700   -72.707
   81.750   -72.548
   81.800   -72.389
   81.850   -72.231
   81.900   -72.074
   81.950   -71.917
   82.000   -71.760
   82.050   -71.604
   82.100   -71.449
   82.150   -71.294
   82.200   -71.140
   82.250   -70.986
   82.300   -70.833
   82.350   -70.680
   82.400   -70.528
   82.450   -70.376
   82.500   -70.225
   82.550   -70.075
   82.600   -69.924
   82.650   -69.775
   82.700   -69.626
   82.750   -69.477
   82.800   -69.329
   82.850   -69.182
   82.900   -69.035
   82.950   -68.888
   83.000   -68.742
   83.050   -68.597
   83.100   -68.452
   83.150   -68.307
   83.200   -68.163
   83.250   -68.020
   83.300   -67.877
   83.350   -67.734
   83.400   -67.592
   83.450   -67.450
   83.500   -67.309
   83.550   -67.169
   83.600   -67.029
   83.650   -66.889
   83.700   -66.750
   83.750   -66.611
   83.800   -66.473
   83.850   -66.335
   83.900   -66.198
   83.950   -66.061
   84.000   -65.925
   84.050   -65.789
   84.100   -65.654
   84.150   -65.519
   84.200   -65.385
   84.250   -65.251
   84.300   -65.117
   84.350   -64.984
   84.400   -64.852
   84.450   -64.719
   84.500   -64.588
   84.550   -64.457
   84.600   -64.326
   84.650   -64.195
   84.700   -64.066
   84.750   -63.936
   84.800   -63.807
   84.850   -63.679
   84.900   -63.551
   84.950   -63.423
   85.000   -63.296
   85.050   -63.169
   85.100   -63.043
   85.150   -62.917
   85.200   -62.791
   85.250   -62.666
   85.300   -62.542
   85.350   -62.417
   85.400   -62.294
   85.450   -62.170
   85.500   -62.047
   85.550   -61.925
   85.600   -61.803
   85.650   -61.681
   85.700   -61.560
   85.750   -61.439
   85.800   -61.319
   85.850   -61.199
   85.900   -61.079
   85.950   -60.960
   86.000   -60.841
   86.050   -60.723
   86.100   -60.605
   86.150   -60.488
   86.200   -60.370
   86.250   -60.254
   86.300   -60.137
   86.350   -60.022
   86.400   -59.906
   86.450   -59.791
   86.500   -59.676
   86.550   -59.562
   86.600   -59.448
   86.650   -59.334
   86.700   -59.221
   86.750   -59.108
   86.800   -58.996
   86.850   -58.884
   86.900   -58.773
   86.950   -58.661
   87.000   -58.550
   87.050   -58.440
   87.100   -58.330
   87.150   -58.220
   87.200   -58.111
   87.250   -58.002
   87.300   -57.893
   87.350   -57.785
   87.400   -57.677
   87.450   -57.570
   87.500   -57.463
   87.550   -57.356
   87.600   -57.250
   87.650   -57.144
   87.700   -57.038
   87.750   -56.933
   87.800   -56.828
   87.850   -56.724
   87.900   -56.619
   87.950   -56.516
   88.000   -56.412
   88.050   -56.309
   88.100   -56.206
   88.150   -56.104
   88.200   -56.002
   88.250   -55.900
   88.300   -55.799
   88.350   -55.698
   88.400   -55.597
   88.450   -55.497
   88.500   -55.397
   88.550   -55.297
   88.600   -55.198
   88.650   -55.099
   88.700   -55.001
   88.750   -54.902
   88.800   -54.804
   88.850   -54.707
   88.900   -54.610
   88.950   -54.513
   89.000   -54.416
   89.050   -54.320
   89.100   -54.224
   89.150   -54.128
   89.200   -54.033
   89.250   -53.938
   89.300   -53.844
   89.350   -53.749
   89.400   -53.656
   89.450   -53.562
   89.500   -53.469
   89.550   -53.376
   89.600   -53.283
   89.650   -53.191
   89.700   -53.099
   89.750   -53.007
   89.800   -52.916
   89.850   -52.825
   89.900   -52.734
   89.950   -52.643
   90.000   -52.553
   90.050   -52.463
   90.100   -52.374
   90.150   -52.285
   90.200   -52.196
   90.250   -52.107
   90.300   -52.019
   90.350   -74.000
   90.400   -74.000
   90.450   -74.000
   90.500   -74.000
   90.550   -74.000
   90.600   -74.000
   90.650   -74.000
   90.700   -74.000
   90.750   -74.000
   90.800   -74.000
   90.850   -74.000
   90.900   -74.000
   90.950   -74.000
   91.000   -74.000
   91.050   -74.000
   91.100   -74.000
   91.150   -74.000
   91.200   -74.000
   91.250   -74.000
   91.300   -74.000
   91.350   -74.000
   91.400   -74.000
   91.450   -74.000
   91.500   -74.000
   91.550   -74.000
   91.600   -74.000
   91.650   -74.000
   91.700   -74.000
   91.750   -74.000
   91.800   -74.000
   91.850   -74.000
   91.900   -74.000
   91.950   -74.000
   92.000   -74.000
   92.050   -74.000
   92.100   -74.000
   92.150   -74.000
   92.200   -74.000
   92.250   -74.000
   92.300   -74.000
   92.350   -74.000
   92.400   -74.000
   92.450   -74.000
   92.500   -74.000
   92.550   -74.000
   92.600   -74.000
   92.650   -74.000
   92.700   -74.000
   92.750   -74.000
   92.800   -74.000
   92.850   -74.000
   92.900   -74.000
   92.950   -74.000
   93.000   -74.000
   93.050   -74.000
   93.100   -74.000
   93.150   -74.000
   93.200   -74.000
   93.250   -74.000
   93.300   -74.000
   93.350   -73.836
   93.400   -73.673
   93.450   -73.511
   93.500   -73.349
   93.550   -73.188
   93.600   -73.027
   93.650   -72.867
   93.700   -72.707
   93.750   -72.548
   93.800   -72.389
   93.850   -72.231
   93.900   -72.074
   93.950   -71.917
   94.000   -71.760
   94.050   -71.604
   94.100   -71.449
   94.150   -71.294
   94.200   -71.140
   94.250   -70.986
   94.300   -70.833
   94.350   -70.680
   94.400   -70.528
   94.450   -70.376
   94.500   -70.225
   94.550   -70.075
   94.600   -69.924
   94.650   -69.775
   94.700   -69.626
   94.750   -69.477
   94.800   -69.329
   94.850   -69.182
   94.900   -69.035
   94.950   -68.888
   95.000   -68.742
   95.050   -68.597
   95.100   -68.452
   95.150   -68.307
   95.200   -68.163
   95.250   -68.020
   95.300   -67.877
   95.350   -67.734
   95.400   -67.592
   95.450   -67.450
   95.500   -67.309
   95.550   -67.169
   95.600   -67.029
   95.650   -66.889
   95.700   -66.750
   95.750   -66.611
   95.800   -66.473
   95.850   -66.335
   95.900   -66.198
   95.950   -66.061
   96.000   -65.925
   96.050   -65.789
   96.100   -65.654
   96.150   -65.519
   96.200   -65.385
   96.250   -65.251
   96.300   -65.117
   96.350   -64.984
   96.400   -64.852
   96.450   -64.719
   96.500   -64.588
   96.550   -64.457
   96.600   -64.326
   96.650   -64.195
   96.700   -64.066
   96.750   -63.936
   96.800   -63.807
   96.850   -63.679
   96.900   -63.551
   96.950   -63.423
   97.000   -63.296
   97.050   -63.169
   97.100   -63.043
   97.150   -62.917
   97.200   -62.791
   97.250   -62.666
   97.300   -62.542
   97.350   -62.417
   97.400   -62.294
   97.450   -62.170
   97.500   -62.047
   97.550   -61.925
   97.600   -61.803
   97.650   -61.681
   97.700   -61.560
   97.750   -61.439
   97.800   -61.319
   97.850   -61.199
   97.900   -61.079
   97.950   -60.960
   98.000   -60.841
   98.050   -60.723
   98.100   -60.605
   98.150   -60.488
   98.200   -60.370
   98.250   -60.254
   98.300   -60.137
   98.350   -60.022
   98.400   -59.906
   98.450   -59.791
   98.500   -59.676
   98.550   -59.562
   98.600   -59.448
   98.650   -59.334
   98.700   -59.221
   98.750   -59.108
   98.800   -58.996
   98.850   -58.884
   98.900   -58.773
   98.950   -58.661
   99.000   -58.550
   99.050   -58.440
   99.100   -58.330
   99.150   -58.220
   99.200   -58.111
   99.250   -58.002
   99.300   -57.893
   99.350   -57.785
   99.400   -57.677
   99.450   -57.570
   99.500   -57.463
   99.550   -57.356
   99.600   -57.250
   99.650   -57.144
   99.700   -57.038
   99.750   -56.933
   99.800   -56.828
   99.850   -56.724
   99.900   -56.619
   99.950   -56.516
  100.000   -56.412
  100.050   -56.445
  100.100   -56.477
  100.150   -56.509
  100.200   -56.541
  100.250   -56.573
  100.300   -56.605
  100.350   -56.637
  100.400   -56.669
  100.450   -56.700
  100.500   -56.732
  100.550   -56.763
  100.600   -56.794
  100.650   -56.825
  100.700   -56.856
  100.750   -56.887
  100.800   -56.918
  100.850   -56.949
  100.900   -56.979
  100.950   -57.010
  101.000   -57.040
  101.050   -57.070
  101.100   -57.101
  101.150   -57.131
  101.200   -57.161
  101.250   -57.191
  101.300   -57.220
  101.350   -57.250
  101.400   -57.280
  101.450   -57.309
  101.500   -57.338
  101.550   -57.368
  101.600   -57.397
  101.650   -57.426
  101.700   -57.455
  101.750   -57.484
  101.800   -57.512
  101.850   -57.541
  101.900   -57.570
  101.950   -57.598
  102.000   -57.626
  102.050   -57.655
  102.100   -57.683
  102.150   -57.711
  102.200   -57.739
  102.250   -57.767
  102.300   -57.795
  102.350   -57.822
  102.400   -57.850
  102.450   -57.877
  102.500   -57.905
  102.550   -57.932
  102.600   -57.959
  102.650   -57.986
  102.700   -58.013
  102.750   -58.040
  102.800   -58.067
  102.850   -58.094
  102.900   -58.121
  102.950   -58.147
  103.000   -58.174
  103.050   -58.200
  103.100   -58.226
  103.150   -58.252
  103.200   -58.279
  103.250   -58.305
  103.300   -58.331
  103.350   -58.356
  103.400   -58.382
  103.450   -58.408
  103.500   -58.433
  103.550   -58.459
  103.600   -58.484
  103.650   -58.510
  103.700   -58.535
  103.750   -58.560
  103.800   -58.585
  103.850   -58.610
  103.900   -58.635
  103.950   -58.660
  104.000   -58.684
  104.050   -58.709
  104.100   -58.733
  104.150   -58.758
  104.200   -58.782
  104.250   -58.807
  104.300   -58.831
  104.350   -58.855
  104.400   -58.879
  104.450   -58.903
  104.500   -58.927
  104.550   -58.951
  104.600   -58.974
  104.650   -58.998
  104.700   -59.021
  104.750   -59.045
  104.800   -59.068
  104.850   -59.092
  104.900   -59.115
  104.950   -59.138
  105.000   -59.161
  105.050   -59.184
  105.100   -59.207
  105.150   -59.230
  105.200   -59.253
  105.250   -59.275
  105.300   -59.298
  105.350   -59.320
  105.400   -59.343
  105.450   -59.365
  105.500   -59.387
  105.550   -59.410
  105.600   -59.432
  105.650   -59.454
  105.700   -59.476
  105.750   -59.498
  105.800   -59.519
  105.850   -59.541
  105.900   -59.563
  105.950   -59.585
  106.000   -59.606
  106.050   -59.627
  106.100   -59.649
  106.150   -59.670
  106.200   -59.691
  106.250   -59.713
  106.300   -59.734
  106.350   -59.755
  106.400   -59.776
  106.450   -59.796
  106.500   -59.817
  106.550   -59.838
  106.600   -59.859
  106.650   -59.879
  106.700   -59.900
  106.750   -59.920
  106.800   -59.941
  106.850   -59.961
  106.900   -59.981
  106.950   -60.001
  107.000   -60.021
  107.050   -60.041
  107.100   -60.061
  107.150   -60.081
  107.200   -60.101
  107.250   -60.121
  107.300   -60.141
  107.350   -60.160
  107.400   -60.180
  107.450   -60.199
  107.500   -60.219
  107.550   -60.238
  107.600   -60.257
  107.650   -60.276
  107.700   -60.296
  107.750   -60.315
  107.800   -60.334
  107.850   -60.353
  107.900   -60.372
  107.950   -60.390
  108.000   -60.409
  108.050   -60.428
  108.100   -60.446
  108.150   -60.465
  108.200   -60.483
  108.250   -60.502
  108.300   -60.520
  108.350   -60.539
  108.400   -60.557
  108.450   -60.575
  108.500   -60.593
  108.550   -60.611
  108.600   -60.629
  108.650   -60.647
  108.700   -60.665
  108.750   -60.683
  108.800   -60.701
  108.850   -60.718
  108.900   -60.736
  108.950   -60.753
  109.000   -60.771
  109.050   -60.788
  109.100   -60.806
  109.150   -60.823
  109.200   -60.840
  109.250   -60.858
  109.300   -60.875
  109.350   -60.892
  109.400   -60.909
  109.450   -60.926
  109.500   -60.943
  109.550   -60.960
  109.600   -60.976
  109.650   -60.993
  109.700   -61.010
  109.750   -61.026
  109.800   -61.043
  109.850   -61.060
  109.900   -61.076
  109.950   -61.092
  110.000   -61.109
  110.050   -61.125
  110.100   -61.141
  110.150   -61.157
  110.200   -61.174
  110.250   -61.190
  110.300   -61.206
  110.350   -61.222
  110.400   -61.237
  110.450   -61.253
  110.500   -61.269
  110.550   -61.285
  110.600   -61.301
  110.650   -61.316
  110.700   -61.332
  110.750   -61.347
  110.800   -61.363
  110.850   -61.378
  110.900   -61.393
  110.950   -61.409
  111.000   -61.424
  111.050   -61.439
  111.100   -61.454
  111.150   -61.469
  111.200   -61.485
  111.250   -61.500
  111.300   -61.514
  111.350   -61.529
  111.400   -61.544
  111.450   -61.559
  111.500   -61.574
  111.550   -61.588
  111.600   -61.603
  111.650   -61.618
  111.700   -61.632
  111.750   -61.647
  111.800   -61.661
  111.850   -61.675
  111.900   -61.690
  111.950   -61.704
  112.000   -61.718
  112.050   -61.732
  112.100   -61.747
  112.150   -61.761
  112.200   -61.775
  112.250   -61.789
  112.300   -61.803
  112.350   -61.817
  112.400   -61.830
  112.450   -61.844
  112.500   -61.858
  112.550   -61.872
  112.600   -61.885
  112.650   -61.899
  112.700   -61.913
  112.750   -61.926
  112.800   -61.940
  112.850   -61.953
  112.900   -61.966
  112.950   -61.980
  113.000   -61.993
  113.050   -62.006
  113.100   -62.019
  113.150   -62.033
  113.200   -62.046
  113.250   -62.059
  113.300   -62.072
  113.350   -62.085
  113.400   -62.098
  113.450   -62.111
  113.500   -62.123
  113.550   -62.136
  113.600   -62.149
  113.650   -62.162
  113.700   -62.174
  113.750   -62.187
  113.800   -62.200
  113.850   -62.212
  113.900   -62.225
  113.950   -62.237
  114.000   -62.249
  114.050   -62.262
  114.100   -62.274
  114.150   -62.286
  114.200   -62.299
  114.250   -62.311
  114.300   -62.323
  114.350   -62.335
  114.400   -62.347
  114.450   -62.359
  114.500   -62.371
  114.550   -62.383
  114.600   -62.395
  114.650   -62.407
  114.700   -62.419
  114.750   -62.430
  114.800   -62.442
  114.850   -62.454
  114.900   -62.466
  114.950   -62.477
  115.000   -62.489
  115.050   -62.500
  115.100   -62.512
  115.150   -62.523
  115.200   -62.535
  115.250   -62.546
  115.300   -62.557
  115.350   -62.569
  115.400   -62.580
  115.450   -62.591
  115.500   -62.602
  115.550   -62.613
  115.600   -62.625
  115.650   -62.636
  115.700   -62.647
  115.750   -62.658
  115.800   -62.669
  115.850   -62.680
  115.900   -62.690
  115.950   -62.701
  116.000   -62.712
  116.050   -62.723
  116.100   -62.734
  116.150   -62.744
  116.200   -62.755
  116.250   -62.766
  116.300   -62.776
  116.350   -62.787
  116.400   -62.797
  116.450   -62.808
  116.500   -62.818
  116.550   -62.829
  116.600   -62.839
  116.650   -62.849
  116.700   -62.860
  116.750   -62.870
  116.800   -62.880
  116.850   -62.890
  116.900   -62.900
  116.950   -62.911
  117.000   -62.921
  117.050   -62.931
  117.100   -62.941
  117.150   -62.951
  117.200   -62.961
  117.250   -62.971
  117.300   -62.980
  117.350   -62.990
  117.400   -63.000
  117.450   -63.010
  117.500   -63.020
  117.550   -63.029
  117.600   -63.039
  117.650   -63.049
  117.700   -63.058
  117.750   -63.068
  117.800   -63.077
  117.850   -63.087
  117.900   -63.096
  117.950   -63.106
  118.000   -63.115
  118.050   -63.125
  118.100   -63.134
  118.150   -63.143
  118.200   -63.153
  118.250   -63.162
  118.300   -63.171
  118.350   -63.180
  118.400   -63.189
  118.450   -63.199
  118.500   -63.208
  118.550   -63.217
  118.600   -63.226
  118.650   -63.235
  118.700   -63.244
  118.750   -63.253
  118.800   -63.262
  118.850   -63.270
  118.900   -63.279
  118.950   -63.288
  119.000   -63.297
  119.050   -63.306
  119.100   -63.314
  119.150   -63.323
  119.200   -63.332
  119.250   -63.340
  119.300   -63.349
  119.350   -63.358
  119.400   -63.366
  119.450   -63.375
  119.500   -63.383
  119.550   -63.392
  119.600   -63.400
  119.650   -63.408
  119.700   -63.417
  119.750   -63.425
  119.800   -63.433
  119.850   -63.442
  119.900   -63.450
  119.950   -63.458
