    0.250 -6.5364E+0001
    0.500 -6.5033E+0001
    0.750 -6.4708E+0001
    1.000 -6.4389E+0001
    1.250 -6.4075E+0001
    1.500 -6.3767E+0001
    1.750 -6.3465E+0001
    2.000 -6.3167E+0001
    2.250 -6.2875E+0001
    2.500 -6.2588E+0001
    2.750 -6.2307E+0001
    3.000 -6.2030E+0001
    3.250 -6.1758E+0001
    3.500 -6.1491E+0001
    3.750 -6.1229E+0001
    4.000 -6.0971E+0001
    4.250 -6.0718E+0001
    4.500 -6.0470E+0001
    4.750 -6.0226E+0001
    5.000 -5.9987E+0001
    5.250 -5.9751E+0001
    5.500 -5.9521E+0001
    5.750 -5.9294E+0001
    6.000 -5.9071E+0001
    6.250 -5.8853E+0001
    6.500 -5.8638E+0001
    6.750 -5.8428E+0001
    7.000 -5.8221E+0001
    7.250 -5.8019E+0001
    7.500 -5.7820E+0001
    7.750 -5.7624E+0001
    8.000 -5.7433E+0001
    8.250 -5.7245E+0001
    8.500 -5.7060E+0001
    8.750 -5.6879E+0001
    9.000 -5.6702E+0001
    9.250 -5.6528E+0001
    9.500 -5.6357E+0001
    9.750 -5.6189E+0001
   10.000 -5.6025E+0001
   10.250 -5.5864E+0001
   10.500 -5.5706E+0001
   10.750 -5.5551E+0001
   11.000 -5.5399E+0001
   11.250 -5.5250E+0001
   11.500 -5.5104E+0001
   11.750 -5.4961E+0001
   12.000 -5.4821E+0001
   12.250 -5.4683E+0001
   12.500 -4.0000E+0001
   12.750 -4.0000E+0001
   13.000 -4.0000E+0001
   13.250 -4.0000E+0001
   13.500 -4.0000E+0001
   13.750 -4.0000E+0001
   14.000 -4.5158E+0001
   14.250 -4.9083E+0001
   14.500 -5.2090E+0001
   14.750 -5.4415E+0001
   15.000 -5.6230E+0001
   15.250 -5.7659E+0001
   15.500 -5.8793E+0001
   15.750 -5.9698E+0001
   16.000 -6.0423E+0001
   16.250 -6.1004E+0001
   16.500 -6.1470E+0001
   16.750 -6.1843E+0001
   17.000 -6.2139E+0001
   17.250 -6.2370E+0001
   17.500 -6.2548E+0001
   17.750 -6.2680E+0001
   18.000 -6.2774E+0001
   18.250 -6.2835E+0001
   18.500 -6.2867E+0001
   18.750 -6.2875E+0001
   19.000 -6.2861E+0001
   19.250 -6.2828E+0001
   19.500 -6.2778E+0001
   19.750 -6.2713E+0001
   20.000 -6.2636E+0001
   20.250 -6.2547E+0001
   20.500 -6.2447E+0001
   20.750 -6.2339E+0001
   21.000 -6.2222E+0001
   21.250 -6.2098E+0001
   21.500 -6.1968E+0001
   21.750 -6.1832E+0001
   22.000 -6.1691E+0001
   22.250 -6.1546E+0001
   22.500 -6.1396E+0001
   22.750 -6.1244E+0001
   23.000 -6.1088E+0001
   23.250 -6.0930E+0001
   23.500 -6.0770E+0001
   23.750 -6.0608E+0001
   24.000 -6.0445E+0001
   24.250 -6.0281E+0001
   24.500 -6.0116E+0001
   24.750 -5.9950E+0001
   25.000 -5.9784E+0001
   25.250 -5.9618E+0001
   25.500 -5.9452E+0001
   25.750 -5.9286E+0001
   26.000 -5.9121E+0001
   26.250 -5.8956E+0001
   26.500 -5.8792E+0001
   26.750 -5.8629E+0001
   27.000 -5.8467E+0001
   27.250 -5.8306E+0001
   27.500 -5.8147E+0001
   27.750 -5.7988E+0001
   28.000 -5.7831E+0001
   28.250 -5.7676E+0001
   28.500 -5.7522E+0001
   28.750 -5.7370E+0001
   29.000 -5.7219E+0001
   29.250 -5.7070E+0001
   29.500 -5.6923E+0001
   29.750 -5.6778E+0001
   30.000 -5.6634E+0001
   30.250 -5.6493E+0001
   30.500 -5.6353E+0001
   30.750 -5.6215E+0001
   31.000 -5.6079E+0001
   31.250 -5.5945E+0001
   31.500 -5.5812E+0001
   31.750 -5.5682E+0001
   32.000 -5.5554E+0001
   32.250 -5.5428E+0001
   32.500 -5.5303E+0001
   32.750 -5.5181E+0001
   33.000 -5.5060E+0001
   33.250 -5.4942E+0001
   33.500 -4.0000E+0001
   33.750 -4.0000E+0001
   34.000 -4.0000E+0001
   34.250 -4.0000E+0001
   34.500 -4.0000E+0001
   34.750 -4.0000E+0001
   35.000 -4.3263E+0001
   35.250 -4.7639E+0001
   35.500 -5.0980E+0001
   35.750 -5.3554E+0001
   36.000 -5.5556E+0001
   36.250 -5.7127E+0001
   36.500 -5.8369E+0001
   36.750 -5.9359E+0001
   37.000 -6.0151E+0001
   37.250 -6.0786E+0001
   37.500 -6.1295E+0001
   37.750 -6.1703E+0001
   38.000 -6.2028E+0001
   38.250 -6.2284E+0001
   38.500 -6.2482E+0001
   38.750 -6.2632E+0001
   39.000 -6.2740E+0001
   39.250 -6.2814E+0001
   39.500 -6.2857E+0001
   39.750 -6.2874E+0001
   40.000 -6.2868E+0001
   40.250 -6.2842E+0001
   40.500 -6.2799E+0001
   40.750 -6.2740E+0001
   41.000 -6.2668E+0001
   41.250 -6.2583E+0001
   41.500 -6.2487E+0001
   41.750 -6.2382E+0001
   42.000 -6.2269E+0001
   42.250 -6.2148E+0001
   42.500 -6.2020E+0001
   42.750 -6.1886E+0001
   43.000 -6.1747E+0001
   43.250 -6.1603E+0001
   43.500 -6.1456E+0001
   43.750 -6.1304E+0001
   44.000 -6.1150E+0001
   44.250 -6.0993E+0001
   44.500 -6.0834E+0001
   44.750 -6.0672E+0001
   45.000 -6.0510E+0001
   45.250 -6.0346E+0001
   45.500 -6.0181E+0001
   45.750 -6.0015E+0001
   46.000 -5.9849E+0001
   46.250 -5.9683E+0001
   46.500 -5.9517E+0001
   46.750 -5.9351E+0001
   47.000 -5.9186E+0001
   47.250 -5.9021E+0001
   47.500 -5.8857E+0001
   47.750 -5.8693E+0001
   48.000 -5.8531E+0001
   48.250 -5.8369E+0001
   48.500 -5.8209E+0001
   48.750 -5.8050E+0001
   49.000 -5.7893E+0001
   49.250 -5.7737E+0001
   49.500 -5.7582E+0001
   49.750 -5.7429E+0001
   50.000 -5.7278E+0001
   50.250 -5.7128E+0001
   50.500 -5.6980E+0001
   50.750 -5.6834E+0001
   51.000 -5.6690E+0001
   51.250 -5.6547E+0001
   51.500 -5.6407E+0001
   51.750 -5.6268E+0001
   52.000 -5.6131E+0001
   52.250 -5.5996E+0001
   52.500 -5.5863E+0001
   52.750 -5.5732E+0001
   53.000 -5.5603E+0001
   53.250 -5.5476E+0001
   53.500 -5.5351E+0001
   53.750 -5.5227E+0001
   54.000 -5.5106E+0001
   54.250 -5.4987E+0001
   54.500 -4.0000E+0001
   54.750 -4.0000E+0001
   55.000 -4.0000E+0001
   55.250 -4.0000E+0001
   55.500 -4.0000E+0001
   55.750 -4.0000E+0001
   56.000 -4.1148E+0001
   56.250 -4.6030E+0001
   56.500 -4.9749E+0001
   56.750 -5.2602E+0001
   57.000 -5.4813E+0001
   57.250 -5.6542E+0001
   57.500 -5.7906E+0001
   57.750 -5.8989E+0001
   58.000 -5.9854E+0001
   58.250 -6.0548E+0001
   58.500 -6.1104E+0001
   58.750 -6.1550E+0001
   59.000 -6.1906E+0001
   59.250 -6.2188E+0001
   59.500 -6.2408E+0001
   59.750 -6.2576E+0001
   60.000 -6.2701E+0001
   60.250 -6.2787E+0001
   60.500 -6.2842E+0001
   60.750 -6.2869E+0001
   61.000 -6.2872E+0001
   61.250 -6.2854E+0001
   61.500 -6.2818E+0001
   61.750 -6.2765E+0001
   62.000 -6.2697E+0001
   62.250 -6.2617E+0001
   62.500 -6.2526E+0001
   62.750 -6.2425E+0001
   63.000 -6.2315E+0001
   63.250 -6.2196E+0001
   63.500 -6.2071E+0001
   63.750 -6.1940E+0001
   64.000 -6.1803E+0001
   64.250 -6.1661E+0001
   64.500 -6.1515E+0001
   64.750 -6.1365E+0001
   65.000 -6.1211E+0001
   65.250 -6.1055E+0001
   65.500 -6.0897E+0001
   65.750 -6.0736E+0001
   66.000 -6.0574E+0001
   66.250 -6.0411E+0001
   66.500 -6.0246E+0001
   66.750 -6.0081E+0001
   67.000 -5.9915E+0001
   67.250 -5.9749E+0001
   67.500 -5.9583E+0001
   67.750 -5.9417E+0001
   68.000 -5.9251E+0001
   68.250 -5.9086E+0001
   68.500 -5.8921E+0001
   68.750 -5.8757E+0001
   69.000 -5.8594E+0001
   69.250 -5.8433E+0001
   69.500 -5.8272E+0001
   69.750 -5.8112E+0001
   70.000 -5.7954E+0001
   70.250 -5.7798E+0001
   70.500 -5.7642E+0001
   70.750 -5.7489E+0001
   71.000 -5.7337E+0001
   71.250 -5.7186E+0001
   71.500 -5.7038E+0001
   71.750 -5.6891E+0001
   72.000 -5.6746E+0001
   72.250 -5.6602E+0001
   72.500 -5.6461E+0001
   72.750 -5.6321E+0001
   73.000 -5.6184E+0001
   73.250 -5.6048E+0001
   73.500 -5.5914E+0001
   73.750 -5.5782E+0001
   74.000 -5.5652E+0001
   74.250 -5.5524E+0001
   74.500 -5.5398E+0001
   74.750 -5.5274E+0001
   75.000 -5.5152E+0001
   75.250 -5.5032E+0001
   75.500 -5.4913E+0001
   75.750 -4.0000E+0001
   76.000 -4.0000E+0001
   76.250 -4.0000E+0001
   76.500 -4.0000E+0001
   76.750 -4.0000E+0001
   77.000 -4.0000E+0001
   77.250 -4.5157E+0001
   77.500 -4.9082E+0001
   77.750 -5.2089E+0001
   78.000 -5.4414E+0001
   78.250 -5.6228E+0001
   78.500 -5.7657E+0001
   78.750 -5.8791E+0001
   79.000 -5.9695E+0001
   79.250 -6.0420E+0001
   79.500 -6.1002E+0001
   79.750 -6.1468E+0001
   80.000 -6.1841E+0001
   80.250 -6.2136E+0001
   80.500 -6.2368E+0001
   80.750 -6.2546E+0001
   81.000 -6.2678E+0001
   81.250 -6.2772E+0001
   81.500 -6.2833E+0001
   81.750 -6.2865E+0001
   82.000 -6.2873E+0001
   82.250 -6.2859E+0001
   82.500 -6.2826E+0001
   82.750 -6.2776E+0001
   83.000 -6.2711E+0001
   83.250 -6.2634E+0001
   83.500 -6.2545E+0001
   83.750 -6.2445E+0001
   84.000 -6.2337E+0001
   84.250 -6.2220E+0001
   84.500 -6.2096E+0001
   84.750 -6.1966E+0001
   85.000 -6.1830E+0001
   85.250 -6.1689E+0001
   85.500 -6.1544E+0001
   85.750 -6.1394E+0001
   86.000 -6.1242E+0001
   86.250 -6.1086E+0001
   86.500 -6.0928E+0001
   86.750 -6.0768E+0001
   87.000 -6.0606E+0001
   87.250 -6.0443E+0001
   87.500 -6.0278E+0001
   87.750 -6.0113E+0001
   88.000 -5.9947E+0001
   88.250 -5.9781E+0001
   88.500 -5.9615E+0001
   88.750 -5.9449E+0001
   89.000 -5.9283E+0001
   89.250 -5.9118E+0001
   89.500 -5.8953E+0001
   89.750 -5.8789E+0001
   90.000 -5.8626E+0001
   90.250 -5.8464E+0001
   90.500 -5.8303E+0001
   90.750 -5.8143E+0001
   91.000 -5.7985E+0001
   91.250 -5.7828E+0001
   91.500 -5.7672E+0001
   91.750 -5.7518E+0001
   92.000 -5.7366E+0001
   92.250 -5.7215E+0001
   92.500 -5.7066E+0001
   92.750 -5.6919E+0001
   93.000 -5.6773E+0001
   93.250 -5.6629E+0001
   93.500 -5.6487E+0001
   93.750 -5.6347E+0001
   94.000 -5.6209E+0001
   94.250 -5.6073E+0001
   94.500 -5.5939E+0001
   94.750 -5.5807E+0001
   95.000 -5.5676E+0001
   95.250 -5.5548E+0001
   95.500 -5.5421E+0001
   95.750 -5.5297E+0001
   96.000 -5.5174E+0001
   96.250 -5.5053E+0001
   96.500 -5.4935E+0001
   96.750 -4.0000E+0001
   97.000 -4.0000E+0001
   97.250 -4.0000E+0001
   97.500 -4.0000E+0001
   97.750 -4.0000E+0001
   98.000 -4.0000E+0001
   98.250 -4.4236E+0001
   98.500 -4.8379E+0001
   98.750 -5.1548E+0001
   99.000 -5.3994E+0001
   99.250 -5.5899E+0001
   99.500 -5.7397E+0001
   99.750 -5.8583E+0001
  100.000 -5.9529E+0001
  100.250 -6.0611E+0001
  100.500 -6.1510E+0001
  100.750 -6.2265E+0001
  101.000 -6.2903E+0001
  101.250 -6.3445E+0001
  101.500 -6.3908E+0001
  101.750 -6.4307E+0001
  102.000 -6.4651E+0001
  102.250 -6.4949E+0001
  102.500 -6.5209E+0001
  102.750 -6.5435E+0001
  103.000 -6.5633E+0001
  103.250 -6.5806E+0001
  103.500 -6.5958E+0001
  103.750 -6.6092E+0001
  104.000 -6.6210E+0001
  104.250 -6.6313E+0001
  104.500 -6.6404E+0001
  104.750 -6.6485E+0001
  105.000 -6.6555E+0001
  105.250 -6.6617E+0001
  105.500 -6.6672E+0001
  105.750 -6.6720E+0001
  106.000 -6.6761E+0001
  106.250 -6.6797E+0001
  106.500 -6.6829E+0001
  106.750 -6.6856E+0001
  107.000 -6.6879E+0001
  107.250 -6.6899E+0001
  107.500 -6.6915E+0001
  107.750 -6.6929E+0001
  108.000 -6.6940E+0001
  108.250 -6.6949E+0001
  108.500 -6.6956E+0001
  108.750 -6.6961E+0001
  109.000 -6.6964E+0001
  109.250 -6.6966E+0001
  109.500 -6.6966E+0001
  109.750 -6.6966E+0001
  110.000 -6.6964E+0001
  110.250 -6.6961E+0001
  110.500 -6.6957E+0001
  110.750 -6.6953E+0001
  111.000 -6.6947E+0001
  111.250 -6.6942E+0001
  111.500 -6.6935E+0001
  111.750 -6.6928E+0001
  112.000 -6.6921E+0001
  112.250 -6.6913E+0001
  112.500 -6.6905E+0001
  112.750 -6.6897E+0001
  113.000 -6.6888E+0001
  113.250 -6.6879E+0001
  113.500 -6.6870E+0001
  113.750 -6.6861E+0001
  114.000 -6.6852E+0001
  114.250 -6.6842E+0001
  114.500 -6.6833E+0001
  114.750 -6.6823E+0001
  115.000 -6.6814E+0001
  115.250 -6.6804E+0001
  115.500 -6.6794E+0001
  115.750 -6.6784E+0001
  116.000 -6.6775E+0001
  116.250 -6.6765E+0001
  116.500 -6.6755E+0001
  116.750 -6.6746E+0001
  117.000 -6.6736E+0001
  117.250 -6.6727E+0001
  117.500 -6.6717E+0001
  117.750 -6.6708E+0001
  118.000 -6.6699E+0001
  118.250 -6.6689E+0001
  118.500 -6.6680E+0001
  118.750 -6.6671E+0001
  119.000 -6.6662E+0001
  119.250 -6.6653E+0001
  119.500 -6.6644E+0001
  119.750 -6.6635E+0001
