TITLE     = ""
VARIABLES = "V1"
"V2"
"V3"
"V4"
"V5"
"V6"
"V7"
"V8"
"V9"
"V10"
"V11"
ZONE T="ZONE 001"
 I=400, J=1, K=1,F=POINT
DT=(SINGLE SINGLE SINGLE SINGLE SINGLE SINGLE SINGLE SINGLE SINGLE SINGLE SINGLE )
 5.000000075E-002 -6.563200378E+001 -1.000000047E-003 0.000000000E+000 0.000000000E+000 0.000000000E+000 0.000000000E+000 0.000000000E+000 0.000000000E+000 -1.000000047E-003 -2.705388069E+000
 1.000000015E-001 -6.556500244E+001 -1.000000047E-003 0.000000000E+000 0.000000000E+000 0.000000000E+000 0.000000000E+000 0.000000000E+000 0.000000000E+000 -1.000000047E-003 -2.703947544E+000
 1.500000060E-001 -6.549700165E+001 -1.000000047E-003 0.000000000E+000 0.000000000E+000 0.000000000E+000 0.000000000E+000 0.000000000E+000 0.000000000E+000 -1.000000047E-003 -2.702485561E+000
 2.000000030E-001 -6.543000031E+001 -1.000000047E-003 0.000000000E+000 0.000000000E+000 0.000000000E+000 0.000000000E+000 0.000000000E+000 0.000000000E+000 -1.000000047E-003 -2.701045036E+000
 2.500000000E-001 -6.536299896E+001 -1.000000047E-003 0.000000000E+000 0.000000000E+000 0.000000000E+000 0.000000000E+000 0.000000000E+000 0.000000000E+000 -1.000000047E-003 -2.699604511E+000
 3.000000119E-001 -6.529699707E+001 -1.000000047E-003 0.000000000E+000 0.000000000E+000 0.000000000E+000 0.000000000E+000 0.000000000E+000 0.000000000E+000 -1.000000047E-003 -2.698185444E+000
 3.499999940E-001 -6.523100281E+001 -1.000000047E-003 0.000000000E+000 0.000000000E+000 0.000000000E+000 0.000000000E+000 0.000000000E+000 0.000000000E+000 -1.000000047E-003 -2.696766615E+000
 4.000000060E-001 -6.516400146E+001 -1.000000047E-003 0.000000000E+000 0.000000000E+000 0.000000000E+000 0.000000000E+000 0.000000000E+000 0.000000000E+000 -1.000000047E-003 -2.695326090E+000
 4.499999881E-001 -6.509799957E+001 -1.000000047E-003 0.000000000E+000 0.000000000E+000 0.000000000E+000 0.000000000E+000 0.000000000E+000 0.000000000E+000 -1.000000047E-003 -2.693907022E+000
 5.000000000E-001 -6.503299713E+001 -1.000000047E-003 0.000000000E+000 0.000000000E+000 0.000000000E+000 0.000000000E+000 0.000000000E+000 0.000000000E+000 -1.000000047E-003 -2.692509413E+000
 5.500000119E-001 -6.496700287E+001 -1.000000047E-003 0.000000000E+000 0.000000000E+000 0.000000000E+000 0.000000000E+000 0.000000000E+000 0.000000000E+000 -1.000000047E-003 -2.691090584E+000
 6.000000238E-001 -6.490200043E+001 -1.000000047E-003 0.000000000E+000 0.000000000E+000 0.000000000E+000 0.000000000E+000 0.000000000E+000 0.000000000E+000 -1.000000047E-003 -2.689692974E+000
 6.499999762E-001 -6.483699799E+001 -1.000000047E-003 0.000000000E+000 0.000000000E+000 0.000000000E+000 0.000000000E+000 0.000000000E+000 0.000000000E+000 -1.000000047E-003 -2.688295364E+000
 6.999999881E-001 -6.477200317E+001 -1.000000047E-003 0.000000000E+000 0.000000000E+000 0.000000000E+000 0.000000000E+000 0.000000000E+000 0.000000000E+000 -1.000000047E-003 -2.686897993E+000
 7.500000000E-001 -6.470800018E+001 -1.000000047E-003 0.000000000E+000 0.000000000E+000 0.000000000E+000 0.000000000E+000 0.000000000E+000 0.000000000E+000 -1.000000047E-003 -2.685522079E+000
 8.000000119E-001 -6.464299774E+001 -1.000000047E-003 0.000000000E+000 0.000000000E+000 0.000000000E+000 0.000000000E+000 0.000000000E+000 0.000000000E+000 -1.000000047E-003 -2.684124470E+000
 8.500000238E-001 -6.457900238E+001 -1.000000047E-003 0.000000000E+000 0.000000000E+000 0.000000000E+000 0.000000000E+000 0.000000000E+000 0.000000000E+000 -1.000000047E-003 -2.682748556E+000
 8.999999762E-001 -6.451599884E+001 -1.000000047E-003 0.000000000E+000 0.000000000E+000 0.000000000E+000 0.000000000E+000 0.000000000E+000 0.000000000E+000 -1.000000047E-003 -2.681393862E+000
 9.499999881E-001 -6.445200348E+001 -1.000000047E-003 0.000000000E+000 0.000000000E+000 0.000000000E+000 0.000000000E+000 0.000000000E+000 0.000000000E+000 -1.000000047E-003 -2.680018187E+000
 1.000000000E+000 -6.438800049E+001 -1.000000047E-003 0.000000000E+000 0.000000000E+000 0.000000000E+000 0.000000000E+000 0.000000000E+000 0.000000000E+000 -1.000000047E-003 -2.678642035E+000
 1.049999952E+000 -6.432499695E+001 -1.000000047E-003 0.000000000E+000 0.000000000E+000 0.000000000E+000 0.000000000E+000 0.000000000E+000 0.000000000E+000 -1.000000047E-003 -2.677287340E+000
 1.100000024E+000 -6.426200104E+001 -1.000000047E-003 0.000000000E+000 0.000000000E+000 0.000000000E+000 0.000000000E+000 0.000000000E+000 0.000000000E+000 -1.000000047E-003 -2.675933123E+000
 1.149999976E+000 -6.419899750E+001 -1.000000047E-003 0.000000000E+000 0.000000000E+000 0.000000000E+000 0.000000000E+000 0.000000000E+000 0.000000000E+000 -1.000000047E-003 -2.674578428E+000
 1.200000048E+000 -6.413700104E+001 -1.000000047E-003 0.000000000E+000 0.000000000E+000 0.000000000E+000 0.000000000E+000 0.000000000E+000 0.000000000E+000 -1.000000047E-003 -2.673245430E+000
 1.250000000E+000 -6.407499695E+001 -1.000000047E-003 0.000000000E+000 0.000000000E+000 0.000000000E+000 0.000000000E+000 0.000000000E+000 0.000000000E+000 -1.000000047E-003 -2.671912432E+000
 1.299999952E+000 -6.401200104E+001 -1.000000047E-003 0.000000000E+000 0.000000000E+000 0.000000000E+000 0.000000000E+000 0.000000000E+000 0.000000000E+000 -1.000000047E-003 -2.670557976E+000
 1.350000024E+000 -6.395100021E+001 -1.000000047E-003 0.000000000E+000 0.000000000E+000 0.000000000E+000 0.000000000E+000 0.000000000E+000 0.000000000E+000 -1.000000047E-003 -2.669246435E+000
 1.399999976E+000 -6.388899994E+001 -1.000000047E-003 0.000000000E+000 0.000000000E+000 0.000000000E+000 0.000000000E+000 0.000000000E+000 0.000000000E+000 -1.000000047E-003 -2.667913437E+000
 1.450000048E+000 -6.382699966E+001 -1.000000047E-003 0.000000000E+000 0.000000000E+000 0.000000000E+000 0.000000000E+000 0.000000000E+000 0.000000000E+000 -1.000000047E-003 -2.666580439E+000
 1.500000000E+000 -6.376599884E+001 -1.000000047E-003 0.000000000E+000 0.000000000E+000 0.000000000E+000 0.000000000E+000 0.000000000E+000 0.000000000E+000 -1.000000047E-003 -2.665268898E+000
 1.549999952E+000 -6.370500183E+001 -1.000000047E-003 0.000000000E+000 0.000000000E+000 0.000000000E+000 0.000000000E+000 0.000000000E+000 0.000000000E+000 -1.000000047E-003 -2.663957596E+000
 1.600000024E+000 -6.364400101E+001 -1.000000047E-003 0.000000000E+000 0.000000000E+000 0.000000000E+000 0.000000000E+000 0.000000000E+000 0.000000000E+000 -1.000000047E-003 -2.662646055E+000
 1.649999976E+000 -6.358399963E+001 -1.000000047E-003 0.000000000E+000 0.000000000E+000 0.000000000E+000 0.000000000E+000 0.000000000E+000 0.000000000E+000 -1.000000047E-003 -2.661355972E+000
 1.700000048E+000 -6.352299881E+001 -1.000000047E-003 0.000000000E+000 0.000000000E+000 0.000000000E+000 0.000000000E+000 0.000000000E+000 0.000000000E+000 -1.000000047E-003 -2.660044432E+000
 1.750000000E+000 -6.346300125E+001 -1.000000047E-003 0.000000000E+000 0.000000000E+000 0.000000000E+000 0.000000000E+000 0.000000000E+000 0.000000000E+000 -1.000000047E-003 -2.658754587E+000
 1.799999952E+000 -6.340299988E+001 -1.000000047E-003 0.000000000E+000 0.000000000E+000 0.000000000E+000 0.000000000E+000 0.000000000E+000 0.000000000E+000 -1.000000047E-003 -2.657464504E+000
 1.850000024E+000 -6.334299850E+001 -1.000000047E-003 0.000000000E+000 0.000000000E+000 0.000000000E+000 0.000000000E+000 0.000000000E+000 0.000000000E+000 -1.000000047E-003 -2.656174421E+000
 1.899999976E+000 -6.328400040E+001 -1.000000047E-003 0.000000000E+000 0.000000000E+000 0.000000000E+000 0.000000000E+000 0.000000000E+000 0.000000000E+000 -1.000000047E-003 -2.654906034E+000
 1.950000048E+000 -6.322399902E+001 -1.000000047E-003 0.000000000E+000 0.000000000E+000 0.000000000E+000 0.000000000E+000 0.000000000E+000 0.000000000E+000 -1.000000047E-003 -2.653615952E+000
 2.000000000E+000 -6.316500092E+001 -1.000000047E-003 0.000000000E+000 0.000000000E+000 0.000000000E+000 0.000000000E+000 0.000000000E+000 0.000000000E+000 -1.000000047E-003 -2.652347565E+000
 2.049999952E+000 -6.310599899E+001 -1.000000047E-003 0.000000000E+000 0.000000000E+000 0.000000000E+000 0.000000000E+000 0.000000000E+000 0.000000000E+000 -1.000000047E-003 -2.651078939E+000
 2.099999905E+000 -6.304800034E+001 -1.000000047E-003 0.000000000E+000 0.000000000E+000 0.000000000E+000 0.000000000E+000 0.000000000E+000 0.000000000E+000 -1.000000047E-003 -2.649832010E+000
 2.150000095E+000 -6.298899841E+001 -1.000000047E-003 0.000000000E+000 0.000000000E+000 0.000000000E+000 0.000000000E+000 0.000000000E+000 0.000000000E+000 -1.000000047E-003 -2.648563385E+000
 2.200000048E+000 -6.293099976E+001 -1.000000047E-003 0.000000000E+000 0.000000000E+000 0.000000000E+000 0.000000000E+000 0.000000000E+000 0.000000000E+000 -1.000000047E-003 -2.647316456E+000
 2.250000000E+000 -6.287300110E+001 -1.000000047E-003 0.000000000E+000 0.000000000E+000 0.000000000E+000 0.000000000E+000 0.000000000E+000 0.000000000E+000 -1.000000047E-003 -2.646069527E+000
 2.299999952E+000 -6.281499863E+001 -1.000000047E-003 0.000000000E+000 0.000000000E+000 0.000000000E+000 0.000000000E+000 0.000000000E+000 0.000000000E+000 -1.000000047E-003 -2.644822359E+000
 2.349999905E+000 -6.275699997E+001 -1.000000047E-003 0.000000000E+000 0.000000000E+000 0.000000000E+000 0.000000000E+000 0.000000000E+000 0.000000000E+000 -1.000000047E-003 -2.643575430E+000
 2.400000095E+000 -6.269900131E+001 -1.000000047E-003 0.000000000E+000 0.000000000E+000 0.000000000E+000 0.000000000E+000 0.000000000E+000 0.000000000E+000 -1.000000047E-003 -2.642328501E+000
 2.450000048E+000 -6.264199829E+001 -1.000000047E-003 0.000000000E+000 0.000000000E+000 0.000000000E+000 0.000000000E+000 0.000000000E+000 0.000000000E+000 -1.000000047E-003 -2.641103029E+000
 2.500000000E+000 -6.258499908E+001 -1.000000047E-003 0.000000000E+000 0.000000000E+000 0.000000000E+000 0.000000000E+000 0.000000000E+000 0.000000000E+000 -1.000000047E-003 -2.639877558E+000
 2.549999952E+000 -6.252799988E+001 -1.000000047E-003 0.000000000E+000 0.000000000E+000 0.000000000E+000 0.000000000E+000 0.000000000E+000 0.000000000E+000 -1.000000047E-003 -2.638652086E+000
 2.599999905E+000 -6.247100067E+001 -1.000000047E-003 0.000000000E+000 0.000000000E+000 0.000000000E+000 0.000000000E+000 0.000000000E+000 0.000000000E+000 -1.000000047E-003 -2.637426615E+000
 2.650000095E+000 -6.241500092E+001 -1.000000047E-003 0.000000000E+000 0.000000000E+000 0.000000000E+000 0.000000000E+000 0.000000000E+000 0.000000000E+000 -1.000000047E-003 -2.636222601E+000
 2.700000048E+000 -6.235900116E+001 -1.000000047E-003 0.000000000E+000 0.000000000E+000 0.000000000E+000 0.000000000E+000 0.000000000E+000 0.000000000E+000 -1.000000047E-003 -2.635018587E+000
 2.750000000E+000 -6.230199814E+001 -1.000000047E-003 0.000000000E+000 0.000000000E+000 0.000000000E+000 0.000000000E+000 0.000000000E+000 0.000000000E+000 -1.000000047E-003 -2.633792877E+000
 2.799999952E+000 -6.224599838E+001 -1.000000047E-003 0.000000000E+000 0.000000000E+000 0.000000000E+000 0.000000000E+000 0.000000000E+000 0.000000000E+000 -1.000000047E-003 -2.632588863E+000
 2.849999905E+000 -6.219100189E+001 -1.000000047E-003 0.000000000E+000 0.000000000E+000 0.000000000E+000 0.000000000E+000 0.000000000E+000 0.000000000E+000 -1.000000047E-003 -2.631406546E+000
 2.900000095E+000 -6.213499832E+001 -1.000000047E-003 0.000000000E+000 0.000000000E+000 0.000000000E+000 0.000000000E+000 0.000000000E+000 0.000000000E+000 -1.000000047E-003 -2.630202532E+000
 2.950000048E+000 -6.208000183E+001 -1.000000047E-003 0.000000000E+000 0.000000000E+000 0.000000000E+000 0.000000000E+000 0.000000000E+000 0.000000000E+000 -1.000000047E-003 -2.629019976E+000
 3.000000000E+000 -6.202500153E+001 -1.000000047E-003 0.000000000E+000 0.000000000E+000 0.000000000E+000 0.000000000E+000 0.000000000E+000 0.000000000E+000 -1.000000047E-003 -2.627837420E+000
 3.049999952E+000 -6.197000122E+001 -1.000000047E-003 0.000000000E+000 0.000000000E+000 0.000000000E+000 0.000000000E+000 0.000000000E+000 0.000000000E+000 -1.000000047E-003 -2.626655102E+000
 3.099999905E+000 -6.191500092E+001 -1.000000047E-003 0.000000000E+000 0.000000000E+000 0.000000000E+000 0.000000000E+000 0.000000000E+000 0.000000000E+000 -1.000000047E-003 -2.625472546E+000
 3.150000095E+000 -6.186000061E+001 -1.000000047E-003 0.000000000E+000 0.000000000E+000 0.000000000E+000 0.000000000E+000 0.000000000E+000 0.000000000E+000 -1.000000047E-003 -2.624289989E+000
 3.200000048E+000 -6.180599976E+001 -1.000000047E-003 0.000000000E+000 0.000000000E+000 0.000000000E+000 0.000000000E+000 0.000000000E+000 0.000000000E+000 -1.000000047E-003 -2.623128891E+000
 3.250000000E+000 -6.175199890E+001 -1.000000047E-003 0.000000000E+000 0.000000000E+000 0.000000000E+000 0.000000000E+000 0.000000000E+000 0.000000000E+000 -1.000000047E-003 -2.621968031E+000
 3.299999952E+000 -6.169800186E+001 -1.000000047E-003 0.000000000E+000 0.000000000E+000 0.000000000E+000 0.000000000E+000 0.000000000E+000 0.000000000E+000 -1.000000047E-003 -2.620806932E+000
 3.349999905E+000 -6.164400101E+001 -1.000000047E-003 0.000000000E+000 0.000000000E+000 0.000000000E+000 0.000000000E+000 0.000000000E+000 0.000000000E+000 -1.000000047E-003 -2.619646072E+000
 3.400000095E+000 -6.159000015E+001 -1.000000047E-003 0.000000000E+000 0.000000000E+000 0.000000000E+000 0.000000000E+000 0.000000000E+000 0.000000000E+000 -1.000000047E-003 -2.618484974E+000
 3.450000048E+000 -6.153699875E+001 -1.000000047E-003 0.000000000E+000 0.000000000E+000 0.000000000E+000 0.000000000E+000 0.000000000E+000 0.000000000E+000 -1.000000047E-003 -2.617345572E+000
 3.500000000E+000 -6.148400116E+001 -1.000000047E-003 0.000000000E+000 0.000000000E+000 0.000000000E+000 0.000000000E+000 0.000000000E+000 0.000000000E+000 -1.000000047E-003 -2.616205931E+000
 3.549999952E+000 -6.143099976E+001 -1.000000047E-003 0.000000000E+000 0.000000000E+000 0.000000000E+000 0.000000000E+000 0.000000000E+000 0.000000000E+000 -1.000000047E-003 -2.615066528E+000
 3.599999905E+000 -6.137799835E+001 -1.000000047E-003 0.000000000E+000 0.000000000E+000 0.000000000E+000 0.000000000E+000 0.000000000E+000 0.000000000E+000 -1.000000047E-003 -2.613926888E+000
 3.650000095E+000 -6.132500076E+001 -1.000000047E-003 0.000000000E+000 0.000000000E+000 0.000000000E+000 0.000000000E+000 0.000000000E+000 0.000000000E+000 -1.000000047E-003 -2.612787485E+000
 3.700000048E+000 -6.127199936E+001 -1.000000047E-003 0.000000000E+000 0.000000000E+000 0.000000000E+000 0.000000000E+000 0.000000000E+000 0.000000000E+000 -1.000000047E-003 -2.611648083E+000
 3.750000000E+000 -6.122000122E+001 -1.000000047E-003 0.000000000E+000 0.000000000E+000 0.000000000E+000 0.000000000E+000 0.000000000E+000 0.000000000E+000 -1.000000047E-003 -2.610530138E+000
 3.799999952E+000 -6.116799927E+001 -1.000000047E-003 0.000000000E+000 0.000000000E+000 0.000000000E+000 0.000000000E+000 0.000000000E+000 0.000000000E+000 -1.000000047E-003 -2.609411955E+000
 3.849999905E+000 -6.111600113E+001 -1.000000047E-003 0.000000000E+000 0.000000000E+000 0.000000000E+000 0.000000000E+000 0.000000000E+000 0.000000000E+000 -1.000000047E-003 -2.608294010E+000
 3.900000095E+000 -6.106399918E+001 -1.000000047E-003 0.000000000E+000 0.000000000E+000 0.000000000E+000 0.000000000E+000 0.000000000E+000 0.000000000E+000 -1.000000047E-003 -2.607176065E+000
 3.950000048E+000 -6.101300049E+001 -1.000000047E-003 0.000000000E+000 0.000000000E+000 0.000000000E+000 0.000000000E+000 0.000000000E+000 0.000000000E+000 -1.000000047E-003 -2.606079578E+000
 4.000000000E+000 -6.096099854E+001 -1.000000047E-003 0.000000000E+000 0.000000000E+000 0.000000000E+000 0.000000000E+000 0.000000000E+000 0.000000000E+000 -1.000000047E-003 -2.604961395E+000
 4.050000191E+000 -6.090999985E+001 -1.000000047E-003 0.000000000E+000 0.000000000E+000 0.000000000E+000 0.000000000E+000 0.000000000E+000 0.000000000E+000 -1.000000047E-003 -2.603864908E+000
 4.099999905E+000 -6.085900116E+001 -1.000000047E-003 0.000000000E+000 0.000000000E+000 0.000000000E+000 0.000000000E+000 0.000000000E+000 0.000000000E+000 -1.000000047E-003 -2.602768421E+000
 4.150000095E+000 -6.080799866E+001 -1.000000047E-003 0.000000000E+000 0.000000000E+000 0.000000000E+000 0.000000000E+000 0.000000000E+000 0.000000000E+000 -1.000000047E-003 -2.601671934E+000
 4.199999809E+000 -6.075699997E+001 -1.000000047E-003 0.000000000E+000 0.000000000E+000 0.000000000E+000 0.000000000E+000 0.000000000E+000 0.000000000E+000 -1.000000047E-003 -2.600575447E+000
 4.250000000E+000 -6.070700073E+001 -1.000000047E-003 0.000000000E+000 0.000000000E+000 0.000000000E+000 0.000000000E+000 0.000000000E+000 0.000000000E+000 -1.000000047E-003 -2.599500418E+000
 4.300000191E+000 -6.065599823E+001 -1.000000047E-003 0.000000000E+000 0.000000000E+000 0.000000000E+000 0.000000000E+000 0.000000000E+000 0.000000000E+000 -1.000000047E-003 -2.598403931E+000
 4.349999905E+000 -6.060599899E+001 -1.000000047E-003 0.000000000E+000 0.000000000E+000 0.000000000E+000 0.000000000E+000 0.000000000E+000 0.000000000E+000 -1.000000047E-003 -2.597328901E+000
 4.400000095E+000 -6.055599976E+001 -1.000000047E-003 0.000000000E+000 0.000000000E+000 0.000000000E+000 0.000000000E+000 0.000000000E+000 0.000000000E+000 -1.000000047E-003 -2.596254110E+000
 4.449999809E+000 -6.050600052E+001 -1.000000047E-003 0.000000000E+000 0.000000000E+000 0.000000000E+000 0.000000000E+000 0.000000000E+000 0.000000000E+000 -1.000000047E-003 -2.595179081E+000
 4.500000000E+000 -6.045600128E+001 -1.000000047E-003 0.000000000E+000 0.000000000E+000 0.000000000E+000 0.000000000E+000 0.000000000E+000 0.000000000E+000 -1.000000047E-003 -2.594104052E+000
 4.550000191E+000 -6.040700150E+001 -1.000000047E-003 0.000000000E+000 0.000000000E+000 0.000000000E+000 0.000000000E+000 0.000000000E+000 0.000000000E+000 -1.000000047E-003 -2.593050480E+000
 4.599999905E+000 -6.035699844E+001 -1.000000047E-003 0.000000000E+000 0.000000000E+000 0.000000000E+000 0.000000000E+000 0.000000000E+000 0.000000000E+000 -1.000000047E-003 -2.591975451E+000
 4.650000095E+000 -6.030799866E+001 -1.000000047E-003 0.000000000E+000 0.000000000E+000 0.000000000E+000 0.000000000E+000 0.000000000E+000 0.000000000E+000 -1.000000047E-003 -2.590921879E+000
 4.699999809E+000 -6.025899887E+001 -1.000000047E-003 0.000000000E+000 0.000000000E+000 0.000000000E+000 0.000000000E+000 0.000000000E+000 0.000000000E+000 -1.000000047E-003 -2.589868546E+000
 4.750000000E+000 -6.020999908E+001 -1.000000047E-003 0.000000000E+000 0.000000000E+000 0.000000000E+000 0.000000000E+000 0.000000000E+000 0.000000000E+000 -1.000000047E-003 -2.588814974E+000
 4.800000191E+000 -6.016199875E+001 -1.000000047E-003 0.000000000E+000 0.000000000E+000 0.000000000E+000 0.000000000E+000 0.000000000E+000 0.000000000E+000 -1.000000047E-003 -2.587782860E+000
 4.849999905E+000 -6.011299896E+001 -1.000000047E-003 0.000000000E+000 0.000000000E+000 0.000000000E+000 0.000000000E+000 0.000000000E+000 0.000000000E+000 -1.000000047E-003 -2.586729527E+000
 4.900000095E+000 -6.006499863E+001 -1.000000047E-003 0.000000000E+000 0.000000000E+000 0.000000000E+000 0.000000000E+000 0.000000000E+000 0.000000000E+000 -1.000000047E-003 -2.585697412E+000
 4.949999809E+000 -6.001599884E+001 -1.000000047E-003 0.000000000E+000 0.000000000E+000 0.000000000E+000 0.000000000E+000 0.000000000E+000 0.000000000E+000 -1.000000047E-003 -2.584644079E+000
 5.000000000E+000 -5.996799850E+001 -1.000000047E-003 0.000000000E+000 0.000000000E+000 0.000000000E+000 0.000000000E+000 0.000000000E+000 0.000000000E+000 -1.000000047E-003 -2.583611965E+000
 5.050000191E+000 -5.991999817E+001 -1.000000047E-003 0.000000000E+000 0.000000000E+000 0.000000000E+000 0.000000000E+000 0.000000000E+000 0.000000000E+000 -1.000000047E-003 -2.582579851E+000
 5.099999905E+000 -5.987300110E+001 -1.000000047E-003 0.000000000E+000 0.000000000E+000 0.000000000E+000 0.000000000E+000 0.000000000E+000 0.000000000E+000 -1.000000047E-003 -2.581569433E+000
 5.150000095E+000 -5.982500076E+001 -1.000000047E-003 0.000000000E+000 0.000000000E+000 0.000000000E+000 0.000000000E+000 0.000000000E+000 0.000000000E+000 -1.000000047E-003 -2.580537558E+000
 5.199999809E+000 -5.977799988E+001 -1.000000047E-003 0.000000000E+000 0.000000000E+000 0.000000000E+000 0.000000000E+000 0.000000000E+000 0.000000000E+000 -1.000000047E-003 -2.579526901E+000
 5.250000000E+000 -5.972999954E+001 -1.000000047E-003 0.000000000E+000 0.000000000E+000 0.000000000E+000 0.000000000E+000 0.000000000E+000 0.000000000E+000 -1.000000047E-003 -2.578495026E+000
 5.300000191E+000 -5.968299866E+001 -1.000000047E-003 0.000000000E+000 0.000000000E+000 0.000000000E+000 0.000000000E+000 0.000000000E+000 0.000000000E+000 -1.000000047E-003 -2.577484369E+000
 5.349999905E+000 -5.963600159E+001 -1.000000047E-003 0.000000000E+000 0.000000000E+000 0.000000000E+000 0.000000000E+000 0.000000000E+000 0.000000000E+000 -1.000000047E-003 -2.576473951E+000
 5.400000095E+000 -5.958900070E+001 -1.000000047E-003 0.000000000E+000 0.000000000E+000 0.000000000E+000 0.000000000E+000 0.000000000E+000 0.000000000E+000 -1.000000047E-003 -2.575463533E+000
 5.449999809E+000 -5.954299927E+001 -1.000000047E-003 0.000000000E+000 0.000000000E+000 0.000000000E+000 0.000000000E+000 0.000000000E+000 0.000000000E+000 -1.000000047E-003 -2.574474573E+000
 5.500000000E+000 -5.949599838E+001 -1.000000047E-003 0.000000000E+000 0.000000000E+000 0.000000000E+000 0.000000000E+000 0.000000000E+000 0.000000000E+000 -1.000000047E-003 -2.573463917E+000
 5.550000191E+000 -5.945000076E+001 -1.000000047E-003 0.000000000E+000 0.000000000E+000 0.000000000E+000 0.000000000E+000 0.000000000E+000 0.000000000E+000 -1.000000047E-003 -2.572474957E+000
 5.599999905E+000 -5.940299988E+001 -1.000000047E-003 0.000000000E+000 0.000000000E+000 0.000000000E+000 0.000000000E+000 0.000000000E+000 0.000000000E+000 -1.000000047E-003 -2.571464539E+000
 5.650000095E+000 -5.935699844E+001 -1.000000047E-003 0.000000000E+000 0.000000000E+000 0.000000000E+000 0.000000000E+000 0.000000000E+000 0.000000000E+000 -1.000000047E-003 -2.570475578E+000
 5.699999809E+000 -5.931100082E+001 -1.000000047E-003 0.000000000E+000 0.000000000E+000 0.000000000E+000 0.000000000E+000 0.000000000E+000 0.000000000E+000 -1.000000047E-003 -2.569486618E+000
 5.750000000E+000 -5.926499939E+001 -1.000000047E-003 0.000000000E+000 0.000000000E+000 0.000000000E+000 0.000000000E+000 0.000000000E+000 0.000000000E+000 -1.000000047E-003 -2.568497419E+000
 5.800000191E+000 -5.922000122E+001 -1.000000047E-003 0.000000000E+000 0.000000000E+000 0.000000000E+000 0.000000000E+000 0.000000000E+000 0.000000000E+000 -1.000000047E-003 -2.567529917E+000
 5.849999905E+000 -5.917399979E+001 -1.000000047E-003 0.000000000E+000 0.000000000E+000 0.000000000E+000 0.000000000E+000 0.000000000E+000 0.000000000E+000 -1.000000047E-003 -2.566540956E+000
 5.900000095E+000 -5.912900162E+001 -1.000000047E-003 0.000000000E+000 0.000000000E+000 0.000000000E+000 0.000000000E+000 0.000000000E+000 0.000000000E+000 -1.000000047E-003 -2.565573454E+000
 5.949999809E+000 -5.908300018E+001 -1.000000047E-003 0.000000000E+000 0.000000000E+000 0.000000000E+000 0.000000000E+000 0.000000000E+000 0.000000000E+000 -1.000000047E-003 -2.564584494E+000
 6.000000000E+000 -5.903799820E+001 -1.000000047E-003 0.000000000E+000 0.000000000E+000 0.000000000E+000 0.000000000E+000 0.000000000E+000 0.000000000E+000 -1.000000047E-003 -2.563616991E+000
 6.050000191E+000 -5.899300003E+001 -1.000000047E-003 0.000000000E+000 0.000000000E+000 0.000000000E+000 0.000000000E+000 0.000000000E+000 0.000000000E+000 -1.000000047E-003 -2.562649488E+000
 6.099999905E+000 -5.894800186E+001 -1.000000047E-003 0.000000000E+000 0.000000000E+000 0.000000000E+000 0.000000000E+000 0.000000000E+000 0.000000000E+000 -1.000000047E-003 -2.561681986E+000
 6.150000095E+000 -5.890299988E+001 -1.000000047E-003 0.000000000E+000 0.000000000E+000 0.000000000E+000 0.000000000E+000 0.000000000E+000 0.000000000E+000 -1.000000047E-003 -2.560714483E+000
 6.199999809E+000 -5.885900116E+001 -1.000000047E-003 0.000000000E+000 0.000000000E+000 0.000000000E+000 0.000000000E+000 0.000000000E+000 0.000000000E+000 -1.000000047E-003 -2.559768438E+000
 6.250000000E+000 -5.881399918E+001 -1.000000047E-003 0.000000000E+000 0.000000000E+000 0.000000000E+000 0.000000000E+000 0.000000000E+000 0.000000000E+000 -1.000000047E-003 -2.558800936E+000
 6.300000191E+000 -5.877000046E+001 -1.000000047E-003 0.000000000E+000 0.000000000E+000 0.000000000E+000 0.000000000E+000 0.000000000E+000 0.000000000E+000 -1.000000047E-003 -2.557854891E+000
 6.349999905E+000 -5.872499847E+001 -1.000000047E-003 0.000000000E+000 0.000000000E+000 0.000000000E+000 0.000000000E+000 0.000000000E+000 0.000000000E+000 -1.000000047E-003 -2.556887388E+000
 6.400000095E+000 -5.868099976E+001 -1.000000047E-003 0.000000000E+000 0.000000000E+000 0.000000000E+000 0.000000000E+000 0.000000000E+000 0.000000000E+000 -1.000000047E-003 -2.555941582E+000
 6.449999809E+000 -5.863700104E+001 -1.000000047E-003 0.000000000E+000 0.000000000E+000 0.000000000E+000 0.000000000E+000 0.000000000E+000 0.000000000E+000 -1.000000047E-003 -2.554995537E+000
 6.500000000E+000 -5.859299850E+001 -1.000000047E-003 0.000000000E+000 0.000000000E+000 0.000000000E+000 0.000000000E+000 0.000000000E+000 0.000000000E+000 -1.000000047E-003 -2.554049492E+000
 6.550000191E+000 -5.854899979E+001 -1.000000047E-003 0.000000000E+000 0.000000000E+000 0.000000000E+000 0.000000000E+000 0.000000000E+000 0.000000000E+000 -1.000000047E-003 -2.553103447E+000
 6.599999905E+000 -5.850500107E+001 -1.000000047E-003 0.000000000E+000 0.000000000E+000 0.000000000E+000 0.000000000E+000 0.000000000E+000 0.000000000E+000 -1.000000047E-003 -2.552157640E+000
 6.650000095E+000 -5.846099854E+001 -1.000000047E-003 0.000000000E+000 0.000000000E+000 0.000000000E+000 0.000000000E+000 0.000000000E+000 0.000000000E+000 -1.000000047E-003 -2.551211357E+000
 6.699999809E+000 -5.841799927E+001 -1.000000047E-003 0.000000000E+000 0.000000000E+000 0.000000000E+000 0.000000000E+000 0.000000000E+000 0.000000000E+000 -1.000000047E-003 -2.550287008E+000
 6.750000000E+000 -5.837400055E+001 -1.000000047E-003 0.000000000E+000 0.000000000E+000 0.000000000E+000 0.000000000E+000 0.000000000E+000 0.000000000E+000 -1.000000047E-003 -2.549340963E+000
 6.800000191E+000 -5.833100128E+001 -1.000000047E-003 0.000000000E+000 0.000000000E+000 0.000000000E+000 0.000000000E+000 0.000000000E+000 0.000000000E+000 -1.000000047E-003 -2.548416615E+000
 6.849999905E+000 -5.828699875E+001 -1.000000047E-003 0.000000000E+000 0.000000000E+000 0.000000000E+000 0.000000000E+000 0.000000000E+000 0.000000000E+000 -1.000000047E-003 -2.547470570E+000
 6.900000095E+000 -5.824399948E+001 -1.000000047E-003 0.000000000E+000 0.000000000E+000 0.000000000E+000 0.000000000E+000 0.000000000E+000 0.000000000E+000 -1.000000047E-003 -2.546545982E+000
 6.949999809E+000 -5.820100021E+001 -1.000000047E-003 0.000000000E+000 0.000000000E+000 0.000000000E+000 0.000000000E+000 0.000000000E+000 0.000000000E+000 -1.000000047E-003 -2.545621395E+000
 7.000000000E+000 -5.815700150E+001 -1.000000047E-003 0.000000000E+000 0.000000000E+000 0.000000000E+000 0.000000000E+000 0.000000000E+000 0.000000000E+000 -1.000000047E-003 -2.544675589E+000
 7.050000191E+000 -5.811399841E+001 -1.000000047E-003 0.000000000E+000 0.000000000E+000 0.000000000E+000 0.000000000E+000 0.000000000E+000 0.000000000E+000 -1.000000047E-003 -2.543751001E+000
 7.099999905E+000 -5.807099915E+001 -1.000000047E-003 0.000000000E+000 0.000000000E+000 0.000000000E+000 0.000000000E+000 0.000000000E+000 0.000000000E+000 -1.000000047E-003 -2.542826414E+000
 7.150000095E+000 -5.802799988E+001 -1.000000047E-003 0.000000000E+000 0.000000000E+000 0.000000000E+000 0.000000000E+000 0.000000000E+000 0.000000000E+000 -1.000000047E-003 -2.541902065E+000
 7.199999809E+000 -5.798500061E+001 -1.000000047E-003 0.000000000E+000 0.000000000E+000 0.000000000E+000 0.000000000E+000 0.000000000E+000 0.000000000E+000 -1.000000047E-003 -2.540977478E+000
 7.250000000E+000 -5.794300079E+001 -1.000000047E-003 0.000000000E+000 0.000000000E+000 0.000000000E+000 0.000000000E+000 0.000000000E+000 0.000000000E+000 -1.000000047E-003 -2.540074587E+000
 7.300000191E+000 -5.790000153E+001 -1.000000047E-003 0.000000000E+000 0.000000000E+000 0.000000000E+000 0.000000000E+000 0.000000000E+000 0.000000000E+000 -1.000000047E-003 -2.539150000E+000
 7.349999905E+000 -5.785699844E+001 -1.000000047E-003 0.000000000E+000 0.000000000E+000 0.000000000E+000 0.000000000E+000 0.000000000E+000 0.000000000E+000 -1.000000047E-003 -2.538225412E+000
 7.400000095E+000 -5.781399918E+001 -1.000000047E-003 0.000000000E+000 0.000000000E+000 0.000000000E+000 0.000000000E+000 0.000000000E+000 0.000000000E+000 -1.000000047E-003 -2.537301064E+000
 7.449999809E+000 -5.777099991E+001 -1.000000047E-003 0.000000000E+000 0.000000000E+000 0.000000000E+000 0.000000000E+000 0.000000000E+000 0.000000000E+000 -1.000000047E-003 -2.536376476E+000
 7.500000000E+000 -5.772900009E+001 -1.000000047E-003 0.000000000E+000 0.000000000E+000 0.000000000E+000 0.000000000E+000 0.000000000E+000 0.000000000E+000 -1.000000047E-003 -2.535473585E+000
 7.550000191E+000 -5.768600082E+001 -1.000000047E-003 0.000000000E+000 0.000000000E+000 0.000000000E+000 0.000000000E+000 0.000000000E+000 0.000000000E+000 -1.000000047E-003 -2.534548998E+000
 7.599999905E+000 -5.764300156E+001 -1.000000047E-003 0.000000000E+000 0.000000000E+000 0.000000000E+000 0.000000000E+000 0.000000000E+000 0.000000000E+000 -1.000000047E-003 -2.533624649E+000
 7.650000095E+000 -5.760100174E+001 -1.000000047E-003 0.000000000E+000 0.000000000E+000 0.000000000E+000 0.000000000E+000 0.000000000E+000 0.000000000E+000 -1.000000047E-003 -2.532721519E+000
 7.699999809E+000 -5.755799866E+001 -1.000000047E-003 0.000000000E+000 0.000000000E+000 0.000000000E+000 0.000000000E+000 0.000000000E+000 0.000000000E+000 -1.000000047E-003 -2.531796932E+000
 7.750000000E+000 -5.751499939E+001 -1.000000047E-003 0.000000000E+000 0.000000000E+000 0.000000000E+000 0.000000000E+000 0.000000000E+000 0.000000000E+000 -1.000000047E-003 -2.530872583E+000
 7.800000191E+000 -5.747299957E+001 -1.000000047E-003 0.000000000E+000 0.000000000E+000 0.000000000E+000 0.000000000E+000 0.000000000E+000 0.000000000E+000 -1.000000047E-003 -2.529969454E+000
 7.849999905E+000 -5.743000031E+001 -1.000000047E-003 0.000000000E+000 0.000000000E+000 0.000000000E+000 0.000000000E+000 0.000000000E+000 0.000000000E+000 -1.000000047E-003 -2.529045105E+000
 7.900000095E+000 -5.738700104E+001 -1.000000047E-003 0.000000000E+000 0.000000000E+000 0.000000000E+000 0.000000000E+000 0.000000000E+000 0.000000000E+000 -1.000000047E-003 -2.528120518E+000
 7.949999809E+000 -5.734400177E+001 -1.000000047E-003 0.000000000E+000 0.000000000E+000 0.000000000E+000 0.000000000E+000 0.000000000E+000 0.000000000E+000 -1.000000047E-003 -2.527195930E+000
 8.000000000E+000 -5.730099869E+001 -1.000000047E-003 0.000000000E+000 0.000000000E+000 0.000000000E+000 0.000000000E+000 0.000000000E+000 0.000000000E+000 -1.000000047E-003 -2.526271582E+000
 8.050000191E+000 -5.725799942E+001 -1.000000047E-003 0.000000000E+000 0.000000000E+000 0.000000000E+000 0.000000000E+000 0.000000000E+000 0.000000000E+000 -1.000000047E-003 -2.525346994E+000
 8.100000381E+000 -5.721500015E+001 -1.000000047E-003 0.000000000E+000 0.000000000E+000 0.000000000E+000 0.000000000E+000 0.000000000E+000 0.000000000E+000 -1.000000047E-003 -2.524422407E+000
 8.149999619E+000 -5.717200089E+001 -1.000000047E-003 0.000000000E+000 0.000000000E+000 0.000000000E+000 0.000000000E+000 0.000000000E+000 0.000000000E+000 -1.000000047E-003 -2.523498058E+000
 8.199999809E+000 -5.712900162E+001 -1.000000047E-003 0.000000000E+000 0.000000000E+000 0.000000000E+000 0.000000000E+000 0.000000000E+000 0.000000000E+000 -1.000000047E-003 -2.522573471E+000
 8.250000000E+000 -5.708599854E+001 -1.000000047E-003 0.000000000E+000 0.000000000E+000 0.000000000E+000 0.000000000E+000 0.000000000E+000 0.000000000E+000 -1.000000047E-003 -2.521648884E+000
 8.300000191E+000 -5.704199982E+001 -1.000000047E-003 0.000000000E+000 0.000000000E+000 0.000000000E+000 0.000000000E+000 0.000000000E+000 0.000000000E+000 -1.000000047E-003 -2.520703077E+000
 8.350000381E+000 -5.699800110E+001 -1.000000047E-003 0.000000000E+000 0.000000000E+000 0.000000000E+000 0.000000000E+000 0.000000000E+000 0.000000000E+000 -1.000000047E-003 -2.519757032E+000
 8.399999619E+000 -5.695500183E+001 -1.000000047E-003 0.000000000E+000 0.000000000E+000 0.000000000E+000 0.000000000E+000 0.000000000E+000 0.000000000E+000 -1.000000047E-003 -2.518832445E+000
 8.449999809E+000 -5.691099930E+001 -1.000000047E-003 0.000000000E+000 0.000000000E+000 0.000000000E+000 0.000000000E+000 0.000000000E+000 0.000000000E+000 -1.000000047E-003 -2.517886400E+000
 8.500000000E+000 -5.686700058E+001 -1.000000047E-003 0.000000000E+000 0.000000000E+000 0.000000000E+000 0.000000000E+000 0.000000000E+000 0.000000000E+000 -1.000000047E-003 -2.516940594E+000
 8.550000191E+000 -5.682199860E+001 -1.000000047E-003 0.000000000E+000 0.000000000E+000 0.000000000E+000 0.000000000E+000 0.000000000E+000 0.000000000E+000 -1.000000047E-003 -2.515972853E+000
 8.600000381E+000 -5.677799988E+001 -1.000000047E-003 0.000000000E+000 0.000000000E+000 0.000000000E+000 0.000000000E+000 0.000000000E+000 0.000000000E+000 -1.000000047E-003 -2.515027046E+000
 8.649999619E+000 -5.673300171E+001 -1.000000047E-003 0.000000000E+000 0.000000000E+000 0.000000000E+000 0.000000000E+000 0.000000000E+000 0.000000000E+000 -1.000000047E-003 -2.514059544E+000
 8.699999809E+000 -5.668799973E+001 -1.000000047E-003 0.000000000E+000 0.000000000E+000 0.000000000E+000 0.000000000E+000 0.000000000E+000 0.000000000E+000 -1.000000047E-003 -2.513092041E+000
 8.750000000E+000 -5.664300156E+001 -1.000000047E-003 0.000000000E+000 0.000000000E+000 0.000000000E+000 0.000000000E+000 0.000000000E+000 0.000000000E+000 -1.000000047E-003 -2.512124538E+000
 8.800000191E+000 -5.659700012E+001 -1.000000047E-003 0.000000000E+000 0.000000000E+000 0.000000000E+000 0.000000000E+000 0.000000000E+000 0.000000000E+000 -1.000000047E-003 -2.511135578E+000
 8.850000381E+000 -5.655099869E+001 -1.000000047E-003 0.000000000E+000 0.000000000E+000 0.000000000E+000 0.000000000E+000 0.000000000E+000 0.000000000E+000 -1.000000047E-003 -2.510146379E+000
 8.899999619E+000 -5.650500107E+001 -1.000000047E-003 0.000000000E+000 0.000000000E+000 0.000000000E+000 0.000000000E+000 0.000000000E+000 0.000000000E+000 -1.000000047E-003 -2.509157419E+000
 8.949999809E+000 -5.645899963E+001 -1.000000047E-003 0.000000000E+000 0.000000000E+000 0.000000000E+000 0.000000000E+000 0.000000000E+000 0.000000000E+000 -1.000000047E-003 -2.508168459E+000
 9.000000000E+000 -5.641199875E+001 -1.000000047E-003 0.000000000E+000 0.000000000E+000 0.000000000E+000 0.000000000E+000 0.000000000E+000 0.000000000E+000 -1.000000047E-003 -2.507158041E+000
 9.050000191E+000 -5.636399841E+001 -1.000000047E-003 0.000000000E+000 0.000000000E+000 0.000000000E+000 0.000000000E+000 0.000000000E+000 0.000000000E+000 -1.000000047E-003 -2.506125927E+000
 9.100000381E+000 -5.631600189E+001 -1.000000047E-003 0.000000000E+000 0.000000000E+000 0.000000000E+000 0.000000000E+000 0.000000000E+000 0.000000000E+000 -1.000000047E-003 -2.505094051E+000
 9.149999619E+000 -5.626800156E+001 -1.000000047E-003 0.000000000E+000 0.000000000E+000 0.000000000E+000 0.000000000E+000 0.000000000E+000 0.000000000E+000 -1.000000047E-003 -2.504061937E+000
 9.199999809E+000 -5.621900177E+001 -1.000000047E-003 0.000000000E+000 0.000000000E+000 0.000000000E+000 0.000000000E+000 0.000000000E+000 0.000000000E+000 -1.000000047E-003 -2.503008604E+000
 9.250000000E+000 -5.616899872E+001 -1.000000047E-003 0.000000000E+000 0.000000000E+000 0.000000000E+000 0.000000000E+000 0.000000000E+000 0.000000000E+000 -1.000000047E-003 -2.501933575E+000
 9.300000191E+000 -5.611899948E+001 -1.000000047E-003 0.000000000E+000 0.000000000E+000 0.000000000E+000 0.000000000E+000 0.000000000E+000 0.000000000E+000 -1.000000047E-003 -2.500858545E+000
 9.350000381E+000 -5.606800079E+001 -1.000000047E-003 0.000000000E+000 0.000000000E+000 0.000000000E+000 0.000000000E+000 0.000000000E+000 0.000000000E+000 -1.000000047E-003 -2.499762058E+000
 9.399999619E+000 -5.601599884E+001 -1.000000047E-003 0.000000000E+000 0.000000000E+000 0.000000000E+000 0.000000000E+000 0.000000000E+000 0.000000000E+000 -1.000000047E-003 -2.498643875E+000
 9.449999809E+000 -5.596400070E+001 -1.000000047E-003 0.000000000E+000 0.000000000E+000 0.000000000E+000 0.000000000E+000 0.000000000E+000 0.000000000E+000 -1.000000047E-003 -2.497525930E+000
 9.500000000E+000 -5.591099930E+001 -1.000000047E-003 0.000000000E+000 0.000000000E+000 0.000000000E+000 0.000000000E+000 0.000000000E+000 0.000000000E+000 -1.000000047E-003 -2.496386528E+000
 9.550000191E+000 -5.585599899E+001 -1.000000047E-003 0.000000000E+000 0.000000000E+000 0.000000000E+000 0.000000000E+000 0.000000000E+000 0.000000000E+000 -1.000000047E-003 -2.495203972E+000
 9.600000381E+000 -5.580099869E+001 -1.000000047E-003 0.000000000E+000 0.000000000E+000 0.000000000E+000 0.000000000E+000 0.000000000E+000 0.000000000E+000 -1.000000047E-003 -2.494021416E+000
 9.649999619E+000 -5.574499893E+001 -1.000000047E-003 0.000000000E+000 0.000000000E+000 0.000000000E+000 0.000000000E+000 0.000000000E+000 0.000000000E+000 -1.000000047E-003 -2.492817402E+000
 9.699999809E+000 -5.568700027E+001 -1.000000047E-003 0.000000000E+000 0.000000000E+000 0.000000000E+000 0.000000000E+000 0.000000000E+000 0.000000000E+000 -1.000000047E-003 -2.491570473E+000
 9.750000000E+000 -5.562799835E+001 -1.000000047E-003 0.000000000E+000 0.000000000E+000 0.000000000E+000 0.000000000E+000 0.000000000E+000 0.000000000E+000 -1.000000047E-003 -2.490301847E+000
 9.800000191E+000 -5.556800079E+001 -1.000000047E-003 0.000000000E+000 0.000000000E+000 0.000000000E+000 0.000000000E+000 0.000000000E+000 0.000000000E+000 -1.000000047E-003 -2.489012003E+000
 9.850000381E+000 -5.550600052E+001 -1.000000047E-003 0.000000000E+000 0.000000000E+000 0.000000000E+000 0.000000000E+000 0.000000000E+000 0.000000000E+000 -1.000000047E-003 -2.487679005E+000
 9.899999619E+000 -5.544200134E+001 -1.000000047E-003 0.000000000E+000 0.000000000E+000 0.000000000E+000 0.000000000E+000 0.000000000E+000 0.000000000E+000 -1.000000047E-003 -2.486303091E+000
 9.949999809E+000 -5.537699890E+001 -1.000000047E-003 0.000000000E+000 0.000000000E+000 0.000000000E+000 0.000000000E+000 0.000000000E+000 0.000000000E+000 -1.000000047E-003 -2.484905481E+000
 1.000000000E+001 -5.530899811E+001 -1.000000047E-003 -1.000000047E-003 0.000000000E+000 0.000000000E+000 0.000000000E+000 0.000000000E+000 0.000000000E+000 0.000000000E+000 -2.483443499E+000
 1.005000019E+001 -5.523899841E+001 -1.000000047E-003 -1.000000047E-003 0.000000000E+000 0.000000000E+000 0.000000000E+000 0.000000000E+000 0.000000000E+000 0.000000000E+000 -2.481938362E+000
 1.010000038E+001 -5.516600037E+001 -1.000000047E-003 -1.000000047E-003 0.000000000E+000 0.000000000E+000 0.000000000E+000 0.000000000E+000 0.000000000E+000 0.000000000E+000 -2.480369091E+000
 1.014999962E+001 -5.509099960E+001 -1.000000047E-003 -1.000000047E-003 0.000000000E+000 0.000000000E+000 0.000000000E+000 0.000000000E+000 0.000000000E+000 0.000000000E+000 -2.478756428E+000
 1.019999981E+001 -5.501300049E+001 -1.000000047E-003 -1.000000047E-003 0.000000000E+000 0.000000000E+000 0.000000000E+000 0.000000000E+000 0.000000000E+000 0.000000000E+000 -2.477079391E+000
 1.025000000E+001 -5.493000031E+001 -1.000000047E-003 -1.000000047E-003 0.000000000E+000 0.000000000E+000 0.000000000E+000 0.000000000E+000 0.000000000E+000 0.000000000E+000 -2.475295067E+000
 1.030000019E+001 -5.484400177E+001 -1.000000047E-003 -1.000000047E-003 0.000000000E+000 0.000000000E+000 0.000000000E+000 0.000000000E+000 0.000000000E+000 0.000000000E+000 -2.473446131E+000
 1.035000038E+001 -5.475400162E+001 -1.000000047E-003 -1.000000047E-003 0.000000000E+000 0.000000000E+000 0.000000000E+000 0.000000000E+000 0.000000000E+000 0.000000000E+000 -2.471511126E+000
 1.039999962E+001 -5.465800095E+001 -1.000000047E-003 -1.000000047E-003 0.000000000E+000 0.000000000E+000 0.000000000E+000 0.000000000E+000 0.000000000E+000 0.000000000E+000 -2.469447136E+000
 1.044999981E+001 -5.455500031E+001 -1.000000047E-003 -1.000000047E-003 0.000000000E+000 0.000000000E+000 0.000000000E+000 0.000000000E+000 0.000000000E+000 0.000000000E+000 -2.467232466E+000
 1.050000000E+001 -5.444599915E+001 -2.000000095E-003 -1.000000047E-003 0.000000000E+000 0.000000000E+000 0.000000000E+000 0.000000000E+000 0.000000000E+000 -1.000000047E-003 -2.464889050E+000
 1.055000019E+001 -5.432899857E+001 -2.000000095E-003 -1.000000047E-003 0.000000000E+000 0.000000000E+000 0.000000000E+000 0.000000000E+000 0.000000000E+000 -1.000000047E-003 -2.462373495E+000
 1.060000038E+001 -5.420199966E+001 -2.000000095E-003 -1.000000047E-003 0.000000000E+000 0.000000000E+000 0.000000000E+000 0.000000000E+000 0.000000000E+000 -1.000000047E-003 -2.459642887E+000
 1.064999962E+001 -5.406299973E+001 -2.000000095E-003 -2.000000095E-003 0.000000000E+000 0.000000000E+000 0.000000000E+000 0.000000000E+000 0.000000000E+000 0.000000000E+000 -2.456654549E+000
 1.069999981E+001 -5.390900040E+001 -2.000000095E-003 -2.000000095E-003 0.000000000E+000 0.000000000E+000 0.000000000E+000 0.000000000E+000 0.000000000E+000 0.000000000E+000 -2.453343391E+000
 1.075000000E+001 -5.373799896E+001 -2.000000095E-003 -2.000000095E-003 0.000000000E+000 0.000000000E+000 0.000000000E+000 0.000000000E+000 0.000000000E+000 0.000000000E+000 -2.449666977E+000
 1.080000019E+001 -5.354399872E+001 -3.000000026E-003 -2.000000095E-003 0.000000000E+000 0.000000000E+000 0.000000000E+000 0.000000000E+000 0.000000000E+000 -9.999999311E-004 -2.445496082E+000
 1.085000038E+001 -5.331999969E+001 -3.000000026E-003 -3.000000026E-003 0.000000000E+000 0.000000000E+000 0.000000000E+000 0.000000000E+000 0.000000000E+000 0.000000000E+000 -2.440680027E+000
 1.089999962E+001 -5.305599976E+001 -4.000000190E-003 -3.000000026E-003 0.000000000E+000 0.000000000E+000 0.000000000E+000 0.000000000E+000 0.000000000E+000 -1.000000164E-003 -2.435003996E+000
 1.094999981E+001 -5.273699951E+001 -4.999999888E-003 -4.000000190E-003 0.000000000E+000 0.000000000E+000 0.000000000E+000 0.000000000E+000 0.000000000E+000 -9.999996983E-004 -2.428145409E+000
 1.100000000E+001 -5.233300018E+001 -6.000000052E-003 -4.999999888E-003 0.000000000E+000 0.000000000E+000 0.000000000E+000 0.000000000E+000 0.000000000E+000 -1.000000164E-003 -2.419459581E+000
 1.105000019E+001 -5.179700089E+001 -8.000000380E-003 -6.000000052E-003 0.000000000E+000 0.000000000E+000 0.000000000E+000 0.000000000E+000 0.000000000E+000 -2.000000328E-003 -2.407935619E+000
 1.110000038E+001 -5.102399826E+001 -1.200000010E-002 -8.999999613E-003 0.000000000E+000 0.000000000E+000 0.000000000E+000 0.000000000E+000 0.000000000E+000 -3.000000492E-003 -2.391315937E+000
 1.114999962E+001 -4.977000046E+001 -2.099999972E-002 -1.400000043E-002 0.000000000E+000 0.000000000E+000 0.000000000E+000 0.000000000E+000 0.000000000E+000 -6.999999285E-003 -2.364355087E+000
 1.119999981E+001 -4.745100021E+001 -3.900000080E-002 -2.400000021E-002 0.000000000E+000 0.000000000E+000 0.000000000E+000 0.000000000E+000 1.000000047E-003 -1.500000060E-002 -2.314496517E+000
 1.125000000E+001 -4.354999924E+001 -5.999999866E-002 -4.500000179E-002 0.000000000E+000 0.000000000E+000 0.000000000E+000 0.000000000E+000 1.000000047E-003 -1.499999687E-002 -2.230624914E+000
 1.130000019E+001 -3.859799957E+001 -7.199999690E-002 -6.400000304E-002 0.000000000E+000 0.000000000E+000 0.000000000E+000 0.000000000E+000 1.000000047E-003 -7.999993861E-003 -2.124156952E+000
 1.135000038E+001 -3.311600113E+001 -7.800000161E-002 -7.400000095E-002 0.000000000E+000 0.000000000E+000 0.000000000E+000 0.000000000E+000 1.000000047E-003 -4.000000656E-003 -2.006294012E+000
 1.139999962E+001 -2.754299927E+001 -7.800000161E-002 -7.900000364E-002 0.000000000E+000 0.000000000E+000 0.000000000E+000 0.000000000E+000 1.000000047E-003 1.000002027E-003 -1.886474490E+000
 1.144999981E+001 -2.216300011E+001 -7.400000095E-002 -7.800000161E-002 0.000000000E+000 0.000000000E+000 0.000000000E+000 0.000000000E+000 1.000000047E-003 4.000000656E-003 -1.770804524E+000
 1.150000000E+001 -1.714100075E+001 -6.899999827E-002 -7.400000095E-002 0.000000000E+000 0.000000000E+000 0.000000000E+000 0.000000000E+000 1.000000047E-003 5.000002682E-003 -1.662831545E+000
 1.155000019E+001 -1.255799961E+001 -6.199999899E-002 -6.899999827E-002 0.000000000E+000 0.000000000E+000 0.000000000E+000 0.000000000E+000 1.000000047E-003 6.999999285E-003 -1.564296961E+000
 1.160000038E+001 -8.444999695E+000 -5.600000173E-002 -6.300000101E-002 0.000000000E+000 0.000000000E+000 0.000000000E+000 0.000000000E+000 1.000000047E-003 6.999999285E-003 -1.475867510E+000
 1.164999962E+001 -4.798999786E+000 -4.899999872E-002 -5.600000173E-002 0.000000000E+000 0.000000000E+000 0.000000000E+000 0.000000000E+000 2.000000095E-003 7.000003010E-003 -1.397478461E+000
 1.169999981E+001 -1.603000045E+000 -4.300000146E-002 -5.000000075E-002 0.000000000E+000 0.000000000E+000 0.000000000E+000 0.000000000E+000 2.000000095E-003 6.999999285E-003 -1.328764558E+000
 1.175000000E+001 1.167999983E+000 -3.700000048E-002 -4.500000179E-002 1.000000047E-003 0.000000000E+000 0.000000000E+000 0.000000000E+000 2.000000095E-003 8.000001311E-003 -1.269188046E+000
 1.180000019E+001 3.539000034E+000 -3.200000152E-002 -3.999999911E-002 1.000000047E-003 1.000000047E-003 0.000000000E+000 0.000000000E+000 2.000000095E-003 7.999997586E-003 -1.218211532E+000
 1.185000038E+001 5.535999775E+000 -2.600000054E-002 -3.500000015E-002 1.000000047E-003 1.000000047E-003 0.000000000E+000 0.000000000E+000 2.000000095E-003 8.999999613E-003 -1.175276041E+000
 1.189999962E+001 7.181000233E+000 -2.199999988E-002 -3.200000152E-002 1.000000047E-003 2.000000095E-003 0.000000000E+000 0.000000000E+000 2.000000095E-003 1.000000164E-002 -1.139908552E+000
 1.194999981E+001 8.491999626E+000 -1.700000092E-002 -2.800000086E-002 2.000000095E-003 2.000000095E-003 0.000000000E+000 0.000000000E+000 2.000000095E-003 1.099999994E-002 -1.111721992E+000
 1.200000000E+001 9.484999657E+000 -1.300000027E-002 -2.500000037E-002 2.000000095E-003 3.000000026E-003 0.000000000E+000 0.000000000E+000 2.000000095E-003 1.200000010E-002 -1.090372562E+000
 1.205000019E+001 1.017500019E+001 -8.000000380E-003 -2.199999988E-002 3.000000026E-003 4.000000190E-003 0.000000000E+000 0.000000000E+000 2.000000095E-003 1.399999950E-002 -1.075537443E+000
 1.210000038E+001 1.057400036E+001 -4.000000190E-003 -1.999999955E-002 3.000000026E-003 4.999999888E-003 0.000000000E+000 0.000000000E+000 2.000000095E-003 1.599999890E-002 -1.066959023E+000
 1.214999962E+001 1.069299984E+001 -1.000000047E-003 -1.799999923E-002 4.000000190E-003 7.000000216E-003 0.000000000E+000 0.000000000E+000 2.000000095E-003 1.699999906E-002 -1.064400554E+000
 1.219999981E+001 1.054500008E+001 3.000000026E-003 -1.600000076E-002 4.000000190E-003 8.000000380E-003 1.000000047E-003 0.000000000E+000 3.000000026E-003 1.900000125E-002 -1.067582488E+000
 1.225000000E+001 1.014000034E+001 7.000000216E-003 -1.499999966E-002 4.999999888E-003 8.999999613E-003 1.000000047E-003 0.000000000E+000 3.000000026E-003 2.199999988E-002 -1.076290011E+000
 1.230000019E+001 9.491000175E+000 9.999999776E-003 -1.300000027E-002 4.999999888E-003 1.099999994E-002 1.000000047E-003 0.000000000E+000 3.000000026E-003 2.300000004E-002 -1.090243459E+000
 1.235000038E+001 8.612000465E+000 1.300000027E-002 -1.200000010E-002 6.000000052E-003 1.300000027E-002 1.000000047E-003 0.000000000E+000 3.000000026E-003 2.500000037E-002 -1.109141946E+000
 1.239999962E+001 7.518000126E+000 1.600000076E-002 -1.099999994E-002 6.000000052E-003 1.400000043E-002 1.000000047E-003 0.000000000E+000 3.000000026E-003 2.700000070E-002 -1.132663012E+000
 1.244999981E+001 6.225999832E+000 1.899999939E-002 -9.999999776E-003 7.000000216E-003 1.600000076E-002 1.000000047E-003 0.000000000E+000 3.000000026E-003 2.899999917E-002 -1.160441041E+000
 1.250000000E+001 4.752999783E+000 2.099999972E-002 -9.999999776E-003 7.000000216E-003 1.799999923E-002 1.000000047E-003 0.000000000E+000 3.000000026E-003 3.099999949E-002 -1.192110538E+000
 1.255000019E+001 3.118999958E+000 2.300000004E-002 -8.999999613E-003 7.000000216E-003 1.899999939E-002 1.000000047E-003 0.000000000E+000 3.000000026E-003 3.199999779E-002 -1.227241516E+000
 1.260000038E+001 1.343000054E+000 2.500000037E-002 -8.000000380E-003 7.000000216E-003 2.099999972E-002 1.000000047E-003 0.000000000E+000 3.000000026E-003 3.299999982E-002 -1.265425444E+000
 1.264999962E+001 -5.509999990E-001 2.700000070E-002 -8.000000380E-003 7.000000216E-003 2.199999988E-002 1.000000047E-003 0.000000000E+000 3.000000026E-003 3.500000015E-002 -1.306146502E+000
 1.269999981E+001 -2.543999910E+000 2.800000086E-002 -7.000000216E-003 7.000000216E-003 2.300000004E-002 1.000000047E-003 0.000000000E+000 2.000000095E-003 3.500000015E-002 -1.348996043E+000
 1.275000000E+001 -4.612999916E+000 2.899999917E-002 -7.000000216E-003 7.000000216E-003 2.400000021E-002 1.000000047E-003 0.000000000E+000 2.000000095E-003 3.599999845E-002 -1.393479466E+000
 1.280000019E+001 -6.736000061E+000 2.999999933E-002 -6.000000052E-003 7.000000216E-003 2.500000037E-002 1.000000047E-003 0.000000000E+000 2.000000095E-003 3.599999845E-002 -1.439123988E+000
 1.285000038E+001 -8.894000053E+000 2.999999933E-002 -6.000000052E-003 7.000000216E-003 2.500000037E-002 1.000000047E-003 0.000000000E+000 2.000000095E-003 3.599999845E-002 -1.485520959E+000
 1.289999962E+001 -1.106499958E+001 2.999999933E-002 -4.999999888E-003 7.000000216E-003 2.500000037E-002 1.000000047E-003 0.000000000E+000 2.000000095E-003 3.500000015E-002 -1.532197475E+000
 1.294999981E+001 -1.323299980E+001 2.999999933E-002 -4.999999888E-003 6.000000052E-003 2.500000037E-002 1.000000047E-003 0.000000000E+000 2.000000095E-003 3.500000015E-002 -1.578809500E+000
 1.300000000E+001 -1.538099957E+001 2.999999933E-002 -4.999999888E-003 6.000000052E-003 2.500000037E-002 1.000000047E-003 0.000000000E+000 2.000000095E-003 3.500000015E-002 -1.624991536E+000
 1.305000019E+001 -1.749600029E+001 2.899999917E-002 -4.000000190E-003 6.000000052E-003 2.500000037E-002 1.000000047E-003 0.000000000E+000 2.000000095E-003 3.299999982E-002 -1.670464039E+000
 1.310000038E+001 -1.956500053E+001 2.899999917E-002 -4.000000190E-003 6.000000052E-003 2.500000037E-002 1.000000047E-003 0.000000000E+000 2.000000095E-003 3.299999982E-002 -1.714947462E+000
 1.314999962E+001 -2.157799911E+001 2.800000086E-002 -4.000000190E-003 4.999999888E-003 2.400000021E-002 1.000000047E-003 0.000000000E+000 2.000000095E-003 3.200000152E-002 -1.758226991E+000
 1.319999981E+001 -2.353000069E+001 2.700000070E-002 -4.000000190E-003 4.999999888E-003 2.300000004E-002 1.000000047E-003 0.000000000E+000 2.000000095E-003 3.100000136E-002 -1.800194979E+000
 1.325000000E+001 -2.541399956E+001 2.600000054E-002 -3.000000026E-003 4.999999888E-003 2.300000004E-002 1.000000047E-003 0.000000000E+000 2.000000095E-003 2.900000103E-002 -1.840700984E+000
 1.330000019E+001 -2.722599983E+001 2.500000037E-002 -3.000000026E-003 4.999999888E-003 2.199999988E-002 1.000000047E-003 0.000000000E+000 2.000000095E-003 2.800000086E-002 -1.879658937E+000
 1.335000038E+001 -2.896500015E+001 2.400000021E-002 -3.000000026E-003 4.999999888E-003 2.099999972E-002 1.000000047E-003 0.000000000E+000 2.000000095E-003 2.700000070E-002 -1.917047501E+000
 1.339999962E+001 -3.062899971E+001 2.300000004E-002 -3.000000026E-003 4.000000190E-003 1.999999955E-002 1.000000047E-003 0.000000000E+000 2.000000095E-003 2.600000054E-002 -1.952823520E+000
 1.344999981E+001 -3.221900177E+001 2.199999988E-002 -3.000000026E-003 4.000000190E-003 1.899999939E-002 1.000000047E-003 0.000000000E+000 2.000000095E-003 2.500000037E-002 -1.987008572E+000
 1.350000000E+001 -3.373400116E+001 2.099999972E-002 -3.000000026E-003 4.000000190E-003 1.799999923E-002 1.000000047E-003 0.000000000E+000 1.000000047E-003 2.400000021E-002 -2.019581079E+000
 1.355000019E+001 -3.517800140E+001 1.999999955E-002 -2.000000095E-003 4.000000190E-003 1.700000092E-002 1.000000047E-003 0.000000000E+000 1.000000047E-003 2.199999988E-002 -2.050626993E+000
 1.360000038E+001 -3.655099869E+001 1.899999939E-002 -2.000000095E-003 3.000000026E-003 1.700000092E-002 1.000000047E-003 0.000000000E+000 1.000000047E-003 2.099999972E-002 -2.080146551E+000
 1.364999962E+001 -3.785699844E+001 1.799999923E-002 -2.000000095E-003 3.000000026E-003 1.600000076E-002 1.000000047E-003 0.000000000E+000 1.000000047E-003 1.999999955E-002 -2.108225584E+000
 1.369999981E+001 -3.909700012E+001 1.700000092E-002 -2.000000095E-003 3.000000026E-003 1.499999966E-002 1.000000047E-003 0.000000000E+000 1.000000047E-003 1.900000125E-002 -2.134885550E+000
 1.375000000E+001 -4.027500153E+001 1.600000076E-002 -2.000000095E-003 3.000000026E-003 1.400000043E-002 1.000000047E-003 0.000000000E+000 1.000000047E-003 1.800000109E-002 -2.160212517E+000
 1.380000019E+001 -4.139500046E+001 1.499999966E-002 -2.000000095E-003 3.000000026E-003 1.400000043E-002 1.000000047E-003 0.000000000E+000 1.000000047E-003 1.699999906E-002 -2.184292555E+000
 1.385000038E+001 -4.246200180E+001 1.499999966E-002 -2.000000095E-003 3.000000026E-003 1.300000027E-002 1.000000047E-003 0.000000000E+000 1.000000047E-003 1.699999906E-002 -2.207232952E+000
 1.389999962E+001 -4.347900009E+001 1.400000043E-002 -1.000000047E-003 3.000000026E-003 1.200000010E-002 1.000000047E-003 0.000000000E+000 1.000000047E-003 1.500000060E-002 -2.229098558E+000
 1.394999981E+001 -4.444900131E+001 1.300000027E-002 -1.000000047E-003 2.000000095E-003 1.200000010E-002 1.000000047E-003 0.000000000E+000 1.000000047E-003 1.400000043E-002 -2.249953508E+000
 1.400000000E+001 -4.537400055E+001 1.300000027E-002 -1.000000047E-003 2.000000095E-003 1.099999994E-002 1.000000047E-003 0.000000000E+000 1.000000047E-003 1.400000043E-002 -2.269840956E+000
 1.405000019E+001 -4.625600052E+001 1.200000010E-002 -1.000000047E-003 2.000000095E-003 9.999999776E-003 1.000000047E-003 0.000000000E+000 1.000000047E-003 1.300000027E-002 -2.288804054E+000
 1.410000038E+001 -4.709700012E+001 1.200000010E-002 -1.000000047E-003 2.000000095E-003 9.999999776E-003 1.000000047E-003 0.000000000E+000 1.000000047E-003 1.300000027E-002 -2.306885481E+000
 1.414999962E+001 -4.789799881E+001 1.099999994E-002 -1.000000047E-003 2.000000095E-003 8.999999613E-003 1.000000047E-003 0.000000000E+000 1.000000047E-003 1.200000010E-002 -2.324106932E+000
 1.419999981E+001 -4.866199875E+001 1.099999994E-002 -1.000000047E-003 2.000000095E-003 8.999999613E-003 1.000000047E-003 0.000000000E+000 1.000000047E-003 1.200000010E-002 -2.340533018E+000
 1.425000000E+001 -4.938999939E+001 9.999999776E-003 -1.000000047E-003 2.000000095E-003 8.000000380E-003 1.000000047E-003 0.000000000E+000 1.000000047E-003 1.099999994E-002 -2.356184959E+000
 1.430000019E+001 -5.008499908E+001 9.999999776E-003 -1.000000047E-003 2.000000095E-003 8.000000380E-003 1.000000047E-003 0.000000000E+000 1.000000047E-003 1.099999994E-002 -2.371127367E+000
 1.435000038E+001 -5.074800110E+001 8.999999613E-003 0.000000000E+000 2.000000095E-003 8.000000380E-003 1.000000047E-003 0.000000000E+000 1.000000047E-003 8.999999613E-003 -2.385381937E+000
 1.439999962E+001 -5.138000107E+001 8.999999613E-003 0.000000000E+000 2.000000095E-003 7.000000216E-003 1.000000047E-003 0.000000000E+000 1.000000047E-003 8.999999613E-003 -2.398970127E+000
 1.444999981E+001 -5.198400116E+001 8.000000380E-003 0.000000000E+000 1.000000047E-003 7.000000216E-003 1.000000047E-003 0.000000000E+000 1.000000047E-003 8.000000380E-003 -2.411956072E+000
 1.450000000E+001 -5.256000137E+001 8.000000380E-003 0.000000000E+000 1.000000047E-003 7.000000216E-003 1.000000047E-003 0.000000000E+000 1.000000047E-003 8.000000380E-003 -2.424340010E+000
 1.455000019E+001 -5.311000061E+001 8.000000380E-003 0.000000000E+000 1.000000047E-003 6.000000052E-003 1.000000047E-003 0.000000000E+000 1.000000047E-003 8.000000380E-003 -2.436165094E+000
 1.460000038E+001 -5.363499832E+001 7.000000216E-003 0.000000000E+000 1.000000047E-003 6.000000052E-003 1.000000047E-003 0.000000000E+000 1.000000047E-003 7.000000216E-003 -2.447452545E+000
 1.464999962E+001 -5.413600159E+001 7.000000216E-003 0.000000000E+000 1.000000047E-003 6.000000052E-003 1.000000047E-003 0.000000000E+000 1.000000047E-003 7.000000216E-003 -2.458224058E+000
 1.469999981E+001 -5.461299896E+001 7.000000216E-003 0.000000000E+000 1.000000047E-003 4.999999888E-003 1.000000047E-003 0.000000000E+000 1.000000047E-003 7.000000216E-003 -2.468479395E+000
 1.475000000E+001 -5.506900024E+001 6.000000052E-003 0.000000000E+000 1.000000047E-003 4.999999888E-003 1.000000047E-003 0.000000000E+000 1.000000047E-003 6.000000052E-003 -2.478283405E+000
 1.480000019E+001 -5.550299835E+001 6.000000052E-003 0.000000000E+000 1.000000047E-003 4.999999888E-003 1.000000047E-003 0.000000000E+000 1.000000047E-003 6.000000052E-003 -2.487614393E+000
 1.485000038E+001 -5.591699982E+001 6.000000052E-003 0.000000000E+000 1.000000047E-003 4.999999888E-003 1.000000047E-003 0.000000000E+000 1.000000047E-003 6.000000052E-003 -2.496515512E+000
 1.489999962E+001 -5.631100082E+001 4.999999888E-003 0.000000000E+000 1.000000047E-003 4.999999888E-003 1.000000047E-003 0.000000000E+000 1.000000047E-003 4.999999888E-003 -2.504986525E+000
 1.494999981E+001 -5.668700027E+001 4.999999888E-003 0.000000000E+000 1.000000047E-003 4.000000190E-003 1.000000047E-003 0.000000000E+000 1.000000047E-003 4.999999888E-003 -2.513070583E+000
 1.500000000E+001 -5.704600143E+001 4.999999888E-003 0.000000000E+000 1.000000047E-003 4.000000190E-003 1.000000047E-003 0.000000000E+000 1.000000047E-003 4.999999888E-003 -2.520789146E+000
 1.505000019E+001 -5.738800049E+001 4.999999888E-003 0.000000000E+000 1.000000047E-003 4.000000190E-003 1.000000047E-003 0.000000000E+000 0.000000000E+000 4.999999888E-003 -2.528141975E+000
 1.510000038E+001 -5.771400070E+001 4.999999888E-003 0.000000000E+000 1.000000047E-003 4.000000190E-003 1.000000047E-003 0.000000000E+000 0.000000000E+000 4.999999888E-003 -2.535151005E+000
 1.514999962E+001 -5.802500153E+001 4.000000190E-003 0.000000000E+000 1.000000047E-003 4.000000190E-003 1.000000047E-003 0.000000000E+000 0.000000000E+000 4.000000190E-003 -2.541837454E+000
 1.519999981E+001 -5.832199860E+001 4.000000190E-003 0.000000000E+000 1.000000047E-003 3.000000026E-003 1.000000047E-003 0.000000000E+000 0.000000000E+000 4.000000190E-003 -2.548223019E+000
 1.525000000E+001 -5.860499954E+001 4.000000190E-003 0.000000000E+000 1.000000047E-003 3.000000026E-003 1.000000047E-003 0.000000000E+000 0.000000000E+000 4.000000190E-003 -2.554307461E+000
 1.530000019E+001 -5.887599945E+001 4.000000190E-003 0.000000000E+000 1.000000047E-003 3.000000026E-003 1.000000047E-003 0.000000000E+000 0.000000000E+000 4.000000190E-003 -2.560133934E+000
 1.535000038E+001 -5.913399887E+001 4.000000190E-003 0.000000000E+000 1.000000047E-003 3.000000026E-003 1.000000047E-003 0.000000000E+000 0.000000000E+000 4.000000190E-003 -2.565680981E+000
 1.539999962E+001 -5.938100052E+001 3.000000026E-003 0.000000000E+000 1.000000047E-003 3.000000026E-003 1.000000047E-003 0.000000000E+000 0.000000000E+000 3.000000026E-003 -2.570991516E+000
 1.544999981E+001 -5.961700058E+001 3.000000026E-003 0.000000000E+000 1.000000047E-003 3.000000026E-003 1.000000047E-003 0.000000000E+000 0.000000000E+000 3.000000026E-003 -2.576065540E+000
 1.550000000E+001 -5.984199905E+001 3.000000026E-003 0.000000000E+000 1.000000047E-003 3.000000026E-003 1.000000047E-003 0.000000000E+000 0.000000000E+000 3.000000026E-003 -2.580903053E+000
 1.555000019E+001 -6.005799866E+001 3.000000026E-003 0.000000000E+000 1.000000047E-003 3.000000026E-003 1.000000047E-003 0.000000000E+000 0.000000000E+000 3.000000026E-003 -2.585546970E+000
 1.560000038E+001 -6.026399994E+001 3.000000026E-003 0.000000000E+000 0.000000000E+000 3.000000026E-003 1.000000047E-003 0.000000000E+000 0.000000000E+000 3.000000026E-003 -2.589976072E+000
 1.564999962E+001 -6.046099854E+001 3.000000026E-003 0.000000000E+000 0.000000000E+000 2.000000095E-003 1.000000047E-003 0.000000000E+000 0.000000000E+000 3.000000026E-003 -2.594211578E+000
 1.569999981E+001 -6.065000153E+001 3.000000026E-003 0.000000000E+000 0.000000000E+000 2.000000095E-003 1.000000047E-003 0.000000000E+000 0.000000000E+000 3.000000026E-003 -2.598274946E+000
 1.575000000E+001 -6.083000183E+001 2.000000095E-003 0.000000000E+000 0.000000000E+000 2.000000095E-003 1.000000047E-003 0.000000000E+000 0.000000000E+000 2.000000095E-003 -2.602144957E+000
 1.580000019E+001 -6.100299835E+001 2.000000095E-003 0.000000000E+000 0.000000000E+000 2.000000095E-003 1.000000047E-003 0.000000000E+000 0.000000000E+000 2.000000095E-003 -2.605864525E+000
 1.585000038E+001 -6.116899872E+001 2.000000095E-003 0.000000000E+000 0.000000000E+000 2.000000095E-003 0.000000000E+000 0.000000000E+000 0.000000000E+000 2.000000095E-003 -2.609433413E+000
 1.589999962E+001 -6.132799911E+001 2.000000095E-003 0.000000000E+000 0.000000000E+000 2.000000095E-003 0.000000000E+000 0.000000000E+000 0.000000000E+000 2.000000095E-003 -2.612852097E+000
 1.594999981E+001 -6.147900009E+001 2.000000095E-003 0.000000000E+000 0.000000000E+000 2.000000095E-003 0.000000000E+000 0.000000000E+000 0.000000000E+000 2.000000095E-003 -2.616098404E+000
 1.600000000E+001 -6.162500000E+001 2.000000095E-003 0.000000000E+000 0.000000000E+000 2.000000095E-003 0.000000000E+000 0.000000000E+000 0.000000000E+000 2.000000095E-003 -2.619237423E+000
 1.604999924E+001 -6.176399994E+001 2.000000095E-003 0.000000000E+000 0.000000000E+000 2.000000095E-003 0.000000000E+000 0.000000000E+000 0.000000000E+000 2.000000095E-003 -2.622226000E+000
 1.610000038E+001 -6.189799881E+001 2.000000095E-003 0.000000000E+000 0.000000000E+000 2.000000095E-003 0.000000000E+000 0.000000000E+000 0.000000000E+000 2.000000095E-003 -2.625107050E+000
 1.614999962E+001 -6.202600098E+001 2.000000095E-003 0.000000000E+000 0.000000000E+000 2.000000095E-003 0.000000000E+000 0.000000000E+000 0.000000000E+000 2.000000095E-003 -2.627859116E+000
 1.620000076E+001 -6.214899826E+001 2.000000095E-003 0.000000000E+000 0.000000000E+000 2.000000095E-003 0.000000000E+000 0.000000000E+000 0.000000000E+000 2.000000095E-003 -2.630503416E+000
 1.625000000E+001 -6.226699829E+001 2.000000095E-003 0.000000000E+000 0.000000000E+000 2.000000095E-003 0.000000000E+000 0.000000000E+000 0.000000000E+000 2.000000095E-003 -2.633040428E+000
 1.629999924E+001 -6.238000107E+001 2.000000095E-003 0.000000000E+000 0.000000000E+000 2.000000095E-003 0.000000000E+000 0.000000000E+000 0.000000000E+000 2.000000095E-003 -2.635469913E+000
 1.635000038E+001 -6.248799896E+001 1.000000047E-003 0.000000000E+000 0.000000000E+000 2.000000095E-003 0.000000000E+000 0.000000000E+000 0.000000000E+000 1.000000047E-003 -2.637791872E+000
 1.639999962E+001 -6.259199905E+001 1.000000047E-003 0.000000000E+000 0.000000000E+000 1.000000047E-003 0.000000000E+000 0.000000000E+000 0.000000000E+000 1.000000047E-003 -2.640028000E+000
 1.645000076E+001 -6.269100189E+001 1.000000047E-003 0.000000000E+000 0.000000000E+000 1.000000047E-003 0.000000000E+000 0.000000000E+000 0.000000000E+000 1.000000047E-003 -2.642156601E+000
 1.650000000E+001 -6.278699875E+001 1.000000047E-003 0.000000000E+000 0.000000000E+000 1.000000047E-003 0.000000000E+000 0.000000000E+000 0.000000000E+000 1.000000047E-003 -2.644220591E+000
 1.654999924E+001 -6.287799835E+001 1.000000047E-003 0.000000000E+000 0.000000000E+000 1.000000047E-003 0.000000000E+000 0.000000000E+000 0.000000000E+000 1.000000047E-003 -2.646177053E+000
 1.660000038E+001 -6.296599960E+001 1.000000047E-003 0.000000000E+000 0.000000000E+000 1.000000047E-003 0.000000000E+000 0.000000000E+000 0.000000000E+000 1.000000047E-003 -2.648068905E+000
 1.664999962E+001 -6.304999924E+001 1.000000047E-003 0.000000000E+000 0.000000000E+000 1.000000047E-003 0.000000000E+000 0.000000000E+000 0.000000000E+000 1.000000047E-003 -2.649874926E+000
 1.670000076E+001 -6.313100052E+001 1.000000047E-003 0.000000000E+000 0.000000000E+000 1.000000047E-003 0.000000000E+000 0.000000000E+000 0.000000000E+000 1.000000047E-003 -2.651616573E+000
 1.675000000E+001 -6.320899963E+001 1.000000047E-003 0.000000000E+000 0.000000000E+000 1.000000047E-003 0.000000000E+000 0.000000000E+000 0.000000000E+000 1.000000047E-003 -2.653293610E+000
 1.679999924E+001 -6.328300095E+001 1.000000047E-003 0.000000000E+000 0.000000000E+000 1.000000047E-003 0.000000000E+000 0.000000000E+000 0.000000000E+000 1.000000047E-003 -2.654884577E+000
 1.685000038E+001 -6.335400009E+001 1.000000047E-003 0.000000000E+000 0.000000000E+000 1.000000047E-003 0.000000000E+000 0.000000000E+000 0.000000000E+000 1.000000047E-003 -2.656410933E+000
 1.689999962E+001 -6.342200089E+001 1.000000047E-003 0.000000000E+000 0.000000000E+000 1.000000047E-003 0.000000000E+000 0.000000000E+000 0.000000000E+000 1.000000047E-003 -2.657872915E+000
 1.695000076E+001 -6.348799896E+001 1.000000047E-003 0.000000000E+000 0.000000000E+000 1.000000047E-003 0.000000000E+000 0.000000000E+000 0.000000000E+000 1.000000047E-003 -2.659291983E+000
 1.700000000E+001 -6.354999924E+001 1.000000047E-003 0.000000000E+000 0.000000000E+000 1.000000047E-003 0.000000000E+000 0.000000000E+000 0.000000000E+000 1.000000047E-003 -2.660624981E+000
 1.704999924E+001 -6.361100006E+001 1.000000047E-003 0.000000000E+000 0.000000000E+000 1.000000047E-003 0.000000000E+000 0.000000000E+000 0.000000000E+000 1.000000047E-003 -2.661936522E+000
 1.710000038E+001 -6.366799927E+001 1.000000047E-003 0.000000000E+000 0.000000000E+000 1.000000047E-003 0.000000000E+000 0.000000000E+000 0.000000000E+000 1.000000047E-003 -2.663161993E+000
 1.714999962E+001 -6.372299957E+001 1.000000047E-003 0.000000000E+000 0.000000000E+000 1.000000047E-003 0.000000000E+000 0.000000000E+000 0.000000000E+000 1.000000047E-003 -2.664344549E+000
 1.720000076E+001 -6.377600098E+001 1.000000047E-003 0.000000000E+000 0.000000000E+000 1.000000047E-003 0.000000000E+000 0.000000000E+000 0.000000000E+000 1.000000047E-003 -2.665483952E+000
 1.725000000E+001 -6.382600021E+001 1.000000047E-003 0.000000000E+000 0.000000000E+000 1.000000047E-003 0.000000000E+000 0.000000000E+000 0.000000000E+000 1.000000047E-003 -2.666558981E+000
 1.729999924E+001 -6.387500000E+001 1.000000047E-003 0.000000000E+000 0.000000000E+000 1.000000047E-003 0.000000000E+000 0.000000000E+000 0.000000000E+000 1.000000047E-003 -2.667612553E+000
 1.735000038E+001 -6.392100143E+001 1.000000047E-003 0.000000000E+000 0.000000000E+000 1.000000047E-003 0.000000000E+000 0.000000000E+000 0.000000000E+000 1.000000047E-003 -2.668601513E+000
 1.739999962E+001 -6.396500015E+001 1.000000047E-003 0.000000000E+000 0.000000000E+000 1.000000047E-003 0.000000000E+000 0.000000000E+000 0.000000000E+000 1.000000047E-003 -2.669547558E+000
 1.745000076E+001 -6.400700378E+001 1.000000047E-003 0.000000000E+000 0.000000000E+000 1.000000047E-003 0.000000000E+000 0.000000000E+000 0.000000000E+000 1.000000047E-003 -2.670450687E+000
 1.750000000E+001 -6.404799652E+001 1.000000047E-003 0.000000000E+000 0.000000000E+000 1.000000047E-003 0.000000000E+000 0.000000000E+000 0.000000000E+000 1.000000047E-003 -2.671331882E+000
 1.754999924E+001 -6.408599854E+001 1.000000047E-003 0.000000000E+000 0.000000000E+000 1.000000047E-003 0.000000000E+000 0.000000000E+000 0.000000000E+000 1.000000047E-003 -2.672148943E+000
 1.760000038E+001 -6.412300110E+001 1.000000047E-003 0.000000000E+000 0.000000000E+000 1.000000047E-003 0.000000000E+000 0.000000000E+000 0.000000000E+000 1.000000047E-003 -2.672944546E+000
 1.764999962E+001 -6.415799713E+001 0.000000000E+000 0.000000000E+000 0.000000000E+000 1.000000047E-003 0.000000000E+000 0.000000000E+000 0.000000000E+000 0.000000000E+000 -2.673696995E+000
 1.770000076E+001 -6.419200134E+001 0.000000000E+000 0.000000000E+000 0.000000000E+000 1.000000047E-003 0.000000000E+000 0.000000000E+000 0.000000000E+000 0.000000000E+000 -2.674427986E+000
 1.775000000E+001 -6.422299957E+001 0.000000000E+000 0.000000000E+000 0.000000000E+000 1.000000047E-003 0.000000000E+000 0.000000000E+000 0.000000000E+000 0.000000000E+000 -2.675094604E+000
 1.779999924E+001 -6.425399780E+001 0.000000000E+000 0.000000000E+000 0.000000000E+000 1.000000047E-003 0.000000000E+000 0.000000000E+000 0.000000000E+000 0.000000000E+000 -2.675760984E+000
 1.785000038E+001 -6.428299713E+001 0.000000000E+000 0.000000000E+000 0.000000000E+000 1.000000047E-003 0.000000000E+000 0.000000000E+000 0.000000000E+000 0.000000000E+000 -2.676384449E+000
 1.789999962E+001 -6.430999756E+001 0.000000000E+000 0.000000000E+000 0.000000000E+000 1.000000047E-003 0.000000000E+000 0.000000000E+000 0.000000000E+000 0.000000000E+000 -2.676964998E+000
 1.795000076E+001 -6.433599854E+001 0.000000000E+000 0.000000000E+000 0.000000000E+000 1.000000047E-003 0.000000000E+000 0.000000000E+000 0.000000000E+000 0.000000000E+000 -2.677523851E+000
 1.800000000E+001 -6.436100006E+001 0.000000000E+000 0.000000000E+000 0.000000000E+000 1.000000047E-003 0.000000000E+000 0.000000000E+000 0.000000000E+000 0.000000000E+000 -2.678061485E+000
 1.804999924E+001 -6.438400269E+001 0.000000000E+000 0.000000000E+000 0.000000000E+000 1.000000047E-003 0.000000000E+000 0.000000000E+000 0.000000000E+000 0.000000000E+000 -2.678555965E+000
 1.810000038E+001 -6.440599823E+001 0.000000000E+000 0.000000000E+000 0.000000000E+000 1.000000047E-003 0.000000000E+000 0.000000000E+000 0.000000000E+000 0.000000000E+000 -2.679028988E+000
 1.814999962E+001 -6.442700195E+001 0.000000000E+000 0.000000000E+000 0.000000000E+000 1.000000047E-003 0.000000000E+000 0.000000000E+000 0.000000000E+000 0.000000000E+000 -2.679480553E+000
 1.820000076E+001 -6.444599915E+001 0.000000000E+000 0.000000000E+000 0.000000000E+000 1.000000047E-003 0.000000000E+000 0.000000000E+000 0.000000000E+000 0.000000000E+000 -2.679888964E+000
 1.825000000E+001 -6.446499634E+001 0.000000000E+000 0.000000000E+000 0.000000000E+000 1.000000047E-003 0.000000000E+000 0.000000000E+000 0.000000000E+000 0.000000000E+000 -2.680297375E+000
 1.829999924E+001 -6.448200226E+001 0.000000000E+000 0.000000000E+000 0.000000000E+000 1.000000047E-003 0.000000000E+000 0.000000000E+000 0.000000000E+000 0.000000000E+000 -2.680663109E+000
 1.835000038E+001 -6.449900055E+001 0.000000000E+000 0.000000000E+000 0.000000000E+000 1.000000047E-003 0.000000000E+000 0.000000000E+000 0.000000000E+000 0.000000000E+000 -2.681028605E+000
 1.839999962E+001 -6.451399994E+001 0.000000000E+000 0.000000000E+000 0.000000000E+000 1.000000047E-003 0.000000000E+000 0.000000000E+000 0.000000000E+000 0.000000000E+000 -2.681350946E+000
 1.845000076E+001 -6.452799988E+001 0.000000000E+000 0.000000000E+000 0.000000000E+000 1.000000047E-003 0.000000000E+000 0.000000000E+000 0.000000000E+000 0.000000000E+000 -2.681652069E+000
 1.850000000E+001 -6.454199982E+001 0.000000000E+000 0.000000000E+000 0.000000000E+000 1.000000047E-003 0.000000000E+000 0.000000000E+000 0.000000000E+000 0.000000000E+000 -2.681952953E+000
 1.854999924E+001 -6.455400085E+001 0.000000000E+000 0.000000000E+000 0.000000000E+000 1.000000047E-003 0.000000000E+000 0.000000000E+000 0.000000000E+000 0.000000000E+000 -2.682210922E+000
 1.860000038E+001 -6.456500244E+001 0.000000000E+000 0.000000000E+000 0.000000000E+000 1.000000047E-003 0.000000000E+000 0.000000000E+000 0.000000000E+000 0.000000000E+000 -2.682447433E+000
 1.864999962E+001 -6.457599640E+001 0.000000000E+000 0.000000000E+000 0.000000000E+000 1.000000047E-003 0.000000000E+000 0.000000000E+000 0.000000000E+000 0.000000000E+000 -2.682683945E+000
 1.870000076E+001 -6.458499908E+001 0.000000000E+000 0.000000000E+000 0.000000000E+000 1.000000047E-003 0.000000000E+000 0.000000000E+000 0.000000000E+000 0.000000000E+000 -2.682877541E+000
 1.875000000E+001 -6.459400177E+001 0.000000000E+000 0.000000000E+000 0.000000000E+000 1.000000047E-003 0.000000000E+000 0.000000000E+000 0.000000000E+000 0.000000000E+000 -2.683071136E+000
 1.879999924E+001 -6.460199738E+001 0.000000000E+000 0.000000000E+000 0.000000000E+000 1.000000047E-003 0.000000000E+000 0.000000000E+000 0.000000000E+000 0.000000000E+000 -2.683243036E+000
 1.885000038E+001 -6.460900116E+001 0.000000000E+000 0.000000000E+000 0.000000000E+000 1.000000047E-003 0.000000000E+000 0.000000000E+000 0.000000000E+000 0.000000000E+000 -2.683393478E+000
 1.889999962E+001 -6.461599731E+001 0.000000000E+000 0.000000000E+000 0.000000000E+000 1.000000047E-003 0.000000000E+000 0.000000000E+000 0.000000000E+000 0.000000000E+000 -2.683543921E+000
 1.895000076E+001 -6.462100220E+001 0.000000000E+000 0.000000000E+000 0.000000000E+000 0.000000000E+000 0.000000000E+000 0.000000000E+000 0.000000000E+000 0.000000000E+000 -2.683651447E+000
 1.900000000E+001 -6.462599945E+001 0.000000000E+000 0.000000000E+000 0.000000000E+000 0.000000000E+000 0.000000000E+000 0.000000000E+000 0.000000000E+000 0.000000000E+000 -2.683758974E+000
 1.904999924E+001 -6.462999725E+001 0.000000000E+000 0.000000000E+000 0.000000000E+000 0.000000000E+000 0.000000000E+000 0.000000000E+000 0.000000000E+000 0.000000000E+000 -2.683845043E+000
 1.910000038E+001 -6.463400269E+001 0.000000000E+000 0.000000000E+000 0.000000000E+000 0.000000000E+000 0.000000000E+000 0.000000000E+000 0.000000000E+000 0.000000000E+000 -2.683931112E+000
 1.914999962E+001 -6.463600159E+001 0.000000000E+000 0.000000000E+000 0.000000000E+000 0.000000000E+000 0.000000000E+000 0.000000000E+000 0.000000000E+000 0.000000000E+000 -2.683974028E+000
 1.920000076E+001 -6.463899994E+001 0.000000000E+000 0.000000000E+000 0.000000000E+000 0.000000000E+000 0.000000000E+000 0.000000000E+000 0.000000000E+000 0.000000000E+000 -2.684038401E+000
 1.925000000E+001 -6.463999939E+001 0.000000000E+000 0.000000000E+000 0.000000000E+000 0.000000000E+000 0.000000000E+000 0.000000000E+000 0.000000000E+000 0.000000000E+000 -2.684060097E+000
 1.929999924E+001 -6.464099884E+001 0.000000000E+000 0.000000000E+000 0.000000000E+000 0.000000000E+000 0.000000000E+000 0.000000000E+000 0.000000000E+000 0.000000000E+000 -2.684081554E+000
 1.935000038E+001 -6.464099884E+001 0.000000000E+000 0.000000000E+000 0.000000000E+000 0.000000000E+000 0.000000000E+000 0.000000000E+000 0.000000000E+000 0.000000000E+000 -2.684081554E+000
 1.939999962E+001 -6.464099884E+001 0.000000000E+000 0.000000000E+000 0.000000000E+000 0.000000000E+000 0.000000000E+000 0.000000000E+000 0.000000000E+000 0.000000000E+000 -2.684081554E+000
 1.945000076E+001 -6.463999939E+001 0.000000000E+000 0.000000000E+000 0.000000000E+000 0.000000000E+000 0.000000000E+000 0.000000000E+000 0.000000000E+000 0.000000000E+000 -2.684060097E+000
 1.950000000E+001 -6.463800049E+001 0.000000000E+000 0.000000000E+000 0.000000000E+000 0.000000000E+000 0.000000000E+000 0.000000000E+000 0.000000000E+000 0.000000000E+000 -2.684016943E+000
 1.954999924E+001 -6.463600159E+001 0.000000000E+000 0.000000000E+000 0.000000000E+000 0.000000000E+000 0.000000000E+000 0.000000000E+000 0.000000000E+000 0.000000000E+000 -2.683974028E+000
 1.960000038E+001 -6.463400269E+001 0.000000000E+000 0.000000000E+000 0.000000000E+000 0.000000000E+000 0.000000000E+000 0.000000000E+000 0.000000000E+000 0.000000000E+000 -2.683931112E+000
 1.964999962E+001 -6.463099670E+001 0.000000000E+000 0.000000000E+000 0.000000000E+000 0.000000000E+000 0.000000000E+000 0.000000000E+000 0.000000000E+000 0.000000000E+000 -2.683866501E+000
 1.970000076E+001 -6.462699890E+001 0.000000000E+000 0.000000000E+000 0.000000000E+000 0.000000000E+000 0.000000000E+000 0.000000000E+000 0.000000000E+000 0.000000000E+000 -2.683780432E+000
 1.975000000E+001 -6.462300110E+001 0.000000000E+000 0.000000000E+000 0.000000000E+000 0.000000000E+000 0.000000000E+000 0.000000000E+000 0.000000000E+000 0.000000000E+000 -2.683694601E+000
 1.979999924E+001 -6.461900330E+001 0.000000000E+000 0.000000000E+000 0.000000000E+000 0.000000000E+000 0.000000000E+000 0.000000000E+000 0.000000000E+000 0.000000000E+000 -2.683608532E+000
 1.985000038E+001 -6.461399841E+001 0.000000000E+000 0.000000000E+000 0.000000000E+000 0.000000000E+000 0.000000000E+000 0.000000000E+000 0.000000000E+000 0.000000000E+000 -2.683501005E+000
 1.989999962E+001 -6.460800171E+001 0.000000000E+000 0.000000000E+000 0.000000000E+000 0.000000000E+000 0.000000000E+000 0.000000000E+000 0.000000000E+000 0.000000000E+000 -2.683372021E+000
 1.995000076E+001 -6.460199738E+001 0.000000000E+000 0.000000000E+000 0.000000000E+000 0.000000000E+000 0.000000000E+000 0.000000000E+000 0.000000000E+000 0.000000000E+000 -2.683243036E+000
 2.000000000E+001 -6.459600067E+001 0.000000000E+000 0.000000000E+000 0.000000000E+000 0.000000000E+000 0.000000000E+000 0.000000000E+000 0.000000000E+000 0.000000000E+000 -2.683114052E+000
