    0.050   -58.840
    0.100   -57.702
    0.150   -56.582
    0.200   -55.476
    0.250   -54.379
    0.300   -53.285
    0.350   -52.187
    0.400   -51.076
    0.450   -49.939
    0.500   -48.761
    0.550   -47.521
    0.600   -46.192
    0.650   -44.737
    0.700   -43.104
    0.750   -41.224
    0.800   -38.995
    0.850   -36.264
    0.900   -32.803
    0.950   -28.257
    1.000   -22.069
    1.050   -13.391
    1.100    -1.121
    1.150    15.306
    1.200    32.975
    1.250    43.236
    1.300    43.286
    1.350    42.605
    1.400    41.636
    1.450    40.372
    1.500    38.921
    1.550    37.254
    1.600    35.443
    1.650    33.466
    1.700    31.381
    1.750    29.177
    1.800    26.897
    1.850    24.541
    1.900    22.137
    1.950    19.691
    2.000    17.222
    2.050    14.738
    2.100    12.249
    2.150     9.763
    2.200     7.285
    2.250     4.822
    2.300     2.377
    2.350    -0.048
    2.400    -2.451
    2.450    -4.832
    2.500    -7.190
    2.550    -9.527
    2.600   -11.844
    2.650   -14.146
    2.700   -16.436
    2.750   -18.720
    2.800   -21.008
    2.850   -23.309
    2.900   -25.639
    2.950   -28.016
    3.000   -30.463
    3.050   -33.013
    3.100   -35.700
    3.150   -38.570
    3.200   -41.671
    3.250   -45.051
    3.300   -48.744
    3.350   -52.740
    3.400   -56.949
    3.450   -61.155
    3.500   -65.023
    3.550   -68.201
    3.600   -70.500
    3.650   -71.973
    3.700   -72.827
    3.750   -73.280
    3.800   -73.495
    3.850   -73.577
    3.900   -73.585
    3.950   -73.550
    4.000   -73.492
    4.050   -73.419
    4.100   -73.337
    4.150   -73.250
    4.200   -73.158
    4.250   -73.062
    4.300   -72.964
    4.350   -72.863
    4.400   -72.760
    4.450   -72.655
    4.500   -72.547
    4.550   -72.438
    4.600   -72.326
    4.650   -72.212
    4.700   -72.096
    4.750   -71.978
    4.800   -71.858
    4.850   -71.735
    4.900   -71.611
    4.950   -71.484
    5.000   -71.355
    5.050   -71.224
    5.100   -71.091
    5.150   -70.956
    5.200   -70.818
    5.250   -70.679
    5.300   -70.537
    5.350   -70.393
    5.400   -70.247
    5.450   -70.099
    5.500   -69.949
    5.550   -69.797
    5.600   -69.642
    5.650   -69.486
    5.700   -69.327
    5.750   -69.167
    5.800   -69.004
    5.850   -68.840
    5.900   -68.674
    5.950   -68.505
    6.000   -68.335
    6.050   -68.163
    6.100   -67.989
    6.150   -67.813
    6.200   -67.636
    6.250   -67.457
    6.300   -67.276
    6.350   -67.093
    6.400   -66.909
    6.450   -66.724
    6.500   -66.536
    6.550   -66.348
    6.600   -66.158
    6.650   -65.966
    6.700   -65.774
    6.750   -65.580
    6.800   -65.385
    6.850   -65.189
    6.900   -64.991
    6.950   -64.793
    7.000   -64.594
    7.050   -64.394
    7.100   -64.193
    7.150   -63.991
    7.200   -63.789
    7.250   -63.585
    7.300   -63.382
    7.350   -63.178
    7.400   -62.973
    7.450   -62.768
    7.500   -62.563
    7.550   -62.357
    7.600   -62.151
    7.650   -61.945
    7.700   -61.739
    7.750   -61.533
    7.800   -61.327
    7.850   -61.121
    7.900   -60.915
    7.950   -60.709
    8.000   -60.504
    8.050   -60.298
    8.100   -60.093
    8.150   -59.889
    8.200   -59.684
    8.250   -59.480
    8.300   -59.277
    8.350   -59.074
    8.400   -58.871
    8.450   -58.669
    8.500   -58.467
    8.550   -58.265
    8.600   -58.064
    8.650   -57.864
    8.700   -57.664
    8.750   -57.464
    8.800   -57.265
    8.850   -57.066
    8.900   -56.867
    8.950   -56.669
    9.000   -56.471
    9.050   -56.273
    9.100   -56.074
    9.150   -55.876
    9.200   -55.678
    9.250   -55.480
    9.300   -55.281
    9.350   -55.081
    9.400   -54.881
    9.450   -54.680
    9.500   -54.479
    9.550   -54.276
    9.600   -54.071
    9.650   -53.865
    9.700   -53.658
    9.750   -53.448
    9.800   -53.235
    9.850   -53.020
    9.900   -52.802
    9.950   -52.580
   10.000   -52.354
   10.050   -52.123
   10.100   -51.887
   10.150   -51.646
   10.200   -51.397
   10.250   -51.142
   10.300   -50.878
   10.350   -50.604
   10.400   -50.320
   10.450   -50.023
   10.500   -49.712
   10.550   -49.386
   10.600   -49.041
   10.650   -48.675
   10.700   -48.284
   10.750   -47.866
   10.800   -47.414
   10.850   -46.924
   10.900   -46.388
   10.950   -45.798
   11.000   -45.142
   11.050   -44.406
   11.100   -43.573
   11.150   -42.620
   11.200   -41.517
   11.250   -40.223
   11.300   -38.684
   11.350   -36.824
   11.400   -34.542
   11.450   -31.692
   11.500   -28.073
   11.550   -23.410
   11.600   -17.351
   11.650    -9.524
   11.700     0.236
   11.750    11.315
   11.800    21.641
   11.850    28.392
   11.900    30.776
   11.950    30.671
   12.000    29.673
   12.050    28.199
   12.100    26.398
   12.150    24.363
   12.200    22.154
   12.250    19.818
   12.300    17.391
   12.350    14.902
   12.400    12.373
   12.450     9.822
   12.500     7.265
   12.550     4.712
   12.600     2.172
   12.650    -0.348
   12.700    -2.844
   12.750    -5.314
   12.800    -7.757
   12.850   -10.173
   12.900   -12.563
   12.950   -14.931
   13.000   -17.280
   13.050   -19.618
   13.100   -21.954
   13.150   -24.298
   13.200   -26.667
   13.250   -29.080
   13.300   -31.562
   13.350   -34.144
   13.400   -36.861
   13.450   -39.756
   13.500   -42.871
   13.550   -46.244
   13.600   -49.891
   13.650   -53.779
   13.700   -57.796
   13.750   -61.721
   13.800   -65.257
   13.850   -68.129
   13.900   -70.215
   13.950   -71.584
   14.000   -72.409
   14.050   -72.871
   14.100   -73.107
   14.150   -73.209
   14.200   -73.231
   14.250   -73.206
   14.300   -73.153
   14.350   -73.082
   14.400   -72.999
   14.450   -72.908
   14.500   -72.812
   14.550   -72.712
   14.600   -72.608
   14.650   -72.502
   14.700   -72.392
   14.750   -72.280
   14.800   -72.166
   14.850   -72.050
   14.900   -71.931
   14.950   -71.810
   15.000   -71.687
   15.050   -71.562
   15.100   -71.434
   15.150   -71.305
   15.200   -71.173
   15.250   -71.039
   15.300   -70.903
   15.350   -70.764
   15.400   -70.624
   15.450   -70.482
   15.500   -70.337
   15.550   -70.190
   15.600   -70.041
   15.650   -69.890
   15.700   -69.737
   15.750   -69.582
   15.800   -69.425
   15.850   -69.266
   15.900   -69.104
   15.950   -68.941
   16.000   -68.776
   16.050   -68.609
   16.100   -68.440
   16.150   -68.269
   16.200   -68.096
   16.250   -67.921
   16.300   -67.745
   16.350   -67.567
   16.400   -67.387
   16.450   -67.206
   16.500   -67.023
   16.550   -66.838
   16.600   -66.652
   16.650   -66.464
   16.700   -66.275
   16.750   -66.085
   16.800   -65.893
   16.850   -65.700
   16.900   -65.505
   16.950   -65.310
   17.000   -65.113
   17.050   -64.916
   17.100   -64.717
   17.150   -64.518
   17.200   -64.317
   17.250   -64.116
   17.300   -63.914
   17.350   -63.712
   17.400   -63.509
   17.450   -63.305
   17.500   -63.101
   17.550   -62.896
   17.600   -62.691
   17.650   -62.486
   17.700   -62.281
   17.750   -62.075
   17.800   -61.869
   17.850   -61.663
   17.900   -61.458
   17.950   -61.252
   18.000   -61.046
   18.050   -60.841
   18.100   -60.635
   18.150   -60.430
   18.200   -60.226
   18.250   -60.021
   18.300   -59.817
   18.350   -59.614
   18.400   -59.410
   18.450   -59.208
   18.500   -59.005
   18.550   -58.804
   18.600   -58.602
   18.650   -58.402
   18.700   -58.201
   18.750   -58.002
   18.800   -57.802
   18.850   -57.603
   18.900   -57.405
   18.950   -57.207
   19.000   -57.010
   19.050   -56.813
   19.100   -56.616
   19.150   -56.420
   19.200   -56.223
   19.250   -56.027
   19.300   -55.831
   19.350   -55.635
   19.400   -55.438
   19.450   -55.242
   19.500   -55.045
   19.550   -54.848
   19.600   -54.650
   19.650   -54.451
   19.700   -54.251
   19.750   -54.050
   19.800   -53.848
   19.850   -53.643
   19.900   -53.438
   19.950   -53.229
   20.000   -53.019
   20.050   -52.806
   20.100   -52.589
   20.150   -52.369
   20.200   -52.144
   20.250   -51.915
   20.300   -51.681
   20.350   -51.441
   20.400   -51.194
   20.450   -50.940
   20.500   -50.677
   20.550   -50.404
   20.600   -50.121
   20.650   -49.825
   20.700   -49.515
   20.750   -49.189
   20.800   -48.845
   20.850   -48.479
   20.900   -48.089
   20.950   -47.671
   21.000   -47.219
   21.050   -46.728
   21.100   -46.191
   21.150   -45.600
   21.200   -44.942
   21.250   -44.205
   21.300   -43.370
   21.350   -42.414
   21.400   -41.308
   21.450   -40.011
   21.500   -38.469
   21.550   -36.609
   21.600   -34.327
   21.650   -31.484
   21.700   -27.884
   21.750   -23.260
   21.800   -17.281
   21.850    -9.599
   21.900    -0.077
   21.950    10.687
   22.000    20.762
   22.050    27.509
   22.100    30.068
   22.150    30.072
   22.200    29.094
   22.250    27.620
   22.300    25.808
   22.350    23.758
   22.400    21.532
   22.450    19.178
   22.500    16.734
   22.550    14.228
   22.600    11.683
   22.650     9.119
   22.700     6.550
   22.750     3.987
   22.800     1.439
   22.850    -1.088
   22.900    -3.590
   22.950    -6.064
   23.000    -8.511
   23.050   -10.929
   23.100   -13.322
   23.150   -15.692
   23.200   -18.045
   23.250   -20.388
   23.300   -22.730
   23.350   -25.085
   23.400   -27.468
   23.450   -29.902
   23.500   -32.412
   23.550   -35.030
   23.600   -37.795
   23.650   -40.748
   23.700   -43.931
   23.750   -47.375
   23.800   -51.084
   23.850   -55.004
   23.900   -58.992
   23.950   -62.801
   24.000   -66.135
   24.050   -68.758
   24.100   -70.612
   24.150   -71.802
   24.200   -72.508
   24.250   -72.898
   24.300   -73.093
   24.350   -73.171
   24.400   -73.180
   24.450   -73.146
   24.500   -73.088
   24.550   -73.013
   24.600   -72.928
   24.650   -72.835
   24.700   -72.738
   24.750   -72.636
   24.800   -72.530
   24.850   -72.422
   24.900   -72.311
   24.950   -72.198
   25.000   -72.082
   25.050   -71.964
   25.100   -71.844
   25.150   -71.721
   25.200   -71.597
   25.250   -71.470
   25.300   -71.341
   25.350   -71.210
   25.400   -71.076
   25.450   -70.941
   25.500   -70.803
   25.550   -70.664
   25.600   -70.522
   25.650   -70.378
   25.700   -70.231
   25.750   -70.083
   25.800   -69.933
   25.850   -69.780
   25.900   -69.626
   25.950   -69.469
   26.000   -69.310
   26.050   -69.150
   26.100   -68.987
   26.150   -68.822
   26.200   -68.656
   26.250   -68.487
   26.300   -68.317
   26.350   -68.145
   26.400   -67.970
   26.450   -67.795
   26.500   -67.617
   26.550   -67.438
   26.600   -67.257
   26.650   -67.074
   26.700   -66.890
   26.750   -66.704
   26.800   -66.517
   26.850   -66.328
   26.900   -66.138
   26.950   -65.947
   27.000   -65.754
   27.050   -65.560
   27.100   -65.365
   27.150   -65.169
   27.200   -64.971
   27.250   -64.773
   27.300   -64.574
   27.350   -64.374
   27.400   -64.173
   27.450   -63.971
   27.500   -63.769
   27.550   -63.566
   27.600   -63.362
   27.650   -63.158
   27.700   -62.954
   27.750   -62.749
   27.800   -62.544
   27.850   -62.338
   27.900   -62.133
   27.950   -61.927
   28.000   -61.721
   28.050   -61.516
   28.100   -61.310
   28.150   -61.104
   28.200   -60.899
   28.250   -60.694
   28.300   -60.489
   28.350   -60.284
   28.400   -60.079
   28.450   -59.875
   28.500   -59.672
   28.550   -59.468
   28.600   -59.266
   28.650   -59.063
   28.700   -58.861
   28.750   -58.660
   28.800   -58.459
   28.850   -58.259
   28.900   -58.059
   28.950   -57.860
   29.000   -57.661
   29.050   -57.463
   29.100   -57.265
   29.150   -57.068
   29.200   -56.871
   29.250   -56.674
   29.300   -56.478
   29.350   -56.282
   29.400   -56.086
   29.450   -55.890
   29.500   -55.694
   29.550   -55.498
   29.600   -55.302
   29.650   -55.105
   29.700   -54.909
   29.750   -54.711
   29.800   -54.513
   29.850   -54.314
   29.900   -54.114
   29.950   -53.912
   30.000   -53.709
   30.050   -53.504
   30.100   -53.298
   30.150   -53.089
   30.200   -52.877
   30.250   -52.662
   30.300   -52.444
   30.350   -52.221
   30.400   -51.995
   30.450   -51.763
   30.500   -51.526
   30.550   -51.283
   30.600   -51.032
   30.650   -50.774
   30.700   -50.506
   30.750   -50.228
   30.800   -49.938
   30.850   -49.636
   30.900   -49.317
   30.950   -48.982
   31.000   -48.627
   31.050   -48.249
   31.100   -47.844
   31.150   -47.408
   31.200   -46.937
   31.250   -46.422
   31.300   -45.857
   31.350   -45.232
   31.400   -44.533
   31.450   -43.746
   31.500   -42.850
   31.550   -41.818
   31.600   -40.616
   31.650   -39.196
   31.700   -37.494
   31.750   -35.424
   31.800   -32.865
   31.850   -29.648
   31.900   -25.544
   31.950   -20.251
   32.000   -13.417
   32.050    -4.767
   32.100     5.530
   32.150    16.215
   32.200    24.777
   32.250    29.216
   32.300    30.172
   32.350    29.547
   32.400    28.280
   32.450    26.610
   32.500    24.661
   32.550    22.508
   32.600    20.207
   32.650    17.798
   32.700    15.315
   32.750    12.784
   32.800    10.225
   32.850     7.655
   32.900     5.087
   32.950     2.530
   33.000    -0.008
   33.050    -2.523
   33.100    -5.011
   33.150    -7.471
   33.200    -9.903
   33.250   -12.308
   33.300   -14.688
   33.350   -17.049
   33.400   -19.396
   33.450   -21.738
   33.500   -24.086
   33.550   -26.455
   33.600   -28.865
   33.650   -31.339
   33.700   -33.907
   33.750   -36.604
   33.800   -39.471
   33.850   -42.550
   33.900   -45.879
   33.950   -49.475
   34.000   -53.314
   34.050   -57.293
   34.100   -61.210
   34.150   -64.779
   34.200   -67.722
   34.250   -69.898
   34.300   -71.352
   34.350   -72.244
   34.400   -72.752
   34.450   -73.020
   34.500   -73.141
   34.550   -73.176
   34.600   -73.158
   34.650   -73.109
   34.700   -73.041
   34.750   -72.960
   34.800   -72.870
   34.850   -72.774
   34.900   -72.674
   34.950   -72.570
   35.000   -72.462
   35.050   -72.353
   35.100   -72.240
   35.150   -72.125
   35.200   -72.008
   35.250   -71.889
   35.300   -71.767
   35.350   -71.643
   35.400   -71.517
   35.450   -71.389
   35.500   -71.259
   35.550   -71.126
   35.600   -70.992
   35.650   -70.855
   35.700   -70.716
   35.750   -70.575
   35.800   -70.431
   35.850   -70.286
   35.900   -70.138
   35.950   -69.989
   36.000   -69.837
   36.050   -69.683
   36.100   -69.527
   36.150   -69.370
   36.200   -69.210
   36.250   -69.048
   36.300   -68.884
   36.350   -68.718
   36.400   -68.550
   36.450   -68.380
   36.500   -68.209
   36.550   -68.035
   36.600   -67.860
   36.650   -67.683
   36.700   -67.504
   36.750   -67.324
   36.800   -67.142
   36.850   -66.958
   36.900   -66.773
   36.950   -66.587
   37.000   -66.398
   37.050   -66.209
   37.100   -66.018
   37.150   -65.826
   37.200   -65.632
   37.250   -65.437
   37.300   -65.242
   37.350   -65.045
   37.400   -64.847
   37.450   -64.648
   37.500   -64.448
   37.550   -64.248
   37.600   -64.046
   37.650   -63.844
   37.700   -63.641
   37.750   -63.438
   37.800   -63.234
   37.850   -63.030
   37.900   -62.825
   37.950   -62.620
   38.000   -62.415
   38.050   -62.209
   38.100   -62.004
   38.150   -61.798
   38.200   -61.592
   38.250   -61.386
   38.300   -61.181
   38.350   -60.975
   38.400   -60.770
   38.450   -60.565
   38.500   -60.360
   38.550   -60.155
   38.600   -59.951
   38.650   -59.747
   38.700   -59.544
   38.750   -59.341
   38.800   -59.138
   38.850   -58.936
   38.900   -58.735
   38.950   -58.534
   39.000   -58.334
   39.050   -58.134
   39.100   -57.934
   39.150   -57.735
   39.200   -57.537
   39.250   -57.339
   39.300   -57.141
   39.350   -56.944
   39.400   -56.747
   39.450   -56.551
   39.500   -56.355
   39.550   -56.159
   39.600   -55.963
   39.650   -55.767
   39.700   -55.571
   39.750   -55.375
   39.800   -55.179
   39.850   -54.982
   39.900   -54.785
   39.950   -54.587
   40.000   -54.389
   40.050   -54.189
   40.100   -53.988
   40.150   -53.786
   40.200   -53.582
   40.250   -53.376
   40.300   -53.168
   40.350   -52.957
   40.400   -52.744
   40.450   -52.527
   40.500   -52.306
   40.550   -52.082
   40.600   -51.852
   40.650   -51.617
   40.700   -51.377
   40.750   -51.129
   40.800   -50.874
   40.850   -50.610
   40.900   -50.336
   40.950   -50.051
   41.000   -49.754
   41.050   -49.442
   41.100   -49.114
   41.150   -48.767
   41.200   -48.398
   41.250   -48.004
   41.300   -47.582
   41.350   -47.125
   41.400   -46.628
   41.450   -46.084
   41.500   -45.484
   41.550   -44.816
   41.600   -44.067
   41.650   -43.217
   41.700   -42.242
   41.750   -41.112
   41.800   -39.785
   41.850   -38.204
   41.900   -36.293
   41.950   -33.945
   42.000   -31.012
   42.050   -27.293
   42.100   -22.512
   42.150   -16.333
   42.200    -8.423
   42.250     1.291
   42.300    12.060
   42.350    21.793
   42.400    27.954
   42.450    30.066
   42.500    29.887
   42.550    28.829
   42.600    27.301
   42.650    25.451
   42.700    23.371
   42.750    21.123
   42.800    18.753
   42.850    16.296
   42.900    13.780
   42.950    11.230
   43.000     8.663
   43.050     6.092
   43.100     3.530
   43.150     0.983
   43.200    -1.541
   43.250    -4.041
   43.300    -6.512
   43.350    -8.955
   43.400   -11.370
   43.450   -13.760
   43.500   -16.128
   43.550   -18.480
   43.600   -20.822
   43.650   -23.167
   43.700   -25.526
   43.750   -27.917
   43.800   -30.363
   43.850   -32.890
   43.900   -35.532
   43.950   -38.328
   44.000   -41.319
   44.050   -44.546
   44.100   -48.037
   44.150   -51.788
   44.200   -55.730
   44.250   -59.702
   44.300   -63.442
   44.350   -66.656
   44.400   -69.137
   44.450   -70.859
   44.500   -71.948
   44.550   -72.588
   44.600   -72.936
   44.650   -73.105
   44.700   -73.169
   44.750   -73.169
   44.800   -73.130
   44.850   -73.069
   44.900   -72.992
   44.950   -72.905
   45.000   -72.811
   45.050   -72.713
   45.100   -72.610
   45.150   -72.504
   45.200   -72.395
   45.250   -72.284
   45.300   -72.170
   45.350   -72.053
   45.400   -71.935
   45.450   -71.814
   45.500   -71.691
   45.550   -71.566
   45.600   -71.439
   45.650   -71.309
   45.700   -71.177
   45.750   -71.044
   45.800   -70.908
   45.850   -70.769
   45.900   -70.629
   45.950   -70.487
   46.000   -70.342
   46.050   -70.195
   46.100   -70.047
   46.150   -69.896
   46.200   -69.743
   46.250   -69.588
   46.300   -69.430
   46.350   -69.271
   46.400   -69.110
   46.450   -68.947
   46.500   -68.782
   46.550   -68.615
   46.600   -68.446
   46.650   -68.275
   46.700   -68.102
   46.750   -67.928
   46.800   -67.751
   46.850   -67.573
   46.900   -67.394
   46.950   -67.212
   47.000   -67.029
   47.050   -66.845
   47.100   -66.658
   47.150   -66.471
   47.200   -66.282
   47.250   -66.091
   47.300   -65.900
   47.350   -65.707
   47.400   -65.512
   47.450   -65.317
   47.500   -65.120
   47.550   -64.923
   47.600   -64.724
   47.650   -64.525
   47.700   -64.325
   47.750   -64.124
   47.800   -63.922
   47.850   -63.719
   47.900   -63.516
   47.950   -63.312
   48.000   -63.108
   48.050   -62.904
   48.100   -62.699
   48.150   -62.494
   48.200   -62.288
   48.250   -62.083
   48.300   -61.877
   48.350   -61.671
   48.400   -61.465
   48.450   -61.260
   48.500   -61.054
   48.550   -60.849
   48.600   -60.644
   48.650   -60.439
   48.700   -60.234
   48.750   -60.030
   48.800   -59.826
   48.850   -59.622
   48.900   -59.419
   48.950   -59.216
   49.000   -59.014
   49.050   -58.812
   49.100   -58.611
   49.150   -58.410
   49.200   -58.210
   49.250   -58.011
   49.300   -57.812
   49.350   -57.613
   49.400   -57.415
   49.450   -57.217
   49.500   -57.020
   49.550   -56.823
   49.600   -56.626
   49.650   -56.430
   49.700   -56.234
   49.750   -56.038
   49.800   -55.842
   49.850   -55.647
   49.900   -55.451
   49.950   -55.255
   50.000   -55.058
