     0.000 -1.4029E+0005
    -0.050 -2.4841E+0004
    -0.100  2.7581E+0003
    -0.150  1.8377E+0004
    -0.200  2.6924E+0004
    -0.250  3.0748E+0004
    -0.300  3.3351E+0004
    -0.350  3.3539E+0004
    -0.400  3.5633E+0004
    -0.450  3.9507E+0004
    -0.500  4.1667E+0004
    -0.550  4.4609E+0004
    -0.600  4.6048E+0004
    -0.650  4.7077E+0004
    -0.700  4.7797E+0004
    -0.750  5.0076E+0004
    -0.800  5.4184E+0004
    -0.850  5.8778E+0004
    -0.900  6.1298E+0004
    -0.950  6.0570E+0004
    -1.000  6.1524E+0004
    -1.050  6.1592E+0004
    -1.100  6.3140E+0004
    -1.150  6.3162E+0004
    -1.200  6.5160E+0004
    -1.250  6.4929E+0004
    -1.300  6.4659E+0004
    -1.350  6.4621E+0004
    -1.400  6.5853E+0004
    -1.450  6.3540E+0004
    -1.500  6.4121E+0004
    -1.550  6.6629E+0004
    -1.600  6.4576E+0004
    -1.650  6.4611E+0004
    -1.700  6.5229E+0004
    -1.750  6.3574E+0004
    -1.800  6.3152E+0004
    -1.850  6.2721E+0004
    -1.900  6.4389E+0004
    -1.950  6.2323E+0004
    -2.000  6.2483E+0004
    -2.050  6.2032E+0004
    -2.100  6.3276E+0004
    -2.150  6.1111E+0004
    -2.200  6.2363E+0004
    -2.250  5.9071E+0004
    -2.300  5.8290E+0004
    -2.350  5.8947E+0004
    -2.400  5.6758E+0004
    -2.450  5.4539E+0004
    -2.500  5.5798E+0004
    -2.550  5.4026E+0004
    -2.600  5.2157E+0004
    -2.650  5.1903E+0004
    -2.700  4.9812E+0004
    -2.750  4.7726E+0004
    -2.800  4.5705E+0004
    -2.850  4.3951E+0004
    -2.900  4.3300E+0004
    -2.950  4.1683E+0004
    -3.000  4.2460E+0004
    -3.050  4.2446E+0004
    -3.100  3.9676E+0004
    -3.150  4.0747E+0004
    -3.200  3.7152E+0004
    -3.250  3.6765E+0004
    -3.300  3.4637E+0004
    -3.350  3.3839E+0004
    -3.400  3.3679E+0004
    -3.450  3.0566E+0004
    -3.500  2.8575E+0004
    -3.550  2.7859E+0004
    -3.600  2.8515E+0004
    -3.650  2.6271E+0004
    -3.700  2.5666E+0004
    -3.750  2.6710E+0004
    -3.800  2.6637E+0004
    -3.850  2.4662E+0004
    -3.900  2.3863E+0004
    -3.950  2.3346E+0004
    -4.000  1.9769E+0004
    -4.050  2.1089E+0004
    -4.100  1.8444E+0004
    -4.150  1.8846E+0004
    -4.200  2.0315E+0004
    -4.250  2.2015E+0004
    -4.300  1.9278E+0004
    -4.350  1.7934E+0004
    -4.400  1.4542E+0004
    -4.450  1.4136E+0004
    -4.500  1.0683E+0004
    -4.550  1.0712E+0004
    -4.600  9.6834E+0003
    -4.650  3.9874E+0003
    -4.700  2.6722E+0003
    -4.750 -6.5094E+0002
    -4.800 -3.5402E+0003
    -4.850 -2.3584E+0003
    -4.900 -6.7183E+0002
    -4.950 -4.4642E+0003
    -5.000 -7.6060E+0003
    -5.050 -7.2126E+0003
    -5.100 -1.1669E+0004
    -5.150 -1.3595E+0004
    -5.200 -1.6627E+0004
    -5.250 -1.9654E+0004
    -5.300 -2.0433E+0004
    -5.350 -1.9831E+0004
    -5.400 -2.1676E+0004
    -5.450 -2.0241E+0004
    -5.500 -2.2268E+0004
    -5.550 -2.2904E+0004
    -5.600 -2.4969E+0004
    -5.650 -2.3381E+0004
    -5.700 -2.2235E+0004
    -5.750 -2.3057E+0004
    -5.800 -2.3218E+0004
    -5.850 -2.4068E+0004
    -5.900 -2.5062E+0004
    -5.950 -2.6697E+0004
    -6.000 -3.0471E+0004
    -6.050 -3.4767E+0004
    -6.100 -3.3579E+0004
    -6.150 -3.7475E+0004
    -6.200 -3.6246E+0004
    -6.250 -3.9430E+0004
    -6.300 -4.3522E+0004
    -6.350 -4.4538E+0004
    -6.400 -4.2231E+0004
    -6.450 -4.2530E+0004
    -6.500 -4.5062E+0004
    -6.550 -4.4978E+0004
    -6.600 -4.4906E+0004
    -6.650 -4.5633E+0004
    -6.700 -4.5795E+0004
    -6.750 -4.8129E+0004
    -6.800 -4.9021E+0004
    -6.850 -4.7987E+0004
    -6.900 -4.8398E+0004
    -6.950 -4.4367E+0004
    -7.000 -4.6407E+0004
    -7.050 -4.7908E+0004
    -7.100 -4.8805E+0004
    -7.150 -4.9569E+0004
    -7.200 -4.8331E+0004
    -7.250 -5.4091E+0004
    -7.300 -5.1877E+0004
    -7.350 -4.8413E+0004
    -7.400 -4.8651E+0004
    -7.450 -5.0244E+0004
    -7.500 -5.3784E+0004
    -7.550 -5.2155E+0004
    -7.600 -5.8694E+0004
    -7.650 -6.0722E+0004
    -7.700 -6.1929E+0004
    -7.750 -6.3704E+0004
    -7.800 -6.6815E+0004
    -7.850 -6.9289E+0004
    -7.900 -7.1722E+0004
    -7.950 -7.5206E+0004
    -8.000 -7.9376E+0004
    -8.050 -8.0638E+0004
    -8.100 -8.2321E+0004
    -8.150 -8.3765E+0004
    -8.200 -8.1690E+0004
    -8.250 -8.4406E+0004
    -8.300 -8.2663E+0004
    -8.350 -8.2680E+0004
    -8.400 -8.2786E+0004
    -8.450 -8.3647E+0004
    -8.500 -8.5091E+0004
    -8.550 -8.7750E+0004
    -8.600 -8.7896E+0004
    -8.650 -8.7450E+0004
    -8.700 -8.6910E+0004
    -8.750 -8.9423E+0004
    -8.800 -9.0216E+0004
    -8.850 -9.0943E+0004
    -8.900 -8.8835E+0004
    -8.950 -8.7662E+0004
    -9.000 -8.5027E+0004
    -9.050 -8.3770E+0004
    -9.100 -8.1570E+0004
    -9.150 -7.7456E+0004
    -9.200 -7.9096E+0004
    -9.250 -8.0460E+0004
    -9.300 -7.8566E+0004
    -9.350 -8.1540E+0004
    -9.400 -8.2673E+0004
    -9.450 -8.2176E+0004
    -9.500 -8.6017E+0004
    -9.550 -8.2154E+0004
    -9.600 -8.1724E+0004
    -9.650 -8.1610E+0004
    -9.700 -7.5718E+0004
    -9.750 -7.2719E+0004
    -9.800 -7.5597E+0004
    -9.850 -7.7127E+0004
    -9.900 -7.5547E+0004
    -9.950 -7.1787E+0004
   -10.000 -7.2641E+0004
   -10.050 -7.3048E+0004
   -10.100 -7.3062E+0004
   -10.150 -7.6854E+0004
   -10.200 -7.5068E+0004
   -10.250 -7.6570E+0004
   -10.300 -7.4087E+0004
   -10.350 -7.4360E+0004
   -10.400 -7.2750E+0004
   -10.450 -7.1209E+0004
   -10.500 -7.1999E+0004
   -10.550 -7.1010E+0004
   -10.600 -7.3181E+0004
   -10.650 -7.4463E+0004
   -10.700 -7.0676E+0004
   -10.750 -7.0163E+0004
   -10.800 -7.1297E+0004
   -10.850 -7.4312E+0004
   -10.900 -7.2055E+0004
   -10.950 -7.1574E+0004
   -11.000 -7.1829E+0004
   -11.050 -7.2965E+0004
   -11.100 -7.2257E+0004
   -11.150 -7.4048E+0004
   -11.200 -7.1987E+0004
   -11.250 -7.0730E+0004
   -11.300 -7.1352E+0004
   -11.350 -7.0276E+0004
   -11.400 -6.7441E+0004
   -11.450 -6.4748E+0004
   -11.500 -6.3513E+0004
   -11.550 -6.3242E+0004
   -11.600 -6.0833E+0004
   -11.650 -6.1469E+0004
   -11.700 -6.0506E+0004
   -11.750 -6.2129E+0004
   -11.800 -6.3180E+0004
   -11.850 -6.4208E+0004
   -11.900 -6.0964E+0004
   -11.950 -5.4422E+0004
   -12.000 -5.2569E+0004
   -12.050 -5.2782E+0004
   -12.100 -4.7999E+0004
   -12.150 -4.7582E+0004
   -12.200 -4.4328E+0004
   -12.250 -4.2829E+0004
   -12.300 -4.4738E+0004
   -12.350 -3.9521E+0004
   -12.400 -4.1769E+0004
   -12.450 -3.9569E+0004
   -12.500 -3.8026E+0004
   -12.550 -4.0365E+0004
   -12.600 -4.2734E+0004
   -12.650 -4.1309E+0004
   -12.700 -3.6572E+0004
   -12.750 -3.0554E+0004
   -12.800 -2.4571E+0004
   -12.850 -2.5883E+0004
   -12.900 -2.5677E+0004
   -12.950 -2.4143E+0004
   -13.000 -2.5620E+0004
   -13.050 -2.1291E+0004
   -13.100 -1.9598E+0004
   -13.150 -1.8395E+0004
   -13.200 -1.4787E+0004
   -13.250 -1.1448E+0004
   -13.300 -1.2323E+0004
   -13.350 -1.0919E+0004
   -13.400 -1.3829E+0004
   -13.450 -1.3737E+0004
   -13.500 -1.2410E+0004
   -13.550 -1.0816E+0004
   -13.600 -1.0390E+0004
   -13.650 -8.9688E+0003
   -13.700 -6.8709E+0003
   -13.750 -1.0177E+0004
   -13.800 -7.6926E+0003
   -13.850 -8.0582E+0003
   -13.900 -9.2914E+0003
   -13.950 -1.0210E+0004
   -14.000 -9.1698E+0003
   -14.050 -8.6645E+0003
   -14.100 -6.7591E+0003
   -14.150 -3.4279E+0003
   -14.200 -5.8256E+0003
   -14.250 -4.4629E+0003
   -14.300  1.9103E+0003
   -14.350  4.8060E+0003
   -14.400  7.5899E+0003
   -14.450  6.3138E+0003
   -14.500  5.0419E+0003
   -14.550  4.5716E+0003
   -14.600  5.9019E+0003
   -14.650  8.3478E+0003
   -14.700  1.0217E+0004
   -14.750  1.1513E+0004
   -14.800  9.6328E+0003
   -14.850  1.2125E+0004
   -14.900  8.5651E+0003
   -14.950  8.8183E+0003
   -15.000  1.0240E+0004
   -15.050  1.1034E+0004
   -15.100  1.1159E+0004
   -15.150  1.1010E+0004
   -15.200  1.1328E+0004
   -15.250  9.7443E+0003
   -15.300  9.5471E+0003
   -15.350  1.2096E+0004
   -15.400  1.2261E+0004
   -15.450  1.2172E+0004
   -15.500  1.1577E+0004
   -15.550  1.5543E+0004
   -15.600  1.6697E+0004
   -15.650  1.6044E+0004
   -15.700  1.7283E+0004
   -15.750  1.8359E+0004
   -15.800  1.6268E+0004
   -15.850  1.6651E+0004
   -15.900  1.5912E+0004
   -15.950  1.5533E+0004
   -16.000  1.4071E+0004
   -16.050  1.3464E+0004
   -16.100  1.3518E+0004
   -16.150  1.1072E+0004
   -16.200  9.6537E+0003
   -16.250  4.8012E+0003
   -16.300  6.3614E+0003
   -16.350  4.0051E+0003
   -16.400  6.7830E+0003
   -16.450  8.4222E+0003
   -16.500  7.4710E+0003
   -16.550  1.0316E+0004
   -16.600  1.3260E+0004
   -16.650  1.6335E+0004
   -16.700  1.7201E+0004
   -16.750  1.4981E+0004
   -16.800  1.6845E+0004
   -16.850  1.5433E+0004
