    0.050   -64.000
    0.100   -64.000
    0.150   -64.000
    0.200   -64.000
    0.250   -64.000
    0.300   -64.000
    0.350   -64.000
    0.400   -64.000
    0.450   -64.000
    0.500   -64.000
    0.550   -64.000
    0.600   -64.000
    0.650   -64.000
    0.700   -64.000
    0.750   -64.000
    0.800   -64.000
    0.850   -64.000
    0.900   -64.000
    0.950   -64.000
    1.000   -64.000
    1.050   -64.000
    1.100   -64.000
    1.150   -64.000
    1.200   -64.000
    1.250   -64.000
    1.300   -64.000
    1.350   -64.000
    1.400   -64.000
    1.450   -64.000
    1.500   -64.000
    1.550   -64.000
    1.600   -64.000
    1.650   -64.000
    1.700   -64.000
    1.750   -64.000
    1.800   -64.000
    1.850   -64.000
    1.900   -64.000
    1.950   -64.000
    2.000   -64.000
    2.050   -64.000
    2.100   -64.000
    2.150   -64.000
    2.200   -64.000
    2.250   -64.000
    2.300   -64.000
    2.350   -64.000
    2.400   -64.000
    2.450   -64.000
    2.500   -64.000
    2.550   -64.000
    2.600   -64.000
    2.650   -64.000
    2.700   -64.000
    2.750   -64.000
    2.800   -64.000
    2.850   -64.000
    2.900   -64.000
    2.950   -64.000
    3.000   -64.000
    3.050   -64.000
    3.100   -64.000
    3.150   -64.000
    3.200   -64.000
    3.250   -64.000
    3.300   -64.000
    3.350   -64.000
    3.400   -64.000
    3.450   -64.000
    3.500   -64.000
    3.550   -64.000
    3.600   -64.000
    3.650   -64.000
    3.700   -64.000
    3.750   -64.000
    3.800   -64.000
    3.850   -64.000
    3.900   -64.000
    3.950   -64.000
    4.000   -64.000
    4.050   -63.870
    4.100   -63.740
    4.150   -63.611
    4.200   -63.483
    4.250   -63.355
    4.300   -63.227
    4.350   -63.101
    4.400   -62.974
    4.450   -62.849
    4.500   -62.723
    4.550   -62.599
    4.600   -62.475
    4.650   -62.351
    4.700   -62.228
    4.750   -62.106
    4.800   -61.984
    4.850   -61.862
    4.900   -61.741
    4.950   -61.621
    5.000   -61.501
    5.050   -61.382
    5.100   -61.263
    5.150   -61.145
    5.200   -61.027
    5.250   -60.909
    5.300   -60.793
    5.350   -60.676
    5.400   -60.561
    5.450   -60.445
    5.500   -60.331
    5.550   -60.216
    5.600   -60.102
    5.650   -59.989
    5.700   -59.876
    5.750   -59.764
    5.800   -59.652
    5.850   -59.541
    5.900   -59.430
    5.950   -59.320
    6.000   -59.210
    6.050   -59.100
    6.100   -58.991
    6.150   -58.883
    6.200   -58.775
    6.250   -58.667
    6.300   -58.560
    6.350   -58.453
    6.400   -58.347
    6.450   -58.242
    6.500   -58.136
    6.550   -58.032
    6.600   -57.927
    6.650   -57.823
    6.700   -57.720
    6.750   -57.617
    6.800   -57.514
    6.850   -57.412
    6.900   -57.311
    6.950   -57.209
    7.000   -57.109
    7.050   -57.008
    7.100   -56.908
    7.150   -56.809
    7.200   -56.710
    7.250   -56.611
    7.300   -56.513
    7.350   -56.415
    7.400   -56.318
    7.450   -56.221
    7.500   -56.124
    7.550   -56.028
    7.600   -55.933
    7.650   -55.837
    7.700   -55.743
    7.750   -55.648
    7.800   -55.554
    7.850   -55.460
    7.900   -55.367
    7.950   -55.274
    8.000   -55.182
    8.050   -55.090
    8.100   -54.998
    8.150   -54.907
    8.200   -54.816
    8.250   -54.726
    8.300   -54.636
    8.350   -54.546
    8.400   -54.457
    8.450   -54.368
    8.500   -54.280
    8.550   -54.191
    8.600   -54.104
    8.650   -54.016
    8.700   -53.929
    8.750   -53.843
    8.800   -53.757
    8.850   -53.671
    8.900   -53.585
    8.950   -53.500
    9.000   -53.415
    9.050   -53.331
    9.100   -53.247
    9.150   -53.163
    9.200   -53.080
    9.250   -52.997
    9.300   -52.915
    9.350   -52.832
    9.400   -52.751
    9.450   -52.669
    9.500   -52.588
    9.550   -52.507
    9.600   -52.427
    9.650   -52.347
    9.700   -52.267
    9.750   -52.188
    9.800   -52.108
    9.850   -52.030
    9.900   -51.951
    9.950   -51.873
   10.000   -51.796
   10.050   -51.718
   10.100   -51.641
   10.150   -51.565
   10.200   -51.488
   10.250   -51.412
   10.300   -51.336
   10.350   -51.261
   10.400   -51.186
   10.450   -51.111
   10.500   -51.037
   10.550   -50.963
   10.600   -50.889
   10.650   -50.816
   10.700   -50.742
   10.750   -50.670
   10.800   -50.597
   10.850   -50.525
   10.900   -50.453
   10.950   -50.382
   11.000   -50.310
   11.050   -50.239
   11.100   -50.169
   11.150   -50.098
   11.200   -50.028
   11.250   -49.959
   11.300   -49.889
   11.350   -49.820
   11.400   -49.751
   11.450   -49.683
   11.500   -49.615
   11.550   -49.547
   11.600   -49.479
   11.650   -49.412
   11.700   -49.345
   11.750   -49.278
   11.800   -49.211
   11.850   -49.145
   11.900   -49.079
   11.950   -49.014
   12.000   -48.948
   12.050   -48.883
   12.100   -48.819
   12.150   -48.754
   12.200   -48.690
   12.250   -48.626
   12.300   -48.562
   12.350   -48.499
   12.400  -100.000
   12.450  -100.000
   12.500  -100.000
   12.550  -100.000
   12.600  -100.000
   12.650  -100.000
   12.700  -100.000
   12.750  -100.000
   12.800  -100.000
   12.850  -100.000
   12.900  -100.000
   12.950  -100.000
   13.000  -100.000
   13.050  -100.000
   13.100  -100.000
   13.150  -100.000
   13.200  -100.000
   13.250  -100.000
   13.300  -100.000
   13.350  -100.000
   13.400  -100.000
   13.450  -100.000
   13.500  -100.000
   13.550  -100.000
   13.600  -100.000
   13.650  -100.000
   13.700  -100.000
   13.750  -100.000
   13.800  -100.000
   13.850  -100.000
   13.900  -100.000
   13.950  -100.000
   14.000  -100.000
   14.050  -100.000
   14.100  -100.000
   14.150  -100.000
   14.200  -100.000
   14.250  -100.000
   14.300  -100.000
   14.350  -100.000
   14.400  -100.000
   14.450  -100.000
   14.500  -100.000
   14.550  -100.000
   14.600  -100.000
   14.650  -100.000
   14.700  -100.000
   14.750  -100.000
   14.800  -100.000
   14.850  -100.000
   14.900  -100.000
   14.950  -100.000
   15.000  -100.000
   15.050  -100.000
   15.100  -100.000
   15.150  -100.000
   15.200  -100.000
   15.250  -100.000
   15.300  -100.000
   15.350  -100.000
   15.400  -100.000
   15.450  -100.000
   15.500  -100.000
   15.550  -100.000
   15.600  -100.000
   15.650  -100.000
   15.700  -100.000
   15.750  -100.000
   15.800  -100.000
   15.850  -100.000
   15.900  -100.000
   15.950  -100.000
   16.000  -100.000
   16.050  -100.000
   16.100  -100.000
   16.150  -100.000
   16.200  -100.000
   16.250  -100.000
   16.300  -100.000
   16.350  -100.000
   16.400  -100.000
   16.450   -99.714
   16.500   -99.429
   16.550   -99.146
   16.600   -98.864
   16.650   -98.583
   16.700   -98.303
   16.750   -98.024
   16.800   -97.747
   16.850   -97.471
   16.900   -97.196
   16.950   -96.922
   17.000   -96.650
   17.050   -96.378
   17.100   -96.108
   17.150   -95.839
   17.200   -95.571
   17.250   -95.304
   17.300   -95.039
   17.350   -94.774
   17.400   -94.511
   17.450   -94.249
   17.500   -93.988
   17.550   -93.728
   17.600   -93.469
   17.650   -93.212
   17.700   -92.955
   17.750   -92.700
   17.800   -92.445
   17.850   -92.192
   17.900   -91.940
   17.950   -91.689
   18.000   -91.439
   18.050   -91.190
   18.100   -90.942
   18.150   -90.696
   18.200   -90.450
   18.250   -90.205
   18.300   -89.962
   18.350   -89.719
   18.400   -89.478
   18.450   -89.238
   18.500   -88.998
   18.550   -88.760
   18.600   -88.523
   18.650   -88.286
   18.700   -88.051
   18.750   -87.817
   18.800   -87.584
   18.850   -87.352
   18.900   -87.120
   18.950   -86.890
   19.000   -86.661
   19.050   -86.433
   19.100   -86.206
   19.150   -85.979
   19.200   -85.754
   19.250   -85.530
   19.300   -85.307
   19.350   -85.084
   19.400   -84.863
   19.450   -84.642
   19.500   -84.423
   19.550   -84.204
   19.600   -83.987
   19.650   -83.770
   19.700   -83.555
   19.750   -83.340
   19.800   -83.126
   19.850   -82.913
   19.900   -82.701
   19.950   -82.490
   20.000   -82.280
   20.050   -82.071
   20.100   -81.862
   20.150   -81.655
   20.200   -81.448
   20.250   -81.243
   20.300   -81.038
   20.350   -80.834
   20.400   -80.631
   20.450   -80.429
   20.500   -80.228
   20.550   -80.027
   20.600   -79.828
   20.650   -79.629
   20.700   -79.432
   20.750   -79.235
   20.800   -79.039
   20.850   -78.843
   20.900   -78.649
   20.950   -78.455
   21.000   -78.263
   21.050   -78.071
   21.100   -77.880
   21.150   -77.690
   21.200   -77.500
   21.250   -77.312
   21.300   -77.124
   21.350   -76.937
   21.400   -76.751
   21.450   -76.566
   21.500   -76.381
   21.550   -76.197
   21.600   -76.014
   21.650   -75.832
   21.700   -75.651
   21.750   -75.470
   21.800   -75.291
   21.850   -75.112
   21.900   -74.933
   21.950   -74.756
   22.000   -74.579
   22.050   -74.403
   22.100   -74.228
   22.150   -74.054
   22.200   -73.880
   22.250   -73.707
   22.300   -73.535
   22.350   -73.364
   22.400   -73.193
   22.450   -73.023
   22.500   -72.854
   22.550   -72.685
   22.600   -72.518
   22.650   -72.351
   22.700   -72.184
   22.750   -72.019
   22.800   -71.854
   22.850   -71.690
   22.900   -71.526
   22.950   -71.364
   23.000   -71.202
   23.050   -71.040
   23.100   -70.880
   23.150   -70.720
   23.200   -70.560
   23.250   -70.402
   23.300   -70.244
   23.350   -70.087
   23.400   -69.930
   23.450   -69.775
   23.500   -69.619
   23.550   -69.465
   23.600   -69.311
   23.650   -69.158
   23.700   -69.006
   23.750   -68.854
   23.800   -68.703
   23.850   -68.552
   23.900   -68.402
   23.950   -68.253
   24.000   -68.104
   24.050   -67.957
   24.100   -67.809
   24.150   -67.663
   24.200   -67.517
   24.250   -67.371
   24.300   -67.226
   24.350   -67.082
   24.400   -66.939
   24.450   -66.796
   24.500   -66.654
   24.550   -66.512
   24.600   -66.371
   24.650   -66.231
   24.700   -66.091
   24.750   -65.952
   24.800   -65.813
   24.850   -65.675
   24.900   -65.538
   24.950   -65.401
   25.000   -65.265
   25.050   -65.129
   25.100   -64.994
   25.150   -64.859
   25.200   -64.726
   25.250   -64.592
   25.300   -64.460
   25.350   -64.327
   25.400   -64.196
   25.450   -64.065
   25.500   -63.934
   25.550   -63.805
   25.600   -63.675
   25.650   -63.546
   25.700   -63.418
   25.750   -63.291
   25.800   -63.164
   25.850   -63.037
   25.900   -62.911
   25.950   -62.786
   26.000   -62.661
   26.050   -62.536
   26.100   -62.412
   26.150   -62.289
   26.200   -62.166
   26.250   -62.044
   26.300   -61.922
   26.350   -61.801
   26.400   -61.681
   26.450   -61.561
   26.500   -61.441
   26.550   -61.322
   26.600   -61.203
   26.650   -61.085
   26.700   -60.968
   26.750   -60.851
   26.800   -60.734
   26.850   -60.618
   26.900   -60.502
   26.950   -60.387
   27.000   -60.273
   27.050   -60.159
   27.100   -60.045
   27.150   -59.932
   27.200   -59.820
   27.250   -59.708
   27.300   -59.596
   27.350   -59.485
   27.400   -59.374
   27.450   -59.264
   27.500   -59.154
   27.550   -59.045
   27.600   -58.937
   27.650   -58.828
   27.700   -58.721
   27.750   -58.613
   27.800   -58.506
   27.850   -58.400
   27.900   -58.294
   27.950   -58.189
   28.000   -58.084
   28.050   -57.979
   28.100   -57.875
   28.150   -57.771
   28.200   -57.668
   28.250   -57.565
   28.300   -57.463
   28.350   -57.361
   28.400   -57.260
   28.450   -57.159
   28.500   -57.058
   28.550   -56.958
   28.600   -56.858
   28.650   -56.759
   28.700   -56.660
   28.750   -56.562
   28.800   -56.464
   28.850   -56.366
   28.900   -56.269
   28.950   -56.172
   29.000   -56.076
   29.050   -55.980
   29.100   -55.885
   29.150   -55.790
   29.200   -55.695
   29.250   -55.601
   29.300   -55.507
   29.350   -55.413
   29.400   -55.320
   29.450   -55.228
   29.500   -55.136
   29.550   -55.044
   29.600   -54.952
   29.650   -54.861
   29.700   -54.771
   29.750   -54.681
   29.800   -54.591
   29.850   -54.501
   29.900   -54.412
   29.950   -54.323
   30.000   -54.235
   30.050   -54.147
   30.100   -54.060
   30.150   -53.973
   30.200   -53.886
   30.250   -53.799
   30.300   -53.713
   30.350   -53.628
   30.400   -53.542
   30.450   -53.457
   30.500   -53.373
   30.550   -53.289
   30.600   -53.205
   30.650   -53.121
   30.700   -53.038
   30.750   -52.956
   30.800   -52.873
   30.850   -52.791
   30.900   -52.710
   30.950   -52.628
   31.000   -52.547
   31.050   -52.467
   31.100   -52.386
   31.150   -52.306
   31.200   -52.227
   31.250   -52.148
   31.300   -52.069
   31.350   -51.990
   31.400   -51.912
   31.450   -51.834
   31.500   -51.757
   31.550   -51.679
   31.600   -51.603
   31.650   -51.526
   31.700   -51.450
   31.750   -51.374
   31.800   -51.298
   31.850   -51.223
   31.900   -51.148
   31.950   -51.074
   32.000   -51.000
   32.050   -50.926
   32.100   -50.852
   32.150   -50.779
   32.200   -50.706
   32.250   -50.633
   32.300   -50.561
   32.350   -50.489
   32.400   -50.417
   32.450   -50.346
   32.500   -50.275
   32.550   -50.204
   32.600   -50.133
   32.650   -50.063
   32.700   -49.993
   32.750   -49.924
   32.800   -49.854
   32.850   -49.785
   32.900   -49.717
   32.950   -49.648
   33.000   -49.580
   33.050   -49.513
   33.100   -49.445
   33.150   -49.378
   33.200   -49.311
   33.250   -49.244
   33.300   -49.178
   33.350   -49.112
   33.400   -49.046
   33.450   -48.981
   33.500   -48.916
   33.550   -48.851
   33.600   -48.786
   33.650   -48.722
   33.700   -48.658
   33.750   -48.594
   33.800   -48.530
   33.850   -48.467
   33.900  -100.000
   33.950  -100.000
   34.000  -100.000
   34.050  -100.000
   34.100  -100.000
   34.150  -100.000
   34.200  -100.000
   34.250  -100.000
   34.300  -100.000
   34.350  -100.000
   34.400  -100.000
   34.450  -100.000
   34.500  -100.000
   34.550  -100.000
   34.600  -100.000
   34.650  -100.000
   34.700  -100.000
   34.750  -100.000
   34.800  -100.000
   34.850  -100.000
   34.900  -100.000
   34.950  -100.000
   35.000  -100.000
   35.050  -100.000
   35.100  -100.000
   35.150  -100.000
   35.200  -100.000
   35.250  -100.000
   35.300  -100.000
   35.350  -100.000
   35.400  -100.000
   35.450  -100.000
   35.500  -100.000
   35.550  -100.000
   35.600  -100.000
   35.650  -100.000
   35.700  -100.000
   35.750  -100.000
   35.800  -100.000
   35.850  -100.000
   35.900  -100.000
   35.950  -100.000
   36.000  -100.000
   36.050  -100.000
   36.100  -100.000
   36.150  -100.000
   36.200  -100.000
   36.250  -100.000
   36.300  -100.000
   36.350  -100.000
   36.400  -100.000
   36.450  -100.000
   36.500  -100.000
   36.550  -100.000
   36.600  -100.000
   36.650  -100.000
   36.700  -100.000
   36.750  -100.000
   36.800  -100.000
   36.850  -100.000
   36.900  -100.000
   36.950  -100.000
   37.000  -100.000
   37.050  -100.000
   37.100  -100.000
   37.150  -100.000
   37.200  -100.000
   37.250  -100.000
   37.300  -100.000
   37.350  -100.000
   37.400  -100.000
   37.450  -100.000
   37.500  -100.000
   37.550  -100.000
   37.600  -100.000
   37.650  -100.000
   37.700  -100.000
   37.750  -100.000
   37.800  -100.000
   37.850  -100.000
   37.900   -99.714
   37.950   -99.429
   38.000   -99.146
   38.050   -98.864
   38.100   -98.583
   38.150   -98.303
   38.200   -98.024
   38.250   -97.747
   38.300   -97.471
   38.350   -97.196
   38.400   -96.922
   38.450   -96.650
   38.500   -96.378
   38.550   -96.108
   38.600   -95.839
   38.650   -95.571
   38.700   -95.304
   38.750   -95.039
   38.800   -94.774
   38.850   -94.511
   38.900   -94.249
   38.950   -93.988
   39.000   -93.728
   39.050   -93.469
   39.100   -93.212
   39.150   -92.955
   39.200   -92.700
   39.250   -92.445
   39.300   -92.192
   39.350   -91.940
   39.400   -91.689
   39.450   -91.439
   39.500   -91.190
   39.550   -90.942
   39.600   -90.696
   39.650   -90.450
   39.700   -90.205
   39.750   -89.962
   39.800   -89.719
   39.850   -89.478
   39.900   -89.238
   39.950   -88.998
   40.000   -88.760
   40.050   -88.523
   40.100   -88.286
   40.150   -88.051
   40.200   -87.817
   40.250   -87.584
   40.300   -87.352
   40.350   -87.120
   40.400   -86.890
   40.450   -86.661
   40.500   -86.433
   40.550   -86.206
   40.600   -85.979
   40.650   -85.754
   40.700   -85.530
   40.750   -85.307
   40.800   -85.084
   40.850   -84.863
   40.900   -84.642
   40.950   -84.423
   41.000   -84.204
   41.050   -83.987
   41.100   -83.770
   41.150   -83.555
   41.200   -83.340
   41.250   -83.126
   41.300   -82.913
   41.350   -82.701
   41.400   -82.490
   41.450   -82.280
   41.500   -82.071
   41.550   -81.862
   41.600   -81.655
   41.650   -81.448
   41.700   -81.243
   41.750   -81.038
   41.800   -80.834
   41.850   -80.631
   41.900   -80.429
   41.950   -80.228
   42.000   -80.027
   42.050   -79.828
   42.100   -79.629
   42.150   -79.432
   42.200   -79.235
   42.250   -79.039
   42.300   -78.843
   42.350   -78.649
   42.400   -78.455
   42.450   -78.263
   42.500   -78.071
   42.550   -77.880
   42.600   -77.690
   42.650   -77.500
   42.700   -77.312
   42.750   -77.124
   42.800   -76.937
   42.850   -76.751
   42.900   -76.566
   42.950   -76.381
   43.000   -76.197
   43.050   -76.014
   43.100   -75.832
   43.150   -75.651
   43.200   -75.470
   43.250   -75.291
   43.300   -75.112
   43.350   -74.933
   43.400   -74.756
   43.450   -74.579
   43.500   -74.403
   43.550   -74.228
   43.600   -74.054
   43.650   -73.880
   43.700   -73.707
   43.750   -73.535
   43.800   -73.364
   43.850   -73.193
   43.900   -73.023
   43.950   -72.854
   44.000   -72.685
   44.050   -72.518
   44.100   -72.351
   44.150   -72.184
   44.200   -72.019
   44.250   -71.854
   44.300   -71.690
   44.350   -71.526
   44.400   -71.364
   44.450   -71.202
   44.500   -71.040
   44.550   -70.880
   44.600   -70.720
   44.650   -70.560
   44.700   -70.402
   44.750   -70.244
   44.800   -70.087
   44.850   -69.930
   44.900   -69.775
   44.950   -69.619
   45.000   -69.465
   45.050   -69.311
   45.100   -69.158
   45.150   -69.006
   45.200   -68.854
   45.250   -68.703
   45.300   -68.552
   45.350   -68.402
   45.400   -68.253
   45.450   -68.104
   45.500   -67.957
   45.550   -67.809
   45.600   -67.663
   45.650   -67.517
   45.700   -67.371
   45.750   -67.226
   45.800   -67.082
   45.850   -66.939
   45.900   -66.796
   45.950   -66.654
   46.000   -66.512
   46.050   -66.371
   46.100   -66.231
   46.150   -66.091
   46.200   -65.952
   46.250   -65.813
   46.300   -65.675
   46.350   -65.538
   46.400   -65.401
   46.450   -65.265
   46.500   -65.129
   46.550   -64.994
   46.600   -64.859
   46.650   -64.726
   46.700   -64.592
   46.750   -64.460
   46.800   -64.327
   46.850   -64.196
   46.900   -64.065
   46.950   -63.934
   47.000   -63.805
   47.050   -63.675
   47.100   -63.546
   47.150   -63.418
   47.200   -63.291
   47.250   -63.164
   47.300   -63.037
   47.350   -62.911
   47.400   -62.786
   47.450   -62.661
   47.500   -62.536
   47.550   -62.412
   47.600   -62.289
   47.650   -62.166
   47.700   -62.044
   47.750   -61.922
   47.800   -61.801
   47.850   -61.681
   47.900   -61.561
   47.950   -61.441
   48.000   -61.322
   48.050   -61.203
   48.100   -61.085
   48.150   -60.968
   48.200   -60.851
   48.250   -60.734
   48.300   -60.618
   48.350   -60.502
   48.400   -60.387
   48.450   -60.273
   48.500   -60.159
   48.550   -60.045
   48.600   -59.932
   48.650   -59.820
   48.700   -59.708
   48.750   -59.596
   48.800   -59.485
   48.850   -59.374
   48.900   -59.264
   48.950   -59.154
   49.000   -59.045
   49.050   -58.937
   49.100   -58.828
   49.150   -58.721
   49.200   -58.613
   49.250   -58.506
   49.300   -58.400
   49.350   -58.294
   49.400   -58.189
   49.450   -58.084
   49.500   -57.979
   49.550   -57.875
   49.600   -57.771
   49.650   -57.668
   49.700   -57.565
   49.750   -57.463
   49.800   -57.361
   49.850   -57.260
   49.900   -57.159
   49.950   -57.058
   50.000   -56.958
   50.050   -56.858
   50.100   -56.759
   50.150   -56.660
   50.200   -56.562
   50.250   -56.464
   50.300   -56.366
   50.350   -56.269
   50.400   -56.172
   50.450   -56.076
   50.500   -55.980
   50.550   -55.885
   50.600   -55.790
   50.650   -55.695
   50.700   -55.601
   50.750   -55.507
   50.800   -55.413
   50.850   -55.320
   50.900   -55.228
   50.950   -55.136
   51.000   -55.044
   51.050   -54.952
   51.100   -54.861
   51.150   -54.771
   51.200   -54.681
   51.250   -54.591
   51.300   -54.501
   51.350   -54.412
   51.400   -54.323
   51.450   -54.235
   51.500   -54.147
   51.550   -54.060
   51.600   -53.973
   51.650   -53.886
   51.700   -53.799
   51.750   -53.713
   51.800   -53.628
   51.850   -53.542
   51.900   -53.457
   51.950   -53.373
   52.000   -53.289
   52.050   -53.205
   52.100   -53.121
   52.150   -53.038
   52.200   -52.956
   52.250   -52.873
   52.300   -52.791
   52.350   -52.710
   52.400   -52.628
   52.450   -52.547
   52.500   -52.467
   52.550   -52.386
   52.600   -52.306
   52.650   -52.227
   52.700   -52.148
   52.750   -52.069
   52.800   -51.990
   52.850   -51.912
   52.900   -51.834
   52.950   -51.757
   53.000   -51.679
   53.050   -51.603
   53.100   -51.526
   53.150   -51.450
   53.200   -51.374
   53.250   -51.298
   53.300   -51.223
   53.350   -51.148
   53.400   -51.074
   53.450   -51.000
   53.500   -50.926
   53.550   -50.852
   53.600   -50.779
   53.650   -50.706
   53.700   -50.633
   53.750   -50.561
   53.800   -50.489
   53.850   -50.417
   53.900   -50.346
   53.950   -50.275
   54.000   -50.204
   54.050   -50.133
   54.100   -50.063
   54.150   -49.993
   54.200   -49.924
   54.250   -49.854
   54.300   -49.785
   54.350   -49.717
   54.400   -49.648
   54.450   -49.580
   54.500   -49.513
   54.550   -49.445
   54.600   -49.378
   54.650   -49.311
   54.700   -49.244
   54.750   -49.178
   54.800   -49.112
   54.850   -49.046
   54.900   -48.981
   54.950   -48.916
   55.000   -48.851
   55.050   -48.786
   55.100   -48.722
   55.150   -48.658
   55.200   -48.594
   55.250   -48.530
   55.300   -48.467
   55.350  -100.000
   55.400  -100.000
   55.450  -100.000
   55.500  -100.000
   55.550  -100.000
   55.600  -100.000
   55.650  -100.000
   55.700  -100.000
   55.750  -100.000
   55.800  -100.000
   55.850  -100.000
   55.900  -100.000
   55.950  -100.000
   56.000  -100.000
   56.050  -100.000
   56.100  -100.000
   56.150  -100.000
   56.200  -100.000
   56.250  -100.000
   56.300  -100.000
   56.350  -100.000
   56.400  -100.000
   56.450  -100.000
   56.500  -100.000
   56.550  -100.000
   56.600  -100.000
   56.650  -100.000
   56.700  -100.000
   56.750  -100.000
   56.800  -100.000
   56.850  -100.000
   56.900  -100.000
   56.950  -100.000
   57.000  -100.000
   57.050  -100.000
   57.100  -100.000
   57.150  -100.000
   57.200  -100.000
   57.250  -100.000
   57.300  -100.000
   57.350  -100.000
   57.400  -100.000
   57.450  -100.000
   57.500  -100.000
   57.550  -100.000
   57.600  -100.000
   57.650  -100.000
   57.700  -100.000
   57.750  -100.000
   57.800  -100.000
   57.850  -100.000
   57.900  -100.000
   57.950  -100.000
   58.000  -100.000
   58.050  -100.000
   58.100  -100.000
   58.150  -100.000
   58.200  -100.000
   58.250  -100.000
   58.300  -100.000
   58.350  -100.000
   58.400  -100.000
   58.450  -100.000
   58.500  -100.000
   58.550  -100.000
   58.600  -100.000
   58.650  -100.000
   58.700  -100.000
   58.750  -100.000
   58.800  -100.000
   58.850  -100.000
   58.900  -100.000
   58.950  -100.000
   59.000  -100.000
   59.050  -100.000
   59.100  -100.000
   59.150  -100.000
   59.200  -100.000
   59.250  -100.000
   59.300  -100.000
   59.350  -100.000
   59.400   -99.714
   59.450   -99.429
   59.500   -99.146
   59.550   -98.864
   59.600   -98.583
   59.650   -98.303
   59.700   -98.024
   59.750   -97.747
   59.800   -97.471
   59.850   -97.196
   59.900   -96.922
   59.950   -96.650
   60.000   -96.378
   60.050   -96.108
   60.100   -95.839
   60.150   -95.571
   60.200   -95.304
   60.250   -95.039
   60.300   -94.774
   60.350   -94.511
   60.400   -94.249
   60.450   -93.988
   60.500   -93.728
   60.550   -93.469
   60.600   -93.212
   60.650   -92.955
   60.700   -92.700
   60.750   -92.445
   60.800   -92.192
   60.850   -91.940
   60.900   -91.689
   60.950   -91.439
   61.000   -91.190
   61.050   -90.942
   61.100   -90.696
   61.150   -90.450
   61.200   -90.205
   61.250   -89.962
   61.300   -89.719
   61.350   -89.478
   61.400   -89.238
   61.450   -88.998
   61.500   -88.760
   61.550   -88.523
   61.600   -88.286
   61.650   -88.051
   61.700   -87.817
   61.750   -87.584
   61.800   -87.352
   61.850   -87.120
   61.900   -86.890
   61.950   -86.661
   62.000   -86.433
   62.050   -86.206
   62.100   -85.979
   62.150   -85.754
   62.200   -85.530
   62.250   -85.307
   62.300   -85.084
   62.350   -84.863
   62.400   -84.642
   62.450   -84.423
   62.500   -84.204
   62.550   -83.987
   62.600   -83.770
   62.650   -83.555
   62.700   -83.340
   62.750   -83.126
   62.800   -82.913
   62.850   -82.701
   62.900   -82.490
   62.950   -82.280
   63.000   -82.071
   63.050   -81.862
   63.100   -81.655
   63.150   -81.448
   63.200   -81.243
   63.250   -81.038
   63.300   -80.834
   63.350   -80.631
   63.400   -80.429
   63.450   -80.228
   63.500   -80.027
   63.550   -79.828
   63.600   -79.629
   63.650   -79.432
   63.700   -79.235
   63.750   -79.039
   63.800   -78.843
   63.850   -78.649
   63.900   -78.455
   63.950   -78.263
   64.000   -78.071
   64.050   -77.880
   64.100   -77.690
   64.150   -77.500
   64.200   -77.312
   64.250   -77.124
   64.300   -76.937
   64.350   -76.751
   64.400   -76.566
   64.450   -76.381
   64.500   -76.197
   64.550   -76.014
   64.600   -75.832
   64.650   -75.651
   64.700   -75.470
   64.750   -75.291
   64.800   -75.112
   64.850   -74.933
   64.900   -74.756
   64.950   -74.579
   65.000   -74.403
   65.050   -74.228
   65.100   -74.054
   65.150   -73.880
   65.200   -73.707
   65.250   -73.535
   65.300   -73.364
   65.350   -73.193
   65.400   -73.023
   65.450   -72.854
   65.500   -72.685
   65.550   -72.518
   65.600   -72.351
   65.650   -72.184
   65.700   -72.019
   65.750   -71.854
   65.800   -71.690
   65.850   -71.526
   65.900   -71.364
   65.950   -71.202
   66.000   -71.040
   66.050   -70.880
   66.100   -70.720
   66.150   -70.560
   66.200   -70.402
   66.250   -70.244
   66.300   -70.087
   66.350   -69.930
   66.400   -69.775
   66.450   -69.619
   66.500   -69.465
   66.550   -69.311
   66.600   -69.158
   66.650   -69.006
   66.700   -68.854
   66.750   -68.703
   66.800   -68.552
   66.850   -68.402
   66.900   -68.253
   66.950   -68.104
   67.000   -67.957
   67.050   -67.809
   67.100   -67.663
   67.150   -67.517
   67.200   -67.371
   67.250   -67.226
   67.300   -67.082
   67.350   -66.939
   67.400   -66.796
   67.450   -66.654
   67.500   -66.512
   67.550   -66.371
   67.600   -66.231
   67.650   -66.091
   67.700   -65.952
   67.750   -65.813
   67.800   -65.675
   67.850   -65.538
   67.900   -65.401
   67.950   -65.265
   68.000   -65.129
   68.050   -64.994
   68.100   -64.859
   68.150   -64.726
   68.200   -64.592
   68.250   -64.460
   68.300   -64.327
   68.350   -64.196
   68.400   -64.065
   68.450   -63.934
   68.500   -63.805
   68.550   -63.675
   68.600   -63.546
   68.650   -63.418
   68.700   -63.291
   68.750   -63.164
   68.800   -63.037
   68.850   -62.911
   68.900   -62.786
   68.950   -62.661
   69.000   -62.536
   69.050   -62.412
   69.100   -62.289
   69.150   -62.166
   69.200   -62.044
   69.250   -61.922
   69.300   -61.801
   69.350   -61.681
   69.400   -61.561
   69.450   -61.441
   69.500   -61.322
   69.550   -61.203
   69.600   -61.085
   69.650   -60.968
   69.700   -60.851
   69.750   -60.734
   69.800   -60.618
   69.850   -60.502
   69.900   -60.387
   69.950   -60.273
   70.000   -60.159
   70.050   -60.045
   70.100   -59.932
   70.150   -59.820
   70.200   -59.708
   70.250   -59.596
   70.300   -59.485
   70.350   -59.374
   70.400   -59.264
   70.450   -59.154
   70.500   -59.045
   70.550   -58.937
   70.600   -58.828
   70.650   -58.721
   70.700   -58.613
   70.750   -58.506
   70.800   -58.400
   70.850   -58.294
   70.900   -58.189
   70.950   -58.084
   71.000   -57.979
   71.050   -57.875
   71.100   -57.771
   71.150   -57.668
   71.200   -57.565
   71.250   -57.463
   71.300   -57.361
   71.350   -57.260
   71.400   -57.159
   71.450   -57.058
   71.500   -56.958
   71.550   -56.858
   71.600   -56.759
   71.650   -56.660
   71.700   -56.562
   71.750   -56.464
   71.800   -56.366
   71.850   -56.269
   71.900   -56.172
   71.950   -56.076
   72.000   -55.980
   72.050   -55.885
   72.100   -55.790
   72.150   -55.695
   72.200   -55.601
   72.250   -55.507
   72.300   -55.413
   72.350   -55.320
   72.400   -55.228
   72.450   -55.136
   72.500   -55.044
   72.550   -54.952
   72.600   -54.861
   72.650   -54.771
   72.700   -54.681
   72.750   -54.591
   72.800   -54.501
   72.850   -54.412
   72.900   -54.323
   72.950   -54.235
   73.000   -54.147
   73.050   -54.060
   73.100   -53.973
   73.150   -53.886
   73.200   -53.799
   73.250   -53.713
   73.300   -53.628
   73.350   -53.542
   73.400   -53.457
   73.450   -53.373
   73.500   -53.289
   73.550   -53.205
   73.600   -53.121
   73.650   -53.038
   73.700   -52.956
   73.750   -52.873
   73.800   -52.791
   73.850   -52.710
   73.900   -52.628
   73.950   -52.547
   74.000   -52.467
   74.050   -52.386
   74.100   -52.306
   74.150   -52.227
   74.200   -52.148
   74.250   -52.069
   74.300   -51.990
   74.350   -51.912
   74.400   -51.834
   74.450   -51.757
   74.500   -51.679
   74.550   -51.603
   74.600   -51.526
   74.650   -51.450
   74.700   -51.374
   74.750   -51.298
   74.800   -51.223
   74.850   -51.148
   74.900   -51.074
   74.950   -51.000
   75.000   -50.926
   75.050   -50.852
   75.100   -50.779
   75.150   -50.706
   75.200   -50.633
   75.250   -50.561
   75.300   -50.489
   75.350   -50.417
   75.400   -50.346
   75.450   -50.275
   75.500   -50.204
   75.550   -50.133
   75.600   -50.063
   75.650   -49.993
   75.700   -49.924
   75.750   -49.854
   75.800   -49.785
   75.850   -49.717
   75.900   -49.648
   75.950   -49.580
   76.000   -49.513
   76.050   -49.445
   76.100   -49.378
   76.150   -49.311
   76.200   -49.244
   76.250   -49.178
   76.300   -49.112
   76.350   -49.046
   76.400   -48.981
   76.450   -48.916
   76.500   -48.851
   76.550   -48.786
   76.600   -48.722
   76.650   -48.658
   76.700   -48.594
   76.750   -48.530
   76.800   -48.467
   76.850  -100.000
   76.900  -100.000
   76.950  -100.000
   77.000  -100.000
   77.050  -100.000
   77.100  -100.000
   77.150  -100.000
   77.200  -100.000
   77.250  -100.000
   77.300  -100.000
   77.350  -100.000
   77.400  -100.000
   77.450  -100.000
   77.500  -100.000
   77.550  -100.000
   77.600  -100.000
   77.650  -100.000
   77.700  -100.000
   77.750  -100.000
   77.800  -100.000
   77.850  -100.000
   77.900  -100.000
   77.950  -100.000
   78.000  -100.000
   78.050  -100.000
   78.100  -100.000
   78.150  -100.000
   78.200  -100.000
   78.250  -100.000
   78.300  -100.000
   78.350  -100.000
   78.400  -100.000
   78.450  -100.000
   78.500  -100.000
   78.550  -100.000
   78.600  -100.000
   78.650  -100.000
   78.700  -100.000
   78.750  -100.000
   78.800  -100.000
   78.850  -100.000
   78.900  -100.000
   78.950  -100.000
   79.000  -100.000
   79.050  -100.000
   79.100  -100.000
   79.150  -100.000
   79.200  -100.000
   79.250  -100.000
   79.300  -100.000
   79.350  -100.000
   79.400  -100.000
   79.450  -100.000
   79.500  -100.000
   79.550  -100.000
   79.600  -100.000
   79.650  -100.000
   79.700  -100.000
   79.750  -100.000
   79.800  -100.000
   79.850  -100.000
   79.900  -100.000
   79.950  -100.000
   80.000  -100.000
   80.050  -100.000
   80.100  -100.000
   80.150  -100.000
   80.200  -100.000
   80.250  -100.000
   80.300  -100.000
   80.350  -100.000
   80.400  -100.000
   80.450  -100.000
   80.500  -100.000
   80.550  -100.000
   80.600  -100.000
   80.650  -100.000
   80.700  -100.000
   80.750  -100.000
   80.800  -100.000
   80.850   -99.714
   80.900   -99.429
   80.950   -99.146
   81.000   -98.864
   81.050   -98.583
   81.100   -98.303
   81.150   -98.024
   81.200   -97.747
   81.250   -97.471
   81.300   -97.196
   81.350   -96.922
   81.400   -96.650
   81.450   -96.378
   81.500   -96.108
   81.550   -95.839
   81.600   -95.571
   81.650   -95.304
   81.700   -95.039
   81.750   -94.774
   81.800   -94.511
   81.850   -94.249
   81.900   -93.988
   81.950   -93.728
   82.000   -93.469
   82.050   -93.212
   82.100   -92.955
   82.150   -92.700
   82.200   -92.445
   82.250   -92.192
   82.300   -91.940
   82.350   -91.689
   82.400   -91.439
   82.450   -91.190
   82.500   -90.942
   82.550   -90.696
   82.600   -90.450
   82.650   -90.205
   82.700   -89.962
   82.750   -89.719
   82.800   -89.478
   82.850   -89.238
   82.900   -88.998
   82.950   -88.760
   83.000   -88.523
   83.050   -88.286
   83.100   -88.051
   83.150   -87.817
   83.200   -87.584
   83.250   -87.352
   83.300   -87.120
   83.350   -86.890
   83.400   -86.661
   83.450   -86.433
   83.500   -86.206
   83.550   -85.979
   83.600   -85.754
   83.650   -85.530
   83.700   -85.307
   83.750   -85.084
   83.800   -84.863
   83.850   -84.642
   83.900   -84.423
   83.950   -84.204
   84.000   -83.987
   84.050   -83.770
   84.100   -83.555
   84.150   -83.340
   84.200   -83.126
   84.250   -82.913
   84.300   -82.701
   84.350   -82.490
   84.400   -82.280
   84.450   -82.071
   84.500   -81.862
   84.550   -81.655
   84.600   -81.448
   84.650   -81.243
   84.700   -81.038
   84.750   -80.834
   84.800   -80.631
   84.850   -80.429
   84.900   -80.228
   84.950   -80.027
   85.000   -79.828
   85.050   -79.629
   85.100   -79.432
   85.150   -79.235
   85.200   -79.039
   85.250   -78.843
   85.300   -78.649
   85.350   -78.455
   85.400   -78.263
   85.450   -78.071
   85.500   -77.880
   85.550   -77.690
   85.600   -77.500
   85.650   -77.312
   85.700   -77.124
   85.750   -76.937
   85.800   -76.751
   85.850   -76.566
   85.900   -76.381
   85.950   -76.197
   86.000   -76.014
   86.050   -75.832
   86.100   -75.651
   86.150   -75.470
   86.200   -75.291
   86.250   -75.112
   86.300   -74.933
   86.350   -74.756
   86.400   -74.579
   86.450   -74.403
   86.500   -74.228
   86.550   -74.054
   86.600   -73.880
   86.650   -73.707
   86.700   -73.535
   86.750   -73.364
   86.800   -73.193
   86.850   -73.023
   86.900   -72.854
   86.950   -72.685
   87.000   -72.518
   87.050   -72.351
   87.100   -72.184
   87.150   -72.019
   87.200   -71.854
   87.250   -71.690
   87.300   -71.526
   87.350   -71.364
   87.400   -71.202
   87.450   -71.040
   87.500   -70.880
   87.550   -70.720
   87.600   -70.560
   87.650   -70.402
   87.700   -70.244
   87.750   -70.087
   87.800   -69.930
   87.850   -69.775
   87.900   -69.619
   87.950   -69.465
   88.000   -69.311
   88.050   -69.158
   88.100   -69.006
   88.150   -68.854
   88.200   -68.703
   88.250   -68.552
   88.300   -68.402
   88.350   -68.253
   88.400   -68.104
   88.450   -67.957
   88.500   -67.809
   88.550   -67.663
   88.600   -67.517
   88.650   -67.371
   88.700   -67.226
   88.750   -67.082
   88.800   -66.939
   88.850   -66.796
   88.900   -66.654
   88.950   -66.512
   89.000   -66.371
   89.050   -66.231
   89.100   -66.091
   89.150   -65.952
   89.200   -65.813
   89.250   -65.675
   89.300   -65.538
   89.350   -65.401
   89.400   -65.265
   89.450   -65.129
   89.500   -64.994
   89.550   -64.859
   89.600   -64.726
   89.650   -64.592
   89.700   -64.460
   89.750   -64.327
   89.800   -64.196
   89.850   -64.065
   89.900   -63.934
   89.950   -63.805
   90.000   -63.675
   90.050   -63.546
   90.100   -63.418
   90.150   -63.291
   90.200   -63.164
   90.250   -63.037
   90.300   -62.911
   90.350   -62.786
   90.400   -62.661
   90.450   -62.536
   90.500   -62.412
   90.550   -62.289
   90.600   -62.166
   90.650   -62.044
   90.700   -61.922
   90.750   -61.801
   90.800   -61.681
   90.850   -61.561
   90.900   -61.441
   90.950   -61.322
   91.000   -61.203
   91.050   -61.085
   91.100   -60.968
   91.150   -60.851
   91.200   -60.734
   91.250   -60.618
   91.300   -60.502
   91.350   -60.387
   91.400   -60.273
   91.450   -60.159
   91.500   -60.045
   91.550   -59.932
   91.600   -59.820
   91.650   -59.708
   91.700   -59.596
   91.750   -59.485
   91.800   -59.374
   91.850   -59.264
   91.900   -59.154
   91.950   -59.045
   92.000   -58.937
   92.050   -58.828
   92.100   -58.721
   92.150   -58.613
   92.200   -58.506
   92.250   -58.400
   92.300   -58.294
   92.350   -58.189
   92.400   -58.084
   92.450   -57.979
   92.500   -57.875
   92.550   -57.771
   92.600   -57.668
   92.650   -57.565
   92.700   -57.463
   92.750   -57.361
   92.800   -57.260
   92.850   -57.159
   92.900   -57.058
   92.950   -56.958
   93.000   -56.858
   93.050   -56.759
   93.100   -56.660
   93.150   -56.562
   93.200   -56.464
   93.250   -56.366
   93.300   -56.269
   93.350   -56.172
   93.400   -56.076
   93.450   -55.980
   93.500   -55.885
   93.550   -55.790
   93.600   -55.695
   93.650   -55.601
   93.700   -55.507
   93.750   -55.413
   93.800   -55.320
   93.850   -55.228
   93.900   -55.136
   93.950   -55.044
   94.000   -54.952
   94.050   -54.861
   94.100   -54.771
   94.150   -54.681
   94.200   -54.591
   94.250   -54.501
   94.300   -54.412
   94.350   -54.323
   94.400   -54.235
   94.450   -54.147
   94.500   -54.060
   94.550   -53.973
   94.600   -53.886
   94.650   -53.799
   94.700   -53.713
   94.750   -53.628
   94.800   -53.542
   94.850   -53.457
   94.900   -53.373
   94.950   -53.289
   95.000   -53.205
   95.050   -53.121
   95.100   -53.038
   95.150   -52.956
   95.200   -52.873
   95.250   -52.791
   95.300   -52.710
   95.350   -52.628
   95.400   -52.547
   95.450   -52.467
   95.500   -52.386
   95.550   -52.306
   95.600   -52.227
   95.650   -52.148
   95.700   -52.069
   95.750   -51.990
   95.800   -51.912
   95.850   -51.834
   95.900   -51.757
   95.950   -51.679
   96.000   -51.603
   96.050   -51.526
   96.100   -51.450
   96.150   -51.374
   96.200   -51.298
   96.250   -51.223
   96.300   -51.148
   96.350   -51.074
   96.400   -51.000
   96.450   -50.926
   96.500   -50.852
   96.550   -50.779
   96.600   -50.706
   96.650   -50.633
   96.700   -50.561
   96.750   -50.489
   96.800   -50.417
   96.850   -50.346
   96.900   -50.275
   96.950   -50.204
   97.000   -50.133
   97.050   -50.063
   97.100   -49.993
   97.150   -49.924
   97.200   -49.854
   97.250   -49.785
   97.300   -49.717
   97.350   -49.648
   97.400   -49.580
   97.450   -49.513
   97.500   -49.445
   97.550   -49.378
   97.600   -49.311
   97.650   -49.244
   97.700   -49.178
   97.750   -49.112
   97.800   -49.046
   97.850   -48.981
   97.900   -48.916
   97.950   -48.851
   98.000   -48.786
   98.050   -48.722
   98.100   -48.658
   98.150   -48.594
   98.200   -48.530
   98.250   -48.467
   98.300  -100.000
   98.350  -100.000
   98.400  -100.000
   98.450  -100.000
   98.500  -100.000
   98.550  -100.000
   98.600  -100.000
   98.650  -100.000
   98.700  -100.000
   98.750  -100.000
   98.800  -100.000
   98.850  -100.000
   98.900  -100.000
   98.950  -100.000
   99.000  -100.000
   99.050  -100.000
   99.100  -100.000
   99.150  -100.000
   99.200  -100.000
   99.250  -100.000
   99.300  -100.000
   99.350  -100.000
   99.400  -100.000
   99.450  -100.000
   99.500  -100.000
   99.550  -100.000
   99.600  -100.000
   99.650  -100.000
   99.700  -100.000
   99.750  -100.000
   99.800  -100.000
   99.850  -100.000
   99.900  -100.000
   99.950  -100.000
  100.000  -100.000
