    0.050   -63.871
    0.100   -63.742
    0.150   -63.614
    0.200   -63.486
    0.250   -63.359
    0.300   -63.233
    0.350   -63.107
    0.400   -62.981
    0.450   -62.857
    0.500   -62.732
    0.550   -62.609
    0.600   -62.485
    0.650   -62.363
    0.700   -62.241
    0.750   -62.119
    0.800   -61.998
    0.850   -61.878
    0.900   -61.758
    0.950   -61.639
    1.000   -61.520
    1.050   -61.401
    1.100   -61.284
    1.150   -61.166
    1.200   -61.050
    1.250   -60.934
    1.300   -60.818
    1.350   -60.703
    1.400   -60.588
    1.450   -60.474
    1.500   -60.360
    1.550   -60.247
    1.600   -60.135
    1.650   -60.022
    1.700   -59.911
    1.750   -59.800
    1.800   -59.689
    1.850   -59.579
    1.900   -59.469
    1.950   -59.360
    2.000   -59.252
    2.050   -59.144
    2.100   -59.036
    2.150   -58.929
    2.200   -58.822
    2.250   -58.716
    2.300   -58.610
    2.350   -58.505
    2.400   -58.400
    2.450   -58.296
    2.500   -58.192
    2.550   -58.089
    2.600   -57.986
    2.650   -57.883
    2.700   -57.781
    2.750   -57.680
    2.800   -57.579
    2.850   -57.478
    2.900   -57.378
    2.950   -57.279
    3.000   -57.179
    3.050   -57.081
    3.100   -56.982
    3.150   -56.885
    3.200   -56.787
    3.250   -56.690
    3.300   -56.594
    3.350   -56.498
    3.400   -56.402
    3.450   -56.307
    3.500   -56.212
    3.550   -56.118
    3.600   -56.024
    3.650   -55.931
    3.700   -55.838
    3.750   -55.745
    3.800   -55.653
    3.850   -55.561
    3.900   -55.470
    3.950   -55.379
    4.000   -55.288
    4.050   -55.198
    4.100   -55.109
    4.150   -55.020
    4.200   -54.931
    4.250   -54.843
    4.300   -54.755
    4.350   -54.667
    4.400   -54.580
    4.450   -54.493
    4.500   -54.407
    4.550   -54.321
    4.600   -54.236
    4.650   -54.151
    4.700   -54.066
    4.750   -53.982
    4.800   -53.898
    4.850   -53.814
    4.900   -53.731
    4.950   -53.648
    5.000   -53.566
    5.050   -53.484
    5.100   -53.403
    5.150   -53.322
    5.200   -53.241
    5.250   -53.160
    5.300   -53.080
    5.350   -53.001
    5.400   -52.922
    5.450   -52.843
    5.500   -52.764
    5.550   -52.686
    5.600   -52.609
    5.650   -52.531
    5.700   -52.454
    5.750   -52.378
    5.800   -52.302
    5.850   -52.226
    5.900   -52.150
    5.950   -52.075
    6.000   -52.001
    6.050   -51.926
    6.100   -51.852
    6.150   -51.779
    6.200   -51.705
    6.250   -51.632
    6.300   -51.560
    6.350   -51.488
    6.400   -51.416
    6.450   -51.344
    6.500   -51.273
    6.550   -51.202
    6.600   -51.132
    6.650   -51.062
    6.700   -50.992
    6.750   -50.923
    6.800   -50.854
    6.850   -50.785
    6.900   -50.717
    6.950   -50.649
    7.000   -50.581
    7.050   -50.514
    7.100   -50.447
    7.150   -50.380
    7.200   -50.314
    7.250   -50.248
    7.300   -50.183
    7.350   -50.117
    7.400   -50.052
    7.450   -49.988
    7.500   -49.923
    7.550   -49.859
    7.600   -49.796
    7.650   -49.733
    7.700   -49.670
    7.750   -49.607
    7.800   -49.545
    7.850   -49.483
    7.900   -49.421
    7.950   -49.360
    8.000   -49.299
    8.050   -49.238
    8.100   -49.178
    8.150   -49.117
    8.200   -49.058
    8.250   -48.998
    8.300   -48.939
    8.350   -48.880
    8.400   -48.822
    8.450   -48.764
    8.500   -64.543
    8.550   -65.032
    8.600   -65.471
    8.650   -65.867
    8.700   -66.224
    8.750   -66.546
    8.800   -66.835
    8.850   -67.096
    8.900   -67.331
    8.950   -67.544
    9.000   -67.735
    9.050   -67.907
    9.100   -68.062
    9.150   -68.202
    9.200   -68.328
    9.250   -68.441
    9.300   -68.543
    9.350   -68.634
    9.400   -68.716
    9.450   -68.790
    9.500   -68.855
    9.550   -68.913
    9.600   -68.965
    9.650   -69.011
    9.700   -69.051
    9.750   -69.086
    9.800   -69.117
    9.850   -69.144
    9.900   -69.167
    9.950   -69.186
   10.000   -69.202
   10.050   -69.215
   10.100   -69.225
   10.150   -69.233
   10.200   -69.238
   10.250   -69.242
   10.300   -69.243
   10.350   -69.242
   10.400   -69.240
   10.450   -69.236
   10.500   -69.230
   10.550   -69.223
   10.600   -69.215
   10.650   -69.205
   10.700   -69.195
   10.750   -69.183
   10.800   -69.170
   10.850   -69.156
   10.900   -69.142
   10.950   -69.126
   11.000   -69.110
   11.050   -69.093
   11.100   -69.075
   11.150   -69.057
   11.200   -69.038
   11.250   -69.018
   11.300   -68.998
   11.350   -68.977
   11.400   -68.956
   11.450   -68.934
   11.500   -68.912
   11.550   -68.889
   11.600   -68.866
   11.650   -68.842
   11.700   -68.818
   11.750   -68.793
   11.800   -68.768
   11.850   -68.743
   11.900   -68.717
   11.950   -68.691
   12.000   -68.665
   12.050   -68.638
   12.100   -68.611
   12.150   -68.584
   12.200   -68.556
   12.250   -68.528
   12.300   -68.500
   12.350   -68.472
   12.400   -68.443
   12.450   -68.414
   12.500   -68.384
   12.550   -68.355
   12.600   -68.325
   12.650   -68.295
   12.700   -68.264
   12.750   -68.233
   12.800   -68.203
   12.850   -68.171
   12.900   -68.140
   12.950   -68.108
   13.000   -68.076
   13.050   -68.044
   13.100   -68.012
   13.150   -67.979
   13.200   -67.947
   13.250   -67.913
   13.300   -67.880
   13.350   -67.847
   13.400   -67.813
   13.450   -67.779
   13.500   -67.745
   13.550   -67.711
   13.600   -67.676
   13.650   -67.641
   13.700   -67.607
   13.750   -67.571
   13.800   -67.536
   13.850   -67.500
   13.900   -67.465
   13.950   -67.429
   14.000   -67.393
   14.050   -67.356
   14.100   -67.320
   14.150   -67.283
   14.200   -67.246
   14.250   -67.209
   14.300   -67.172
   14.350   -67.134
   14.400   -67.096
   14.450   -67.059
   14.500   -67.020
   14.550   -66.982
   14.600   -66.944
   14.650   -66.905
   14.700   -66.866
   14.750   -66.827
   14.800   -66.788
   14.850   -66.749
   14.900   -66.709
   14.950   -66.670
   15.000   -66.630
   15.050   -66.590
   15.100   -66.550
   15.150   -66.509
   15.200   -66.469
   15.250   -66.428
   15.300   -66.387
   15.350   -66.346
   15.400   -66.305
   15.450   -66.264
   15.500   -66.222
   15.550   -66.180
   15.600   -66.138
   15.650   -66.096
   15.700   -66.054
   15.750   -66.012
   15.800   -65.969
   15.850   -65.927
   15.900   -65.884
   15.950   -65.841
   16.000   -65.798
   16.050   -65.754
   16.100   -65.711
   16.150   -65.667
   16.200   -65.623
   16.250   -65.580
   16.300   -65.535
   16.350   -65.491
   16.400   -65.447
   16.450   -65.402
   16.500   -65.358
   16.550   -65.313
   16.600   -65.268
   16.650   -65.223
   16.700   -65.178
   16.750   -65.132
   16.800   -65.087
   16.850   -65.041
   16.900   -64.996
   16.950   -64.950
   17.000   -64.904
   17.050   -64.857
   17.100   -64.811
   17.150   -64.765
   17.200   -64.718
   17.250   -64.672
   17.300   -64.625
   17.350   -64.578
   17.400   -64.531
   17.450   -64.484
   17.500   -64.436
   17.550   -64.389
   17.600   -64.341
   17.650   -64.294
   17.700   -64.246
   17.750   -64.198
   17.800   -64.150
   17.850   -64.102
   17.900   -64.053
   17.950   -64.005
   18.000   -63.957
   18.050   -63.908
   18.100   -63.859
   18.150   -63.811
   18.200   -63.762
   18.250   -63.713
   18.300   -63.664
   18.350   -63.614
   18.400   -63.565
   18.450   -63.516
   18.500   -63.466
   18.550   -63.417
   18.600   -63.367
   18.650   -63.317
   18.700   -63.267
   18.750   -63.217
   18.800   -63.167
   18.850   -63.117
   18.900   -63.067
   18.950   -63.016
   19.000   -62.966
   19.050   -62.915
   19.100   -62.865
   19.150   -62.814
   19.200   -62.763
   19.250   -62.712
   19.300   -62.662
   19.350   -62.611
   19.400   -62.559
   19.450   -62.508
   19.500   -62.457
   19.550   -62.406
   19.600   -62.354
   19.650   -62.303
   19.700   -62.251
   19.750   -62.200
   19.800   -62.148
   19.850   -62.096
   19.900   -62.045
   19.950   -61.993
   20.000   -61.941
   20.050   -61.889
   20.100   -61.837
   20.150   -61.785
   20.200   -61.733
   20.250   -61.680
   20.300   -61.628
   20.350   -61.576
   20.400   -61.523
   20.450   -61.471
   20.500   -61.419
   20.550   -61.366
   20.600   -61.313
   20.650   -61.261
   20.700   -61.208
   20.750   -61.155
   20.800   -61.103
   20.850   -61.050
   20.900   -60.997
   20.950   -60.944
   21.000   -60.891
   21.050   -60.838
   21.100   -60.785
   21.150   -60.732
   21.200   -60.679
   21.250   -60.626
   21.300   -60.573
   21.350   -60.520
   21.400   -60.467
   21.450   -60.414
   21.500   -60.360
   21.550   -60.307
   21.600   -60.254
   21.650   -60.200
   21.700   -60.147
   21.750   -60.094
   21.800   -60.040
   21.850   -59.987
   21.900   -59.934
   21.950   -59.880
   22.000   -59.827
   22.050   -59.773
   22.100   -59.720
   22.150   -59.666
   22.200   -59.613
   22.250   -59.559
   22.300   -59.506
   22.350   -59.452
   22.400   -59.399
   22.450   -59.345
   22.500   -59.292
   22.550   -59.238
   22.600   -59.184
   22.650   -59.131
   22.700   -59.077
   22.750   -59.024
   22.800   -58.970
   22.850   -58.917
   22.900   -58.863
   22.950   -58.810
   23.000   -58.756
   23.050   -58.703
   23.100   -58.649
   23.150   -58.595
   23.200   -58.542
   23.250   -58.488
   23.300   -58.435
   23.350   -58.382
   23.400   -58.328
   23.450   -58.275
   23.500   -58.221
   23.550   -58.168
   23.600   -58.114
   23.650   -58.061
   23.700   -58.008
   23.750   -57.954
   23.800   -57.901
   23.850   -57.848
   23.900   -57.794
   23.950   -57.741
   24.000   -57.688
   24.050   -57.635
   24.100   -57.582
   24.150   -57.528
   24.200   -57.475
   24.250   -57.422
   24.300   -57.369
   24.350   -57.316
   24.400   -57.263
   24.450   -57.210
   24.500   -57.157
   24.550   -57.104
   24.600   -57.051
   24.650   -56.999
   24.700   -56.946
   24.750   -56.893
   24.800   -56.840
   24.850   -56.788
   24.900   -56.735
   24.950   -56.683
   25.000   -56.630
   25.050   -56.577
   25.100   -56.525
   25.150   -56.473
   25.200   -56.420
   25.250   -56.368
   25.300   -56.316
   25.350   -56.263
   25.400   -56.211
   25.450   -56.159
   25.500   -56.107
   25.550   -56.055
   25.600   -56.003
   25.650   -55.951
   25.700   -55.899
   25.750   -55.847
   25.800   -55.796
   25.850   -55.744
   25.900   -55.692
   25.950   -55.641
   26.000   -55.589
   26.050   -55.538
   26.100   -55.486
   26.150   -55.435
   26.200   -55.384
   26.250   -55.332
   26.300   -55.281
   26.350   -55.230
   26.400   -55.179
   26.450   -55.128
   26.500   -55.077
   26.550   -55.026
   26.600   -54.975
   26.650   -54.925
   26.700   -54.874
   26.750   -54.824
   26.800   -54.773
   26.850   -54.723
   26.900   -54.672
   26.950   -54.622
   27.000   -54.572
   27.050   -54.521
   27.100   -54.471
   27.150   -54.421
   27.200   -54.371
   27.250   -54.321
   27.300   -54.272
   27.350   -54.222
   27.400   -54.172
   27.450   -54.123
   27.500   -54.073
   27.550   -54.024
   27.600   -53.974
   27.650   -53.925
   27.700   -53.876
   27.750   -53.827
   27.800   -53.778
   27.850   -53.729
   27.900   -53.680
   27.950   -53.631
   28.000   -53.583
   28.050   -53.534
   28.100   -53.485
   28.150   -53.437
   28.200   -53.389
   28.250   -53.340
   28.300   -53.292
   28.350   -53.244
   28.400   -53.196
   28.450   -53.148
   28.500   -53.100
   28.550   -53.052
   28.600   -53.005
   28.650   -52.957
   28.700   -52.910
   28.750   -52.862
   28.800   -52.815
   28.850   -52.768
   28.900   -52.720
   28.950   -52.673
   29.000   -52.626
   29.050   -52.580
   29.100   -52.533
   29.150   -52.486
   29.200   -52.440
   29.250   -52.393
   29.300   -52.347
   29.350   -52.300
   29.400   -52.254
   29.450   -52.208
   29.500   -52.162
   29.550   -52.116
   29.600   -52.070
   29.650   -52.025
   29.700   -51.979
   29.750   -51.933
   29.800   -51.888
   29.850   -51.843
   29.900   -51.797
   29.950   -51.752
   30.000   -51.707
   30.050   -51.662
   30.100   -51.617
   30.150   -51.573
   30.200   -51.528
   30.250   -51.483
   30.300   -51.439
   30.350   -51.395
   30.400   -51.350
   30.450   -51.306
   30.500   -51.262
   30.550   -51.218
   30.600   -51.175
   30.650   -51.131
   30.700   -51.087
   30.750   -51.044
   30.800   -51.000
   30.850   -50.957
   30.900   -50.914
   30.950   -50.871
   31.000   -50.828
   31.050   -50.785
   31.100   -50.742
   31.150   -50.699
   31.200   -50.657
   31.250   -50.614
   31.300   -50.572
   31.350   -50.530
   31.400   -50.488
   31.450   -50.446
   31.500   -50.404
   31.550   -50.362
   31.600   -50.320
   31.650   -50.279
   31.700   -50.237
   31.750   -50.196
   31.800   -50.154
   31.850   -50.113
   31.900   -50.072
   31.950   -50.031
   32.000   -49.990
   32.050   -49.950
   32.100   -64.543
   32.150   -65.032
   32.200   -65.471
   32.250   -65.867
   32.300   -66.224
   32.350   -66.546
   32.400   -66.835
   32.450   -67.096
   32.500   -67.331
   32.550   -67.544
   32.600   -67.735
   32.650   -67.907
   32.700   -68.062
   32.750   -68.202
   32.800   -68.328
   32.850   -68.441
   32.900   -68.543
   32.950   -68.634
   33.000   -68.716
   33.050   -68.790
   33.100   -68.855
   33.150   -68.913
   33.200   -68.965
   33.250   -69.011
   33.300   -69.051
   33.350   -69.086
   33.400   -69.117
   33.450   -69.144
   33.500   -69.167
   33.550   -69.186
   33.600   -69.202
   33.650   -69.215
   33.700   -69.225
   33.750   -69.233
   33.800   -69.238
   33.850   -69.242
   33.900   -69.243
   33.950   -69.242
   34.000   -69.240
   34.050   -69.236
   34.100   -69.230
   34.150   -69.223
   34.200   -69.215
   34.250   -69.205
   34.300   -69.195
   34.350   -69.183
   34.400   -69.170
   34.450   -69.156
   34.500   -69.142
   34.550   -69.126
   34.600   -69.110
   34.650   -69.093
   34.700   -69.075
   34.750   -69.057
   34.800   -69.038
   34.850   -69.018
   34.900   -68.998
   34.950   -68.977
   35.000   -68.956
   35.050   -68.934
   35.100   -68.912
   35.150   -68.889
   35.200   -68.866
   35.250   -68.842
   35.300   -68.818
   35.350   -68.793
   35.400   -68.768
   35.450   -68.743
   35.500   -68.717
   35.550   -68.691
   35.600   -68.665
   35.650   -68.638
   35.700   -68.611
   35.750   -68.584
   35.800   -68.556
   35.850   -68.528
   35.900   -68.500
   35.950   -68.472
   36.000   -68.443
   36.050   -68.414
   36.100   -68.384
   36.150   -68.355
   36.200   -68.325
   36.250   -68.295
   36.300   -68.264
   36.350   -68.233
   36.400   -68.203
   36.450   -68.171
   36.500   -68.140
   36.550   -68.108
   36.600   -68.076
   36.650   -68.044
   36.700   -68.012
   36.750   -67.979
   36.800   -67.947
   36.850   -67.913
   36.900   -67.880
   36.950   -67.847
   37.000   -67.813
   37.050   -67.779
   37.100   -67.745
   37.150   -67.711
   37.200   -67.676
   37.250   -67.641
   37.300   -67.607
   37.350   -67.571
   37.400   -67.536
   37.450   -67.500
   37.500   -67.465
   37.550   -67.429
   37.600   -67.393
   37.650   -67.356
   37.700   -67.320
   37.750   -67.283
   37.800   -67.246
   37.850   -67.209
   37.900   -67.172
   37.950   -67.134
   38.000   -67.096
   38.050   -67.059
   38.100   -67.020
   38.150   -66.982
   38.200   -66.944
   38.250   -66.905
   38.300   -66.866
   38.350   -66.827
   38.400   -66.788
   38.450   -66.749
   38.500   -66.709
   38.550   -66.670
   38.600   -66.630
   38.650   -66.590
   38.700   -66.550
   38.750   -66.509
   38.800   -66.469
   38.850   -66.428
   38.900   -66.387
   38.950   -66.346
   39.000   -66.305
   39.050   -66.264
   39.100   -66.222
   39.150   -66.180
   39.200   -66.138
   39.250   -66.096
   39.300   -66.054
   39.350   -66.012
   39.400   -65.969
   39.450   -65.927
   39.500   -65.884
   39.550   -65.841
   39.600   -65.798
   39.650   -65.754
   39.700   -65.711
   39.750   -65.667
   39.800   -65.623
   39.850   -65.580
   39.900   -65.535
   39.950   -65.491
   40.000   -65.447
   40.050   -65.402
   40.100   -65.358
   40.150   -65.313
   40.200   -65.268
   40.250   -65.223
   40.300   -65.178
   40.350   -65.132
   40.400   -65.087
   40.450   -65.041
   40.500   -64.996
   40.550   -64.950
   40.600   -64.904
   40.650   -64.857
   40.700   -64.811
   40.750   -64.765
   40.800   -64.718
   40.850   -64.672
   40.900   -64.625
   40.950   -64.578
   41.000   -64.531
   41.050   -64.484
   41.100   -64.436
   41.150   -64.389
   41.200   -64.341
   41.250   -64.294
   41.300   -64.246
   41.350   -64.198
   41.400   -64.150
   41.450   -64.102
   41.500   -64.053
   41.550   -64.005
   41.600   -63.957
   41.650   -63.908
   41.700   -63.859
   41.750   -63.811
   41.800   -63.762
   41.850   -63.713
   41.900   -63.664
   41.950   -63.614
   42.000   -63.565
   42.050   -63.516
   42.100   -63.466
   42.150   -63.417
   42.200   -63.367
   42.250   -63.317
   42.300   -63.267
   42.350   -63.217
   42.400   -63.167
   42.450   -63.117
   42.500   -63.067
   42.550   -63.016
   42.600   -62.966
   42.650   -62.915
   42.700   -62.865
   42.750   -62.814
   42.800   -62.763
   42.850   -62.712
   42.900   -62.662
   42.950   -62.611
   43.000   -62.559
   43.050   -62.508
   43.100   -62.457
   43.150   -62.406
   43.200   -62.354
   43.250   -62.303
   43.300   -62.251
   43.350   -62.200
   43.400   -62.148
   43.450   -62.096
   43.500   -62.045
   43.550   -61.993
   43.600   -61.941
   43.650   -61.889
   43.700   -61.837
   43.750   -61.785
   43.800   -61.733
   43.850   -61.680
   43.900   -61.628
   43.950   -61.576
   44.000   -61.523
   44.050   -61.471
   44.100   -61.419
   44.150   -61.366
   44.200   -61.313
   44.250   -61.261
   44.300   -61.208
   44.350   -61.155
   44.400   -61.103
   44.450   -61.050
   44.500   -60.997
   44.550   -60.944
   44.600   -60.891
   44.650   -60.838
   44.700   -60.785
   44.750   -60.732
   44.800   -60.679
   44.850   -60.626
   44.900   -60.573
   44.950   -60.520
   45.000   -60.467
   45.050   -60.414
   45.100   -60.360
   45.150   -60.307
   45.200   -60.254
   45.250   -60.200
   45.300   -60.147
   45.350   -60.094
   45.400   -60.040
   45.450   -59.987
   45.500   -59.934
   45.550   -59.880
   45.600   -59.827
   45.650   -59.773
   45.700   -59.720
   45.750   -59.666
   45.800   -59.613
   45.850   -59.559
   45.900   -59.506
   45.950   -59.452
   46.000   -59.399
   46.050   -59.345
   46.100   -59.292
   46.150   -59.238
   46.200   -59.184
   46.250   -59.131
   46.300   -59.077
   46.350   -59.024
   46.400   -58.970
   46.450   -58.917
   46.500   -58.863
   46.550   -58.810
   46.600   -58.756
   46.650   -58.703
   46.700   -58.649
   46.750   -58.595
   46.800   -58.542
   46.850   -58.488
   46.900   -58.435
   46.950   -58.382
   47.000   -58.328
   47.050   -58.275
   47.100   -58.221
   47.150   -58.168
   47.200   -58.114
   47.250   -58.061
   47.300   -58.008
   47.350   -57.954
   47.400   -57.901
   47.450   -57.848
   47.500   -57.794
   47.550   -57.741
   47.600   -57.688
   47.650   -57.635
   47.700   -57.582
   47.750   -57.528
   47.800   -57.475
   47.850   -57.422
   47.900   -57.369
   47.950   -57.316
   48.000   -57.263
   48.050   -57.210
   48.100   -57.157
   48.150   -57.104
   48.200   -57.051
   48.250   -56.999
   48.300   -56.946
   48.350   -56.893
   48.400   -56.840
   48.450   -56.788
   48.500   -56.735
   48.550   -56.683
   48.600   -56.630
   48.650   -56.577
   48.700   -56.525
   48.750   -56.473
   48.800   -56.420
   48.850   -56.368
   48.900   -56.316
   48.950   -56.263
   49.000   -56.211
   49.050   -56.159
   49.100   -56.107
   49.150   -56.055
   49.200   -56.003
   49.250   -55.951
   49.300   -55.899
   49.350   -55.847
   49.400   -55.796
   49.450   -55.744
   49.500   -55.692
   49.550   -55.641
   49.600   -55.589
   49.650   -55.538
   49.700   -55.486
   49.750   -55.435
   49.800   -55.384
   49.850   -55.332
   49.900   -55.281
   49.950   -55.230
   50.000   -55.179
   50.050   -55.128
   50.100   -55.077
   50.150   -55.026
   50.200   -54.975
   50.250   -54.925
   50.300   -54.874
   50.350   -54.824
   50.400   -54.773
   50.450   -54.723
   50.500   -54.672
   50.550   -54.622
   50.600   -54.572
   50.650   -54.521
   50.700   -54.471
   50.750   -54.421
   50.800   -54.371
   50.850   -54.321
   50.900   -54.272
   50.950   -54.222
   51.000   -54.172
   51.050   -54.123
   51.100   -54.073
   51.150   -54.024
   51.200   -53.974
   51.250   -53.925
   51.300   -53.876
   51.350   -53.827
   51.400   -53.778
   51.450   -53.729
   51.500   -53.680
   51.550   -53.631
   51.600   -53.583
   51.650   -53.534
   51.700   -53.485
   51.750   -53.437
   51.800   -53.389
   51.850   -53.340
   51.900   -53.292
   51.950   -53.244
   52.000   -53.196
   52.050   -53.148
   52.100   -53.100
   52.150   -53.052
   52.200   -53.005
   52.250   -52.957
   52.300   -52.910
   52.350   -52.862
   52.400   -52.815
   52.450   -52.768
   52.500   -52.720
   52.550   -52.673
   52.600   -52.626
   52.650   -52.580
   52.700   -52.533
   52.750   -52.486
   52.800   -52.440
   52.850   -52.393
   52.900   -52.347
   52.950   -52.300
   53.000   -52.254
   53.050   -52.208
   53.100   -52.162
   53.150   -52.116
   53.200   -52.070
   53.250   -52.025
   53.300   -51.979
   53.350   -51.933
   53.400   -51.888
   53.450   -51.843
   53.500   -51.797
   53.550   -51.752
   53.600   -51.707
   53.650   -51.662
   53.700   -51.617
   53.750   -51.573
   53.800   -51.528
   53.850   -51.483
   53.900   -51.439
   53.950   -51.395
   54.000   -51.350
   54.050   -51.306
   54.100   -51.262
   54.150   -51.218
   54.200   -51.175
   54.250   -51.131
   54.300   -51.087
   54.350   -51.044
   54.400   -51.000
   54.450   -50.957
   54.500   -50.914
   54.550   -50.871
   54.600   -50.828
   54.650   -50.785
   54.700   -50.742
   54.750   -50.699
   54.800   -50.657
   54.850   -50.614
   54.900   -50.572
   54.950   -50.530
   55.000   -50.488
   55.050   -50.446
   55.100   -50.404
   55.150   -50.362
   55.200   -50.320
   55.250   -50.279
   55.300   -50.237
   55.350   -50.196
   55.400   -50.154
   55.450   -50.113
   55.500   -50.072
   55.550   -50.031
   55.600   -49.990
   55.650   -49.950
   55.700   -64.543
   55.750   -65.032
   55.800   -65.471
   55.850   -65.867
   55.900   -66.224
   55.950   -66.546
   56.000   -66.835
   56.050   -67.096
   56.100   -67.331
   56.150   -67.544
   56.200   -67.735
   56.250   -67.907
   56.300   -68.062
   56.350   -68.202
   56.400   -68.328
   56.450   -68.441
   56.500   -68.543
   56.550   -68.634
   56.600   -68.716
   56.650   -68.790
   56.700   -68.855
   56.750   -68.913
   56.800   -68.965
   56.850   -69.011
   56.900   -69.051
   56.950   -69.086
   57.000   -69.117
   57.050   -69.144
   57.100   -69.167
   57.150   -69.186
   57.200   -69.202
   57.250   -69.215
   57.300   -69.225
   57.350   -69.233
   57.400   -69.238
   57.450   -69.242
   57.500   -69.243
   57.550   -69.242
   57.600   -69.240
   57.650   -69.236
   57.700   -69.230
   57.750   -69.223
   57.800   -69.215
   57.850   -69.205
   57.900   -69.195
   57.950   -69.183
   58.000   -69.170
   58.050   -69.156
   58.100   -69.142
   58.150   -69.126
   58.200   -69.110
   58.250   -69.093
   58.300   -69.075
   58.350   -69.057
   58.400   -69.038
   58.450   -69.018
   58.500   -68.998
   58.550   -68.977
   58.600   -68.956
   58.650   -68.934
   58.700   -68.912
   58.750   -68.889
   58.800   -68.866
   58.850   -68.842
   58.900   -68.818
   58.950   -68.793
   59.000   -68.768
   59.050   -68.743
   59.100   -68.717
   59.150   -68.691
   59.200   -68.665
   59.250   -68.638
   59.300   -68.611
   59.350   -68.584
   59.400   -68.556
   59.450   -68.528
   59.500   -68.500
   59.550   -68.472
   59.600   -68.443
   59.650   -68.414
   59.700   -68.384
   59.750   -68.355
   59.800   -68.325
   59.850   -68.295
   59.900   -68.264
   59.950   -68.233
   60.000   -68.203
   60.050   -68.171
   60.100   -68.140
   60.150   -68.108
   60.200   -68.076
   60.250   -68.044
   60.300   -68.012
   60.350   -67.979
   60.400   -67.947
   60.450   -67.913
   60.500   -67.880
   60.550   -67.847
   60.600   -67.813
   60.650   -67.779
   60.700   -67.745
   60.750   -67.711
   60.800   -67.676
   60.850   -67.641
   60.900   -67.607
   60.950   -67.571
   61.000   -67.536
   61.050   -67.500
   61.100   -67.465
   61.150   -67.429
   61.200   -67.393
   61.250   -67.356
   61.300   -67.320
   61.350   -67.283
   61.400   -67.246
   61.450   -67.209
   61.500   -67.172
   61.550   -67.134
   61.600   -67.096
   61.650   -67.059
   61.700   -67.020
   61.750   -66.982
   61.800   -66.944
   61.850   -66.905
   61.900   -66.866
   61.950   -66.827
   62.000   -66.788
   62.050   -66.749
   62.100   -66.709
   62.150   -66.670
   62.200   -66.630
   62.250   -66.590
   62.300   -66.550
   62.350   -66.509
   62.400   -66.469
   62.450   -66.428
   62.500   -66.387
   62.550   -66.346
   62.600   -66.305
   62.650   -66.264
   62.700   -66.222
   62.750   -66.180
   62.800   -66.138
   62.850   -66.096
   62.900   -66.054
   62.950   -66.012
   63.000   -65.969
   63.050   -65.927
   63.100   -65.884
   63.150   -65.841
   63.200   -65.798
   63.250   -65.754
   63.300   -65.711
   63.350   -65.667
   63.400   -65.623
   63.450   -65.580
   63.500   -65.535
   63.550   -65.491
   63.600   -65.447
   63.650   -65.402
   63.700   -65.358
   63.750   -65.313
   63.800   -65.268
   63.850   -65.223
   63.900   -65.178
   63.950   -65.132
   64.000   -65.087
   64.050   -65.041
   64.100   -64.996
   64.150   -64.950
   64.200   -64.904
   64.250   -64.857
   64.300   -64.811
   64.350   -64.765
   64.400   -64.718
   64.450   -64.672
   64.500   -64.625
   64.550   -64.578
   64.600   -64.531
   64.650   -64.484
   64.700   -64.436
   64.750   -64.389
   64.800   -64.341
   64.850   -64.294
   64.900   -64.246
   64.950   -64.198
   65.000   -64.150
   65.050   -64.102
   65.100   -64.053
   65.150   -64.005
   65.200   -63.957
   65.250   -63.908
   65.300   -63.859
   65.350   -63.811
   65.400   -63.762
   65.450   -63.713
   65.500   -63.664
   65.550   -63.614
   65.600   -63.565
   65.650   -63.516
   65.700   -63.466
   65.750   -63.417
   65.800   -63.367
   65.850   -63.317
   65.900   -63.267
   65.950   -63.217
   66.000   -63.167
   66.050   -63.117
   66.100   -63.067
   66.150   -63.016
   66.200   -62.966
   66.250   -62.915
   66.300   -62.865
   66.350   -62.814
   66.400   -62.763
   66.450   -62.712
   66.500   -62.662
   66.550   -62.611
   66.600   -62.559
   66.650   -62.508
   66.700   -62.457
   66.750   -62.406
   66.800   -62.354
   66.850   -62.303
   66.900   -62.251
   66.950   -62.200
   67.000   -62.148
   67.050   -62.096
   67.100   -62.045
   67.150   -61.993
   67.200   -61.941
   67.250   -61.889
   67.300   -61.837
   67.350   -61.785
   67.400   -61.733
   67.450   -61.680
   67.500   -61.628
   67.550   -61.576
   67.600   -61.523
   67.650   -61.471
   67.700   -61.419
   67.750   -61.366
   67.800   -61.313
   67.850   -61.261
   67.900   -61.208
   67.950   -61.155
   68.000   -61.103
   68.050   -61.050
   68.100   -60.997
   68.150   -60.944
   68.200   -60.891
   68.250   -60.838
   68.300   -60.785
   68.350   -60.732
   68.400   -60.679
   68.450   -60.626
   68.500   -60.573
   68.550   -60.520
   68.600   -60.467
   68.650   -60.414
   68.700   -60.360
   68.750   -60.307
   68.800   -60.254
   68.850   -60.200
   68.900   -60.147
   68.950   -60.094
   69.000   -60.040
   69.050   -59.987
   69.100   -59.934
   69.150   -59.880
   69.200   -59.827
   69.250   -59.773
   69.300   -59.720
   69.350   -59.666
   69.400   -59.613
   69.450   -59.559
   69.500   -59.506
   69.550   -59.452
   69.600   -59.399
   69.650   -59.345
   69.700   -59.292
   69.750   -59.238
   69.800   -59.184
   69.850   -59.131
   69.900   -59.077
   69.950   -59.024
   70.000   -58.970
   70.050   -58.917
   70.100   -58.863
   70.150   -58.810
   70.200   -58.756
   70.250   -58.703
   70.300   -58.649
   70.350   -58.595
   70.400   -58.542
   70.450   -58.488
   70.500   -58.435
   70.550   -58.382
   70.600   -58.328
   70.650   -58.275
   70.700   -58.221
   70.750   -58.168
   70.800   -58.114
   70.850   -58.061
   70.900   -58.008
   70.950   -57.954
   71.000   -57.901
   71.050   -57.848
   71.100   -57.794
   71.150   -57.741
   71.200   -57.688
   71.250   -57.635
   71.300   -57.582
   71.350   -57.528
   71.400   -57.475
   71.450   -57.422
   71.500   -57.369
   71.550   -57.316
   71.600   -57.263
   71.650   -57.210
   71.700   -57.157
   71.750   -57.104
   71.800   -57.051
   71.850   -56.999
   71.900   -56.946
   71.950   -56.893
   72.000   -56.840
   72.050   -56.788
   72.100   -56.735
   72.150   -56.683
   72.200   -56.630
   72.250   -56.577
   72.300   -56.525
   72.350   -56.473
   72.400   -56.420
   72.450   -56.368
   72.500   -56.316
   72.550   -56.263
   72.600   -56.211
   72.650   -56.159
   72.700   -56.107
   72.750   -56.055
   72.800   -56.003
   72.850   -55.951
   72.900   -55.899
   72.950   -55.847
   73.000   -55.796
   73.050   -55.744
   73.100   -55.692
   73.150   -55.641
   73.200   -55.589
   73.250   -55.538
   73.300   -55.486
   73.350   -55.435
   73.400   -55.384
   73.450   -55.332
   73.500   -55.281
   73.550   -55.230
   73.600   -55.179
   73.650   -55.128
   73.700   -55.077
   73.750   -55.026
   73.800   -54.975
   73.850   -54.925
   73.900   -54.874
   73.950   -54.824
   74.000   -54.773
   74.050   -54.723
   74.100   -54.672
   74.150   -54.622
   74.200   -54.572
   74.250   -54.521
   74.300   -54.471
   74.350   -54.421
   74.400   -54.371
   74.450   -54.321
   74.500   -54.272
   74.550   -54.222
   74.600   -54.172
   74.650   -54.123
   74.700   -54.073
   74.750   -54.024
   74.800   -53.974
   74.850   -53.925
   74.900   -53.876
   74.950   -53.827
   75.000   -53.778
   75.050   -53.729
   75.100   -53.680
   75.150   -53.631
   75.200   -53.583
   75.250   -53.534
   75.300   -53.485
   75.350   -53.437
   75.400   -53.389
   75.450   -53.340
   75.500   -53.292
   75.550   -53.244
   75.600   -53.196
   75.650   -53.148
   75.700   -53.100
   75.750   -53.052
   75.800   -53.005
   75.850   -52.957
   75.900   -52.910
   75.950   -52.862
   76.000   -52.815
   76.050   -52.768
   76.100   -52.720
   76.150   -52.673
   76.200   -52.626
   76.250   -52.580
   76.300   -52.533
   76.350   -52.486
   76.400   -52.440
   76.450   -52.393
   76.500   -52.347
   76.550   -52.300
   76.600   -52.254
   76.650   -52.208
   76.700   -52.162
   76.750   -52.116
   76.800   -52.070
   76.850   -52.025
   76.900   -51.979
   76.950   -51.933
   77.000   -51.888
   77.050   -51.843
   77.100   -51.797
   77.150   -51.752
   77.200   -51.707
   77.250   -51.662
   77.300   -51.617
   77.350   -51.573
   77.400   -51.528
   77.450   -51.483
   77.500   -51.439
   77.550   -51.395
   77.600   -51.350
   77.650   -51.306
   77.700   -51.262
   77.750   -51.218
   77.800   -51.175
   77.850   -51.131
   77.900   -51.087
   77.950   -51.044
   78.000   -51.000
   78.050   -50.957
   78.100   -50.914
   78.150   -50.871
   78.200   -50.828
   78.250   -50.785
   78.300   -50.742
   78.350   -50.699
   78.400   -50.657
   78.450   -50.614
   78.500   -50.572
   78.550   -50.530
   78.600   -50.488
   78.650   -50.446
   78.700   -50.404
   78.750   -50.362
   78.800   -50.320
   78.850   -50.279
   78.900   -50.237
   78.950   -50.196
   79.000   -50.154
   79.050   -50.113
   79.100   -50.072
   79.150   -50.031
   79.200   -49.990
   79.250   -49.950
   79.300   -64.543
   79.350   -65.032
   79.400   -65.471
   79.450   -65.867
   79.500   -66.224
   79.550   -66.546
   79.600   -66.835
   79.650   -67.096
   79.700   -67.331
   79.750   -67.544
   79.800   -67.735
   79.850   -67.907
   79.900   -68.062
   79.950   -68.202
   80.000   -68.328
   80.050   -68.441
   80.100   -68.543
   80.150   -68.634
   80.200   -68.716
   80.250   -68.790
   80.300   -68.855
   80.350   -68.913
   80.400   -68.965
   80.450   -69.011
   80.500   -69.051
   80.550   -69.086
   80.600   -69.117
   80.650   -69.144
   80.700   -69.167
   80.750   -69.186
   80.800   -69.202
   80.850   -69.215
   80.900   -69.225
   80.950   -69.233
   81.000   -69.238
   81.050   -69.242
   81.100   -69.243
   81.150   -69.242
   81.200   -69.240
   81.250   -69.236
   81.300   -69.230
   81.350   -69.223
   81.400   -69.215
   81.450   -69.205
   81.500   -69.195
   81.550   -69.183
   81.600   -69.170
   81.650   -69.156
   81.700   -69.142
   81.750   -69.126
   81.800   -69.110
   81.850   -69.093
   81.900   -69.075
   81.950   -69.057
   82.000   -69.038
   82.050   -69.018
   82.100   -68.998
   82.150   -68.977
   82.200   -68.956
   82.250   -68.934
   82.300   -68.912
   82.350   -68.889
   82.400   -68.866
   82.450   -68.842
   82.500   -68.818
   82.550   -68.793
   82.600   -68.768
   82.650   -68.743
   82.700   -68.717
   82.750   -68.691
   82.800   -68.665
   82.850   -68.638
   82.900   -68.611
   82.950   -68.584
   83.000   -68.556
   83.050   -68.528
   83.100   -68.500
   83.150   -68.472
   83.200   -68.443
   83.250   -68.414
   83.300   -68.384
   83.350   -68.355
   83.400   -68.325
   83.450   -68.295
   83.500   -68.264
   83.550   -68.233
   83.600   -68.203
   83.650   -68.171
   83.700   -68.140
   83.750   -68.108
   83.800   -68.076
   83.850   -68.044
   83.900   -68.012
   83.950   -67.979
   84.000   -67.947
   84.050   -67.913
   84.100   -67.880
   84.150   -67.847
   84.200   -67.813
   84.250   -67.779
   84.300   -67.745
   84.350   -67.711
   84.400   -67.676
   84.450   -67.641
   84.500   -67.607
   84.550   -67.571
   84.600   -67.536
   84.650   -67.500
   84.700   -67.465
   84.750   -67.429
   84.800   -67.393
   84.850   -67.356
   84.900   -67.320
   84.950   -67.283
   85.000   -67.246
   85.050   -67.209
   85.100   -67.172
   85.150   -67.134
   85.200   -67.096
   85.250   -67.059
   85.300   -67.020
   85.350   -66.982
   85.400   -66.944
   85.450   -66.905
   85.500   -66.866
   85.550   -66.827
   85.600   -66.788
   85.650   -66.749
   85.700   -66.709
   85.750   -66.670
   85.800   -66.630
   85.850   -66.590
   85.900   -66.550
   85.950   -66.509
   86.000   -66.469
   86.050   -66.428
   86.100   -66.387
   86.150   -66.346
   86.200   -66.305
   86.250   -66.264
   86.300   -66.222
   86.350   -66.180
   86.400   -66.138
   86.450   -66.096
   86.500   -66.054
   86.550   -66.012
   86.600   -65.969
   86.650   -65.927
   86.700   -65.884
   86.750   -65.841
   86.800   -65.798
   86.850   -65.754
   86.900   -65.711
   86.950   -65.667
   87.000   -65.623
   87.050   -65.580
   87.100   -65.535
   87.150   -65.491
   87.200   -65.447
   87.250   -65.402
   87.300   -65.358
   87.350   -65.313
   87.400   -65.268
   87.450   -65.223
   87.500   -65.178
   87.550   -65.132
   87.600   -65.087
   87.650   -65.041
   87.700   -64.996
   87.750   -64.950
   87.800   -64.904
   87.850   -64.857
   87.900   -64.811
   87.950   -64.765
   88.000   -64.718
   88.050   -64.672
   88.100   -64.625
   88.150   -64.578
   88.200   -64.531
   88.250   -64.484
   88.300   -64.436
   88.350   -64.389
   88.400   -64.341
   88.450   -64.294
   88.500   -64.246
   88.550   -64.198
   88.600   -64.150
   88.650   -64.102
   88.700   -64.053
   88.750   -64.005
   88.800   -63.957
   88.850   -63.908
   88.900   -63.859
   88.950   -63.811
   89.000   -63.762
   89.050   -63.713
   89.100   -63.664
   89.150   -63.614
   89.200   -63.565
   89.250   -63.516
   89.300   -63.466
   89.350   -63.417
   89.400   -63.367
   89.450   -63.317
   89.500   -63.267
   89.550   -63.217
   89.600   -63.167
   89.650   -63.117
   89.700   -63.067
   89.750   -63.016
   89.800   -62.966
   89.850   -62.915
   89.900   -62.865
   89.950   -62.814
   90.000   -62.763
   90.050   -62.712
   90.100   -62.662
   90.150   -62.611
   90.200   -62.559
   90.250   -62.508
   90.300   -62.457
   90.350   -62.406
   90.400   -62.354
   90.450   -62.303
   90.500   -62.251
   90.550   -62.200
   90.600   -62.148
   90.650   -62.096
   90.700   -62.045
   90.750   -61.993
   90.800   -61.941
   90.850   -61.889
   90.900   -61.837
   90.950   -61.785
   91.000   -61.733
   91.050   -61.680
   91.100   -61.628
   91.150   -61.576
   91.200   -61.523
   91.250   -61.471
   91.300   -61.419
   91.350   -61.366
   91.400   -61.313
   91.450   -61.261
   91.500   -61.208
   91.550   -61.155
   91.600   -61.103
   91.650   -61.050
   91.700   -60.997
   91.750   -60.944
   91.800   -60.891
   91.850   -60.838
   91.900   -60.785
   91.950   -60.732
   92.000   -60.679
   92.050   -60.626
   92.100   -60.573
   92.150   -60.520
   92.200   -60.467
   92.250   -60.414
   92.300   -60.360
   92.350   -60.307
   92.400   -60.254
   92.450   -60.200
   92.500   -60.147
   92.550   -60.094
   92.600   -60.040
   92.650   -59.987
   92.700   -59.934
   92.750   -59.880
   92.800   -59.827
   92.850   -59.773
   92.900   -59.720
   92.950   -59.666
   93.000   -59.613
   93.050   -59.559
   93.100   -59.506
   93.150   -59.452
   93.200   -59.399
   93.250   -59.345
   93.300   -59.292
   93.350   -59.238
   93.400   -59.184
   93.450   -59.131
   93.500   -59.077
   93.550   -59.024
   93.600   -58.970
   93.650   -58.917
   93.700   -58.863
   93.750   -58.810
   93.800   -58.756
   93.850   -58.703
   93.900   -58.649
   93.950   -58.595
   94.000   -58.542
   94.050   -58.488
   94.100   -58.435
   94.150   -58.382
   94.200   -58.328
   94.250   -58.275
   94.300   -58.221
   94.350   -58.168
   94.400   -58.114
   94.450   -58.061
   94.500   -58.008
   94.550   -57.954
   94.600   -57.901
   94.650   -57.848
   94.700   -57.794
   94.750   -57.741
   94.800   -57.688
   94.850   -57.635
   94.900   -57.582
   94.950   -57.528
   95.000   -57.475
   95.050   -57.422
   95.100   -57.369
   95.150   -57.316
   95.200   -57.263
   95.250   -57.210
   95.300   -57.157
   95.350   -57.104
   95.400   -57.051
   95.450   -56.999
   95.500   -56.946
   95.550   -56.893
   95.600   -56.840
   95.650   -56.788
   95.700   -56.735
   95.750   -56.683
   95.800   -56.630
   95.850   -56.577
   95.900   -56.525
   95.950   -56.473
   96.000   -56.420
   96.050   -56.368
   96.100   -56.316
   96.150   -56.263
   96.200   -56.211
   96.250   -56.159
   96.300   -56.107
   96.350   -56.055
   96.400   -56.003
   96.450   -55.951
   96.500   -55.899
   96.550   -55.847
   96.600   -55.796
   96.650   -55.744
   96.700   -55.692
   96.750   -55.641
   96.800   -55.589
   96.850   -55.538
   96.900   -55.486
   96.950   -55.435
   97.000   -55.384
   97.050   -55.332
   97.100   -55.281
   97.150   -55.230
   97.200   -55.179
   97.250   -55.128
   97.300   -55.077
   97.350   -55.026
   97.400   -54.975
   97.450   -54.925
   97.500   -54.874
   97.550   -54.824
   97.600   -54.773
   97.650   -54.723
   97.700   -54.672
   97.750   -54.622
   97.800   -54.572
   97.850   -54.521
   97.900   -54.471
   97.950   -54.421
   98.000   -54.371
   98.050   -54.321
   98.100   -54.272
   98.150   -54.222
   98.200   -54.172
   98.250   -54.123
   98.300   -54.073
   98.350   -54.024
   98.400   -53.974
   98.450   -53.925
   98.500   -53.876
   98.550   -53.827
   98.600   -53.778
   98.650   -53.729
   98.700   -53.680
   98.750   -53.631
   98.800   -53.583
   98.850   -53.534
   98.900   -53.485
   98.950   -53.437
   99.000   -53.389
   99.050   -53.340
   99.100   -53.292
   99.150   -53.244
   99.200   -53.196
   99.250   -53.148
   99.300   -53.100
   99.350   -53.052
   99.400   -53.005
   99.450   -52.957
   99.500   -52.910
   99.550   -52.862
   99.600   -52.815
   99.650   -52.768
   99.700   -52.720
   99.750   -52.673
   99.800   -52.626
   99.850   -52.580
   99.900   -52.533
   99.950   -52.486
  100.000   -52.440
