   0.000  8.48E+0001  -64.0000  -64.0000
   0.250  8.46E+0001  -64.0506  -64.0027
   0.500  8.43E+0001  -64.0196  -64.0036
   0.750  8.39E+0001  -63.9269  -63.9994
   1.000  8.35E+0001  -63.7866  -63.9879
   1.250  8.32E+0001  -63.6090  -63.9676
   1.500  8.28E+0001  -63.4016  -63.9374
   1.750  8.24E+0001  -63.1701  -63.8967
   2.000  8.20E+0001  -62.9184  -63.8451
   2.250  8.17E+0001  -62.6498  -63.7823
   2.500  8.14E+0001  -62.3666  -63.7083
   2.750  8.11E+0001  -62.0706  -63.6231
   3.000  8.08E+0001  -61.7634  -63.5269
   3.250  8.06E+0001  -61.4460  -63.4199
   3.500  8.04E+0001  -61.1194  -63.3021
   3.750  8.03E+0001  -60.7843  -63.1740
   4.000  8.03E+0001  -60.4414  -63.0357
   4.250  8.03E+0001  -60.0911  -62.8875
   4.500  8.03E+0001  -59.7340  -62.7296
   4.750  8.03E+0001  -59.3705  -62.5625
   5.000  8.05E+0001  -59.0010  -62.3862
   5.250  8.07E+0001  -58.6257  -62.2012
   5.500  8.09E+0001  -58.2451  -62.0077
   5.750  8.12E+0001  -57.8594  -61.8059
   6.000  8.16E+0001  -57.4688  -61.5962
   6.250  8.19E+0001  -57.0737  -61.3789
   6.500  8.22E+0001  -56.6744  -61.1541
   6.750  8.26E+0001  -56.2710  -60.9222
   7.000  8.29E+0001  -55.8639  -60.6834
   7.250  8.31E+0001  -55.4532  -60.4380
   7.500  8.34E+0001  -55.0393  -60.1862
   7.750  8.34E+0001  -54.6223  -59.9283
   8.000  8.33E+0001  -54.2026  -59.6646
   8.250  8.31E+0001  -53.7804  -59.3952
   8.500  8.27E+0001  -53.3558  -59.1205
   8.750  8.20E+0001  -52.9292  -58.8406
   9.000  8.10E+0001  -52.5007  -58.5558
   9.250  7.96E+0001  -52.0707  -58.2663
   9.500  7.79E+0001  -51.6393  -57.9724
   9.750  7.57E+0001  -51.2068  -57.6743
  10.000  7.31E+0001  -50.7734  -57.3722
  10.250  7.02E+0001  -50.3394  -57.0663
  10.500  6.68E+0001  -49.9050  -56.7569
  10.750  6.30E+0001  -49.4704  -56.4442
  11.000  5.89E+0001  -49.0359  -56.1284
  11.250  5.45E+0001  -48.6018  -55.8098
  11.500  4.99E+0001  -48.1681  -55.4884
  11.750  4.52E+0001  -47.7353  -55.1647
  12.000  4.05E+0001  -47.3035  -54.8387
  12.250  3.58E+0001  -46.8730  -54.5106
  12.500  3.12E+0001  -46.4440  -54.1808
  12.750  2.69E+0001  -46.0167  -53.8494
  13.000  2.29E+0001  -45.5914  -53.5166
  13.250  1.92E+0001  -45.1684  -53.1827
  13.500  1.59E+0001  -44.7478  -52.8478
  13.750  1.30E+0001  -44.3300  -52.5121
  14.000  1.04E+0001  -43.9152  -52.1759
  14.250  8.33E+0000  -43.5035  -51.8394
  14.500  6.52E+0000  -43.0953  -51.5027
  14.750  5.04E+0000  -42.6908  -51.1662
  15.000  3.84E+0000  -42.2902  -50.8299
  15.250  2.89E+0000  -41.8939  -50.4941
  15.500  2.14E+0000  -41.5019  -50.1590
  15.750  1.57E+0000  -41.1146  -49.8249
  16.000  1.13E+0000  -40.7322  -49.4918
  16.250  8.10E-0001  -40.3550  -49.1601
  16.500  5.71E-0001  -39.9832  -48.8299
  16.750  3.98E-0001  -39.6169  -48.5014
  17.000  2.73E-0001  -39.2565  -48.1749
  17.250  1.86E-0001  -38.9022  -47.8505
  17.500  1.24E-0001  -38.5542  -47.5284
  17.750  8.28E-0002  -38.2126  -47.2089
  18.000  5.43E-0002  -37.8778  -46.8921
  18.250  3.52E-0002  -37.5500  -46.5782
  18.500  2.26E-0002  -37.2292  -46.2675
  18.750  1.46E-0002  -36.9158  -45.9600
  19.000  9.50E-0003  -36.6099  -45.6561
  19.250  6.10E-0003  -36.3116  -45.3559
  19.500  3.88E-0003  -36.0212  -45.0595
  19.750  2.45E-0003  -35.7388  -44.7672
  20.000  1.52E-0003  -35.4645  -44.4791
  20.250  9.49E-0004  -35.1985  -44.1954
  20.500  5.85E-0004  -34.9408  -43.9163
  20.750  3.58E-0004  -34.6917  -43.6418
  21.000  2.18E-0004  -34.4511  -43.3723
  21.250  1.32E-0004  -34.2192  -43.1078
  21.500  7.99E-0005  -33.9961  -42.8485
  21.750  4.81E-0005  -33.7816  -42.5945
  22.000  2.89E-0005  -33.5760  -42.3459
  22.250  1.73E-0005  -33.3792  -42.1029
  22.500  1.04E-0005  -33.1912  -41.8656
  22.750  6.25E-0006  -33.0121  -41.6340
  23.000  3.77E-0006  -32.8416  -41.4084
  23.250  2.28E-0006  -32.6799  -41.1886
  23.500  1.38E-0006  -32.5268  -40.9750
  23.750  8.48E-0007  -32.3823  -40.7674
  24.000  5.23E-0007  -32.2463  -40.5660
  24.250  3.25E-0007  -32.1186  -40.3708
  24.500  2.04E-0007  -31.9991  -40.1819
  24.750  1.29E-0007  -31.8877  -39.9993
  25.000  8.30E-0008  -31.7843  -39.8230
  25.250  5.40E-0008  -31.6886  -39.6530
  25.500  3.58E-0008  -31.6005  -39.4893
  25.750  2.41E-0008  -31.5197  -39.3319
  26.000  1.65E-0008  -31.4462  -39.1808
  26.250  1.15E-0008  -31.3796  -39.0359
  26.500  8.27E-0009  -31.3198  -38.8973
  26.750  6.03E-0009  -31.2666  -38.7647
  27.000  4.57E-0009  -31.2196  -38.6383
  27.250  3.07E-0009  -31.1787  -38.5179
  27.500  2.07E-0009  -31.1436  -38.4035
  27.750  1.45E-0009  -31.1140  -38.2949
  28.000  1.08E-0009  -31.0898  -38.1920
  28.250  8.50E-0010  -31.0707  -38.0949
  28.500  7.05E-0010  -31.0563  -38.0033
  28.750  6.20E-0010  -31.0466  -37.9171
  29.000  5.66E-0010  -31.0411  -37.8362
  29.250  5.56E-0010  -31.0398  -37.7605
  29.500  5.61E-0010  -31.0422  -37.6899
  29.750  5.70E-0010  -31.0482  -37.6242
  30.000  5.79E-0010  -31.0576  -37.5633
  30.250  5.90E-0010  -31.0701  -37.5071
  30.500  6.01E-0010  -31.0855  -37.4553
  30.750  6.13E-0010  -31.1035  -37.4079
  31.000  6.26E-0010  -31.1240  -37.3646
  31.250  6.39E-0010  -31.1468  -37.3255
  31.500  6.51E-0010  -31.1715  -37.2901
  31.750  6.61E-0010  -31.1981  -37.2586
  32.000  6.71E-0010  -31.2263  -37.2306
  32.250  6.79E-0010  -31.2560  -37.2060
  32.500  6.87E-0010  -31.2870  -37.1847
  32.750  6.94E-0010  -31.3191  -37.1666
  33.000  7.01E-0010  -31.3522  -37.1513
  33.250  7.07E-0010  -31.3861  -37.1390
  33.500  7.11E-0010  -31.4207  -37.1292
  33.750  7.11E-0010  -31.4558  -37.1221
  34.000  7.11E-0010  -31.4913  -37.1173
  34.250  7.10E-0010  -31.5270  -37.1147
  34.500  7.06E-0010  -31.5630  -37.1143
  34.750  6.99E-0010  -31.5990  -37.1158
  35.000  6.91E-0010  -31.6350  -37.1191
  35.250  6.83E-0010  -31.6709  -37.1242
  35.500  6.73E-0010  -31.7065  -37.1309
  35.750  6.63E-0010  -31.7419  -37.1391
  36.000  6.51E-0010  -31.7769  -37.1486
  36.250  6.39E-0010  -31.8115  -37.1593
  36.500  6.25E-0010  -31.8455  -37.1712
  36.750  6.10E-0010  -31.8791  -37.1842
  37.000  5.95E-0010  -31.9120  -37.1980
  37.250  5.79E-0010  -31.9443  -37.2127
  37.500  5.63E-0010  -31.9758  -37.2282
  37.750  5.48E-0010  -32.0067  -37.2443
  38.000  5.35E-0010  -32.0368  -37.2610
  38.250  5.22E-0010  -32.0662  -37.2782
  38.500  5.11E-0010  -32.0947  -37.2958
  38.750  5.01E-0010  -32.1224  -37.3137
  39.000  4.91E-0010  -32.1492  -37.3320
  39.250  4.83E-0010  -32.1752  -37.3504
  39.500  4.79E-0010  -32.2004  -37.3690
  39.750  4.79E-0010  -32.2246  -37.3877
  40.000  4.79E-0010  -32.2480  -37.4065
  40.250  4.80E-0010  -32.2705  -37.4252
  40.500  4.84E-0010  -32.2922  -37.4439
  40.750  4.90E-0010  -32.3129  -37.4625
  41.000  4.99E-0010  -32.3328  -37.4810
  41.250  5.10E-0010  -32.3518  -37.4992
  41.500  5.23E-0010  -32.3700  -37.5173
  41.750  5.37E-0010  -32.3873  -37.5352
  42.000  5.52E-0010  -32.4038  -37.5527
  42.250  5.68E-0010  -32.4195  -37.5700
  42.500  5.85E-0010  -32.4344  -37.5869
  42.750  6.04E-0010  -32.4485  -37.6035
  43.000  6.23E-0010  -32.4618  -37.6198
  43.250  6.43E-0010  -32.4744  -37.6356
  43.500  6.64E-0010  -32.4862  -37.6511
  43.750  6.83E-0010  -32.4973  -37.6661
  44.000  7.02E-0010  -32.5077  -37.6808
  44.250  7.19E-0010  -32.5174  -37.6950
  44.500  7.34E-0010  -32.5265  -37.7088
  44.750  7.48E-0010  -32.5349  -37.7221
  45.000  7.60E-0010  -32.5427  -37.7350
  45.250  7.70E-0010  -32.5499  -37.7474
  45.500  7.74E-0010  -32.5565  -37.7594
  45.750  7.74E-0010  -32.5625  -37.7709
  46.000  7.74E-0010  -32.5680  -37.7820
  46.250  7.73E-0010  -32.5730  -37.7926
  46.500  7.70E-0010  -32.5776  -37.8028
  46.750  7.63E-0010  -32.5816  -37.8125
  47.000  7.53E-0010  -32.5852  -37.8218
  47.250  7.39E-0010  -32.5883  -37.8307
  47.500  7.24E-0010  -32.5910  -37.8391
  47.750  7.07E-0010  -32.5934  -37.8471
  48.000  6.88E-0010  -32.5953  -37.8547
  48.250  6.68E-0010  -32.5969  -37.8619
  48.500  6.46E-0010  -32.5982  -37.8686
  48.750  6.23E-0010  -32.5991  -37.8750
  49.000  5.99E-0010  -32.5997  -37.8810
  49.250  5.73E-0010  -32.6001  -37.8867
  49.500  5.50E-0010  -32.6002  -37.8920
  49.750  5.13E-0010  -32.6000  -37.8969
  50.000  1.34E-0007  -32.6343  -37.9960
