   0.000    0.000    0.000 
   0.050    0.000    0.000 
   0.100    0.000    0.000 
   0.150    0.000    0.000 
   0.200    0.000    0.000 
   0.250    0.000    0.000 
   0.300    0.000    0.000 
   0.350    0.000    0.000 
   0.400    0.000    0.000 
   0.450    0.000    0.000 
   0.500    0.000    0.000 
   0.550    0.000    0.000 
   0.600    0.000    0.000 
   0.650    0.000    0.000 
   0.700    0.000    0.000 
   0.750    0.000    0.000 
   0.800    0.000    0.000 
   0.850    0.000    0.000 
   0.900    0.000    0.000 
   0.950    0.000    0.000 
   1.000    0.000    0.000 
   1.050    0.000    0.000 
   1.100    0.000    0.000 
   1.150    0.000    0.000 
   1.200    0.000    0.000 
   1.250    0.000    0.000 
   1.300    0.000    0.000 
   1.350    0.000    0.000 
   1.400    0.000    0.000 
   1.450    0.000    0.000 
   1.500    0.000    0.000 
   1.550    0.000    0.000 
   1.600    0.000    0.000 
   1.650    0.000    0.000 
   1.700    0.000    0.000 
   1.750    0.000    0.000 
   1.800    0.000    0.000 
   1.850    0.000    0.000 
   1.900    0.000    0.000 
   1.950    0.000    0.000 
   2.000    0.000    0.000 
   2.050    0.000    0.000 
   2.100    0.000    0.000 
   2.150    0.000    0.000 
   2.200    0.000    0.000 
   2.250    0.000    0.000 
   2.300    0.000    0.000 
   2.350    0.000    0.000 
   2.400    0.000    0.000 
   2.450    0.000    0.000 
   2.500    0.000    0.000 
   2.550    0.000    0.000 
   2.600    0.000    0.000 
   2.650    0.000    0.000 
   2.700    0.000    0.000 
   2.750    0.000    0.000 
   2.800    0.000    0.000 
   2.850    0.000    0.000 
   2.900    0.000    0.000 
   2.950    0.000    0.000 
   3.000    0.000    0.000 
   3.050    0.000    0.000 
   3.100    0.000    0.000 
   3.150    0.000    0.000 
   3.200    0.000    0.000 
   3.250    0.000    0.000 
   3.300    0.000    0.000 
   3.350    0.000    0.000 
   3.400    0.000    0.000 
   3.450    0.000    0.000 
   3.500    0.000    0.000 
   3.550    0.000    0.000 
   3.600    0.000    0.000 
   3.650    0.000    0.000 
   3.700    0.000    0.000 
   3.750    0.000    0.000 
   3.800    0.000    0.000 
   3.850    0.000    0.000 
   3.900    0.000    0.000 
   3.950    0.000    0.000 
   4.000    0.000    0.000 
   4.050    0.000    0.000 
   4.100    0.000    0.000 
   4.150    0.000    0.000 
   4.200    0.000    0.000 
   4.250    0.000    0.000 
   4.300    0.000    0.000 
   4.350    0.000    0.000 
   4.400    0.000    0.000 
   4.450    0.000    0.000 
   4.500    0.000    0.000 
   4.550    0.000    0.000 
   4.600    0.000    0.000 
   4.650    0.000    0.000 
   4.700    0.000    0.000 
   4.750    0.000    0.000 
   4.800    0.000    0.000 
   4.850    0.000    0.000 
   4.900    0.000    0.000 
   4.950    0.000    0.000 
   5.000    0.000    0.000 
   5.050    0.000    0.000 
   5.100    0.000    0.000 
   5.150    0.000    0.000 
   5.200    0.000    0.000 
   5.250    0.000    0.000 
   5.300    0.000    0.000 
   5.350    0.000    0.000 
   5.400    0.000    0.000 
   5.450    0.000    0.000 
   5.500    0.000    0.000 
   5.550    0.000    0.000 
   5.600    0.000    0.000 
   5.650    0.000    0.000 
   5.700    0.000    0.000 
   5.750    0.000    0.000 
   5.800    0.000    0.000 
   5.850    0.000    0.000 
   5.900    0.000    0.000 
   5.950    0.000    0.000 
   6.000    0.000    0.000 
   6.050    0.000    0.000 
   6.100    0.000    0.000 
   6.150    0.000    0.000 
   6.200    0.000    0.000 
   6.250    0.000    0.000 
   6.300    0.000    0.000 
   6.350    0.000    0.000 
   6.400    0.000    0.000 
   6.450    0.000    0.000 
   6.500    0.000    0.000 
   6.550    0.000    0.000 
   6.600    0.000    0.000 
   6.650    0.000    0.000 
   6.700    0.000    0.000 
   6.750    0.000    0.000 
   6.800    0.000    0.000 
   6.850    0.000    0.000 
   6.900    0.000    0.000 
   6.950    0.000    0.000 
   7.000    0.000    0.000 
   7.050    0.000    0.000 
   7.100    0.000    0.000 
   7.150    0.000    0.000 
   7.200    0.000    0.000 
   7.250    0.000    0.000 
   7.300    0.000    0.000 
   7.350    0.000    0.000 
   7.400    0.000    0.758 
   7.450    0.000    1.178 
   7.500    0.000    1.429 
   7.550    0.000    1.592 
   7.600    0.000    1.710 
   7.650    0.000    1.804 
   7.700    0.000    1.886 
   7.750    0.000    1.960 
   7.800    0.000    2.031 
   7.850    0.000    2.098 
   7.900    0.000    2.164 
   7.950    0.000    2.229 
   8.000    0.000    2.292 
   8.050    0.000    2.355 
   8.100    0.000    2.419 
   8.150    0.000    2.482 
   8.200    0.000    2.546 
   8.250    0.000    2.609 
   8.300    0.000    2.672 
   8.350    0.000    2.736 
   8.400    0.000    2.799 
   8.450    0.000    2.863 
   8.500    0.000    2.928 
   8.550    0.000    2.994 
   8.600    0.000    3.061 
   8.650    0.000    3.130 
   8.700    0.000    3.201 
   8.750    0.000    3.272 
   8.800    0.000    3.345 
   8.850    0.000    3.418 
   8.900    0.000    3.494 
   8.950    0.000    3.570 
   9.000    0.000    3.648 
   9.050    0.000    3.727 
   9.100    0.000    3.806 
   9.150    0.000    3.886 
   9.200    0.000    3.967 
   9.250    0.000    4.050 
   9.300    0.000    4.134 
   9.350    0.000    4.219 
   9.400    0.000    4.306 
   9.450    0.000    4.395 
   9.500    0.000    4.486 
   9.550    0.000    4.578 
   9.600    0.000    4.673 
   9.650    0.000    4.771 
   9.700    0.000    4.873 
   9.750    0.000    4.978 
   9.800    0.000    5.084 
   9.850    0.000    5.193 
   9.900    0.000    5.305 
   9.950    0.000    5.418 
  10.000    0.000    5.533 
  10.050    0.000    5.650 
  10.100    0.000    5.770 
  10.150    0.000    5.892 
  10.200    0.000    6.014 
  10.250    0.000    6.137 
  10.300    0.000    6.261 
  10.350    0.000    6.387 
  10.400    0.000    6.515 
  10.450    0.000    6.645 
  10.500    0.000    6.777 
  10.550    0.000    6.910 
  10.600    0.000    7.045 
  10.650    0.000    7.182 
  10.700    0.000    7.320 
  10.750    0.000    7.461 
  10.800    0.000    7.610 
  10.850    0.000    7.769 
  10.900    0.000    7.936 
  10.950    0.000    8.106 
  11.000    0.000    8.280 
  11.050    0.000    8.457 
  11.100    0.000    8.637 
  11.150    0.000    8.819 
  11.200    0.000    9.004 
  11.250    0.000    9.191 
  11.300    0.000    9.380 
  11.350    0.000    9.564 
  11.400    0.000    9.736 
  11.450    0.000    9.902 
  11.500    0.000   10.067 
  11.550    0.000   10.230 
  11.600    0.000   10.394 
  11.650    0.000   10.558 
  11.700    0.000   10.723 
  11.750    0.000   10.888 
  11.800    0.000   11.054 
  11.850    0.000   11.221 
  11.900    0.000   11.388 
  11.950    0.000   11.556 
  12.000    0.000   11.724 
  12.050    0.000   11.893 
  12.100    0.000   12.079 
  12.150    0.000   12.274 
  12.200    0.001   12.473 
  12.250    0.001   12.676 
  12.300    0.001   12.880 
  12.350    0.001   13.087 
  12.400    0.001   13.294 
  12.450    0.001   13.502 
  12.500    0.001   13.711 
  12.550    0.001   13.920 
  12.600    0.002   14.131 
  12.650    0.002   14.342 
  12.700    0.002   14.553 
  12.750    0.002   14.759 
  12.800    0.002   14.958 
  12.850    0.002   15.155 
  12.900    0.002   15.351 
  12.950    0.002   15.546 
  13.000    0.003   15.740 
  13.050    0.006   15.934 
  13.100    0.009   16.127 
  13.150    0.012   16.321 
  13.200    0.016   16.514 
  13.250    0.019   16.706 
  13.300    0.022   16.899 
  13.350    0.026   17.090 
  13.400    0.029   17.281 
  13.450    0.032   17.472 
  13.500    0.036   17.667 
  13.550    0.039   17.871 
  13.600    0.042   18.079 
  13.650    0.045   18.289 
  13.700    0.049   18.500 
  13.750    0.052   18.710 
  13.800    0.055   18.921 
  13.850    0.059   19.131 
  13.900    0.062   19.340 
  13.950    0.065   19.549 
  14.000    0.068   19.757 
  14.050    0.097   19.964 
  14.100    0.126   20.171 
  14.150    0.155   20.376 
  14.200    0.184   20.581 
  14.250    0.213   20.785 
  14.300    0.242   20.990 
  14.350    0.271   21.196 
  14.400    0.300   21.401 
  14.450    0.329   21.606 
  14.500    0.358   21.810 
  14.550    0.386   22.012 
  14.600    0.415   22.213 
  14.650    0.444   22.413 
  14.700    0.473   22.612 
  14.750    0.502   22.809 
  14.800    0.531   23.005 
  14.850    0.560   23.200 
  14.900    0.589   23.393 
  14.950    0.618   23.584 
  15.000    0.647   23.774 
  15.050    0.764   23.963 
  15.100    0.882   24.146 
  15.150    1.000   24.325 
  15.200    1.117   24.501 
  15.250    1.235   24.675 
  15.300    1.353   24.847 
  15.350    1.470   25.017 
  15.400    1.588   25.185 
  15.450    1.706   25.351 
  15.500    1.824   25.515 
  15.550    1.941   25.677 
  15.600    2.059   25.837 
  15.650    2.177   25.995 
  15.700    2.294   26.151 
  15.750    2.412   26.305 
  15.800    2.530   26.458 
  15.850    2.648   26.608 
  15.900    2.765   26.756 
  15.950    2.883   26.902 
  16.000    3.001   27.062 
  16.050    3.272   27.240 
  16.100    3.543   27.425 
  16.150    3.814   27.613 
  16.200    4.084   27.801 
  16.250    4.355   27.989 
  16.300    4.626   28.175 
  16.350    4.897   28.359 
  16.400    5.168   28.541 
  16.450    5.439   28.721 
  16.500    5.710   28.899 
  16.550    5.981   29.075 
  16.600    6.252   29.248 
  16.650    6.523   29.419 
  16.700    6.794   29.588 
  16.750    7.065   29.755 
  16.800    7.336   29.919 
  16.850    7.607   30.072 
  16.900    7.878   30.207 
  16.950    8.149   30.333 
  17.000    8.420   30.452 
  17.050    8.881   30.567 
  17.100    9.343   30.679 
  17.150    9.805   30.788 
  17.200   10.267   30.895 
  17.250   10.728   30.998 
  17.300   11.190   31.100 
  17.350   11.652   31.199 
  17.400   12.114   31.295 
  17.450   12.576   31.389 
  17.500   13.037   31.480 
  17.550   13.499   31.569 
  17.600   13.961   31.656 
  17.650   14.423   31.740 
  17.700   14.884   31.822 
  17.750   15.346   31.901 
  17.800   15.808   31.978 
  17.850   16.270   32.053 
  17.900   16.731   32.132 
  17.950   17.193   32.225 
  18.000   17.655   32.325 
  18.050   18.220   32.426 
  18.100   18.785   32.527 
  18.150   19.349   32.626 
  18.200   19.914   32.724 
  18.250   20.479   32.819 
  18.300   21.044   32.911 
  18.350   21.609   33.002 
  18.400   22.174   33.090 
  18.450   22.738   33.175 
  18.500   23.303   33.258 
  18.550   23.868   33.338 
  18.600   24.433   33.416 
  18.650   24.998   33.491 
  18.700   25.562   33.563 
  18.750   26.127   33.634 
  18.800   26.692   33.701 
  18.850   27.257   33.767 
  18.900   27.822   33.829 
  18.950   28.387   33.889 
  19.000   28.951   33.945 
  19.050   29.531   33.997 
  19.100   30.110   34.047 
  19.150   30.690   34.094 
  19.200   31.269   34.138 
  19.250   31.849   34.180 
  19.300   32.428   34.220 
  19.350   33.007   34.258 
  19.400   33.587   34.293 
  19.450   34.166   34.325 
  19.500   34.746   34.356 
  19.550   35.325   34.384 
  19.600   35.905   34.410 
  19.650   36.484   34.433 
  19.700   37.064   34.454 
  19.750   37.643   34.474 
  19.800   38.223   34.490 
  19.850   38.802   34.505 
  19.900   39.381   34.518 
  19.950   39.961   34.528 
  20.000   40.540   34.536 
  20.050   41.061   34.542 
  20.100   41.582   34.547 
  20.150   42.102   34.552 
  20.200   42.623   34.562 
  20.250   43.143   34.574 
  20.300   43.664   34.586 
  20.350   44.184   34.596 
  20.400   44.705   34.605 
  20.450   45.226   34.611 
  20.500   45.746   34.616 
  20.550   46.267   34.619 
  20.600   46.787   34.619 
  20.650   47.308   34.618 
  20.700   47.829   34.614 
  20.750   48.349   34.609 
  20.800   48.870   34.601 
  20.850   49.390   34.592 
  20.900   49.911   34.581 
  20.950   50.432   34.567 
  21.000   50.952   34.552 
  21.050   51.319   34.535 
  21.100   51.686   34.516 
  21.150   52.052   34.495 
  21.200   52.419   34.472 
  21.250   52.786   34.448 
  21.300   53.153   34.421 
  21.350   53.520   34.393 
  21.400   53.886   34.363 
  21.450   54.253   34.336 
  21.500   54.620   34.311 
  21.550   54.987   34.287 
  21.600   55.354   34.262 
  21.650   55.720   34.236 
  21.700   56.087   34.208 
  21.750   56.454   34.179 
  21.800   56.821   34.148 
  21.850   57.187   34.115 
  21.900   57.554   34.081 
  21.950   57.921   34.045 
  22.000   58.288   34.008 
  22.050   58.468   33.969 
  22.100   58.649   33.928 
  22.150   58.829   33.886 
  22.200   59.009   33.842 
  22.250   59.190   33.797 
  22.300   59.370   33.750 
  22.350   59.551   33.702 
  22.400   59.731   33.652 
  22.450   59.911   33.601 
  22.500   60.092   33.548 
  22.550   60.272   33.495 
  22.600   60.453   33.439 
  22.650   60.633   33.383 
  22.700   60.814   33.325 
  22.750   60.994   33.266 
  22.800   61.174   33.205 
  22.850   61.355   33.144 
  22.900   61.535   33.093 
  22.950   61.716   33.046 
  23.000   61.896   33.001 
  23.050   62.040   32.955 
  23.100   62.185   32.909 
  23.150   62.329   32.862 
  23.200   62.474   32.814 
  23.250   62.618   32.765 
  23.300   62.762   32.714 
  23.350   62.907   32.662 
  23.400   63.051   32.609 
  23.450   63.196   32.554 
  23.500   63.340   32.499 
  23.550   63.484   32.441 
  23.600   63.629   32.383 
  23.650   63.773   32.324 
  23.700   63.918   32.263 
  23.750   64.062   32.201 
  23.800   64.206   32.138 
  23.850   64.351   32.074 
  23.900   64.495   32.009 
  23.950   64.640   31.943 
  24.000   64.784   31.876 
  24.050   64.651   31.808 
  24.100   64.519   31.739 
  24.150   64.386   31.668 
  24.200   64.253   31.597 
  24.250   64.120   31.525 
  24.300   63.987   31.452 
  24.350   63.855   31.378 
  24.400   63.722   31.304 
  24.450   63.589   31.230 
  24.500   63.456   31.156 
  24.550   63.323   31.081 
  24.600   63.191   31.005 
  24.650   63.058   30.928 
  24.700   62.925   30.851 
  24.750   62.792   30.772 
  24.800   62.659   30.694 
  24.850   62.527   30.614 
  24.900   62.394   30.534 
  24.950   62.261   30.453 
  25.000   62.128   30.371 
  25.050   61.957   30.288 
  25.100   61.786   30.205 
  25.150   61.615   30.122 
  25.200   61.444   30.038 
  25.250   61.273   29.953 
  25.300   61.102   29.867 
  25.350   60.931   29.781 
  25.400   60.760   29.695 
  25.450   60.589   29.608 
  25.500   60.418   29.521 
  25.550   60.247   29.433 
  25.600   60.076   29.344 
  25.650   59.905   29.255 
  25.700   59.734   29.166 
  25.750   59.563   29.077 
  25.800   59.392   28.987 
  25.850   59.221   28.896 
  25.900   59.050   28.805 
  25.950   58.879   28.714 
  26.000   58.708   28.623 
  26.050   58.468   28.531 
  26.100   58.227   28.439 
  26.150   57.987   28.347 
  26.200   57.746   28.261 
  26.250   57.506   28.183 
  26.300   57.266   28.107 
  26.350   57.025   28.033 
  26.400   56.785   27.959 
  26.450   56.544   27.885 
  26.500   56.304   27.811 
  26.550   56.063   27.736 
  26.600   55.823   27.661 
  26.650   55.583   27.586 
  26.700   55.342   27.510 
  26.750   55.102   27.434 
  26.800   54.861   27.357 
  26.850   54.621   27.280 
  26.900   54.381   27.203 
  26.950   54.140   27.125 
  27.000   53.900   27.047 
  27.050   53.761   26.969 
  27.100   53.622   26.891 
  27.150   53.484   26.812 
  27.200   53.345   26.733 
  27.250   53.206   26.654 
  27.300   53.068   26.574 
  27.350   52.929   26.494 
  27.400   52.790   26.414 
  27.450   52.652   26.334 
  27.500   52.513   26.254 
  27.550   52.375   26.174 
  27.600   52.236   26.093 
  27.650   52.097   26.012 
  27.700   51.959   25.932 
  27.750   51.820   25.851 
  27.800   51.681   25.770 
  27.850   51.543   25.689 
  27.900   51.404   25.607 
  27.950   51.265   25.532 
  28.000   51.127   25.482 
  28.050   50.757   25.445 
  28.100   50.388   25.414 
  28.150   50.018   25.386 
  28.200   49.649   25.360 
  28.250   49.280   25.335 
  28.300   48.910   25.311 
  28.350   48.541   25.287 
  28.400   48.171   25.263 
  28.450   47.802   25.239 
  28.500   47.433   25.215 
  28.550   47.063   25.191 
  28.600   46.694   25.167 
  28.650   46.324   25.144 
  28.700   45.955   25.121 
  28.750   45.585   25.097 
  28.800   45.216   25.074 
  28.850   44.847   25.051 
  28.900   44.477   25.028 
  28.950   44.108   25.005 
  29.000   43.738   24.983 
  29.050   43.636   24.960 
  29.100   43.534   24.938 
  29.150   43.432   24.915 
  29.200   43.329   24.893 
  29.250   43.227   24.871 
  29.300   43.125   24.849 
  29.350   43.023   24.828 
  29.400   42.920   24.806 
  29.450   42.818   24.784 
  29.500   42.716   24.763 
  29.550   42.614   24.742 
  29.600   42.511   24.721 
  29.650   42.409   24.700 
  29.700   42.307   24.680 
  29.750   42.204   24.659 
  29.800   42.102   24.639 
  29.850   42.000   24.619 
  29.900   41.898   24.599 
  29.950   41.795   24.579 
  30.000   41.693   24.559 
  30.050   41.398   24.540 
  30.100   41.103   24.520 
  30.150   40.808   24.501 
  30.200   40.513   24.482 
  30.250   40.217   24.463 
  30.300   39.922   24.445 
  30.350   39.627   24.426 
  30.400   39.332   24.408 
  30.450   39.037   24.390 
  30.500   38.742   24.372 
  30.550   38.447   24.355 
  30.600   38.151   24.337 
  30.650   37.856   24.320 
  30.700   37.561   24.303 
  30.750   37.266   24.287 
  30.800   36.971   24.270 
  30.850   36.676   24.254 
  30.900   36.381   24.238 
  30.950   36.086   24.222 
  31.000   35.790   24.206 
  31.050   35.579   24.191 
  31.100   35.368   24.175 
  31.150   35.157   24.160 
  31.200   34.946   24.145 
  31.250   34.735   24.131 
  31.300   34.524   24.117 
  31.350   34.313   24.102 
  31.400   34.102   24.089 
  31.450   33.891   24.075 
  31.500   33.680   24.062 
  31.550   33.469   24.048 
  31.600   33.258   24.035 
  31.650   33.047   24.023 
  31.700   32.836   24.010 
  31.750   32.625   23.998 
  31.800   32.413   23.986 
  31.850   32.202   23.974 
  31.900   31.991   23.963 
  31.950   31.780   23.951 
  32.000   31.569   23.940 
  32.050   31.435   23.930 
  32.100   31.301   23.919 
  32.150   31.167   23.909 
  32.200   31.033   23.899 
  32.250   30.899   23.889 
  32.300   30.765   23.879 
  32.350   30.631   23.870 
  32.400   30.496   23.861 
  32.450   30.362   23.852 
  32.500   30.228   23.844 
  32.550   30.094   23.835 
  32.600   29.960   23.827 
  32.650   29.826   23.820 
  32.700   29.692   23.812 
  32.750   29.558   23.805 
  32.800   29.424   23.798 
  32.850   29.289   23.791 
  32.900   29.155   23.784 
  32.950   29.021   23.778 
  33.000   28.887   23.772 
  33.050   28.774   23.766 
  33.100   28.661   23.761 
  33.150   28.549   23.756 
  33.200   28.436   23.751 
  33.250   28.323   23.746 
  33.300   28.210   23.741 
  33.350   28.097   23.737 
  33.400   27.984   23.733 
  33.450   27.872   23.729 
  33.500   27.759   23.726 
  33.550   27.646   23.722 
  33.600   27.533   23.719 
  33.650   27.420   23.717 
  33.700   27.307   23.714 
  33.750   27.195   23.712 
  33.800   27.082   23.710 
  33.850   26.969   23.708 
  33.900   26.856   23.707 
  33.950   26.743   23.705 
  34.000   26.630   23.704 
  34.050   26.493   23.704 
  34.100   26.355   23.703 
  34.150   26.217   23.703 
  34.200   26.079   23.703 
  34.250   25.942   23.703 
  34.300   25.804   23.703 
  34.350   25.666   23.704 
  34.400   25.528   23.705 
  34.450   25.391   23.706 
  34.500   25.253   23.708 
  34.550   25.115   23.709 
  34.600   24.977   23.711 
  34.650   24.840   23.713 
  34.700   24.702   23.716 
  34.750   24.564   23.718 
  34.800   24.426   23.721 
  34.850   24.289   23.724 
  34.900   24.151   23.727 
  34.950   24.013   23.731 
  35.000   23.875   23.735 
  35.050   23.826   23.738 
  35.100   23.776   23.743 
  35.150   23.726   23.747 
  35.200   23.677   23.752 
  35.250   23.627   23.756 
  35.300   23.577   23.761 
  35.350   23.528   23.767 
  35.400   23.478   23.772 
  35.450   23.428   23.778 
  35.500   23.379   23.784 
  35.550   23.329   23.790 
  35.600   23.279   23.796 
  35.650   23.230   23.802 
  35.700   23.180   23.809 
  35.750   23.130   23.816 
  35.800   23.081   23.823 
  35.850   23.031   23.830 
  35.900   22.981   23.838 
  35.950   22.932   23.846 
  36.000   22.882   23.854 
  36.050   22.823   23.862 
  36.100   22.764   23.870 
  36.150   22.705   23.878 
  36.200   22.646   23.887 
  36.250   22.587   23.896 
  36.300   22.528   23.905 
  36.350   22.469   23.914 
  36.400   22.410   23.923 
  36.450   22.351   23.933 
  36.500   22.291   23.942 
  36.550   22.232   23.952 
  36.600   22.173   23.962 
  36.650   22.114   23.972 
  36.700   22.055   23.983 
  36.750   21.996   23.993 
  36.800   21.937   24.004 
  36.850   21.878   24.015 
  36.900   21.819   24.026 
  36.950   21.760   24.037 
  37.000   21.701   24.048 
  37.050   21.736   24.059 
  37.100   21.771   24.071 
  37.150   21.806   24.083 
  37.200   21.841   24.094 
  37.250   21.876   24.106 
  37.300   21.911   24.118 
  37.350   21.946   24.131 
  37.400   21.981   24.143 
  37.450   22.016   24.155 
  37.500   22.051   24.168 
  37.550   22.086   24.181 
  37.600   22.121   24.193 
  37.650   22.156   24.206 
  37.700   22.191   24.219 
  37.750   22.226   24.233 
  37.800   22.261   24.246 
  37.850   22.296   24.259 
  37.900   22.331   24.273 
  37.950   22.366   24.286 
  38.000   22.401   24.300 
  38.050   22.395   24.314 
  38.100   22.389   24.327 
  38.150   22.383   24.341 
  38.200   22.377   24.355 
  38.250   22.371   24.369 
  38.300   22.364   24.384 
  38.350   22.358   24.398 
  38.400   22.352   24.412 
  38.450   22.346   24.426 
  38.500   22.340   24.441 
  38.550   22.334   24.455 
  38.600   22.328   24.470 
  38.650   22.322   24.485 
  38.700   22.315   24.499 
  38.750   22.309   24.514 
  38.800   22.303   24.529 
  38.850   22.297   24.544 
  38.900   22.291   24.559 
  38.950   22.285   24.574 
  39.000   22.279   24.589 
  39.050   22.387   24.604 
  39.100   22.496   24.619 
  39.150   22.604   24.634 
  39.200   22.713   24.649 
  39.250   22.822   24.664 
  39.300   22.930   24.679 
  39.350   23.039   24.694 
  39.400   23.148   24.710 
  39.450   23.256   24.725 
  39.500   23.365   24.740 
  39.550   23.473   24.755 
  39.600   23.582   24.771 
  39.650   23.691   24.786 
  39.700   23.799   24.801 
  39.750   23.908   24.817 
  39.800   24.017   24.832 
  39.850   24.125   24.847 
  39.900   24.234   24.863 
  39.950   24.343   24.878 
  40.000   24.451   24.893 
  40.050   24.451   24.909 
  40.100   24.451   24.924 
  40.150   24.451   24.939 
  40.200   24.451   24.954 
  40.250   24.451   24.970 
  40.300   24.451   24.985 
  40.350   24.451   25.000 
  40.400   24.451   25.015 
  40.450   24.450   25.030 
  40.500   24.450   25.045 
  40.550   24.450   25.060 
  40.600   24.450   25.075 
  40.650   24.450   25.090 
  40.700   24.450   25.105 
  40.750   24.450   25.120 
  40.800   24.450   25.135 
  40.850   24.450   25.150 
  40.900   24.450   25.165 
  40.950   24.450   25.180 
  41.000   24.450   25.194 
  41.050   24.583   25.209 
  41.100   24.716   25.224 
  41.150   24.849   25.238 
  41.200   24.982   25.253 
  41.250   25.115   25.267 
  41.300   25.248   25.281 
  41.350   25.382   25.296 
  41.400   25.515   25.310 
  41.450   25.648   25.324 
  41.500   25.781   25.338 
  41.550   25.914   25.352 
  41.600   26.047   25.366 
  41.650   26.180   25.380 
  41.700   26.314   25.394 
  41.750   26.447   25.408 
  41.800   26.580   25.422 
  41.850   26.713   25.435 
  41.900   26.846   25.449 
  41.950   26.979   25.462 
  42.000   27.112   25.476 
  42.050   27.198   25.489 
  42.100   27.283   25.502 
  42.150   27.369   25.515 
  42.200   27.454   25.528 
  42.250   27.539   25.541 
  42.300   27.625   25.554 
  42.350   27.710   25.567 
  42.400   27.796   25.579 
  42.450   27.881   25.592 
  42.500   27.966   25.604 
  42.550   28.052   25.617 
  42.600   28.137   25.629 
  42.650   28.222   25.641 
  42.700   28.308   25.653 
  42.750   28.393   25.665 
  42.800   28.479   25.677 
  42.850   28.564   25.689 
  42.900   28.649   25.700 
  42.950   28.735   25.712 
  43.000   28.820   25.723 
  43.050   28.864   25.734 
  43.100   28.908   25.746 
  43.150   28.953   25.757 
  43.200   28.997   25.767 
  43.250   29.041   25.778 
  43.300   29.085   25.789 
  43.350   29.129   25.800 
  43.400   29.173   25.810 
  43.450   29.217   25.820 
  43.500   29.261   25.831 
  43.550   29.306   25.841 
  43.600   29.350   25.851 
  43.650   29.394   25.861 
  43.700   29.438   25.870 
  43.750   29.482   25.880 
  43.800   29.526   25.889 
  43.850   29.570   25.899 
  43.900   29.614   25.908 
  43.950   29.659   25.917 
  44.000   29.703   25.926 
  44.050   29.794   25.935 
  44.100   29.885   25.944 
  44.150   29.976   25.952 
  44.200   30.068   25.961 
  44.250   30.159   25.969 
  44.300   30.250   25.977 
  44.350   30.341   25.986 
  44.400   30.433   25.993 
  44.450   30.524   26.001 
  44.500   30.615   26.009 
  44.550   30.706   26.017 
  44.600   30.798   26.024 
  44.650   30.889   26.031 
  44.700   30.980   26.039 
  44.750   31.071   26.046 
  44.800   31.163   26.053 
  44.850   31.254   26.059 
  44.900   31.345   26.066 
  44.950   31.436   26.073 
  45.000   31.528   26.079 
  45.050   31.580   26.085 
  45.100   31.632   26.092 
  45.150   31.684   26.098 
  45.200   31.736   26.103 
  45.250   31.788   26.109 
  45.300   31.840   26.115 
  45.350   31.892   26.120 
  45.400   31.944   26.126 
  45.450   31.997   26.131 
  45.500   32.049   26.136 
  45.550   32.101   26.141 
  45.600   32.153   26.146 
  45.650   32.205   26.151 
  45.700   32.257   26.156 
  45.750   32.309   26.160 
  45.800   32.361   26.164 
  45.850   32.413   26.169 
  45.900   32.465   26.173 
  45.950   32.518   26.177 
  46.000   32.570   26.181 
  46.050   32.608   26.185 
  46.100   32.646   26.188 
  46.150   32.685   26.192 
  46.200   32.723   26.195 
  46.250   32.761   26.198 
  46.300   32.800   26.202 
  46.350   32.838   26.205 
  46.400   32.876   26.208 
  46.450   32.914   26.210 
  46.500   32.953   26.213 
  46.550   32.991   26.216 
  46.600   33.029   26.218 
  46.650   33.068   26.220 
  46.700   33.106   26.223 
  46.750   33.144   26.225 
  46.800   33.183   26.227 
  46.850   33.221   26.229 
  46.900   33.259   26.230 
  46.950   33.298   26.232 
  47.000   33.336   26.234 
  47.050   33.439   26.235 
  47.100   33.541   26.237 
  47.150   33.644   26.238 
  47.200   33.746   26.239 
  47.250   33.849   26.240 
  47.300   33.951   26.241 
  47.350   34.054   26.242 
  47.400   34.157   26.242 
  47.450   34.259   26.243 
  47.500   34.362   26.244 
  47.550   34.464   26.244 
  47.600   34.567   26.244 
  47.650   34.669   26.244 
  47.700   34.772   26.245 
  47.750   34.875   26.245 
  47.800   34.977   26.245 
  47.850   35.080   26.244 
  47.900   35.182   26.244 
  47.950   35.285   26.244 
  48.000   35.387   26.243 
  48.050   35.339   26.243 
  48.100   35.291   26.242 
  48.150   35.243   26.242 
  48.200   35.195   26.241 
  48.250   35.147   26.240 
  48.300   35.099   26.239 
  48.350   35.051   26.238 
  48.400   35.003   26.237 
  48.450   34.955   26.236 
  48.500   34.907   26.234 
  48.550   34.859   26.233 
  48.600   34.811   26.232 
  48.650   34.763   26.230 
  48.700   34.715   26.228 
  48.750   34.667   26.227 
  48.800   34.619   26.225 
  48.850   34.571   26.223 
  48.900   34.523   26.221 
  48.950   34.475   26.219 
  49.000   34.427   26.217 
  49.050   34.501   26.215 
  49.100   34.575   26.213 
  49.150   34.649   26.211 
  49.200   34.723   26.209 
  49.250   34.797   26.206 
  49.300   34.871   26.204 
  49.350   34.945   26.201 
  49.400   35.020   26.199 
  49.450   35.094   26.196 
  49.500   35.168   26.194 
  49.550   35.242   26.191 
  49.600   35.316   26.188 
  49.650   35.390   26.185 
  49.700   35.464   26.182 
  49.750   35.538   26.179 
  49.800   35.612   26.176 
  49.850   35.687   26.173 
  49.900   35.761   26.170 
  49.950   35.835   26.167 
  50.000   35.909   26.164 
  50.050   35.889   26.161 
  50.100   35.870   26.157 
  50.150   35.850   26.154 
  50.200   35.831   26.151 
  50.250   35.811   26.147 
  50.300   35.792   26.144 
  50.350   35.773   26.140 
  50.400   35.753   26.137 
  50.450   35.734   26.133 
  50.500   35.714   26.130 
  50.550   35.695   26.126 
  50.600   35.675   26.122 
  50.650   35.656   26.119 
  50.700   35.636   26.115 
  50.750   35.617   26.111 
  50.800   35.597   26.107 
  50.850   35.578   26.103 
  50.900   35.558   26.100 
  50.950   35.539   26.096 
  51.000   35.519   26.092 
  51.050   35.507   26.088 
  51.100   35.495   26.084 
  51.150   35.483   26.080 
  51.200   35.470   26.076 
  51.250   35.458   26.072 
  51.300   35.446   26.068 
  51.350   35.434   26.063 
  51.400   35.421   26.059 
  51.450   35.409   26.055 
  51.500   35.397   26.051 
  51.550   35.384   26.047 
  51.600   35.372   26.043 
  51.650   35.360   26.038 
  51.700   35.348   26.034 
  51.750   35.335   26.030 
  51.800   35.323   26.026 
  51.850   35.311   26.021 
  51.900   35.299   26.017 
  51.950   35.286   26.013 
  52.000   35.274   26.008 
  52.050   35.229   26.004 
  52.100   35.184   26.000 
  52.150   35.139   25.995 
  52.200   35.094   25.991 
  52.250   35.050   25.987 
  52.300   35.005   25.982 
  52.350   34.960   25.978 
  52.400   34.915   25.974 
  52.450   34.870   25.969 
  52.500   34.825   25.965 
  52.550   34.780   25.961 
  52.600   34.735   25.956 
  52.650   34.690   25.952 
  52.700   34.645   25.947 
  52.750   34.600   25.943 
  52.800   34.555   25.939 
  52.850   34.510   25.934 
  52.900   34.465   25.930 
  52.950   34.420   25.926 
  53.000   34.375   25.921 
  53.050   34.344   25.917 
  53.100   34.313   25.913 
  53.150   34.281   25.908 
  53.200   34.250   25.904 
  53.250   34.218   25.900 
  53.300   34.187   25.895 
  53.350   34.155   25.891 
  53.400   34.124   25.887 
  53.450   34.093   25.882 
  53.500   34.061   25.878 
  53.550   34.030   25.874 
  53.600   33.998   25.870 
  53.650   33.967   25.865 
  53.700   33.935   25.861 
  53.750   33.904   25.857 
  53.800   33.873   25.853 
  53.850   33.841   25.848 
  53.900   33.810   25.844 
  53.950   33.778   25.840 
  54.000   33.747   25.836 
  54.050   33.764   25.832 
  54.100   33.782   25.828 
  54.150   33.799   25.824 
  54.200   33.816   25.819 
  54.250   33.834   25.815 
  54.300   33.851   25.811 
  54.350   33.868   25.807 
  54.400   33.886   25.803 
  54.450   33.903   25.799 
  54.500   33.920   25.795 
  54.550   33.938   25.791 
  54.600   33.955   25.787 
  54.650   33.972   25.783 
  54.700   33.990   25.780 
  54.750   34.007   25.776 
  54.800   34.024   25.772 
  54.850   34.042   25.768 
  54.900   34.059   25.764 
  54.950   34.076   25.760 
  55.000   34.094   25.757 
  55.050   34.049   25.753 
  55.100   34.003   25.749 
  55.150   33.958   25.746 
  55.200   33.913   25.742 
  55.250   33.868   25.738 
  55.300   33.823   25.735 
  55.350   33.778   25.731 
  55.400   33.733   25.728 
  55.450   33.688   25.724 
  55.500   33.643   25.721 
  55.550   33.597   25.717 
  55.600   33.552   25.714 
  55.650   33.507   25.710 
  55.700   33.462   25.707 
  55.750   33.417   25.703 
  55.800   33.372   25.700 
  55.850   33.327   25.697 
  55.900   33.282   25.693 
  55.950   33.237   25.690 
  56.000   33.191   25.687 
  56.050   33.152   25.684 
  56.100   33.112   25.681 
  56.150   33.072   25.678 
  56.200   33.033   25.674 
  56.250   32.993   25.671 
  56.300   32.953   25.668 
  56.350   32.913   25.665 
  56.400   32.874   25.662 
  56.450   32.834   25.659 
  56.500   32.794   25.656 
  56.550   32.755   25.654 
  56.600   32.715   25.651 
  56.650   32.675   25.648 
  56.700   32.635   25.645 
  56.750   32.596   25.642 
  56.800   32.556   25.640 
  56.850   32.516   25.637 
  56.900   32.476   25.634 
  56.950   32.437   25.632 
  57.000   32.397   25.629 
  57.050   32.430   25.626 
  57.100   32.463   25.624 
  57.150   32.496   25.621 
  57.200   32.529   25.619 
  57.250   32.562   25.616 
  57.300   32.595   25.614 
  57.350   32.628   25.612 
  57.400   32.661   25.609 
  57.450   32.694   25.607 
  57.500   32.727   25.605 
  57.550   32.761   25.603 
  57.600   32.794   25.600 
  57.650   32.827   25.598 
  57.700   32.860   25.596 
  57.750   32.893   25.594 
  57.800   32.926   25.592 
  57.850   32.959   25.590 
  57.900   32.992   25.588 
  57.950   33.025   25.586 
  58.000   33.058   25.584 
  58.050   32.999   25.582 
  58.100   32.941   25.580 
  58.150   32.882   25.578 
  58.200   32.823   25.577 
  58.250   32.764   25.575 
  58.300   32.706   25.573 
  58.350   32.647   25.571 
  58.400   32.588   25.570 
  58.450   32.530   25.568 
  58.500   32.471   25.566 
  58.550   32.412   25.565 
  58.600   32.354   25.563 
  58.650   32.295   25.562 
  58.700   32.236   25.560 
  58.750   32.178   25.559 
  58.800   32.119   25.557 
  58.850   32.060   25.556 
  58.900   32.001   25.555 
  58.950   31.943   25.553 
  59.000   31.884   25.552 
  59.050   31.842   25.551 
  59.100   31.799   25.550 
  59.150   31.757   25.548 
  59.200   31.715   25.547 
  59.250   31.672   25.546 
  59.300   31.630   25.545 
  59.350   31.588   25.544 
  59.400   31.545   25.543 
  59.450   31.503   25.542 
  59.500   31.460   25.541 
  59.550   31.418   25.540 
  59.600   31.376   25.539 
  59.650   31.333   25.538 
  59.700   31.291   25.537 
  59.750   31.249   25.536 
  59.800   31.206   25.535 
  59.850   31.164   25.534 
  59.900   31.122   25.534 
  59.950   31.079   25.533 
  60.000   31.037   25.532 
  60.050   31.143   25.532 
  60.100   31.249   25.531 
  60.150   31.355   25.530 
  60.200   31.461   25.530 
  60.250   31.567   25.529 
  60.300   31.673   25.528 
  60.350   31.779   25.528 
  60.400   31.885   25.527 
  60.450   31.991   25.527 
  60.500   32.097   25.527 
  60.550   32.203   25.526 
  60.600   32.309   25.526 
  60.650   32.415   25.525 
  60.700   32.521   25.525 
  60.750   32.627   25.525 
  60.800   32.733   25.524 
  60.850   32.839   25.524 
  60.900   32.945   25.524 
  60.950   33.051   25.524 
  61.000   33.157   25.523 
  61.050   33.034   25.523 
  61.100   32.912   25.523 
  61.150   32.790   25.523 
  61.200   32.668   25.523 
  61.250   32.546   25.523 
  61.300   32.424   25.523 
  61.350   32.301   25.523 
  61.400   32.179   25.522 
  61.450   32.057   25.522 
  61.500   31.935   25.522 
  61.550   31.813   25.523 
  61.600   31.691   25.523 
  61.650   31.569   25.523 
  61.700   31.446   25.523 
  61.750   31.324   25.523 
  61.800   31.202   25.523 
  61.850   31.080   25.523 
  61.900   30.958   25.523 
  61.950   30.836   25.524 
  62.000   30.714   25.524 
  62.050   30.759   25.524 
  62.100   30.804   25.524 
  62.150   30.849   25.525 
  62.200   30.895   25.525 
  62.250   30.940   25.525 
  62.300   30.985   25.526 
  62.350   31.030   25.526 
  62.400   31.076   25.526 
  62.450   31.121   25.527 
  62.500   31.166   25.527 
  62.550   31.212   25.528 
  62.600   31.257   25.528 
  62.650   31.302   25.529 
  62.700   31.347   25.529 
  62.750   31.393   25.530 
  62.800   31.438   25.530 
  62.850   31.483   25.531 
  62.900   31.528   25.531 
  62.950   31.574   25.532 
  63.000   31.619   25.532 
  63.050   31.581   25.533 
  63.100   31.543   25.534 
  63.150   31.505   25.534 
  63.200   31.467   25.535 
  63.250   31.430   25.536 
  63.300   31.392   25.536 
  63.350   31.354   25.537 
  63.400   31.316   25.538 
  63.450   31.278   25.539 
  63.500   31.240   25.539 
  63.550   31.202   25.540 
  63.600   31.164   25.541 
  63.650   31.127   25.542 
  63.700   31.089   25.542 
  63.750   31.051   25.543 
  63.800   31.013   25.544 
  63.850   30.975   25.545 
  63.900   30.937   25.546 
  63.950   30.899   25.547 
  64.000   30.861   25.548 
  64.050   30.910   25.549 
  64.100   30.959   25.549 
  64.150   31.008   25.550 
  64.200   31.056   25.551 
  64.250   31.105   25.552 
  64.300   31.154   25.553 
  64.350   31.203   25.554 
  64.400   31.251   25.555 
  64.450   31.300   25.556 
  64.500   31.349   25.557 
  64.550   31.398   25.558 
  64.600   31.447   25.559 
  64.650   31.495   25.560 
  64.700   31.544   25.561 
  64.750   31.593   25.562 
  64.800   31.642   25.564 
  64.850   31.690   25.565 
  64.900   31.739   25.566 
  64.950   31.788   25.567 
  65.000   31.837   25.568 
  65.050   31.843   25.569 
  65.100   31.850   25.570 
  65.150   31.857   25.571 
  65.200   31.863   25.572 
  65.250   31.870   25.574 
  65.300   31.877   25.575 
  65.350   31.883   25.576 
  65.400   31.890   25.577 
  65.450   31.897   25.578 
  65.500   31.903   25.579 
  65.550   31.910   25.581 
  65.600   31.917   25.582 
  65.650   31.924   25.583 
  65.700   31.930   25.584 
  65.750   31.937   25.585 
  65.800   31.944   25.587 
  65.850   31.950   25.588 
  65.900   31.957   25.589 
  65.950   31.964   25.590 
  66.000   31.970   25.591 
  66.050   31.974   25.593 
  66.100   31.977   25.594 
  66.150   31.981   25.595 
  66.200   31.984   25.596 
  66.250   31.988   25.598 
  66.300   31.991   25.599 
  66.350   31.994   25.600 
  66.400   31.998   25.601 
  66.450   32.001   25.603 
  66.500   32.005   25.604 
  66.550   32.008   25.605 
  66.600   32.012   25.606 
  66.650   32.015   25.608 
  66.700   32.019   25.609 
  66.750   32.022   25.610 
  66.800   32.025   25.611 
  66.850   32.029   25.613 
  66.900   32.032   25.614 
  66.950   32.036   25.615 
  67.000   32.039   25.616 
  67.050   32.040   25.618 
  67.100   32.040   25.619 
  67.150   32.041   25.620 
  67.200   32.041   25.621 
  67.250   32.041   25.623 
  67.300   32.042   25.624 
  67.350   32.042   25.625 
  67.400   32.043   25.626 
  67.450   32.043   25.628 
  67.500   32.044   25.629 
  67.550   32.044   25.630 
  67.600   32.045   25.631 
  67.650   32.045   25.633 
  67.700   32.045   25.634 
  67.750   32.046   25.635 
  67.800   32.046   25.636 
  67.850   32.047   25.637 
  67.900   32.047   25.639 
  67.950   32.048   25.640 
  68.000   32.048   25.641 
  68.050   32.041   25.642 
  68.100   32.034   25.644 
  68.150   32.027   25.645 
  68.200   32.020   25.646 
  68.250   32.013   25.647 
  68.300   32.005   25.648 
  68.350   31.998   25.649 
  68.400   31.991   25.651 
  68.450   31.984   25.652 
  68.500   31.977   25.653 
  68.550   31.970   25.654 
  68.600   31.963   25.655 
  68.650   31.956   25.656 
  68.700   31.948   25.658 
  68.750   31.941   25.659 
  68.800   31.934   25.660 
  68.850   31.927   25.661 
  68.900   31.920   25.662 
  68.950   31.913   25.663 
  69.000   31.906   25.664 
  69.050   31.899   25.665 
  69.100   31.892   25.667 
  69.150   31.885   25.668 
  69.200   31.878   25.669 
  69.250   31.871   25.670 
  69.300   31.864   25.671 
  69.350   31.857   25.672 
  69.400   31.850   25.673 
  69.450   31.843   25.674 
  69.500   31.836   25.675 
  69.550   31.829   25.676 
  69.600   31.822   25.677 
  69.650   31.815   25.678 
  69.700   31.808   25.679 
  69.750   31.801   25.680 
  69.800   31.794   25.681 
  69.850   31.787   25.682 
  69.900   31.780   25.683 
  69.950   31.773   25.684 
  70.000   31.766   25.685 
  70.050   31.773   25.686 
  70.100   31.781   25.687 
  70.150   31.788   25.688 
  70.200   31.795   25.689 
  70.250   31.803   25.690 
  70.300   31.810   25.690 
  70.350   31.817   25.691 
  70.400   31.825   25.692 
  70.450   31.832   25.693 
  70.500   31.839   25.694 
  70.550   31.847   25.695 
  70.600   31.854   25.696 
  70.650   31.861   25.697 
  70.700   31.869   25.697 
  70.750   31.876   25.698 
  70.800   31.883   25.699 
  70.850   31.891   25.700 
  70.900   31.898   25.701 
  70.950   31.905   25.701 
  71.000   31.913   25.702 
  71.050   31.896   25.703 
  71.100   31.880   25.704 
  71.150   31.863   25.704 
  71.200   31.846   25.705 
  71.250   31.830   25.706 
  71.300   31.813   25.707 
  71.350   31.797   25.707 
  71.400   31.780   25.708 
  71.450   31.764   25.709 
  71.500   31.747   25.709 
  71.550   31.730   25.710 
  71.600   31.714   25.711 
  71.650   31.697   25.711 
  71.700   31.681   25.712 
  71.750   31.664   25.713 
  71.800   31.648   25.713 
  71.850   31.631   25.714 
  71.900   31.614   25.714 
  71.950   31.598   25.715 
  72.000   31.581   25.715 
  72.050   31.638   25.716 
  72.100   31.695   25.717 
  72.150   31.752   25.717 
  72.200   31.809   25.718 
  72.250   31.866   25.718 
  72.300   31.923   25.719 
  72.350   31.980   25.719 
  72.400   32.037   25.720 
  72.450   32.094   25.720 
  72.500   32.150   25.721 
  72.550   32.207   25.721 
  72.600   32.264   25.722 
  72.650   32.321   25.722 
  72.700   32.378   25.722 
  72.750   32.435   25.723 
  72.800   32.492   25.723 
  72.850   32.549   25.724 
  72.900   32.606   25.724 
  72.950   32.663   25.724 
  73.000   32.720   25.725 
  73.050   32.746   25.725 
  73.100   32.772   25.726 
  73.150   32.799   25.726 
  73.200   32.825   25.726 
  73.250   32.852   25.727 
  73.300   32.878   25.727 
  73.350   32.904   25.727 
  73.400   32.931   25.728 
  73.450   32.957   25.728 
  73.500   32.984   25.728 
  73.550   33.010   25.728 
  73.600   33.036   25.729 
  73.650   33.063   25.729 
  73.700   33.089   25.729 
  73.750   33.116   25.729 
  73.800   33.142   25.730 
  73.850   33.168   25.730 
  73.900   33.195   25.730 
  73.950   33.221   25.730 
  74.000   33.248   25.730 
  74.050   33.186   25.731 
  74.100   33.124   25.731 
  74.150   33.062   25.731 
  74.200   33.001   25.731 
  74.250   32.939   25.731 
  74.300   32.877   25.731 
  74.350   32.815   25.731 
  74.400   32.754   25.732 
  74.450   32.692   25.732 
  74.500   32.630   25.732 
  74.550   32.568   25.732 
  74.600   32.506   25.732 
  74.650   32.445   25.732 
  74.700   32.383   25.732 
  74.750   32.321   25.732 
  74.800   32.259   25.732 
  74.850   32.198   25.732 
  74.900   32.136   25.732 
  74.950   32.074   25.732 
  75.000   32.012   25.732 
  75.050   31.985   25.732 
  75.100   31.957   25.732 
  75.150   31.929   25.732 
  75.200   31.901   25.732 
  75.250   31.874   25.732 
  75.300   31.846   25.732 
  75.350   31.818   25.732 
  75.400   31.791   25.732 
  75.450   31.763   25.732 
  75.500   31.735   25.732 
  75.550   31.707   25.732 
  75.600   31.680   25.732 
  75.650   31.652   25.732 
  75.700   31.624   25.732 
  75.750   31.597   25.732 
  75.800   31.569   25.732 
  75.850   31.541   25.732 
  75.900   31.514   25.732 
  75.950   31.486   25.731 
  76.000   31.458   25.731 
  76.050   31.518   25.731 
  76.100   31.579   25.731 
  76.150   31.639   25.731 
  76.200   31.699   25.731 
  76.250   31.759   25.731 
  76.300   31.820   25.731 
  76.350   31.880   25.730 
  76.400   31.940   25.730 
  76.450   32.000   25.730 
  76.500   32.060   25.730 
  76.550   32.121   25.730 
  76.600   32.181   25.729 
  76.650   32.241   25.729 
  76.700   32.301   25.729 
  76.750   32.362   25.729 
  76.800   32.422   25.729 
  76.850   32.482   25.728 
  76.900   32.542   25.728 
  76.950   32.603   25.728 
  77.000   32.663   25.728 
  77.050   32.639   25.728 
  77.100   32.615   25.727 
  77.150   32.591   25.727 
  77.200   32.567   25.727 
  77.250   32.543   25.727 
  77.300   32.519   25.726 
  77.350   32.495   25.726 
  77.400   32.471   25.726 
  77.450   32.447   25.726 
  77.500   32.424   25.725 
  77.550   32.400   25.725 
  77.600   32.376   25.725 
  77.650   32.352   25.724 
  77.700   32.328   25.724 
  77.750   32.304   25.724 
  77.800   32.280   25.724 
  77.850   32.256   25.723 
  77.900   32.232   25.723 
  77.950   32.208   25.723 
  78.000   32.184   25.722 
  78.050   32.145   25.722 
  78.100   32.106   25.722 
  78.150   32.066   25.721 
  78.200   32.027   25.721 
  78.250   31.988   25.721 
  78.300   31.949   25.720 
  78.350   31.909   25.720 
  78.400   31.870   25.720 
  78.450   31.831   25.719 
  78.500   31.791   25.719 
  78.550   31.752   25.719 
  78.600   31.713   25.718 
  78.650   31.674   25.718 
  78.700   31.634   25.718 
  78.750   31.595   25.717 
  78.800   31.556   25.717 
  78.850   31.516   25.717 
  78.900   31.477   25.716 
  78.950   31.438   25.716 
  79.000   31.399   25.716 
  79.050   31.435   25.715 
  79.100   31.471   25.715 
  79.150   31.508   25.715 
  79.200   31.544   25.714 
  79.250   31.580   25.714 
  79.300   31.617   25.714 
  79.350   31.653   25.713 
  79.400   31.689   25.713 
  79.450   31.726   25.713 
  79.500   31.762   25.712 
  79.550   31.798   25.712 
  79.600   31.835   25.711 
  79.650   31.871   25.711 
  79.700   31.907   25.711 
  79.750   31.944   25.710 
  79.800   31.980   25.710 
  79.850   32.016   25.710 
  79.900   32.053   25.709 
  79.950   32.089   25.709 
  80.000   32.125   25.709 
  80.050   32.125   25.708 
  80.100   32.124   25.708 
  80.150   32.123   25.707 
  80.200   32.122   25.707 
  80.250   32.122   25.707 
  80.300   32.121   25.706 
  80.350   32.120   25.706 
  80.400   32.120   25.706 
  80.450   32.119   25.705 
  80.500   32.118   25.705 
  80.550   32.117   25.705 
  80.600   32.117   25.704 
  80.650   32.116   25.704 
  80.700   32.115   25.704 
  80.750   32.114   25.703 
  80.800   32.114   25.703 
  80.850   32.113   25.702 
  80.900   32.112   25.702 
  80.950   32.112   25.702 
  81.000   32.111   25.701 
  81.050   32.172   25.701 
  81.100   32.234   25.701 
  81.150   32.295   25.700 
  81.200   32.356   25.700 
  81.250   32.418   25.700 
  81.300   32.479   25.699 
  81.350   32.541   25.699 
  81.400   32.602   25.699 
  81.450   32.664   25.698 
  81.500   32.725   25.698 
  81.550   32.786   25.698 
  81.600   32.848   25.697 
  81.650   32.909   25.697 
  81.700   32.971   25.696 
  81.750   33.032   25.696 
  81.800   33.093   25.696 
  81.850   33.155   25.695 
  81.900   33.216   25.695 
  81.950   33.278   25.695 
  82.000   33.339   25.694 
  82.050   33.236   25.694 
  82.100   33.133   25.694 
  82.150   33.029   25.693 
  82.200   32.926   25.693 
  82.250   32.823   25.693 
  82.300   32.720   25.693 
  82.350   32.616   25.692 
  82.400   32.513   25.692 
  82.450   32.410   25.692 
  82.500   32.307   25.691 
  82.550   32.203   25.691 
  82.600   32.100   25.691 
  82.650   31.997   25.690 
  82.700   31.894   25.690 
  82.750   31.791   25.690 
  82.800   31.687   25.689 
  82.850   31.584   25.689 
  82.900   31.481   25.689 
  82.950   31.378   25.689 
  83.000   31.274   25.688 
  83.050   31.328   25.688 
  83.100   31.382   25.688 
  83.150   31.435   25.687 
  83.200   31.489   25.687 
  83.250   31.543   25.687 
  83.300   31.596   25.686 
  83.350   31.650   25.686 
  83.400   31.704   25.686 
  83.450   31.758   25.686 
  83.500   31.811   25.685 
  83.550   31.865   25.685 
  83.600   31.919   25.685 
  83.650   31.972   25.685 
  83.700   32.026   25.684 
  83.750   32.080   25.684 
  83.800   32.133   25.684 
  83.850   32.187   25.684 
  83.900   32.241   25.683 
  83.950   32.294   25.683 
  84.000   32.348   25.683 
  84.050   32.403   25.683 
  84.100   32.457   25.682 
  84.150   32.512   25.682 
  84.200   32.567   25.682 
  84.250   32.621   25.682 
  84.300   32.676   25.681 
  84.350   32.730   25.681 
  84.400   32.785   25.681 
  84.450   32.840   25.681 
  84.500   32.894   25.680 
  84.550   32.949   25.680 
  84.600   33.003   25.680 
  84.650   33.058   25.680 
  84.700   33.113   25.680 
  84.750   33.167   25.679 
  84.800   33.222   25.679 
  84.850   33.276   25.679 
  84.900   33.331   25.679 
  84.950   33.386   25.679 
  85.000   33.440   25.678 
  85.050   33.330   25.678 
  85.100   33.220   25.678 
  85.150   33.110   25.678 
  85.200   33.000   25.678 
  85.250   32.890   25.677 
  85.300   32.780   25.677 
  85.350   32.670   25.677 
  85.400   32.560   25.677 
  85.450   32.450   25.677 
  85.500   32.340   25.677 
  85.550   32.229   25.676 
  85.600   32.119   25.676 
  85.650   32.009   25.676 
  85.700   31.899   25.676 
  85.750   31.789   25.676 
  85.800   31.679   25.676 
  85.850   31.569   25.675 
  85.900   31.459   25.675 
  85.950   31.349   25.675 
  86.000   31.239   25.675 
  86.050   31.287   25.675 
  86.100   31.334   25.675 
  86.150   31.382   25.675 
  86.200   31.430   25.674 
  86.250   31.478   25.674 
  86.300   31.526   25.674 
  86.350   31.573   25.674 
  86.400   31.621   25.674 
  86.450   31.669   25.674 
  86.500   31.717   25.674 
  86.550   31.764   25.674 
  86.600   31.812   25.674 
  86.650   31.860   25.673 
  86.700   31.908   25.673 
  86.750   31.956   25.673 
  86.800   32.003   25.673 
  86.850   32.051   25.673 
  86.900   32.099   25.673 
  86.950   32.147   25.673 
  87.000   32.194   25.673 
  87.050   32.213   25.673 
  87.100   32.231   25.673 
  87.150   32.250   25.672 
  87.200   32.268   25.672 
  87.250   32.287   25.672 
  87.300   32.305   25.672 
  87.350   32.323   25.672 
  87.400   32.342   25.672 
  87.450   32.360   25.672 
  87.500   32.379   25.672 
  87.550   32.397   25.672 
  87.600   32.415   25.672 
  87.650   32.434   25.672 
  87.700   32.452   25.672 
  87.750   32.471   25.672 
  87.800   32.489   25.672 
  87.850   32.508   25.672 
  87.900   32.526   25.672 
  87.950   32.544   25.671 
  88.000   32.563   25.671 
  88.050   32.488   25.671 
  88.100   32.414   25.671 
  88.150   32.340   25.671 
  88.200   32.265   25.671 
  88.250   32.191   25.671 
  88.300   32.117   25.671 
  88.350   32.042   25.671 
  88.400   31.968   25.671 
  88.450   31.893   25.671 
  88.500   31.819   25.671 
  88.550   31.745   25.671 
  88.600   31.670   25.671 
  88.650   31.596   25.671 
  88.700   31.522   25.671 
  88.750   31.447   25.671 
  88.800   31.373   25.671 
  88.850   31.298   25.671 
  88.900   31.224   25.671 
  88.950   31.150   25.671 
  89.000   31.075   25.671 
  89.050   31.148   25.671 
  89.100   31.221   25.671 
  89.150   31.294   25.671 
  89.200   31.367   25.671 
  89.250   31.440   25.671 
  89.300   31.513   25.671 
  89.350   31.585   25.671 
  89.400   31.658   25.671 
  89.450   31.731   25.671 
  89.500   31.804   25.671 
  89.550   31.877   25.671 
  89.600   31.950   25.671 
  89.650   32.023   25.671 
  89.700   32.095   25.671 
  89.750   32.168   25.671 
  89.800   32.241   25.671 
  89.850   32.314   25.671 
  89.900   32.387   25.671 
  89.950   32.460   25.672 
  90.000   32.533   25.672 
  90.050   32.495   25.672 
  90.100   32.457   25.672 
  90.150   32.419   25.672 
  90.200   32.381   25.672 
  90.250   32.343   25.672 
  90.300   32.305   25.672 
  90.350   32.267   25.672 
  90.400   32.229   25.672 
  90.450   32.191   25.672 
  90.500   32.153   25.672 
  90.550   32.115   25.672 
  90.600   32.077   25.672 
  90.650   32.039   25.672 
  90.700   32.002   25.672 
  90.750   31.964   25.672 
  90.800   31.926   25.672 
  90.850   31.888   25.672 
  90.900   31.850   25.673 
  90.950   31.812   25.673 
  91.000   31.774   25.673 
  91.050   31.816   25.673 
  91.100   31.857   25.673 
  91.150   31.899   25.673 
  91.200   31.941   25.673 
  91.250   31.982   25.673 
  91.300   32.024   25.673 
  91.350   32.066   25.673 
  91.400   32.108   25.673 
  91.450   32.149   25.673 
  91.500   32.191   25.673 
  91.550   32.233   25.673 
  91.600   32.274   25.674 
  91.650   32.316   25.674 
  91.700   32.358   25.674 
  91.750   32.399   25.674 
  91.800   32.441   25.674 
  91.850   32.483   25.674 
  91.900   32.524   25.674 
  91.950   32.566   25.674 
  92.000   32.608   25.674 
  92.050   32.628   25.674 
  92.100   32.649   25.674 
  92.150   32.669   25.675 
  92.200   32.689   25.675 
  92.250   32.710   25.675 
  92.300   32.730   25.675 
  92.350   32.751   25.675 
  92.400   32.771   25.675 
  92.450   32.791   25.675 
  92.500   32.812   25.675 
  92.550   32.832   25.675 
  92.600   32.853   25.675 
  92.650   32.873   25.675 
  92.700   32.893   25.676 
  92.750   32.914   25.676 
  92.800   32.934   25.676 
  92.850   32.955   25.676 
  92.900   32.975   25.676 
  92.950   32.995   25.676 
  93.000   33.016   25.676 
  93.050   32.985   25.676 
  93.100   32.955   25.676 
  93.150   32.925   25.676 
  93.200   32.894   25.677 
  93.250   32.864   25.677 
  93.300   32.834   25.677 
  93.350   32.803   25.677 
  93.400   32.773   25.677 
  93.450   32.742   25.677 
  93.500   32.712   25.677 
  93.550   32.682   25.677 
  93.600   32.651   25.677 
  93.650   32.621   25.677 
  93.700   32.591   25.678 
  93.750   32.560   25.678 
  93.800   32.530   25.678 
  93.850   32.500   25.678 
  93.900   32.469   25.678 
  93.950   32.439   25.678 
  94.000   32.408   25.678 
  94.050   32.369   25.678 
  94.100   32.329   25.678 
  94.150   32.290   25.679 
  94.200   32.251   25.679 
  94.250   32.211   25.679 
  94.300   32.172   25.679 
  94.350   32.132   25.679 
  94.400   32.093   25.679 
  94.450   32.053   25.679 
  94.500   32.014   25.679 
  94.550   31.974   25.679 
  94.600   31.935   25.679 
  94.650   31.895   25.680 
  94.700   31.856   25.680 
  94.750   31.816   25.680 
  94.800   31.777   25.680 
  94.850   31.737   25.680 
  94.900   31.698   25.680 
  94.950   31.658   25.680 
  95.000   31.619   25.680 
  95.050   31.586   25.680 
  95.100   31.553   25.681 
  95.150   31.520   25.681 
  95.200   31.487   25.681 
  95.250   31.454   25.681 
  95.300   31.421   25.681 
  95.350   31.388   25.681 
  95.400   31.355   25.681 
  95.450   31.322   25.681 
  95.500   31.289   25.681 
  95.550   31.257   25.681 
  95.600   31.224   25.682 
  95.650   31.191   25.682 
  95.700   31.158   25.682 
  95.750   31.125   25.682 
  95.800   31.092   25.682 
  95.850   31.059   25.682 
  95.900   31.026   25.682 
  95.950   30.993   25.682 
  96.000   30.960   25.682 
  96.050   31.081   25.682 
  96.100   31.201   25.682 
  96.150   31.322   25.683 
  96.200   31.442   25.683 
  96.250   31.563   25.683 
  96.300   31.683   25.683 
  96.350   31.803   25.683 
  96.400   31.924   25.683 
  96.450   32.044   25.683 
  96.500   32.165   25.683 
  96.550   32.285   25.683 
  96.600   32.406   25.683 
  96.650   32.526   25.683 
  96.700   32.647   25.684 
  96.750   32.767   25.684 
  96.800   32.888   25.684 
  96.850   33.008   25.684 
  96.900   33.129   25.684 
  96.950   33.249   25.684 
  97.000   33.370   25.684 
  97.050   33.256   25.684 
  97.100   33.142   25.684 
  97.150   33.028   25.684 
  97.200   32.915   25.684 
  97.250   32.801   25.685 
  97.300   32.687   25.685 
  97.350   32.573   25.685 
  97.400   32.460   25.685 
  97.450   32.346   25.685 
  97.500   32.232   25.685 
  97.550   32.118   25.685 
  97.600   32.005   25.685 
  97.650   31.891   25.685 
  97.700   31.777   25.685 
  97.750   31.663   25.685 
  97.800   31.549   25.685 
  97.850   31.436   25.685 
  97.900   31.322   25.685 
  97.950   31.208   25.686 
  98.000   31.094   25.686 
  98.050   31.178   25.686 
  98.100   31.262   25.686 
  98.150   31.345   25.686 
  98.200   31.429   25.686 
  98.250   31.512   25.686 
  98.300   31.596   25.686 
  98.350   31.679   25.686 
  98.400   31.763   25.686 
  98.450   31.846   25.686 
  98.500   31.930   25.686 
  98.550   32.014   25.686 
  98.600   32.097   25.686 
  98.650   32.181   25.686 
  98.700   32.264   25.687 
  98.750   32.348   25.687 
  98.800   32.431   25.687 
  98.850   32.515   25.687 
  98.900   32.598   25.687 
  98.950   32.682   25.687 
  99.000   32.765   25.687 
  99.050   32.729   25.687 
  99.100   32.692   25.687 
  99.150   32.655   25.687 
  99.200   32.618   25.687 
  99.250   32.581   25.687 
  99.300   32.544   25.687 
  99.350   32.507   25.687 
  99.400   32.470   25.687 
  99.450   32.433   25.687 
  99.500   32.396   25.687 
  99.550   32.359   25.687 
  99.600   32.322   25.687 
  99.650   32.286   25.688 
  99.700   32.249   25.688 
  99.750   32.212   25.688 
  99.800   32.175   25.688 
  99.850   32.138   25.688 
  99.900   32.101   25.688 
  99.950   32.064   25.688 
 100.000   32.027   25.688 
