    4.348 171.70000  52.00000   0.00000
    4.732 103.75000  56.00000   0.00003
    5.111  79.15000  60.00000   0.00034
    5.482  65.50000  64.00000   0.00146
    5.840  56.65000  68.00000   0.00379
    6.183  50.30000  72.00000   0.00759
    6.510  45.45000  76.00000   0.01297
    6.822  41.65000  80.00000   0.01984
    7.118  38.50000  84.00000   0.02835
    7.403  35.95000  88.00000   0.03801
    7.674  33.75000  92.00000   0.04911
    7.936  31.90000  96.00000   0.06112
    8.181  30.20000 100.00000   0.07488
    8.424  28.80000 104.00000   0.08879
    8.654  27.50000 108.00000   0.10418
    8.876  26.35000 112.00000   0.12026
    9.089  25.30000 116.00000   0.13732
    9.304  24.40000 120.00000   0.15421
    9.499  23.50000 124.00000   0.17323
    9.711  22.80000 128.00000   0.19025
    9.897  22.05000 132.00000   0.21017
   10.087  21.40000 136.00000   0.22956
   10.274  20.80000 140.00000   0.24932
   10.445  20.20000 144.00000   0.27079
   10.629  19.70000 148.00000   0.29075
   10.784  19.15000 152.00000   0.31400
   10.973  18.75000 156.00000   0.33325
   11.134  18.30000 160.00000   0.35573
   11.300  17.90000 164.00000   0.37750
   11.455  17.50000 168.00000   0.40060
   11.619  17.15000 172.00000   0.42260
   11.772  16.80000 176.00000   0.44578
   11.914  16.45000 180.00000   0.47020
   12.070  16.15000 184.00000   0.49301
   12.241  15.90000 188.00000   0.51384
   12.352  15.55000 192.00000   0.54189
   12.534  15.35000 196.00000   0.56135
   12.681  15.10000 200.00000   0.58491
   12.820  14.85000 204.00000   0.60940
   12.950  14.60000 208.00000   0.63488
   13.072  14.35000 212.00000   0.66136
   13.252  14.20000 216.00000   0.68068
   13.393  14.00000 220.00000   0.70471
   13.527  13.80000 224.00000   0.72953
   13.616  13.55000 228.00000   0.75971
   13.773  13.40000 232.00000   0.78160
   13.885  13.20000 236.00000   0.80892
   14.031  13.05000 240.00000   0.83207
   14.172  12.90000 244.00000   0.85580
   14.307  12.75000 248.00000   0.88013
   14.436  12.60000 252.00000   0.90507
   14.560  12.45000 256.00000   0.93064
   14.678  12.30000 260.00000   0.95685
   14.791  12.15000 264.00000   0.98372
   14.948  12.05000 268.00000   1.00509
   15.049  11.90000 272.00000   1.03315
   15.198  11.80000 276.00000   1.05540
   15.289  11.65000 280.00000   1.08470
   15.373  11.50000 284.00000   1.11474
   15.565  11.45000 288.00000   1.13145
   15.639  11.30000 292.00000   1.16262
   15.766  11.20000 296.00000   1.18719
   15.889  11.10000 300.00000   1.21218
   16.009  11.00000 304.00000   1.23760
   16.124  10.90000 308.00000   1.26347
   16.235  10.80000 312.00000   1.28978
   16.342  10.70000 316.00000   1.31655
   16.445  10.60000 320.00000   1.34379
   16.543  10.50000 324.00000   1.37150
   16.707  10.45000 328.00000   1.39091
   16.798  10.35000 332.00000   1.41941
   16.885  10.25000 336.00000   1.44841
   17.041  10.20000 340.00000   1.46859
   17.121  10.10000 344.00000   1.49841
   17.272  10.05000 348.00000   1.51906
   17.344   9.95000 352.00000   1.54974
   17.490   9.90000 356.00000   1.57089
   17.554   9.80000 360.00000   1.60244
   17.614   9.70000 364.00000   1.63453
   17.751   9.65000 368.00000   1.65655
   17.887   9.60000 372.00000   1.67875
   17.935   9.50000 376.00000   1.71212
   18.151   9.50000 380.00000   1.72368
   18.193   9.40000 384.00000   1.75780
   18.319   9.35000 388.00000   1.78093
   18.353   9.25000 392.00000   1.81601
   18.473   9.20000 396.00000   1.83972
   18.684   9.20000 400.00000   1.85149
   18.708   9.10000 404.00000   1.88775
   18.822   9.05000 408.00000   1.91208
   18.934   9.00000 412.00000   1.93662
   19.043   8.95000 416.00000   1.96137
   19.151   8.90000 420.00000   1.98634
   19.256   8.85000 424.00000   2.01153
   19.359   8.80000 428.00000   2.03694
   19.460   8.75000 432.00000   2.06258
   19.558   8.70000 436.00000   2.08846
   19.654   8.65000 440.00000   2.11456
   19.748   8.60000 444.00000   2.14090
   19.731   8.50000 448.00000   2.18205
   19.819   8.45000 452.00000   2.20908
   20.016   8.45000 456.00000   2.22137
   20.101   8.40000 460.00000   2.24868
   20.183   8.35000 464.00000   2.27625
   20.377   8.35000 468.00000   2.28844
   20.456   8.30000 472.00000   2.31630
   20.416   8.20000 476.00000   2.36049
   20.607   8.20000 480.00000   2.37281
   20.679   8.15000 484.00000   2.40147
   20.749   8.10000 488.00000   2.43039
   20.816   8.05000 492.00000   2.45958
   20.880   8.00000 496.00000   2.48904
   21.068   8.00000 500.00000   2.50141
   21.254   8.00000 504.00000   2.51359
   21.188   7.90000 508.00000   2.56130
   21.373   7.90000 512.00000   2.57361
   21.428   7.85000 516.00000   2.60405
   21.481   7.80000 520.00000   2.63477
   21.664   7.80000 524.00000   2.64704
   21.713   7.75000 528.00000   2.67813
   21.760   7.70000 532.00000   2.70951
   21.941   7.70000 536.00000   2.72175
   21.984   7.65000 540.00000   2.75351
   22.025   7.60000 544.00000   2.78558
   22.203   7.60000 548.00000   2.79780
   22.241   7.55000 552.00000   2.83026
   22.276   7.50000 556.00000   2.86303
   22.452   7.50000 560.00000   2.87523
   22.483   7.45000 564.00000   2.90841
   22.658   7.45000 568.00000   2.92052
   22.686   7.40000 572.00000   2.95412
   22.859   7.40000 576.00000   2.96614
   22.733   7.30000 580.00000   3.02225
   22.905   7.30000 584.00000   3.03449
   22.924   7.25000 588.00000   3.06915
   23.094   7.25000 592.00000   3.08132
   23.110   7.20000 596.00000   3.11642
   23.279   7.20000 600.00000   3.12851
   23.291   7.15000 604.00000   3.16406
   23.458   7.15000 608.00000   3.17607
   23.467   7.10000 612.00000   3.21208
   23.633   7.10000 616.00000   3.22403
   23.638   7.05000 620.00000   3.26050
   23.803   7.05000 624.00000   3.27239
   23.804   7.00000 628.00000   3.30934
   23.968   7.00000 632.00000   3.32117
   23.966   6.95000 636.00000   3.35859
   24.128   6.95000 640.00000   3.37037
   24.122   6.90000 644.00000   3.40828
   24.284   6.90000 648.00000   3.42001
   24.445   6.90000 652.00000   3.43154
   24.434   6.85000 656.00000   3.47011
   24.594   6.85000 660.00000   3.48159
   24.580   6.80000 664.00000   3.52067
   24.739   6.80000 668.00000   3.53212
   24.720   6.75000 672.00000   3.57171
   24.699   6.70000 676.00000   3.61164
   25.035   6.75000 680.00000   3.59433
   25.012   6.70000 684.00000   3.63462
   25.169   6.70000 688.00000   3.64580
   25.142   6.65000 692.00000   3.68663
   25.112   6.60000 696.00000   3.72780
   25.452   6.65000 700.00000   3.70874
   25.420   6.60000 704.00000   3.75030
   25.574   6.60000 708.00000   3.76124
   25.539   6.55000 712.00000   3.80335
   25.691   6.55000 716.00000   3.81428
   25.843   6.55000 720.00000   3.82500
   25.803   6.50000 724.00000   3.86787
   25.760   6.45000 728.00000   3.91109
   26.105   6.50000 732.00000   3.88911
   26.060   6.45000 736.00000   3.93276
   26.013   6.40000 740.00000   3.97676
   26.162   6.40000 744.00000   3.98751
   26.310   6.40000 748.00000   3.99804
   26.258   6.35000 752.00000   4.04284
   26.405   6.35000 756.00000   4.05340
   26.552   6.35000 760.00000   4.06375
   26.495   6.30000 764.00000   4.10937
   26.641   6.30000 768.00000   4.11975
   26.786   6.30000 772.00000   4.12991
   26.725   6.25000 776.00000   4.17636
   26.869   6.25000 780.00000   4.18657
   27.013   6.25000 784.00000   4.19656
   26.947   6.20000 788.00000   4.24387
   27.090   6.20000 792.00000   4.25391
   27.233   6.20000 796.00000   4.26373
   27.161   6.15000 800.00000   4.31191
   27.303   6.15000 804.00000   4.32179
   27.444   6.15000 808.00000   4.33146
   27.585   6.15000 812.00000   4.34091
   27.509   6.10000 816.00000   4.39026
   27.429   6.05000 820.00000   4.43992
   27.788   6.10000 824.00000   4.40908
   27.707   6.05000 828.00000   4.45933
   27.846   6.05000 832.00000   4.46872
   27.984   6.05000 836.00000   4.47788
   28.122   6.05000 840.00000   4.48682
   28.035   6.00000 844.00000   4.53831
   27.945   5.95000 848.00000   4.59009
   28.309   6.00000 852.00000   4.55615
   28.217   5.95000 856.00000   4.60859
   28.352   5.95000 860.00000   4.61750
   28.257   5.90000 864.00000   4.67055
   28.623   5.95000 868.00000   4.63466
   28.526   5.90000 872.00000   4.68839
   28.660   5.90000 876.00000   4.69698
   28.558   5.85000 880.00000   4.75133
   28.927   5.90000 884.00000   4.71348
   28.824   5.85000 888.00000   4.76854
   28.956   5.85000 892.00000   4.77681
   28.849   5.80000 896.00000   4.83248
   29.221   5.85000 900.00000   4.79266
   29.112   5.80000 904.00000   4.84908
   29.243   5.80000 908.00000   4.85705
   29.130   5.75000 912.00000   4.91409
   29.260   5.75000 916.00000   4.92221
   29.390   5.75000 920.00000   4.93010
   29.519   5.75000 924.00000   4.93777
   29.401   5.70000 928.00000   4.99620
   29.530   5.70000 932.00000   5.00404
   29.658   5.70000 936.00000   5.01166
   29.786   5.70000 940.00000   5.01904
   29.913   5.70000 944.00000   5.02620
   29.789   5.65000 948.00000   5.08647
   29.915   5.65000 952.00000   5.09381
   30.042   5.65000 956.00000   5.10093
   30.168   5.65000 960.00000   5.10782
   30.038   5.60000 964.00000   5.16955
   30.163   5.60000 968.00000   5.17665
   30.028   5.55000 972.00000   5.23898
   30.412   5.60000 976.00000   5.19014
   30.536   5.60000 980.00000   5.19654
   30.400   5.55000 984.00000   5.26022
   30.524   5.55000 988.00000   5.26685
   30.383   5.50000 992.00000   5.33111
   30.770   5.55000 996.00000   5.27940
   30.892   5.55000 1000.00000   5.28533
   30.750   5.50000 1004.00000   5.35101
   30.871   5.50000 1008.00000   5.35718
   30.725   5.45000 1012.00000   5.42344
   31.114   5.50000 1016.00000   5.36883
   31.235   5.50000 1020.00000   5.37430
   31.086   5.45000 1024.00000   5.44204
   31.206   5.45000 1028.00000   5.44777
   31.053   5.40000 1032.00000   5.51607
   31.172   5.40000 1036.00000   5.52208
   31.564   5.45000 1040.00000   5.46357
   31.410   5.40000 1044.00000   5.53341
   31.528   5.40000 1048.00000   5.53873
   31.369   5.35000 1052.00000   5.60912
   31.486   5.35000 1056.00000   5.61473
   31.881   5.40000 1060.00000   5.55326
   31.720   5.35000 1064.00000   5.62527
   31.837   5.35000 1068.00000   5.63018
   31.953   5.35000 1072.00000   5.63486
   31.787   5.30000 1076.00000   5.70794
   31.903   5.30000 1080.00000   5.71294
   32.301   5.35000 1084.00000   5.64746
   32.133   5.30000 1088.00000   5.72225
   32.248   5.30000 1092.00000   5.72654
   32.362   5.30000 1096.00000   5.73060
   32.190   5.25000 1100.00000   5.80646
   32.304   5.25000 1104.00000   5.81087
   32.417   5.25000 1108.00000   5.81505
   32.530   5.25000 1112.00000   5.81898
   32.643   5.25000 1116.00000   5.82268
   32.756   5.25000 1120.00000   5.82614
   32.577   5.20000 1124.00000   5.90487
   32.688   5.20000 1128.00000   5.90871
   32.800   5.20000 1132.00000   5.91231
   32.911   5.20000 1136.00000   5.91567
   33.022   5.20000 1140.00000   5.91879
   33.133   5.20000 1144.00000   5.92167
   32.947   5.15000 1148.00000   6.00335
   33.058   5.15000 1152.00000   6.00663
   33.167   5.15000 1156.00000   6.00968
   32.976   5.10000 1160.00000   6.09240
   33.386   5.15000 1164.00000   6.01506
   33.495   5.15000 1168.00000   6.01738
   33.303   5.10000 1172.00000   6.10208
   33.411   5.10000 1176.00000   6.10484
   33.519   5.10000 1180.00000   6.10736
   33.322   5.05000 1184.00000   6.19308
   33.429   5.05000 1188.00000   6.19605
   33.842   5.10000 1192.00000   6.11348
   33.949   5.10000 1196.00000   6.11503
   33.750   5.05000 1200.00000   6.20353
   33.856   5.05000 1204.00000   6.20554
   33.962   5.05000 1208.00000   6.20732
   33.757   5.00000 1212.00000   6.29682
   33.863   5.00000 1216.00000   6.29908
   34.278   5.05000 1220.00000   6.21120
   34.383   5.05000 1224.00000   6.21200
   34.177   5.00000 1228.00000   6.30443
   34.282   5.00000 1232.00000   6.30573
   34.386   5.00000 1236.00000   6.30679
   34.174   4.95000 1240.00000   6.40019
   34.278   4.95000 1244.00000   6.40176
   34.381   4.95000 1248.00000   6.40310
   34.800   5.00000 1252.00000   6.30860
   34.587   4.95000 1256.00000   6.40506
   34.689   4.95000 1260.00000   6.40568
   34.792   4.95000 1264.00000   6.40606
   34.894   4.95000 1268.00000   6.40619
   34.675   4.90000 1272.00000   6.50438
   34.776   4.90000 1276.00000   6.50506
   34.878   4.90000 1280.00000   6.50551
   34.978   4.90000 1284.00000   6.50572
   35.079   4.90000 1288.00000   6.50568
   35.179   4.90000 1292.00000   6.50541
   35.279   4.90000 1296.00000   6.50489
   35.054   4.85000 1300.00000   6.60720
   35.154   4.85000 1304.00000   6.60727
   35.253   4.85000 1308.00000   6.60710
   35.352   4.85000 1312.00000   6.60669
   35.121   4.80000 1316.00000   6.71067
   35.549   4.85000 1320.00000   6.60514
   35.648   4.85000 1324.00000   6.60400
   35.746   4.85000 1328.00000   6.60262
   35.513   4.80000 1332.00000   6.71001
   35.611   4.80000 1336.00000   6.70925
   35.708   4.80000 1340.00000   6.70825
   35.805   4.80000 1344.00000   6.70702
   35.567   4.75000 1348.00000   6.81606
   35.663   4.75000 1352.00000   6.81546
   36.095   4.80000 1356.00000   6.70186
   36.191   4.80000 1360.00000   6.69965
   36.286   4.80000 1364.00000   6.69720
   36.047   4.75000 1368.00000   6.81071
   36.142   4.75000 1372.00000   6.80893
   36.237   4.75000 1376.00000   6.80691
   36.332   4.75000 1380.00000   6.80465
   36.087   4.70000 1384.00000   6.91980
   36.181   4.70000 1388.00000   6.91822
   36.615   4.75000 1392.00000   6.79639
   36.709   4.75000 1396.00000   6.79315
   36.463   4.70000 1400.00000   6.91206
   36.556   4.70000 1404.00000   6.90953
   36.649   4.70000 1408.00000   6.90677
   36.742   4.70000 1412.00000   6.90376
   36.835   4.70000 1416.00000   6.90050
   36.582   4.65000 1420.00000   7.02197
   36.675   4.65000 1424.00000   7.01945
   36.767   4.65000 1428.00000   7.01669
   37.203   4.70000 1432.00000   6.88506
   37.294   4.70000 1436.00000   6.88058
   37.041   4.65000 1440.00000   7.00699
   37.132   4.65000 1444.00000   7.00328
   37.223   4.65000 1448.00000   6.99933
   37.313   4.65000 1452.00000   6.99514
   37.054   4.60000 1456.00000   7.12310
   37.144   4.60000 1460.00000   7.11968
   37.234   4.60000 1464.00000   7.11602
   37.324   4.60000 1468.00000   7.11213
   37.762   4.65000 1472.00000   6.97050
   37.503   4.60000 1476.00000   7.10363
   37.592   4.60000 1480.00000   7.09903
   37.680   4.60000 1484.00000   7.09418
   37.769   4.60000 1488.00000   7.08909
   37.857   4.60000 1492.00000   7.08376
   37.591   4.55000 1496.00000   7.21944
   37.679   4.55000 1500.00000   7.21494
   37.767   4.55000 1504.00000   7.21020
   37.854   4.55000 1508.00000   7.20522
   37.941   4.55000 1512.00000   7.20000
   38.028   4.55000 1516.00000   7.19455
   38.115   4.55000 1520.00000   7.18886
   38.201   4.55000 1524.00000   7.18292
   38.288   4.55000 1528.00000   7.17675
   38.373   4.55000 1532.00000   7.17034
   38.101   4.50000 1536.00000   7.31397
   38.187   4.50000 1540.00000   7.30843
   38.272   4.50000 1544.00000   7.30266
   38.357   4.50000 1548.00000   7.29665
   38.443   4.50000 1552.00000   7.29040
   38.527   4.50000 1556.00000   7.28392
   38.248   4.45000 1560.00000   7.43111
   38.696   4.50000 1564.00000   7.27023
   38.780   4.50000 1568.00000   7.26303
   38.864   4.50000 1572.00000   7.25559
   38.947   4.50000 1576.00000   7.24791
   38.669   4.45000 1580.00000   7.40086
   38.752   4.45000 1584.00000   7.39412
   38.835   4.45000 1588.00000   7.38713
   38.918   4.45000 1592.00000   7.37991
   39.001   4.45000 1596.00000   7.37245
   39.083   4.45000 1600.00000   7.36476
